

----------------------------------------------------
STRUCTURE by Pritchard, Stephens and Donnelly (2000)
     and Falush, Stephens and Pritchard (2003)
       Code by Pritchard, Falush and Hubisz
             Version 2.3.4 (Jul 2012)
----------------------------------------------------



Command line arguments:   structure -K 7 -o outputfile_K7_2 
Input File:    Puma_SNP_genotypes_cut_AZ_final_HWEonly.str

Run parameters:
   536 individuals
   22 loci
   7 populations assumed
   100000 Burn-in period
   500000 Reps


--------------------------------------------
Overall proportion of membership of the
sample in each of the 7 clusters

Inferred Clusters
  1      2      3      4      5      6      7    
0.146  0.146  0.127  0.146  0.145  0.144  0.146  

--------------------------------------------

Allele-freq. divergence among pops (Net nucleotide distance),
computed using point estimates of P.

      1       2       3       4       5       6       7      
 1      -    0.0002  0.0606  0.0002  0.0012  0.0464  0.0004  
 2   0.0002     -    0.0603  0.0006  0.0022  0.0483  0.0001  
 3   0.0606  0.0603     -    0.0603  0.0641  0.0780  0.0618  
 4   0.0002  0.0006  0.0603     -    0.0006  0.0443  0.0011  
 5   0.0012  0.0022  0.0641  0.0006     -    0.0445  0.0030  
 6   0.0464  0.0483  0.0780  0.0443  0.0445     -    0.0507  
 7   0.0004  0.0001  0.0618  0.0011  0.0030  0.0507     -    

Average distances (expected heterozygosity) between individuals in same cluster:
cluster  1  : 0.3787 
cluster  2  : 0.3772 
cluster  3  : 0.2806 
cluster  4  : 0.3790 
cluster  5  : 0.3768 
cluster  6  : 0.2647 
cluster  7  : 0.3752 

--------------------------------------------
Estimated Ln Prob of Data   = -13462.2
Mean value of ln likelihood = -12288.2
Variance of ln likelihood   = 2348.0
Mean value of alpha         = 0.1655

Mean value of Fst_1         = 0.0665
Mean value of Fst_2         = 0.0827
Mean value of Fst_3         = 0.3080
Mean value of Fst_4         = 0.0492
Mean value of Fst_5         = 0.0531
Mean value of Fst_6         = 0.2839
Mean value of Fst_7         = 0.0931


Inferred ancestry of individuals:
        Label (%Miss) :  Inferred clusters
  1 UA00063336   (13)   :  0.110 0.113 0.390 0.111 0.115 0.058 0.103 
  2 UA00048914    (9)   :  0.142 0.136 0.100 0.156 0.162 0.181 0.123 
  3 UA00014769   (13)   :  0.188 0.173 0.042 0.179 0.200 0.019 0.200 
  4 UA00008132   (13)   :  0.165 0.155 0.109 0.177 0.177 0.072 0.145 
  5 UA00030462   (13)   :  0.133 0.130 0.084 0.138 0.139 0.257 0.120 
  6 UA00034866   (13)   :  0.165 0.157 0.031 0.181 0.176 0.149 0.141 
  7 UA00034800    (9)   :  0.062 0.063 0.623 0.063 0.062 0.069 0.058 
  8  Puco006    (9)   :  0.048 0.047 0.056 0.051 0.053 0.700 0.045 
  9 UA00048874    (4)   :  0.086 0.083 0.493 0.089 0.092 0.085 0.072 
 10 UA00049060    (9)   :  0.171 0.170 0.089 0.180 0.185 0.039 0.166 
 11 UA00033413    (9)   :  0.183 0.207 0.034 0.161 0.112 0.056 0.247 
 12  Puco021    (9)   :  0.175 0.206 0.126 0.130 0.082 0.029 0.252 
 13  Puco026    (9)   :  0.177 0.186 0.095 0.164 0.161 0.031 0.186 
 14  Puco008    (9)   :  0.116 0.106 0.233 0.121 0.123 0.202 0.099 
 15   M01301    (9)   :  0.178 0.191 0.026 0.155 0.121 0.111 0.218 
 16   M06306    (9)   :  0.107 0.115 0.437 0.105 0.096 0.029 0.110 
 17 UA00032185    (9)   :  0.163 0.161 0.089 0.168 0.157 0.103 0.159 
 18 UA00030792    (9)   :  0.020 0.020 0.878 0.020 0.019 0.024 0.019 
 19 UA00031647    (9)   :  0.132 0.130 0.232 0.136 0.141 0.115 0.114 
 20 UA00031979    (9)   :  0.173 0.172 0.066 0.173 0.170 0.093 0.155 
 21  Puco016    (9)   :  0.143 0.134 0.038 0.149 0.164 0.247 0.125 
 22  Puco010    (9)   :  0.180 0.179 0.059 0.183 0.157 0.057 0.185 
 23    M1035    (9)   :  0.169 0.158 0.131 0.178 0.185 0.031 0.149 
 24 UA00034601    (9)   :  0.153 0.166 0.103 0.148 0.148 0.130 0.152 
 25 UA00050388    (9)   :  0.163 0.159 0.104 0.172 0.162 0.092 0.148 
 26 UA00048699    (9)   :  0.110 0.112 0.039 0.121 0.130 0.389 0.100 
 27 UA00064058    (9)   :  0.172 0.174 0.078 0.175 0.199 0.033 0.168 
 28 UA00033981    (9)   :  0.179 0.200 0.071 0.148 0.100 0.065 0.238 
 29   F05033    (9)   :  0.181 0.186 0.045 0.180 0.171 0.040 0.197 
 30 UA00048520    (4)   :  0.141 0.147 0.214 0.132 0.120 0.102 0.144 
 31 UA00048422    (4)   :  0.036 0.037 0.795 0.034 0.032 0.029 0.036 
 32    PucoB    (4)   :  0.182 0.212 0.061 0.159 0.153 0.023 0.210 
 33 UA00047393    (4)   :  0.155 0.138 0.192 0.167 0.170 0.044 0.134 
 34 UA00064521    (4)   :  0.149 0.145 0.055 0.144 0.153 0.223 0.130 
 35 UA00003043    (4)   :  0.157 0.144 0.030 0.170 0.187 0.171 0.142 
 36 UA00063025    (4)   :  0.124 0.126 0.232 0.125 0.118 0.159 0.117 
 37 UA00063826    (4)   :  0.186 0.191 0.064 0.179 0.149 0.038 0.193 
 38   F07407    (4)   :  0.146 0.166 0.252 0.126 0.093 0.037 0.179 
 39 UA00021658    (4)   :  0.179 0.179 0.057 0.188 0.181 0.054 0.163 
 40 UA00003794    (4)   :  0.147 0.171 0.219 0.128 0.114 0.045 0.177 
 41 UA00041322    (4)   :  0.163 0.160 0.102 0.178 0.170 0.090 0.138 
 42 UA00063316    (4)   :  0.152 0.152 0.124 0.159 0.149 0.123 0.141 
 43 UA00047705    (4)   :  0.165 0.184 0.081 0.160 0.155 0.089 0.166 
 44 UA00033904    (4)   :  0.103 0.107 0.426 0.106 0.109 0.055 0.093 
 45 UA00048100    (4)   :  0.177 0.187 0.036 0.169 0.164 0.068 0.198 
 46 UA00032212    (4)   :  0.124 0.118 0.275 0.133 0.120 0.112 0.117 
 47 UA00031574    (4)   :  0.037 0.038 0.764 0.037 0.035 0.053 0.037 
 48 UA00031228    (4)   :  0.026 0.026 0.832 0.026 0.027 0.038 0.026 
 49 UA00047707    (4)   :  0.185 0.169 0.021 0.195 0.226 0.038 0.167 
 50 UA00030906    (4)   :  0.019 0.019 0.872 0.019 0.019 0.035 0.018 
 51 UA00041567    (4)   :  0.175 0.184 0.072 0.158 0.116 0.079 0.216 
 52 UA00007624    (4)   :  0.189 0.195 0.026 0.174 0.170 0.041 0.205 
 53 UA00034514    (4)   :  0.168 0.179 0.047 0.177 0.195 0.064 0.169 
 54 UA00030480    (4)   :  0.157 0.152 0.174 0.160 0.180 0.040 0.137 
 55  Puco012    (4)   :  0.173 0.166 0.045 0.189 0.190 0.079 0.157 
 56 UA00038677    (9)   :  0.139 0.142 0.145 0.147 0.130 0.157 0.139 
 57 UA00048275    (4)   :  0.186 0.193 0.041 0.164 0.150 0.052 0.213 
 58 UA00064055    (4)   :  0.170 0.164 0.052 0.173 0.207 0.076 0.158 
 59  Puco009    (4)   :  0.145 0.138 0.031 0.155 0.162 0.238 0.131 
 60 UA00064561    (4)   :  0.172 0.154 0.029 0.177 0.229 0.078 0.161 
 61 UA00003479    (4)   :  0.170 0.166 0.040 0.178 0.200 0.089 0.156 
 62 UA00063747    (4)   :  0.181 0.185 0.022 0.172 0.191 0.066 0.183 
 63 UA00002558    (4)   :  0.149 0.149 0.036 0.160 0.140 0.227 0.139 
 64 UA00048410    (4)   :  0.148 0.138 0.024 0.157 0.178 0.224 0.131 
 65 UA00012249    (4)   :  0.161 0.161 0.027 0.164 0.218 0.112 0.157 
 66 UA00033818    (4)   :  0.073 0.073 0.568 0.072 0.068 0.070 0.075 
 67  Puco020    (4)   :  0.144 0.143 0.159 0.161 0.175 0.089 0.129 
 68 UA00002545    (9)   :  0.166 0.156 0.091 0.168 0.211 0.045 0.162 
 69 UA00048508    (4)   :  0.181 0.172 0.038 0.190 0.202 0.051 0.166 
 70 UA00064100    (4)   :  0.176 0.173 0.067 0.180 0.188 0.060 0.156 
 71 UA00014585    (4)   :  0.171 0.173 0.051 0.178 0.196 0.074 0.155 
 72 UA00063698    (4)   :  0.099 0.098 0.125 0.104 0.094 0.385 0.096 
 73 UA00049753    (4)   :  0.109 0.106 0.435 0.112 0.112 0.028 0.098 
 74 UA00049037    (4)   :  0.173 0.181 0.073 0.176 0.193 0.038 0.167 
 75 UA00034941    (4)   :  0.164 0.167 0.098 0.158 0.159 0.094 0.160 
 76 UA00008083    (4)   :  0.071 0.070 0.057 0.076 0.072 0.583 0.069 
 77 UA00015084    (4)   :  0.098 0.100 0.174 0.099 0.091 0.343 0.094 
 78 UA00041010    (9)   :  0.056 0.054 0.313 0.061 0.059 0.407 0.050 
 79 UA00035261    (4)   :  0.128 0.129 0.243 0.129 0.127 0.124 0.120 
 80 UA00035431    (4)   :  0.183 0.186 0.023 0.183 0.160 0.080 0.186 
 81 UA00045274    (0)   :  0.160 0.168 0.098 0.156 0.146 0.114 0.157 
 82 UA00028200    (4)   :  0.094 0.098 0.385 0.097 0.096 0.140 0.090 
 83 UA00064559    (0)   :  0.026 0.028 0.839 0.027 0.025 0.028 0.027 
 84 UA00040808    (0)   :  0.095 0.087 0.397 0.098 0.106 0.134 0.083 
 85 UA00049156    (0)   :  0.091 0.090 0.410 0.091 0.096 0.138 0.084 
 86 UA00003952    (4)   :  0.079 0.073 0.037 0.080 0.087 0.574 0.069 
 87 UA00063954    (0)   :  0.158 0.149 0.190 0.165 0.159 0.040 0.139 
 88 UA00062934    (0)   :  0.139 0.136 0.239 0.145 0.143 0.075 0.124 
 89 UA00033829    (0)   :  0.049 0.050 0.557 0.053 0.050 0.191 0.049 
 90 UA00064351    (4)   :  0.175 0.194 0.047 0.147 0.099 0.107 0.232 
 91 UA00003697    (4)   :  0.077 0.074 0.086 0.083 0.079 0.530 0.071 
 92 UA00063438    (4)   :  0.133 0.126 0.253 0.141 0.135 0.102 0.111 
 93 UA00007608    (0)   :  0.111 0.116 0.252 0.116 0.112 0.189 0.104 
 94 UA00019683    (4)   :  0.104 0.122 0.455 0.086 0.067 0.034 0.131 
 95 UA00007781    (0)   :  0.174 0.191 0.053 0.174 0.163 0.072 0.174 
 96 UA00002915    (0)   :  0.112 0.112 0.330 0.124 0.129 0.092 0.101 
 97  Puco031    (4)   :  0.171 0.166 0.054 0.182 0.205 0.069 0.152 
 98 UA00048280    (4)   :  0.175 0.181 0.045 0.163 0.146 0.094 0.196 
 99 UA00048589    (0)   :  0.168 0.184 0.099 0.156 0.136 0.053 0.203 
100 UA00034417    (0)   :  0.140 0.135 0.133 0.149 0.156 0.162 0.124 
101 UA00050411    (4)   :  0.186 0.180 0.022 0.181 0.222 0.039 0.172 
102  Puco029    (4)   :  0.187 0.199 0.040 0.184 0.167 0.019 0.205 
103   F03403    (4)   :  0.193 0.229 0.025 0.141 0.108 0.050 0.255 
104 UA00049904    (0)   :  0.157 0.159 0.191 0.151 0.133 0.059 0.150 
105 UA00035335    (0)   :  0.191 0.190 0.031 0.189 0.187 0.016 0.197 
106 UA00012611    (0)   :  0.180 0.184 0.049 0.187 0.199 0.036 0.165 
107 UA00050319    (0)   :  0.194 0.233 0.026 0.143 0.092 0.029 0.283 
108 UA00032068    (4)   :  0.167 0.166 0.140 0.172 0.177 0.030 0.149 
109 UA00032026    (4)   :  0.174 0.162 0.100 0.180 0.190 0.043 0.151 
110 UA00030476    (4)   :  0.182 0.223 0.088 0.133 0.083 0.025 0.265 
111 UA00046853    (0)   :  0.182 0.193 0.078 0.166 0.098 0.044 0.239 
112 UA00040156    (4)   :  0.019 0.019 0.883 0.019 0.018 0.024 0.018 
113 UA00030528    (4)   :  0.144 0.133 0.241 0.156 0.167 0.038 0.122 
114  Puco025    (4)   :  0.184 0.168 0.033 0.190 0.219 0.031 0.175 
115    pc016    (0)   :  0.018 0.018 0.884 0.019 0.019 0.024 0.018 
116 UA00030617    (4)   :  0.195 0.171 0.025 0.195 0.212 0.026 0.177 
117 UA00030585    (4)   :  0.033 0.035 0.797 0.032 0.030 0.039 0.034 
118 UA00032060    (4)   :  0.140 0.148 0.252 0.148 0.137 0.039 0.136 
119    pc007    (0)   :  0.177 0.197 0.073 0.156 0.119 0.052 0.226 
120 UA00030798    (4)   :  0.041 0.038 0.779 0.040 0.039 0.025 0.038 
121 UA00030778    (4)   :  0.187 0.173 0.022 0.190 0.227 0.028 0.173 
122 UA00039674    (4)   :  0.024 0.023 0.856 0.025 0.025 0.024 0.023 
123 UA00032241    (4)   :  0.200 0.189 0.023 0.186 0.170 0.028 0.204 
124 UA00011624    (0)   :  0.183 0.181 0.038 0.175 0.193 0.044 0.186 
125 UA00033779    (4)   :  0.191 0.219 0.033 0.150 0.095 0.044 0.268 
126 UA00049402    (4)   :  0.149 0.149 0.054 0.151 0.184 0.173 0.141 
127 UA00033653    (0)   :  0.197 0.227 0.028 0.141 0.081 0.037 0.290 
128 UA00047738    (0)   :  0.166 0.164 0.080 0.174 0.148 0.105 0.162 
129 UA00047502    (4)   :  0.137 0.132 0.074 0.153 0.159 0.226 0.120 
130 UA00012014    (4)   :  0.174 0.167 0.056 0.185 0.198 0.066 0.154 
131 UA00040729    (0)   :  0.175 0.200 0.061 0.170 0.151 0.036 0.207 
132 UA00030392    (4)   :  0.183 0.172 0.044 0.191 0.210 0.030 0.170 
133 UA00050033    (0)   :  0.175 0.178 0.075 0.174 0.180 0.042 0.176 
134 UA00012152    (0)   :  0.097 0.095 0.024 0.103 0.114 0.475 0.092 
135 UA00050406    (0)   :  0.176 0.178 0.059 0.185 0.192 0.053 0.157 
136 UA00047973    (0)   :  0.186 0.184 0.042 0.180 0.174 0.052 0.183 
137 UA00008051    (0)   :  0.150 0.143 0.124 0.162 0.149 0.127 0.144 
138 UA00047337    (4)   :  0.144 0.148 0.232 0.145 0.145 0.048 0.138 
139 UA00041604    (4)   :  0.157 0.146 0.111 0.168 0.164 0.115 0.139 
140 UA00031704    (4)   :  0.178 0.184 0.029 0.183 0.225 0.023 0.178 
141 UA00040423    (4)   :  0.169 0.167 0.110 0.178 0.182 0.041 0.154 
142 UA00049433    (0)   :  0.154 0.151 0.084 0.164 0.179 0.129 0.139 
143 UA00034816    (0)   :  0.164 0.151 0.041 0.173 0.200 0.117 0.153 
144 UA00050214    (0)   :  0.179 0.160 0.031 0.192 0.238 0.028 0.171 
145 UA00041073    (0)   :  0.160 0.160 0.076 0.175 0.173 0.105 0.152 
146 UA00030318    (4)   :  0.176 0.167 0.034 0.182 0.199 0.077 0.165 
147 UA00046845    (0)   :  0.156 0.160 0.057 0.159 0.189 0.137 0.143 
148 UA00063946    (0)   :  0.187 0.231 0.051 0.132 0.069 0.035 0.295 
149 UA00031374    (4)   :  0.178 0.164 0.050 0.186 0.183 0.083 0.156 
150    M1136    (4)   :  0.115 0.114 0.354 0.127 0.141 0.043 0.107 
151 UA00034299    (0)   :  0.179 0.158 0.040 0.184 0.233 0.041 0.165 
152 UA00002387    (4)   :  0.173 0.165 0.025 0.181 0.216 0.084 0.156 
153 UA00021855    (0)   :  0.178 0.170 0.060 0.191 0.158 0.068 0.175 
154 UA00014500    (0)   :  0.178 0.180 0.066 0.182 0.202 0.038 0.154 
155 UA00050419    (4)   :  0.183 0.164 0.026 0.183 0.231 0.039 0.174 
156 UA00031854    (4)   :  0.167 0.161 0.050 0.173 0.171 0.115 0.164 
157    pc011    (4)   :  0.173 0.173 0.029 0.173 0.230 0.052 0.170 
158 UA00033004    (0)   :  0.160 0.165 0.088 0.173 0.200 0.060 0.152 
159 UA00046510    (0)   :  0.157 0.145 0.036 0.165 0.185 0.170 0.141 
160 UA00048747    (0)   :  0.168 0.159 0.037 0.184 0.210 0.082 0.159 
161 UA00014293    (0)   :  0.171 0.168 0.032 0.178 0.226 0.054 0.172 
162 UA00047686    (0)   :  0.142 0.133 0.068 0.153 0.165 0.214 0.124 
163 UA00033783    (4)   :  0.104 0.114 0.343 0.099 0.083 0.132 0.125 
164 UA00042609    (4)   :  0.125 0.119 0.071 0.128 0.144 0.296 0.116 
165 UA00031169    (4)   :  0.178 0.163 0.039 0.185 0.233 0.033 0.169 
166 UA00035181    (0)   :  0.189 0.195 0.019 0.179 0.186 0.033 0.200 
167 UA00050133    (0)   :  0.173 0.166 0.053 0.187 0.196 0.066 0.160 
168  Puco011    (4)   :  0.170 0.164 0.050 0.173 0.220 0.063 0.161 
169 UA00041476    (0)   :  0.159 0.146 0.079 0.173 0.192 0.110 0.142 
170 UA00046702    (0)   :  0.177 0.169 0.033 0.184 0.223 0.037 0.176 
171 UA00019940    (0)   :  0.169 0.156 0.062 0.185 0.186 0.084 0.159 
172 UA00049813    (0)   :  0.185 0.174 0.065 0.185 0.150 0.049 0.191 
173 UA00064165    (0)   :  0.105 0.101 0.064 0.111 0.110 0.419 0.091 
174 UA00064421    (0)   :  0.135 0.126 0.023 0.142 0.150 0.309 0.114 
175 UA00064569    (4)   :  0.184 0.175 0.023 0.189 0.208 0.040 0.183 
176 UA00003996    (0)   :  0.146 0.144 0.054 0.156 0.172 0.188 0.139 
177 UA00064491    (4)   :  0.172 0.162 0.030 0.181 0.206 0.080 0.169 
178 UA00011899    (0)   :  0.177 0.167 0.064 0.195 0.196 0.041 0.160 
179  Puco015    (4)   :  0.156 0.152 0.149 0.160 0.178 0.060 0.146 
180 UA00047929    (4)   :  0.188 0.201 0.039 0.170 0.157 0.026 0.220 
181 UA00056669    (0)   :  0.174 0.163 0.036 0.187 0.196 0.092 0.153 
182 UA00050176    (0)   :  0.158 0.160 0.079 0.174 0.180 0.107 0.142 
183  Puco014    (4)   :  0.167 0.173 0.058 0.169 0.155 0.090 0.188 
184 UA00019608    (0)   :  0.168 0.162 0.041 0.176 0.209 0.096 0.148 
185 UA00064333    (0)   :  0.177 0.159 0.043 0.191 0.212 0.062 0.155 
186  Puco013    (4)   :  0.152 0.144 0.047 0.160 0.167 0.196 0.133 
187 UA00016092    (0)   :  0.184 0.178 0.022 0.187 0.218 0.028 0.183 
188 UA00019060    (0)   :  0.072 0.065 0.136 0.078 0.072 0.510 0.067 
189 UA00063532    (0)   :  0.164 0.169 0.081 0.165 0.174 0.083 0.164 
190 UA00064117    (0)   :  0.093 0.088 0.248 0.098 0.102 0.286 0.085 
191 UA00011969    (0)   :  0.165 0.165 0.073 0.175 0.174 0.096 0.152 
192 UA00034586    (4)   :  0.191 0.185 0.034 0.186 0.170 0.036 0.197 
193 UA00030736    (4)   :  0.174 0.172 0.059 0.189 0.202 0.045 0.159 
194 UA00048493    (0)   :  0.168 0.165 0.092 0.176 0.190 0.054 0.155 
195 UA00040466    (0)   :  0.057 0.059 0.032 0.057 0.059 0.682 0.054 
196 UA00047659    (0)   :  0.181 0.180 0.032 0.184 0.200 0.059 0.164 
197 UA00042002    (4)   :  0.134 0.143 0.252 0.138 0.131 0.063 0.139 
198 UA00062606    (0)   :  0.153 0.154 0.062 0.157 0.168 0.169 0.139 
199 UA00030615    (4)   :  0.054 0.052 0.026 0.057 0.056 0.705 0.049 
200 UA00048899    (0)   :  0.177 0.174 0.048 0.187 0.196 0.061 0.156 
201 UA00047725    (0)   :  0.022 0.022 0.025 0.023 0.022 0.864 0.022 
202 UA00030866    (4)   :  0.171 0.173 0.042 0.172 0.189 0.094 0.159 
203 UA00034564    (0)   :  0.178 0.166 0.046 0.177 0.210 0.071 0.153 
204 UA00046520    (0)   :  0.192 0.220 0.030 0.151 0.095 0.038 0.274 
205 UA00035027    (0)   :  0.162 0.165 0.076 0.165 0.161 0.115 0.157 
206 UA00035421    (0)   :  0.121 0.123 0.035 0.132 0.146 0.328 0.115 
207 UA00062740    (4)   :  0.146 0.149 0.098 0.148 0.165 0.155 0.140 
208 UA00012360    (0)   :  0.047 0.044 0.029 0.050 0.051 0.734 0.044 
209 UA00050203    (0)   :  0.182 0.183 0.056 0.178 0.178 0.046 0.178 
210 UA00040534    (4)   :  0.087 0.084 0.217 0.096 0.094 0.346 0.075 
211 UA00031261    (4)   :  0.069 0.066 0.130 0.073 0.073 0.529 0.060 
212 UA00031917    (4)   :  0.089 0.083 0.216 0.091 0.096 0.347 0.077 
213 UA00040798    (4)   :  0.105 0.104 0.088 0.112 0.097 0.394 0.101 
214 UA00030598    (4)   :  0.117 0.118 0.083 0.120 0.120 0.335 0.108 
215 UA00050385    (0)   :  0.167 0.159 0.051 0.175 0.199 0.102 0.148 
216 UA00058283    (0)   :  0.037 0.036 0.058 0.038 0.035 0.759 0.036 
217 UA00042297    (4)   :  0.091 0.091 0.401 0.097 0.087 0.142 0.090 
218 UA00015415    (4)   :  0.038 0.036 0.027 0.039 0.041 0.783 0.036 
219 UA00035531    (0)   :  0.061 0.060 0.103 0.064 0.067 0.590 0.055 
220 UA00048683    (0)   :  0.076 0.072 0.034 0.082 0.082 0.583 0.071 
221 UA00046734    (4)   :  0.044 0.043 0.037 0.045 0.046 0.746 0.040 
222   pcRF01    (0)   :  0.178 0.163 0.018 0.187 0.246 0.037 0.172 
223 UA00007223    (0)   :  0.141 0.144 0.080 0.140 0.162 0.207 0.126 
224 UA00013841    (0)   :  0.158 0.165 0.160 0.167 0.164 0.038 0.149 
225 UA00014196    (0)   :  0.067 0.065 0.066 0.071 0.074 0.598 0.059 
226 UA00034635    (0)   :  0.175 0.175 0.036 0.192 0.197 0.057 0.168 
227 UA00047371    (0)   :  0.141 0.137 0.245 0.143 0.133 0.069 0.132 
228 UA00063544    (0)   :  0.142 0.143 0.235 0.145 0.128 0.067 0.140 
229 UA00064246    (0)   :  0.143 0.144 0.108 0.142 0.132 0.189 0.142 
230 UA00064328    (0)   :  0.141 0.127 0.106 0.152 0.145 0.211 0.118 
231 UA00002952    (0)   :  0.122 0.124 0.156 0.126 0.134 0.226 0.111 
232 UA00064079    (0)   :  0.149 0.142 0.171 0.165 0.162 0.085 0.127 
233 UA00046793    (0)   :  0.114 0.119 0.168 0.122 0.133 0.239 0.104 
234 UA00034769    (0)   :  0.089 0.097 0.446 0.090 0.076 0.102 0.100 
235 UA00034949    (0)   :  0.136 0.132 0.072 0.136 0.159 0.243 0.121 
236 UA00063753    (0)   :  0.164 0.180 0.104 0.143 0.096 0.107 0.206 
237 UA00015713    (0)   :  0.155 0.168 0.177 0.151 0.130 0.047 0.172 
238 UA00003494    (0)   :  0.141 0.143 0.101 0.150 0.184 0.143 0.138 
239 UA00056767    (0)   :  0.200 0.224 0.018 0.156 0.097 0.033 0.271 
240 UA00014461    (0)   :  0.132 0.142 0.095 0.138 0.153 0.212 0.127 
241 UA00034669    (0)   :  0.103 0.101 0.138 0.106 0.104 0.360 0.089 
242 UA00048164    (0)   :  0.149 0.146 0.033 0.148 0.156 0.229 0.138 
243 UA00007974    (0)   :  0.177 0.199 0.090 0.149 0.122 0.053 0.211 
244 UA00016166    (0)   :  0.130 0.117 0.295 0.138 0.148 0.058 0.113 
245 UA00015653    (0)   :  0.112 0.110 0.271 0.118 0.120 0.173 0.095 
246 UA00063882    (0)   :  0.106 0.105 0.119 0.113 0.114 0.349 0.094 
247 UA00049027    (0)   :  0.124 0.123 0.287 0.127 0.115 0.105 0.119 
248 UA00018878    (0)   :  0.135 0.150 0.297 0.123 0.114 0.042 0.139 
249 UA00038796    (0)   :  0.127 0.132 0.051 0.127 0.127 0.319 0.117 
250 UA00013465    (0)   :  0.069 0.068 0.052 0.074 0.070 0.605 0.062 
251 UA00014604    (0)   :  0.136 0.138 0.104 0.141 0.131 0.227 0.122 
252 UA00041913    (0)   :  0.132 0.144 0.284 0.121 0.091 0.066 0.162 
253 UA00021632    (0)   :  0.083 0.077 0.511 0.085 0.084 0.089 0.073 
254 UA00064027    (0)   :  0.149 0.141 0.144 0.159 0.156 0.127 0.124 
255 UA00015023    (0)   :  0.154 0.150 0.047 0.172 0.188 0.141 0.147 
256 UA00050243    (0)   :  0.129 0.128 0.273 0.147 0.142 0.067 0.114 
257 UA00048298    (0)   :  0.167 0.153 0.084 0.175 0.183 0.080 0.157 
258 UA00050437    (0)   :  0.141 0.131 0.062 0.154 0.151 0.242 0.119 
259 UA00014262    (0)   :  0.150 0.149 0.162 0.162 0.160 0.080 0.136 
260 UA00049129    (0)   :  0.162 0.185 0.097 0.164 0.144 0.051 0.197 
261 UA00014740    (0)   :  0.166 0.175 0.093 0.156 0.139 0.090 0.180 
262 UA00049612    (0)   :  0.053 0.055 0.645 0.055 0.052 0.085 0.056 
263 UA00014635    (0)   :  0.195 0.223 0.026 0.154 0.110 0.035 0.258 
264 UA00014673    (0)   :  0.126 0.129 0.170 0.127 0.122 0.213 0.112 
265 UA00033608    (0)   :  0.100 0.103 0.425 0.097 0.083 0.085 0.107 
266 UA00064540    (0)   :  0.177 0.196 0.050 0.146 0.106 0.097 0.229 
267 UA00050256    (0)   :  0.130 0.128 0.191 0.139 0.141 0.160 0.110 
268 UA00015274    (0)   :  0.174 0.163 0.047 0.174 0.195 0.091 0.156 
269 UA00062993    (0)   :  0.186 0.186 0.026 0.174 0.163 0.088 0.178 
270 UA00038364    (0)   :  0.161 0.163 0.125 0.161 0.141 0.088 0.160 
271 UA00014446    (0)   :  0.191 0.174 0.030 0.204 0.189 0.046 0.165 
272 UA00063545    (0)   :  0.074 0.070 0.481 0.076 0.076 0.157 0.065 
273 UA00040054    (0)   :  0.181 0.173 0.069 0.184 0.201 0.033 0.158 
274 UA00058447    (0)   :  0.176 0.195 0.058 0.171 0.167 0.046 0.186 
275 UA00046835    (0)   :  0.180 0.199 0.049 0.166 0.150 0.049 0.208 
276 UA00014608    (0)   :  0.184 0.179 0.043 0.183 0.177 0.071 0.164 
277    pc012    (0)   :  0.168 0.161 0.075 0.168 0.165 0.116 0.146 
278    pc002    (0)   :  0.103 0.105 0.393 0.115 0.108 0.081 0.095 
279 UA00033690    (0)   :  0.154 0.183 0.208 0.119 0.083 0.049 0.206 
280 UA00013688    (0)   :  0.169 0.168 0.064 0.167 0.170 0.107 0.154 
281 UA00063666    (0)   :  0.183 0.209 0.104 0.134 0.079 0.022 0.269 
282 UA00063292    (0)   :  0.193 0.229 0.029 0.142 0.084 0.029 0.295 
283    pc001    (0)   :  0.171 0.177 0.051 0.173 0.175 0.092 0.162 
284    pc008    (0)   :  0.175 0.185 0.057 0.172 0.149 0.063 0.198 
285 UA00034316    (0)   :  0.113 0.104 0.213 0.123 0.128 0.219 0.100 
286 UA00013046    (0)   :  0.186 0.187 0.039 0.178 0.181 0.026 0.203 
287 UA00050241    (0)   :  0.192 0.212 0.037 0.168 0.121 0.022 0.249 
288 UA00048599    (0)   :  0.191 0.209 0.030 0.162 0.150 0.035 0.223 
289 UA00046649    (0)   :  0.113 0.114 0.393 0.115 0.107 0.046 0.113 
290 UA00015674    (0)   :  0.089 0.099 0.488 0.082 0.071 0.069 0.102 
291 UA00013177    (0)   :  0.154 0.160 0.122 0.147 0.116 0.121 0.179 
292 UA00012814    (0)   :  0.171 0.169 0.052 0.178 0.190 0.078 0.162 
293 UA00034654    (0)   :  0.190 0.183 0.033 0.186 0.192 0.038 0.179 
294 UA00046743    (0)   :  0.185 0.205 0.037 0.160 0.130 0.043 0.240 
295 UA00014854    (0)   :  0.164 0.194 0.157 0.138 0.106 0.022 0.220 
296 UA00013729    (0)   :  0.177 0.157 0.053 0.190 0.206 0.056 0.161 
297 UA00063483    (0)   :  0.189 0.193 0.042 0.187 0.168 0.031 0.192 
298 UA00039326    (0)   :  0.158 0.175 0.153 0.155 0.141 0.045 0.173 
299 UA00014742    (0)   :  0.194 0.198 0.044 0.176 0.130 0.029 0.229 
300 UA00049597    (0)   :  0.108 0.121 0.439 0.100 0.088 0.020 0.124 
301 UA00048067    (0)   :  0.166 0.174 0.116 0.148 0.130 0.079 0.187 
302 UA00012918    (0)   :  0.155 0.191 0.216 0.116 0.077 0.023 0.223 
303 UA00013487    (0)   :  0.185 0.164 0.026 0.185 0.244 0.023 0.174 
304 UA00046759    (0)   :  0.138 0.133 0.127 0.141 0.133 0.201 0.128 
305 UA00050164    (0)   :  0.071 0.069 0.594 0.076 0.078 0.048 0.064 
306 UA00049839    (0)   :  0.183 0.193 0.038 0.179 0.133 0.057 0.218 
307 UA00048444    (0)   :  0.184 0.217 0.092 0.129 0.063 0.034 0.280 
308 UA00063857    (0)   :  0.183 0.200 0.057 0.174 0.151 0.023 0.211 
309 UA00014921    (0)   :  0.103 0.107 0.464 0.102 0.091 0.025 0.108 
310 UA00048895    (0)   :  0.104 0.108 0.435 0.102 0.095 0.053 0.103 
311 UA00014556    (0)   :  0.158 0.155 0.047 0.165 0.160 0.170 0.143 
312    pc009    (0)   :  0.193 0.229 0.032 0.152 0.082 0.020 0.292 
313 UA00014959    (0)   :  0.101 0.110 0.462 0.096 0.085 0.034 0.112 
314 UA00020709    (0)   :  0.162 0.170 0.126 0.165 0.156 0.054 0.166 
315 UA00013126    (0)   :  0.027 0.028 0.836 0.027 0.025 0.029 0.028 
316 UA00013695    (0)   :  0.037 0.040 0.780 0.040 0.036 0.030 0.037 
317 UA00049344    (0)   :  0.094 0.095 0.476 0.097 0.096 0.055 0.087 
318 UA00047614    (0)   :  0.046 0.046 0.658 0.045 0.045 0.117 0.044 
319 UA00014221    (0)   :  0.202 0.223 0.018 0.160 0.120 0.027 0.252 
320 UA00014346    (0)   :  0.183 0.202 0.063 0.153 0.113 0.061 0.225 
321 UA00014245    (0)   :  0.137 0.159 0.278 0.124 0.108 0.033 0.161 
322 UA00014696    (0)   :  0.030 0.030 0.803 0.031 0.033 0.044 0.029 
323 UA00006991    (0)   :  0.175 0.164 0.036 0.188 0.197 0.090 0.149 
324 UA00048948    (0)   :  0.177 0.165 0.049 0.199 0.181 0.076 0.154 
325 UA00002239    (0)   :  0.169 0.163 0.055 0.177 0.197 0.096 0.144 
326 UA00063459    (0)   :  0.194 0.228 0.046 0.142 0.092 0.022 0.275 
327 UA00048356    (0)   :  0.162 0.171 0.064 0.161 0.142 0.129 0.171 
328 UA00063940    (0)   :  0.165 0.150 0.056 0.184 0.183 0.119 0.142 
329 UA00048130    (0)   :  0.188 0.208 0.036 0.166 0.130 0.047 0.225 
330 UA00048903    (0)   :  0.189 0.181 0.022 0.187 0.204 0.027 0.190 
331 UA00064643    (0)   :  0.169 0.163 0.070 0.184 0.182 0.070 0.162 
332 UA00050233    (0)   :  0.173 0.171 0.037 0.182 0.170 0.097 0.170 
333 UA00012507    (0)   :  0.159 0.153 0.030 0.169 0.176 0.177 0.136 
334 UA00064416    (0)   :  0.183 0.162 0.032 0.190 0.221 0.045 0.168 
335 UA00034724    (0)   :  0.181 0.174 0.036 0.184 0.176 0.064 0.184 
336 UA00002621    (0)   :  0.186 0.188 0.030 0.181 0.180 0.038 0.197 
337 UA00033203    (0)   :  0.177 0.155 0.052 0.185 0.230 0.041 0.159 
338 UA00011996    (0)   :  0.188 0.176 0.068 0.188 0.185 0.032 0.162 
339 UA00014408    (0)   :  0.128 0.126 0.044 0.137 0.149 0.302 0.114 
340 UA00049502    (0)   :  0.172 0.165 0.036 0.177 0.163 0.129 0.158 
341 UA00062695    (0)   :  0.173 0.179 0.100 0.155 0.126 0.078 0.189 
342 UA00014072    (0)   :  0.184 0.187 0.059 0.167 0.128 0.051 0.222 
343 UA00003334    (0)   :  0.188 0.198 0.039 0.169 0.158 0.029 0.218 
344 UA00013835    (0)   :  0.176 0.180 0.075 0.174 0.163 0.057 0.175 
345 UA00046760    (0)   :  0.156 0.150 0.210 0.155 0.134 0.041 0.154 
346 UA00014241    (0)   :  0.176 0.187 0.033 0.175 0.189 0.053 0.187 
347 UA00049585    (0)   :  0.198 0.188 0.038 0.194 0.155 0.024 0.202 
348 UA00013409    (0)   :  0.161 0.171 0.055 0.144 0.095 0.166 0.208 
349 UA00047548    (0)   :  0.185 0.181 0.048 0.194 0.196 0.026 0.169 
350 UA00049038    (0)   :  0.112 0.111 0.341 0.115 0.103 0.108 0.110 
351 UA00047612    (0)   :  0.181 0.176 0.035 0.187 0.189 0.068 0.164 
352 UA00014822    (0)   :  0.109 0.114 0.297 0.111 0.110 0.155 0.104 
353 UA00035299    (0)   :  0.179 0.165 0.055 0.188 0.202 0.054 0.157 
354 UA00012804    (0)   :  0.118 0.114 0.353 0.123 0.118 0.067 0.108 
355 UA00049578    (0)   :  0.161 0.159 0.042 0.168 0.158 0.154 0.158 
356 UA00047672    (0)   :  0.179 0.157 0.030 0.185 0.233 0.051 0.165 
357 UA00043961    (0)   :  0.060 0.061 0.627 0.062 0.055 0.074 0.061 
358 UA00064575    (0)   :  0.150 0.151 0.051 0.158 0.130 0.205 0.155 
359 UA00014732    (0)   :  0.181 0.167 0.030 0.193 0.195 0.077 0.158 
360 UA00050181    (0)   :  0.182 0.174 0.021 0.187 0.208 0.068 0.160 
361 UA00033369    (0)   :  0.133 0.129 0.253 0.141 0.148 0.080 0.116 
362 UA00011982    (0)   :  0.188 0.159 0.022 0.193 0.242 0.021 0.175 
363 UA00014590    (0)   :  0.163 0.149 0.113 0.173 0.186 0.073 0.142 
364 UA00047743    (0)   :  0.189 0.165 0.032 0.191 0.227 0.030 0.165 
365 UA00046621    (0)   :  0.191 0.171 0.029 0.193 0.223 0.023 0.171 
366 UA00050422    (0)   :  0.164 0.157 0.038 0.178 0.178 0.140 0.145 
367 UA00002760    (0)   :  0.172 0.169 0.094 0.177 0.170 0.043 0.174 
368 UA00012999    (0)   :  0.163 0.155 0.129 0.179 0.186 0.039 0.149 
369 UA00063838    (0)   :  0.183 0.176 0.031 0.187 0.188 0.047 0.188 
370 UA00003729    (0)   :  0.126 0.135 0.194 0.123 0.108 0.187 0.128 
371 UA00015348    (0)   :  0.178 0.188 0.080 0.158 0.104 0.068 0.224 
372 UA00019058    (0)   :  0.176 0.201 0.051 0.141 0.102 0.104 0.226 
373 UA00049549    (0)   :  0.177 0.215 0.118 0.126 0.064 0.024 0.276 
374 UA00014334    (0)   :  0.164 0.160 0.054 0.169 0.194 0.107 0.153 
375 UA00014350    (0)   :  0.190 0.160 0.017 0.188 0.249 0.017 0.179 
376 UA00049227    (0)   :  0.141 0.134 0.194 0.150 0.157 0.105 0.120 
377 UA00014051    (0)   :  0.156 0.151 0.025 0.169 0.199 0.157 0.143 
378 UA00034381    (0)   :  0.166 0.163 0.043 0.181 0.176 0.105 0.166 
379 UA00002354    (0)   :  0.182 0.168 0.026 0.190 0.231 0.031 0.172 
380 UA00049892    (0)   :  0.177 0.175 0.095 0.170 0.157 0.027 0.198 
381 UA00021989    (0)   :  0.186 0.168 0.026 0.187 0.194 0.063 0.176 
382 UA00048968    (0)   :  0.178 0.173 0.033 0.184 0.206 0.061 0.165 
383 UA00013174    (0)   :  0.175 0.168 0.051 0.173 0.209 0.066 0.158 
384 UA00033992    (0)   :  0.148 0.143 0.206 0.166 0.171 0.038 0.128 
385 UA00015801    (0)   :  0.191 0.167 0.017 0.193 0.234 0.020 0.177 
386 UA00063303    (0)   :  0.133 0.145 0.264 0.124 0.108 0.071 0.155 
387 UA00050206    (0)   :  0.202 0.210 0.020 0.167 0.105 0.036 0.259 
388 UA00014458    (0)   :  0.164 0.165 0.098 0.164 0.161 0.077 0.170 
389 UA00007204    (0)   :  0.178 0.208 0.061 0.155 0.127 0.033 0.237 
390 UA00063212    (0)   :  0.134 0.132 0.207 0.135 0.095 0.149 0.147 
391 UA00013340    (0)   :  0.168 0.164 0.114 0.183 0.177 0.040 0.154 
392 UA00062743    (0)   :  0.171 0.165 0.028 0.171 0.205 0.104 0.156 
393 UA00063189    (0)   :  0.087 0.088 0.071 0.090 0.099 0.485 0.080 
394 UA00035432    (0)   :  0.190 0.185 0.035 0.188 0.163 0.035 0.204 
395 UA00007958    (0)   :  0.175 0.183 0.031 0.180 0.209 0.036 0.185 
396 UA00013634    (0)   :  0.173 0.172 0.026 0.177 0.226 0.060 0.165 
397 UA00048175    (0)   :  0.179 0.165 0.016 0.183 0.245 0.038 0.173 
398 UA00003202    (0)   :  0.176 0.177 0.043 0.188 0.188 0.045 0.182 
399 UA00035090    (0)   :  0.169 0.166 0.049 0.175 0.157 0.108 0.175 
400 UA00064679    (0)   :  0.122 0.118 0.060 0.125 0.132 0.329 0.114 
401 UA00039518    (0)   :  0.181 0.181 0.046 0.182 0.194 0.039 0.178 
402 UA00058268    (0)   :  0.182 0.167 0.047 0.194 0.196 0.059 0.156 
403 UA00049456    (0)   :  0.142 0.145 0.226 0.146 0.125 0.058 0.159 
404 UA00049550    (0)   :  0.179 0.174 0.031 0.166 0.128 0.125 0.197 
405 UA00048342    (0)   :  0.160 0.154 0.140 0.169 0.152 0.068 0.157 
406 UA00063493    (0)   :  0.192 0.174 0.027 0.204 0.191 0.033 0.180 
407 UA00058261    (0)   :  0.158 0.150 0.034 0.164 0.200 0.145 0.148 
408 UA00014663    (0)   :  0.179 0.164 0.049 0.192 0.194 0.079 0.144 
409 UA00048817    (0)   :  0.144 0.134 0.216 0.155 0.165 0.064 0.123 
410 UA00049381    (0)   :  0.164 0.170 0.030 0.170 0.221 0.074 0.171 
411 UA00035901    (0)   :  0.137 0.132 0.051 0.143 0.140 0.277 0.121 
412 UA00013301    (0)   :  0.182 0.188 0.055 0.155 0.100 0.093 0.227 
413 UA00047926    (0)   :  0.159 0.146 0.080 0.171 0.189 0.111 0.144 
414 UA00007272    (0)   :  0.149 0.148 0.055 0.155 0.176 0.188 0.130 
415 UA00016041    (0)   :  0.179 0.177 0.077 0.183 0.141 0.048 0.195 
416 UA00013502    (0)   :  0.175 0.174 0.024 0.177 0.193 0.076 0.182 
417 UA00002390    (0)   :  0.165 0.151 0.125 0.178 0.183 0.054 0.143 
418 UA00034907    (0)   :  0.176 0.175 0.033 0.185 0.183 0.086 0.161 
419 UA00048821    (0)   :  0.146 0.136 0.142 0.153 0.150 0.143 0.130 
420 UA00002136    (0)   :  0.157 0.161 0.138 0.164 0.134 0.080 0.166 
421 UA00011790    (0)   :  0.163 0.172 0.054 0.169 0.206 0.074 0.163 
422 UA00021586    (0)   :  0.138 0.136 0.221 0.149 0.144 0.081 0.131 
423 UA00033270    (0)   :  0.171 0.166 0.052 0.180 0.187 0.082 0.162 
424 UA00048073    (0)   :  0.181 0.175 0.054 0.176 0.172 0.064 0.178 
425 UA00048856    (0)   :  0.161 0.173 0.045 0.163 0.177 0.128 0.154 
426 UA00049713    (0)   :  0.174 0.156 0.044 0.185 0.215 0.065 0.161 
427 UA00046885    (0)   :  0.182 0.185 0.053 0.180 0.180 0.044 0.177 
428 UA00034893    (0)   :  0.182 0.179 0.037 0.190 0.191 0.035 0.186 
429 UA00048011    (0)   :  0.174 0.160 0.022 0.192 0.198 0.097 0.157 
430 UA00015786    (0)   :  0.135 0.129 0.090 0.145 0.149 0.229 0.122 
431 UA00013162    (0)   :  0.170 0.162 0.042 0.161 0.201 0.107 0.156 
432 UA00049512    (0)   :  0.168 0.178 0.067 0.172 0.152 0.087 0.177 
433 UA00004046    (0)   :  0.171 0.181 0.025 0.173 0.230 0.047 0.173 
434 UA00048881    (0)   :  0.124 0.122 0.164 0.134 0.137 0.209 0.109 
435 UA00046610    (0)   :  0.145 0.139 0.149 0.156 0.166 0.115 0.129 
436 UA00033282    (0)   :  0.170 0.164 0.064 0.175 0.167 0.107 0.154 
437 UA00047561    (0)   :  0.174 0.172 0.036 0.182 0.224 0.050 0.162 
438 UA00013777    (0)   :  0.153 0.157 0.031 0.151 0.185 0.182 0.141 
439 UA00062849    (0)   :  0.188 0.202 0.047 0.169 0.117 0.045 0.231 
440 UA00049786    (0)   :  0.168 0.159 0.024 0.174 0.230 0.079 0.165 
441 UA00033246    (0)   :  0.198 0.228 0.028 0.154 0.089 0.023 0.280 
442 UA00045302    (0)   :  0.187 0.171 0.057 0.194 0.199 0.039 0.153 
443 UA00048637    (0)   :  0.172 0.164 0.033 0.174 0.221 0.074 0.162 
444 UA00049832    (0)   :  0.160 0.172 0.168 0.145 0.119 0.042 0.194 
445 UA00022023    (0)   :  0.168 0.162 0.114 0.171 0.189 0.055 0.141 
446 UA00050192    (0)   :  0.151 0.151 0.191 0.161 0.167 0.050 0.128 
447 UA00050413    (0)   :  0.175 0.174 0.043 0.178 0.177 0.076 0.177 
448 UA00013445    (0)   :  0.183 0.182 0.023 0.188 0.215 0.033 0.176 
449 UA00035496    (0)   :  0.148 0.146 0.046 0.153 0.142 0.239 0.127 
450 UA00003333    (0)   :  0.121 0.111 0.102 0.127 0.128 0.304 0.107 
451 UA00064008    (0)   :  0.138 0.129 0.032 0.149 0.152 0.279 0.121 
452 UA00003427    (0)   :  0.144 0.144 0.188 0.152 0.151 0.089 0.133 
453 UA00028092    (0)   :  0.115 0.112 0.274 0.119 0.116 0.152 0.112 
454    pc003    (0)   :  0.056 0.053 0.103 0.059 0.057 0.622 0.051 
455 UA00034440    (0)   :  0.186 0.187 0.038 0.169 0.139 0.080 0.201 
456 UA00026062    (0)   :  0.172 0.169 0.050 0.169 0.226 0.046 0.168 
457 UA00014347    (0)   :  0.162 0.168 0.076 0.165 0.158 0.122 0.148 
458 UA00021516    (0)   :  0.173 0.167 0.039 0.188 0.225 0.042 0.166 
459 UA00049347    (0)   :  0.121 0.117 0.041 0.131 0.141 0.340 0.109 
460 UA00063436    (0)   :  0.113 0.119 0.048 0.109 0.088 0.389 0.133 
461 UA00047790    (0)   :  0.176 0.171 0.040 0.182 0.213 0.061 0.158 
462 UA00045714    (0)   :  0.124 0.125 0.114 0.139 0.142 0.248 0.108 
463 UA00038979    (0)   :  0.163 0.184 0.139 0.141 0.117 0.056 0.200 
464 UA00016123    (0)   :  0.155 0.156 0.084 0.156 0.179 0.128 0.142 
465 UA00034765    (0)   :  0.054 0.050 0.023 0.058 0.059 0.707 0.049 
466 UA00063815    (0)   :  0.077 0.077 0.116 0.079 0.074 0.501 0.076 
467 UA00034795    (0)   :  0.184 0.189 0.050 0.172 0.132 0.067 0.206 
468 UA00004000    (0)   :  0.063 0.063 0.037 0.066 0.068 0.639 0.063 
469 UA00049367    (0)   :  0.170 0.178 0.028 0.163 0.146 0.126 0.188 
470 UA00034457    (0)   :  0.175 0.179 0.053 0.186 0.200 0.037 0.169 
471 UA00050015    (0)   :  0.171 0.174 0.086 0.156 0.144 0.088 0.181 
472 UA00021373    (0)   :  0.172 0.175 0.055 0.176 0.192 0.070 0.160 
473 UA00050232    (0)   :  0.066 0.068 0.110 0.069 0.072 0.549 0.065 
474 UA00038724    (0)   :  0.166 0.171 0.134 0.166 0.152 0.046 0.167 
475 UA00007824    (0)   :  0.159 0.151 0.106 0.160 0.183 0.107 0.134 
476 UA00048754    (0)   :  0.161 0.161 0.022 0.164 0.197 0.143 0.152 
477 UA00014271    (0)   :  0.162 0.170 0.089 0.170 0.185 0.056 0.168 
478 UA00013756    (0)   :  0.140 0.149 0.117 0.134 0.103 0.189 0.168 
479 UA00014385    (0)   :  0.114 0.111 0.131 0.124 0.131 0.283 0.106 
480 UA00049609    (0)   :  0.175 0.192 0.045 0.170 0.144 0.059 0.214 
481 UA00003748    (0)   :  0.127 0.129 0.032 0.124 0.147 0.326 0.116 
482 UA00063952    (0)   :  0.137 0.140 0.027 0.134 0.157 0.275 0.129 
483 UA00058348    (0)   :  0.089 0.089 0.025 0.093 0.090 0.527 0.086 
484 UA00014922    (0)   :  0.053 0.052 0.049 0.054 0.053 0.688 0.051 
485 UA00003820    (0)   :  0.165 0.173 0.023 0.169 0.204 0.116 0.151 
486 UA00013693    (0)   :  0.146 0.145 0.096 0.153 0.165 0.160 0.135 
487 UA00047713    (0)   :  0.072 0.069 0.028 0.073 0.080 0.612 0.066 
488 UA00034891    (0)   :  0.117 0.122 0.049 0.117 0.124 0.349 0.122 
489 UA00049223    (0)   :  0.124 0.124 0.042 0.130 0.136 0.325 0.118 
490 UA00064399    (0)   :  0.044 0.042 0.227 0.046 0.046 0.557 0.039 
491 UA00013336    (0)   :  0.046 0.044 0.080 0.049 0.047 0.689 0.044 
492 UA00035291    (0)   :  0.060 0.054 0.055 0.059 0.062 0.655 0.055 
493 UA00003945    (0)   :  0.071 0.066 0.061 0.076 0.074 0.589 0.064 
494 UA00014518    (0)   :  0.096 0.091 0.053 0.103 0.114 0.457 0.086 
495 UA00013583    (0)   :  0.081 0.084 0.414 0.084 0.080 0.176 0.081 
496 UA00011510    (0)   :  0.103 0.098 0.081 0.111 0.114 0.399 0.094 
497 UA00046860    (0)   :  0.130 0.123 0.069 0.138 0.152 0.270 0.117 
498 UA00048853    (0)   :  0.106 0.103 0.154 0.114 0.117 0.314 0.093 
499 UA00012151    (0)   :  0.054 0.052 0.039 0.058 0.062 0.685 0.050 
500 UA00063930    (0)   :  0.096 0.096 0.406 0.092 0.074 0.130 0.105 
501 UA00013453    (0)   :  0.125 0.124 0.120 0.130 0.132 0.250 0.119 
502 UA00039299    (0)   :  0.042 0.041 0.046 0.044 0.042 0.747 0.039 
503 UA00014280    (0)   :  0.033 0.032 0.020 0.032 0.032 0.820 0.031 
504 UA00014200    (0)   :  0.089 0.087 0.037 0.094 0.103 0.512 0.079 
505 UA00040612    (0)   :  0.043 0.042 0.108 0.047 0.046 0.675 0.039 
506 UA00062679    (0)   :  0.042 0.041 0.064 0.043 0.041 0.731 0.039 
507 UA00034481    (0)   :  0.059 0.059 0.034 0.064 0.068 0.659 0.057 
508 UA00011880    (0)   :  0.132 0.145 0.279 0.120 0.083 0.078 0.163 
509 UA00013421    (0)   :  0.040 0.039 0.139 0.043 0.043 0.659 0.037 
510 UA00048051    (0)   :  0.029 0.029 0.031 0.031 0.030 0.823 0.027 
511 UA00063370    (0)   :  0.034 0.033 0.111 0.034 0.033 0.723 0.032 
512 UA00014716    (0)   :  0.042 0.039 0.063 0.044 0.043 0.730 0.039 
513 UA00033426    (0)   :  0.087 0.081 0.145 0.096 0.104 0.406 0.079 
514 UA00015190    (0)   :  0.045 0.043 0.190 0.049 0.046 0.587 0.041 
515 UA00013730    (0)   :  0.179 0.177 0.070 0.178 0.190 0.041 0.165 
516 UA00047644    (4)   :  0.090 0.089 0.121 0.097 0.099 0.423 0.082 
517 UA00031933    (9)   :  0.169 0.166 0.044 0.175 0.200 0.086 0.159 
518 UA00031541    (9)   :  0.101 0.101 0.112 0.108 0.105 0.374 0.099 
519   PCO-60    (4)   :  0.164 0.165 0.036 0.168 0.170 0.137 0.160 
520 UA00030495    (4)   :  0.151 0.153 0.103 0.157 0.161 0.128 0.147 
521 UA00031133    (4)   :  0.198 0.233 0.033 0.133 0.085 0.026 0.292 
522 UA00032049    (4)   :  0.137 0.140 0.242 0.142 0.144 0.077 0.118 
523 UA00030599    (4)   :  0.177 0.205 0.084 0.135 0.082 0.070 0.246 
524 UA00030250    (4)   :  0.189 0.167 0.030 0.194 0.211 0.044 0.165 
525 UA00049385    (4)   :  0.164 0.177 0.096 0.147 0.125 0.096 0.194 
526 UA00031816    (4)   :  0.198 0.241 0.033 0.128 0.085 0.033 0.283 
527 UA00030275    (4)   :  0.165 0.161 0.099 0.169 0.183 0.077 0.146 
528 UA00041861    (4)   :  0.171 0.167 0.075 0.169 0.186 0.083 0.149 
529 UA00041433    (4)   :  0.192 0.182 0.026 0.195 0.200 0.038 0.167 
530  PCO-114    (4)   :  0.164 0.160 0.032 0.177 0.209 0.102 0.156 
531 UA00031529    (4)   :  0.175 0.183 0.041 0.183 0.173 0.070 0.175 
532 UA00039719    (4)   :  0.169 0.162 0.038 0.181 0.195 0.092 0.163 
533  PCO-442    (4)   :  0.188 0.175 0.025 0.182 0.226 0.035 0.170 
534   PCO-58    (0)   :  0.166 0.155 0.054 0.175 0.214 0.077 0.159 
535 UA00048673    (4)   :  0.168 0.162 0.045 0.181 0.174 0.120 0.150 
536   PCO-63    (4)   :  0.181 0.171 0.027 0.199 0.169 0.068 0.184 


Estimated Allele Frequencies in each cluster
First column gives estimated ancestral frequencies


Locus 1 : PP01 
2 alleles
0.0% missing data
   1   (0.587) 0.584 0.578 0.911 0.592 0.599 0.329 0.580 
   2   (0.413) 0.416 0.422 0.089 0.408 0.401 0.671 0.420 

Locus 2 : PP02 
2 alleles
0.0% missing data
   1   (0.918) 0.912 0.912 0.992 0.913 0.920 0.966 0.907 
