

----------------------------------------------------
STRUCTURE by Pritchard, Stephens and Donnelly (2000)
     and Falush, Stephens and Pritchard (2003)
       Code by Pritchard, Falush and Hubisz
             Version 2.3.4 (Jul 2012)
----------------------------------------------------



Command line arguments:   structure -K 3 -o outputfile_K3_2 
Input File:    Puma_SNP_genotypes_cut_AZ_final_HWEonly.str

Run parameters:
   536 individuals
   22 loci
   3 populations assumed
   100000 Burn-in period
   500000 Reps


--------------------------------------------
Overall proportion of membership of the
sample in each of the 3 clusters

Inferred Clusters
  1      2      3    
0.334  0.329  0.337  

--------------------------------------------

Allele-freq. divergence among pops (Net nucleotide distance),
computed using point estimates of P.

      1       2       3      
 1      -    0.0558  0.0407  
 2   0.0558     -    0.0534  
 3   0.0407  0.0534     -    

Average distances (expected heterozygosity) between individuals in same cluster:
cluster  1  : 0.3556 
cluster  2  : 0.3119 
cluster  3  : 0.3521 

--------------------------------------------
Estimated Ln Prob of Data   = -12860.1
Mean value of ln likelihood = -12506.1
Variance of ln likelihood   = 707.9
Mean value of alpha         = 0.6869

Mean value of Fst_1         = 0.0922
Mean value of Fst_2         = 0.2210
Mean value of Fst_3         = 0.1134


Inferred ancestry of individuals:
        Label (%Miss) :  Inferred clusters
  1 UA00063336   (13)   :  0.299 0.455 0.247 
  2 UA00048914    (9)   :  0.207 0.452 0.342 
  3 UA00014769   (13)   :  0.520 0.093 0.388 
  4 UA00008132   (13)   :  0.327 0.293 0.380 
  5 UA00030462   (13)   :  0.237 0.511 0.251 
  6 UA00034866   (13)   :  0.361 0.286 0.353 
  7 UA00034800    (9)   :  0.221 0.641 0.138 
  8  Puco006    (9)   :  0.118 0.683 0.200 
  9 UA00048874    (4)   :  0.164 0.641 0.195 
 10 UA00049060    (9)   :  0.418 0.178 0.404 
 11 UA00033413    (9)   :  0.618 0.148 0.234 
 12  Puco021    (9)   :  0.710 0.167 0.123 
 13  Puco026    (9)   :  0.562 0.167 0.271 
 14  Puco008    (9)   :  0.180 0.615 0.205 
 15   M01301    (9)   :  0.574 0.172 0.254 
 16   M06306    (9)   :  0.503 0.334 0.163 
 17 UA00032185    (9)   :  0.387 0.299 0.314 
 18 UA00030792    (9)   :  0.122 0.798 0.081 
 19 UA00031647    (9)   :  0.234 0.532 0.234 
 20 UA00031979    (9)   :  0.370 0.298 0.331 
 21  Puco016    (9)   :  0.152 0.336 0.511 
 22  Puco010    (9)   :  0.522 0.217 0.261 
 23    M1035    (9)   :  0.345 0.241 0.415 
 24 UA00034601    (9)   :  0.406 0.355 0.239 
 25 UA00050388    (9)   :  0.390 0.362 0.248 
 26 UA00048699    (9)   :  0.154 0.371 0.475 
 27 UA00064058    (9)   :  0.345 0.173 0.482 
 28 UA00033981    (9)   :  0.647 0.210 0.142 
 29   F05033    (9)   :  0.500 0.142 0.358 
 30 UA00048520    (4)   :  0.405 0.402 0.193 
 31 UA00048422    (4)   :  0.241 0.665 0.094 
 32    PucoB    (4)   :  0.628 0.121 0.250 
 33 UA00047393    (4)   :  0.297 0.321 0.382 
 34 UA00064521    (4)   :  0.294 0.418 0.288 
 35 UA00003043    (4)   :  0.200 0.234 0.566 
 36 UA00063025    (4)   :  0.321 0.532 0.146 
 37 UA00063826    (4)   :  0.605 0.178 0.217 
 38   F07407    (4)   :  0.598 0.268 0.134 
 39 UA00021658    (4)   :  0.431 0.194 0.375 
 40 UA00003794    (4)   :  0.566 0.260 0.174 
 41 UA00041322    (4)   :  0.306 0.396 0.297 
 42 UA00063316    (4)   :  0.334 0.432 0.234 
 43 UA00047705    (4)   :  0.490 0.286 0.224 
 44 UA00033904    (4)   :  0.239 0.540 0.221 
 45 UA00048100    (4)   :  0.451 0.186 0.363 
 46 UA00032212    (4)   :  0.304 0.475 0.221 
 47 UA00031574    (4)   :  0.186 0.718 0.096 
 48 UA00031228    (4)   :  0.125 0.769 0.106 
 49 UA00047707    (4)   :  0.201 0.102 0.697 
 50 UA00030906    (4)   :  0.084 0.851 0.065 
 51 UA00041567    (4)   :  0.549 0.263 0.189 
 52 UA00007624    (4)   :  0.560 0.110 0.330 
 53 UA00034514    (4)   :  0.346 0.189 0.465 
 54 UA00030480    (4)   :  0.237 0.345 0.418 
 55  Puco012    (4)   :  0.292 0.227 0.481 
 56 UA00038677    (9)   :  0.331 0.467 0.202 
 57 UA00048275    (4)   :  0.594 0.187 0.219 
 58 UA00064055    (4)   :  0.147 0.219 0.634 
 59  Puco009    (4)   :  0.224 0.309 0.467 
 60 UA00064561    (4)   :  0.147 0.148 0.705 
 61 UA00003479    (4)   :  0.237 0.208 0.556 
 62 UA00063747    (4)   :  0.345 0.123 0.532 
 63 UA00002558    (4)   :  0.379 0.313 0.308 
 64 UA00048410    (4)   :  0.164 0.202 0.634 
 65 UA00012249    (4)   :  0.121 0.162 0.718 
 66 UA00033818    (4)   :  0.293 0.569 0.138 
 67  Puco020    (4)   :  0.194 0.369 0.438 
 68 UA00002545    (9)   :  0.153 0.206 0.641 
 69 UA00048508    (4)   :  0.310 0.148 0.542 
 70 UA00064100    (4)   :  0.364 0.264 0.372 
 71 UA00014585    (4)   :  0.275 0.225 0.500 
 72 UA00063698    (4)   :  0.219 0.602 0.179 
 73 UA00049753    (4)   :  0.371 0.429 0.201 
 74 UA00049037    (4)   :  0.369 0.182 0.449 
 75 UA00034941    (4)   :  0.440 0.360 0.201 
 76 UA00008083    (4)   :  0.176 0.596 0.228 
 77 UA00015084    (4)   :  0.217 0.639 0.144 
 78 UA00041010    (9)   :  0.094 0.763 0.143 
 79 UA00035261    (4)   :  0.287 0.465 0.248 
 80 UA00035431    (4)   :  0.529 0.157 0.314 
 81 UA00045274    (0)   :  0.416 0.353 0.231 
 82 UA00028200    (4)   :  0.201 0.636 0.163 
 83 UA00064559    (0)   :  0.195 0.721 0.084 
 84 UA00040808    (0)   :  0.133 0.617 0.250 
 85 UA00049156    (0)   :  0.204 0.635 0.161 
 86 UA00003952    (4)   :  0.136 0.507 0.357 
 87 UA00063954    (0)   :  0.418 0.322 0.260 
 88 UA00062934    (0)   :  0.315 0.458 0.226 
 89 UA00033829    (0)   :  0.148 0.746 0.106 
 90 UA00064351    (4)   :  0.602 0.261 0.137 
 91 UA00003697    (4)   :  0.175 0.666 0.159 
 92 UA00063438    (4)   :  0.247 0.534 0.219 
 93 UA00007608    (0)   :  0.262 0.587 0.151 
 94 UA00019683    (4)   :  0.592 0.295 0.113 
 95 UA00007781    (0)   :  0.476 0.234 0.290 
 96 UA00002915    (0)   :  0.185 0.544 0.272 
 97  Puco031    (4)   :  0.223 0.213 0.564 
 98 UA00048280    (4)   :  0.572 0.255 0.173 
 99 UA00048589    (0)   :  0.515 0.234 0.251 
100 UA00034417    (0)   :  0.208 0.418 0.374 
101 UA00050411    (4)   :  0.232 0.099 0.670 
102  Puco029    (4)   :  0.610 0.087 0.303 
103   F03403    (4)   :  0.659 0.123 0.218 
104 UA00049904    (0)   :  0.531 0.315 0.154 
105 UA00035335    (0)   :  0.522 0.084 0.394 
106 UA00012611    (0)   :  0.406 0.181 0.413 
107 UA00050319    (0)   :  0.727 0.097 0.177 
108 UA00032068    (4)   :  0.396 0.257 0.347 
109 UA00032026    (4)   :  0.390 0.228 0.381 
110 UA00030476    (4)   :  0.748 0.140 0.113 
111 UA00046853    (0)   :  0.655 0.201 0.144 
112 UA00040156    (4)   :  0.124 0.799 0.076 
113 UA00030528    (4)   :  0.191 0.382 0.428 
114  Puco025    (4)   :  0.341 0.110 0.549 
115    pc016    (0)   :  0.108 0.814 0.078 
116 UA00030617    (4)   :  0.339 0.087 0.574 
117 UA00030585    (4)   :  0.233 0.678 0.089 
118 UA00032060    (4)   :  0.495 0.295 0.211 
119    pc007    (0)   :  0.609 0.173 0.218 
120 UA00030798    (4)   :  0.217 0.640 0.143 
121 UA00030778    (4)   :  0.223 0.095 0.682 
122 UA00039674    (4)   :  0.123 0.779 0.098 
123 UA00032241    (4)   :  0.592 0.091 0.317 
124 UA00011624    (0)   :  0.369 0.154 0.477 
125 UA00033779    (4)   :  0.705 0.133 0.161 
126 UA00049402    (4)   :  0.139 0.300 0.561 
127 UA00033653    (0)   :  0.744 0.127 0.129 
128 UA00047738    (0)   :  0.415 0.346 0.239 
129 UA00047502    (4)   :  0.166 0.470 0.364 
130 UA00012014    (4)   :  0.231 0.241 0.528 
131 UA00040729    (0)   :  0.601 0.141 0.258 
132 UA00030392    (4)   :  0.355 0.121 0.524 
133 UA00050033    (0)   :  0.480 0.168 0.352 
134 UA00012152    (0)   :  0.151 0.288 0.561 
135 UA00050406    (0)   :  0.398 0.207 0.395 
136 UA00047973    (0)   :  0.488 0.163 0.348 
137 UA00008051    (0)   :  0.332 0.427 0.241 
138 UA00047337    (4)   :  0.439 0.279 0.283 
139 UA00041604    (4)   :  0.342 0.375 0.284 
140 UA00031704    (4)   :  0.298 0.094 0.608 
141 UA00040423    (4)   :  0.301 0.271 0.428 
142 UA00049433    (0)   :  0.170 0.374 0.457 
143 UA00034816    (0)   :  0.200 0.199 0.601 
144 UA00050214    (0)   :  0.213 0.113 0.674 
145 UA00041073    (0)   :  0.319 0.288 0.393 
146 UA00030318    (4)   :  0.287 0.165 0.548 
147 UA00046845    (0)   :  0.168 0.240 0.592 
148 UA00063946    (0)   :  0.747 0.141 0.112 
149 UA00031374    (4)   :  0.314 0.239 0.448 
150    M1136    (4)   :  0.236 0.385 0.380 
151 UA00034299    (0)   :  0.183 0.136 0.680 
152 UA00002387    (4)   :  0.129 0.164 0.707 
153 UA00021855    (0)   :  0.521 0.246 0.234 
154 UA00014500    (0)   :  0.285 0.190 0.524 
155 UA00050419    (4)   :  0.232 0.109 0.659 
156 UA00031854    (4)   :  0.359 0.244 0.397 
157    pc011    (4)   :  0.148 0.124 0.727 
158 UA00033004    (0)   :  0.198 0.249 0.553 
159 UA00046510    (0)   :  0.213 0.250 0.537 
160 UA00048747    (0)   :  0.163 0.191 0.646 
161 UA00014293    (0)   :  0.117 0.141 0.742 
162 UA00047686    (0)   :  0.177 0.443 0.380 
163 UA00033783    (4)   :  0.332 0.529 0.139 
164 UA00042609    (4)   :  0.155 0.432 0.413 
165 UA00031169    (4)   :  0.146 0.124 0.730 
166 UA00035181    (0)   :  0.469 0.090 0.441 
167 UA00050133    (0)   :  0.267 0.205 0.528 
168  Puco011    (4)   :  0.136 0.169 0.695 
169 UA00041476    (0)   :  0.187 0.313 0.501 
170 UA00046702    (0)   :  0.186 0.112 0.702 
171 UA00019940    (0)   :  0.352 0.266 0.382 
172 UA00049813    (0)   :  0.568 0.187 0.245 
173 UA00064165    (0)   :  0.207 0.559 0.234 
174 UA00064421    (0)   :  0.205 0.275 0.520 
175 UA00064569    (4)   :  0.378 0.102 0.520 
176 UA00003996    (0)   :  0.172 0.268 0.560 
177 UA00064491    (4)   :  0.306 0.150 0.544 
178 UA00011899    (0)   :  0.361 0.186 0.453 
179  Puco015    (4)   :  0.283 0.288 0.429 
180 UA00047929    (4)   :  0.644 0.100 0.255 
181 UA00056669    (0)   :  0.285 0.219 0.496 
182 UA00050176    (0)   :  0.243 0.330 0.427 
183  Puco014    (4)   :  0.456 0.288 0.256 
184 UA00019608    (0)   :  0.160 0.224 0.616 
185 UA00064333    (0)   :  0.182 0.213 0.605 
186  Puco013    (4)   :  0.215 0.318 0.467 
187 UA00016092    (0)   :  0.299 0.087 0.614 
188 UA00019060    (0)   :  0.140 0.663 0.197 
189 UA00063532    (0)   :  0.346 0.247 0.407 
190 UA00064117    (0)   :  0.157 0.641 0.202 
191 UA00011969    (0)   :  0.400 0.279 0.321 
192 UA00034586    (4)   :  0.530 0.129 0.341 
193 UA00030736    (4)   :  0.293 0.192 0.515 
194 UA00048493    (0)   :  0.310 0.232 0.458 
195 UA00040466    (0)   :  0.157 0.606 0.237 
196 UA00047659    (0)   :  0.400 0.189 0.411 
197 UA00042002    (4)   :  0.401 0.366 0.233 
198 UA00062606    (0)   :  0.237 0.328 0.436 
199 UA00030615    (4)   :  0.185 0.555 0.260 
200 UA00048899    (0)   :  0.352 0.227 0.421 
201 UA00047725    (0)   :  0.101 0.786 0.113 
202 UA00030866    (4)   :  0.275 0.290 0.435 
203 UA00034564    (0)   :  0.196 0.236 0.568 
204 UA00046520    (0)   :  0.720 0.118 0.162 
205 UA00035027    (0)   :  0.389 0.338 0.273 
206 UA00035421    (0)   :  0.135 0.350 0.515 
207 UA00062740    (4)   :  0.265 0.500 0.235 
208 UA00012360    (0)   :  0.172 0.588 0.241 
209 UA00050203    (0)   :  0.432 0.170 0.398 
210 UA00040534    (4)   :  0.135 0.706 0.159 
211 UA00031261    (4)   :  0.098 0.761 0.141 
212 UA00031917    (4)   :  0.109 0.730 0.161 
213 UA00040798    (4)   :  0.265 0.515 0.220 
214 UA00030598    (4)   :  0.243 0.471 0.286 
215 UA00050385    (0)   :  0.191 0.270 0.538 
216 UA00058283    (0)   :  0.136 0.730 0.134 
217 UA00042297    (4)   :  0.236 0.595 0.169 
218 UA00015415    (4)   :  0.113 0.667 0.220 
219 UA00035531    (0)   :  0.114 0.650 0.236 
220 UA00048683    (0)   :  0.166 0.487 0.347 
221 UA00046734    (4)   :  0.142 0.664 0.194 
222   pcRF01    (0)   :  0.119 0.091 0.790 
223 UA00007223    (0)   :  0.153 0.454 0.392 
224 UA00013841    (0)   :  0.419 0.271 0.310 
225 UA00014196    (0)   :  0.112 0.634 0.253 
226 UA00034635    (0)   :  0.336 0.188 0.476 
227 UA00047371    (0)   :  0.398 0.448 0.154 
228 UA00063544    (0)   :  0.414 0.380 0.207 
229 UA00064246    (0)   :  0.312 0.413 0.275 
230 UA00064328    (0)   :  0.223 0.500 0.278 
231 UA00002952    (0)   :  0.192 0.555 0.252 
232 UA00064079    (0)   :  0.324 0.386 0.290 
233 UA00046793    (0)   :  0.142 0.530 0.328 
234 UA00034769    (0)   :  0.325 0.540 0.135 
235 UA00034949    (0)   :  0.113 0.466 0.421 
236 UA00063753    (0)   :  0.531 0.346 0.123 
237 UA00015713    (0)   :  0.537 0.282 0.181 
238 UA00003494    (0)   :  0.108 0.373 0.519 
239 UA00056767    (0)   :  0.729 0.087 0.184 
240 UA00014461    (0)   :  0.210 0.400 0.390 
241 UA00034669    (0)   :  0.212 0.627 0.161 
242 UA00048164    (0)   :  0.277 0.284 0.439 
243 UA00007974    (0)   :  0.631 0.227 0.143 
244 UA00016166    (0)   :  0.187 0.474 0.339 
245 UA00015653    (0)   :  0.204 0.621 0.175 
246 UA00063882    (0)   :  0.166 0.538 0.297 
247 UA00049027    (0)   :  0.361 0.462 0.176 
248 UA00018878    (0)   :  0.528 0.332 0.140 
249 UA00038796    (0)   :  0.266 0.508 0.227 
250 UA00013465    (0)   :  0.176 0.650 0.174 
251 UA00014604    (0)   :  0.355 0.469 0.177 
252 UA00041913    (0)   :  0.509 0.362 0.130 
253 UA00021632    (0)   :  0.226 0.627 0.147 
254 UA00064027    (0)   :  0.260 0.473 0.267 
255 UA00015023    (0)   :  0.198 0.251 0.551 
256 UA00050243    (0)   :  0.242 0.463 0.296 
257 UA00048298    (0)   :  0.319 0.269 0.411 
258 UA00050437    (0)   :  0.224 0.416 0.360 
259 UA00014262    (0)   :  0.280 0.390 0.330 
260 UA00049129    (0)   :  0.531 0.198 0.271 
261 UA00014740    (0)   :  0.503 0.268 0.228 
262 UA00049612    (0)   :  0.215 0.668 0.117 
263 UA00014635    (0)   :  0.722 0.104 0.174 
264 UA00014673    (0)   :  0.274 0.540 0.186 
265 UA00033608    (0)   :  0.327 0.527 0.146 
266 UA00064540    (0)   :  0.602 0.231 0.167 
267 UA00050256    (0)   :  0.201 0.551 0.247 
268 UA00015274    (0)   :  0.277 0.218 0.505 
269 UA00062993    (0)   :  0.581 0.176 0.243 
270 UA00038364    (0)   :  0.435 0.331 0.234 
271 UA00014446    (0)   :  0.433 0.159 0.408 
272 UA00063545    (0)   :  0.151 0.711 0.138 
273 UA00040054    (0)   :  0.318 0.180 0.502 
274 UA00058447    (0)   :  0.545 0.187 0.269 
275 UA00046835    (0)   :  0.563 0.157 0.280 
276 UA00014608    (0)   :  0.489 0.213 0.298 
277    pc012    (0)   :  0.394 0.328 0.278 
278    pc002    (0)   :  0.277 0.543 0.180 
279 UA00033690    (0)   :  0.599 0.306 0.096 
280 UA00013688    (0)   :  0.381 0.279 0.340 
281 UA00063666    (0)   :  0.747 0.148 0.105 
282 UA00063292    (0)   :  0.739 0.109 0.152 
283    pc001    (0)   :  0.382 0.238 0.380 
284    pc008    (0)   :  0.534 0.205 0.261 
285 UA00034316    (0)   :  0.163 0.526 0.312 
286 UA00013046    (0)   :  0.575 0.107 0.318 
287 UA00050241    (0)   :  0.744 0.090 0.166 
288 UA00048599    (0)   :  0.663 0.116 0.221 
289 UA00046649    (0)   :  0.395 0.395 0.210 
290 UA00015674    (0)   :  0.387 0.502 0.111 
291 UA00013177    (0)   :  0.448 0.380 0.172 
292 UA00012814    (0)   :  0.289 0.221 0.491 
293 UA00034654    (0)   :  0.469 0.135 0.397 
294 UA00046743    (0)   :  0.615 0.130 0.255 
295 UA00014854    (0)   :  0.685 0.165 0.150 
296 UA00013729    (0)   :  0.276 0.200 0.524 
297 UA00063483    (0)   :  0.656 0.142 0.203 
298 UA00039326    (0)   :  0.481 0.257 0.262 
299 UA00014742    (0)   :  0.673 0.131 0.196 
300 UA00049597    (0)   :  0.566 0.289 0.145 
301 UA00048067    (0)   :  0.549 0.310 0.141 
302 UA00012918    (0)   :  0.703 0.190 0.107 
303 UA00013487    (0)   :  0.124 0.096 0.780 
304 UA00046759    (0)   :  0.287 0.505 0.208 
305 UA00050164    (0)   :  0.154 0.620 0.226 
306 UA00049839    (0)   :  0.620 0.163 0.217 
307 UA00048444    (0)   :  0.730 0.182 0.088 
308 UA00063857    (0)   :  0.653 0.105 0.242 
309 UA00014921    (0)   :  0.517 0.329 0.154 
310 UA00048895    (0)   :  0.404 0.423 0.173 
311 UA00014556    (0)   :  0.336 0.390 0.275 
312    pc009    (0)   :  0.793 0.081 0.126 
313 UA00014959    (0)   :  0.504 0.336 0.160 
314 UA00020709    (0)   :  0.427 0.255 0.318 
315 UA00013126    (0)   :  0.205 0.699 0.096 
316 UA00013695    (0)   :  0.235 0.623 0.143 
317 UA00049344    (0)   :  0.293 0.554 0.153 
318 UA00047614    (0)   :  0.133 0.776 0.091 
319 UA00014221    (0)   :  0.732 0.078 0.190 
320 UA00014346    (0)   :  0.651 0.196 0.153 
321 UA00014245    (0)   :  0.562 0.256 0.182 
322 UA00014696    (0)   :  0.103 0.762 0.135 
323 UA00006991    (0)   :  0.247 0.230 0.523 
324 UA00048948    (0)   :  0.366 0.234 0.400 
325 UA00002239    (0)   :  0.190 0.253 0.557 
326 UA00063459    (0)   :  0.777 0.105 0.119 
327 UA00048356    (0)   :  0.511 0.309 0.179 
328 UA00063940    (0)   :  0.282 0.294 0.424 
329 UA00048130    (0)   :  0.680 0.141 0.179 
330 UA00048903    (0)   :  0.438 0.087 0.475 
331 UA00064643    (0)   :  0.358 0.260 0.383 
332 UA00050233    (0)   :  0.365 0.203 0.432 
333 UA00012507    (0)   :  0.217 0.258 0.526 
334 UA00064416    (0)   :  0.186 0.139 0.675 
335 UA00034724    (0)   :  0.420 0.169 0.411 
336 UA00002621    (0)   :  0.524 0.117 0.359 
337 UA00033203    (0)   :  0.144 0.179 0.677 
338 UA00011996    (0)   :  0.474 0.200 0.326 
339 UA00014408    (0)   :  0.192 0.345 0.463 
340 UA00049502    (0)   :  0.476 0.263 0.261 
341 UA00062695    (0)   :  0.511 0.294 0.195 
342 UA00014072    (0)   :  0.602 0.191 0.207 
343 UA00003334    (0)   :  0.615 0.106 0.279 
344 UA00013835    (0)   :  0.504 0.237 0.258 
345 UA00046760    (0)   :  0.510 0.292 0.198 
346 UA00014241    (0)   :  0.395 0.144 0.462 
347 UA00049585    (0)   :  0.651 0.110 0.238 
348 UA00013409    (0)   :  0.509 0.319 0.173 
349 UA00047548    (0)   :  0.388 0.137 0.475 
350 UA00049038    (0)   :  0.346 0.492 0.162 
351 UA00047612    (0)   :  0.450 0.177 0.373 
352 UA00014822    (0)   :  0.224 0.630 0.147 
353 UA00035299    (0)   :  0.321 0.185 0.495 
354 UA00012804    (0)   :  0.327 0.483 0.190 
355 UA00049578    (0)   :  0.374 0.287 0.339 
356 UA00047672    (0)   :  0.106 0.146 0.748 
357 UA00043961    (0)   :  0.266 0.610 0.125 
358 UA00064575    (0)   :  0.427 0.359 0.213 
359 UA00014732    (0)   :  0.288 0.173 0.539 
360 UA00050181    (0)   :  0.240 0.163 0.597 
361 UA00033369    (0)   :  0.202 0.480 0.318 
362 UA00011982    (0)   :  0.211 0.081 0.708 
363 UA00014590    (0)   :  0.202 0.313 0.486 
364 UA00047743    (0)   :  0.230 0.134 0.636 
365 UA00046621    (0)   :  0.255 0.096 0.649 
366 UA00050422    (0)   :  0.298 0.272 0.429 
367 UA00002760    (0)   :  0.478 0.209 0.313 
368 UA00012999    (0)   :  0.337 0.245 0.417 
369 UA00063838    (0)   :  0.476 0.140 0.383 
370 UA00003729    (0)   :  0.336 0.506 0.158 
371 UA00015348    (0)   :  0.607 0.227 0.166 
372 UA00019058    (0)   :  0.585 0.225 0.190 
373 UA00049549    (0)   :  0.768 0.135 0.097 
374 UA00014334    (0)   :  0.203 0.271 0.526 
375 UA00014350    (0)   :  0.162 0.066 0.772 
376 UA00049227    (0)   :  0.229 0.486 0.285 
377 UA00014051    (0)   :  0.135 0.182 0.683 
378 UA00034381    (0)   :  0.369 0.230 0.401 
379 UA00002354    (0)   :  0.191 0.113 0.696 
380 UA00049892    (0)   :  0.608 0.145 0.247 
381 UA00021989    (0)   :  0.339 0.140 0.520 
382 UA00048968    (0)   :  0.271 0.172 0.557 
383 UA00013174    (0)   :  0.214 0.177 0.609 
384 UA00033992    (0)   :  0.243 0.336 0.421 
385 UA00015801    (0)   :  0.278 0.069 0.653 
386 UA00063303    (0)   :  0.457 0.348 0.195 
387 UA00050206    (0)   :  0.750 0.096 0.154 
388 UA00014458    (0)   :  0.405 0.265 0.330 
389 UA00007204    (0)   :  0.652 0.134 0.214 
390 UA00063212    (0)   :  0.372 0.480 0.148 
391 UA00013340    (0)   :  0.469 0.233 0.298 
392 UA00062743    (0)   :  0.120 0.185 0.694 
393 UA00063189    (0)   :  0.169 0.497 0.334 
394 UA00035432    (0)   :  0.570 0.115 0.315 
395 UA00007958    (0)   :  0.347 0.132 0.522 
396 UA00013634    (0)   :  0.145 0.135 0.720 
397 UA00048175    (0)   :  0.120 0.079 0.801 
398 UA00003202    (0)   :  0.441 0.178 0.381 
399 UA00035090    (0)   :  0.440 0.249 0.311 
400 UA00064679    (0)   :  0.213 0.392 0.395 
401 UA00039518    (0)   :  0.340 0.139 0.520 
402 UA00058268    (0)   :  0.362 0.190 0.448 
403 UA00049456    (0)   :  0.467 0.325 0.209 
404 UA00049550    (0)   :  0.519 0.210 0.271 
405 UA00048342    (0)   :  0.474 0.307 0.219 
406 UA00063493    (0)   :  0.465 0.111 0.424 
407 UA00058261    (0)   :  0.157 0.216 0.627 
408 UA00014663    (0)   :  0.249 0.251 0.500 
409 UA00048817    (0)   :  0.203 0.376 0.421 
410 UA00049381    (0)   :  0.166 0.150 0.684 
411 UA00035901    (0)   :  0.263 0.445 0.292 
412 UA00013301    (0)   :  0.590 0.246 0.163 
413 UA00047926    (0)   :  0.160 0.301 0.539 
414 UA00007272    (0)   :  0.132 0.347 0.521 
415 UA00016041    (0)   :  0.574 0.194 0.231 
416 UA00013502    (0)   :  0.344 0.136 0.520 
417 UA00002390    (0)   :  0.283 0.325 0.392 
418 UA00034907    (0)   :  0.431 0.226 0.343 
419 UA00048821    (0)   :  0.264 0.430 0.306 
420 UA00002136    (0)   :  0.487 0.354 0.159 
421 UA00011790    (0)   :  0.198 0.215 0.586 
422 UA00021586    (0)   :  0.323 0.365 0.312 
423 UA00033270    (0)   :  0.376 0.226 0.398 
424 UA00048073    (0)   :  0.474 0.203 0.323 
425 UA00048856    (0)   :  0.326 0.255 0.419 
426 UA00049713    (0)   :  0.237 0.190 0.573 
427 UA00046885    (0)   :  0.467 0.175 0.358 
428 UA00034893    (0)   :  0.472 0.130 0.398 
429 UA00048011    (0)   :  0.278 0.155 0.567 
430 UA00015786    (0)   :  0.238 0.426 0.336 
431 UA00013162    (0)   :  0.104 0.274 0.622 
432 UA00049512    (0)   :  0.506 0.239 0.255 
433 UA00004046    (0)   :  0.146 0.111 0.744 
434 UA00048881    (0)   :  0.214 0.557 0.229 
435 UA00046610    (0)   :  0.211 0.409 0.380 
436 UA00033282    (0)   :  0.422 0.268 0.310 
437 UA00047561    (0)   :  0.178 0.158 0.664 
438 UA00013777    (0)   :  0.181 0.248 0.571 
439 UA00062849    (0)   :  0.643 0.151 0.206 
440 UA00049786    (0)   :  0.113 0.123 0.765 
441 UA00033246    (0)   :  0.778 0.090 0.132 
442 UA00045302    (0)   :  0.437 0.181 0.382 
443 UA00048637    (0)   :  0.166 0.153 0.681 
444 UA00049832    (0)   :  0.580 0.222 0.198 
445 UA00022023    (0)   :  0.258 0.310 0.432 
446 UA00050192    (0)   :  0.291 0.373 0.336 
447 UA00050413    (0)   :  0.421 0.198 0.380 
448 UA00013445    (0)   :  0.261 0.101 0.638 
449 UA00035496    (0)   :  0.307 0.383 0.310 
450 UA00003333    (0)   :  0.188 0.521 0.291 
451 UA00064008    (0)   :  0.218 0.311 0.470 
452 UA00003427    (0)   :  0.287 0.409 0.304 
453 UA00028092    (0)   :  0.288 0.497 0.215 
454    pc003    (0)   :  0.140 0.694 0.166 
455 UA00034440    (0)   :  0.533 0.195 0.271 
456 UA00026062    (0)   :  0.114 0.165 0.721 
457 UA00014347    (0)   :  0.381 0.357 0.262 
458 UA00021516    (0)   :  0.216 0.128 0.656 
459 UA00049347    (0)   :  0.193 0.392 0.415 
460 UA00063436    (0)   :  0.341 0.459 0.201 
461 UA00047790    (0)   :  0.183 0.206 0.611 
462 UA00045714    (0)   :  0.193 0.511 0.296 
463 UA00038979    (0)   :  0.598 0.221 0.181 
464 UA00016123    (0)   :  0.202 0.334 0.464 
465 UA00034765    (0)   :  0.131 0.520 0.349 
466 UA00063815    (0)   :  0.167 0.705 0.128 
467 UA00034795    (0)   :  0.566 0.203 0.230 
468 UA00004000    (0)   :  0.184 0.577 0.238 
469 UA00049367    (0)   :  0.475 0.200 0.325 
470 UA00034457    (0)   :  0.337 0.173 0.490 
471 UA00050015    (0)   :  0.492 0.307 0.200 
472 UA00021373    (0)   :  0.327 0.238 0.436 
473 UA00050232    (0)   :  0.144 0.686 0.170 
474 UA00038724    (0)   :  0.490 0.287 0.223 
475 UA00007824    (0)   :  0.164 0.351 0.485 
476 UA00048754    (0)   :  0.148 0.218 0.634 
477 UA00014271    (0)   :  0.390 0.208 0.402 
478 UA00013756    (0)   :  0.399 0.437 0.164 
479 UA00014385    (0)   :  0.164 0.536 0.300 
480 UA00049609    (0)   :  0.567 0.172 0.261 
481 UA00003748    (0)   :  0.156 0.337 0.507 
482 UA00063952    (0)   :  0.227 0.257 0.516 
483 UA00058348    (0)   :  0.284 0.385 0.331 
484 UA00014922    (0)   :  0.178 0.589 0.233 
485 UA00003820    (0)   :  0.143 0.173 0.684 
486 UA00013693    (0)   :  0.223 0.410 0.367 
487 UA00047713    (0)   :  0.133 0.467 0.399 
488 UA00034891    (0)   :  0.263 0.559 0.178 
489 UA00049223    (0)   :  0.282 0.342 0.376 
490 UA00064399    (0)   :  0.067 0.823 0.110 
491 UA00013336    (0)   :  0.135 0.715 0.151 
492 UA00035291    (0)   :  0.089 0.737 0.174 
493 UA00003945    (0)   :  0.155 0.617 0.228 
494 UA00014518    (0)   :  0.149 0.458 0.393 
495 UA00013583    (0)   :  0.201 0.665 0.134 
496 UA00011510    (0)   :  0.176 0.551 0.273 
497 UA00046860    (0)   :  0.174 0.408 0.419 
498 UA00048853    (0)   :  0.169 0.593 0.238 
499 UA00012151    (0)   :  0.115 0.616 0.269 
500 UA00063930    (0)   :  0.307 0.564 0.129 
501 UA00013453    (0)   :  0.218 0.519 0.263 
502 UA00039299    (0)   :  0.124 0.714 0.162 
503 UA00014280    (0)   :  0.171 0.629 0.200 
504 UA00014200    (0)   :  0.116 0.432 0.452 
505 UA00040612    (0)   :  0.101 0.745 0.154 
506 UA00062679    (0)   :  0.122 0.733 0.145 
507 UA00034481    (0)   :  0.178 0.560 0.262 
508 UA00011880    (0)   :  0.439 0.437 0.124 
509 UA00013421    (0)   :  0.074 0.803 0.124 
510 UA00048051    (0)   :  0.102 0.755 0.143 
511 UA00063370    (0)   :  0.090 0.807 0.103 
512 UA00014716    (0)   :  0.127 0.741 0.132 
513 UA00033426    (0)   :  0.102 0.626 0.272 
514 UA00015190    (0)   :  0.101 0.774 0.124 
515 UA00013730    (0)   :  0.429 0.192 0.380 
516 UA00047644    (4)   :  0.146 0.672 0.182 
517 UA00031933    (9)   :  0.223 0.236 0.541 
518 UA00031541    (9)   :  0.235 0.482 0.282 
519   PCO-60    (4)   :  0.363 0.237 0.400 
520 UA00030495    (4)   :  0.332 0.397 0.270 
521 UA00031133    (4)   :  0.780 0.101 0.119 
522 UA00032049    (4)   :  0.262 0.519 0.219 
523 UA00030599    (4)   :  0.624 0.252 0.124 
524 UA00030250    (4)   :  0.223 0.146 0.631 
525 UA00049385    (4)   :  0.544 0.297 0.159 
526 UA00031816    (4)   :  0.772 0.119 0.108 
527 UA00030275    (4)   :  0.239 0.326 0.435 
528 UA00041861    (4)   :  0.270 0.261 0.469 
529 UA00041433    (4)   :  0.359 0.119 0.522 
530  PCO-114    (4)   :  0.153 0.191 0.656 
531 UA00031529    (4)   :  0.407 0.185 0.408 
532 UA00039719    (4)   :  0.326 0.180 0.493 
533  PCO-442    (4)   :  0.190 0.099 0.711 
534   PCO-58    (0)   :  0.109 0.204 0.687 
535 UA00048673    (4)   :  0.385 0.299 0.316 
536   PCO-63    (4)   :  0.443 0.155 0.402 


Estimated Allele Frequencies in each cluster
First column gives estimated ancestral frequencies


Locus 1 : PP01 
2 alleles
0.0% missing data
   1   (0.577) 0.587 0.588 0.593 
   2   (0.423) 0.413 0.412 0.407 

Locus 2 : PP02 
2 alleles
0.0% missing data
   1   (0.879) 0.897 0.981 0.915 
   2   (0.121) 0.103 0.019 0.085 

Locus 3 : PP03 
2 alleles
18.3% missing data
   1   (0.780) 0.690 0.957 0.864 
   2   (0.220) 0.310 0.043 0.136 

Locus 4 : PP04 
2 alleles
0.4% missing data
   1   (0.654) 0.471 0.835 0.826 
   2   (0.346) 0.529 0.165 0.174 

Locus 5 : PP06 
2 alleles
0.0% missing data
   1   (0.650) 0.762 0.631 0.563 
   2   (0.350) 0.238 0.369 0.437 

Locus 6 : PP07 
2 alleles
0.0% missing data
   1   (0.689) 0.567 0.945 0.734 
   2   (0.311) 0.433 0.055 0.266 

Locus 7 : PP09 
2 alleles
0.0% missing data
   1   (0.533) 0.781 0.309 0.278 
   2   (0.467) 0.219 0.691 0.722 

Locus 8 : PP10 
2 alleles
0.0% missing data
   1   (0.183) 0.095 0.445 0.123 
   2   (0.817) 0.905 0.555 0.877 

Locus 9 : PP11 
2 alleles
0.0% missing data
   1   (0.704) 0.804 0.829 0.577 
   2   (0.296) 0.196 0.171 0.423 

Locus 10 : PP12 
2 alleles
0.2% missing data
   1   (0.423) 0.505 0.144 0.432 
   2   (0.577) 0.495 0.856 0.568 

Locus 11 : PP13 
2 alleles
0.0% missing data
   1   (0.179) 0.088 0.355 0.139 
   2   (0.821) 0.912 0.645 0.861 

Locus 12 : PP14 
2 alleles
0.2% missing data
   1   (0.857) 0.938 0.941 0.812 
   2   (0.143) 0.062 0.059 0.188 

Locus 13 : PP15 
2 alleles
0.0% missing data
   1   (0.865) 0.863 0.660 0.978 
   2   (0.135) 0.137 0.340 0.022 

Locus 14 : PP16 
2 alleles
0.0% missing data
   1   (0.552) 0.680 0.381 0.465 
   2   (0.448) 0.320 0.619 0.535 

Locus 15 : PP17 
2 alleles
0.2% missing data
   1   (0.622) 0.618 0.673 0.660 
   2   (0.378) 0.382 0.327 0.340 

Locus 16 : PP18 
2 alleles
0.7% missing data
   1   (0.753) 0.799 0.906 0.710 
   2   (0.247) 0.201 0.094 0.290 

Locus 17 : PP20 
2 alleles
0.0% missing data
   1   (0.626) 0.643 0.518 0.694 
   2   (0.374) 0.357 0.482 0.306 

Locus 18 : PP21 
2 alleles
14.9% missing data
   1   (0.842) 0.804 0.986 0.877 
   2   (0.158) 0.196 0.014 0.123 

Locus 19 : PP22 
2 alleles
1.3% missing data
   1   (0.346) 0.207 0.061 0.701 
   2   (0.654) 0.793 0.939 0.299 

Locus 20 : PP23 
2 alleles
0.7% missing data
   1   (0.636) 0.647 0.799 0.599 
   2   (0.364) 0.353 0.201 0.401 

Locus 21 : PP24 
2 alleles
0.2% missing data
   1   (0.788) 0.843 0.690 0.865 
   2   (0.212) 0.157 0.310 0.135 

Locus 22 : PP25 
2 alleles
0.6% missing data
   1   (0.393) 0.396 0.616 0.260 
   2   (0.607) 0.604 0.384 0.740 

Values of parameters used in structure:
DATAFILE=Puma_SNP_genotypes_cut_AZ_final_HWEonly.str,	OUTFILE=outputfile_K3_2,	NUMINDS=536,	NUMLOCI=22,	MISSING=-9,	LABEL=1,	POPDATA=0,	POPFLAG=0,	PHENOTYPE=0,	EXTRACOLS=0,	MAXPOPS=3,	BURNIN=100000,	NUMREPS=500000,	USEPOPINFO=0,	INFERALPHA=1,	INFERLAMBDA=0,	POPSPECIFICLAMBDA=0,	POPALPHAS=0,	COMPUTEPROB=1,	NOADMIX=0,	ADMBURNIN=2500,	UPDATEFREQ=200,	PRINTLIKES=0,	INTERMEDSAVE=0,	PRINTKLD=0,	PRINTNET=0,	PRINTLAMBDA=0,	ANCESTDIST=0,	NUMBOXES=1000,	ANCESTPINT=0.90000,	GENSBACK=2,	MIGRPRIOR=0.05000,	PRINTQHAT=0,	PRINTQSUM=0,	ALPHA=1.0000,	FREQSCORR=1,	FPRIORMEAN=0.0100,	FPRIORSD=0.0500,	ONEFST=0,	LAMBDA=1.0000,	UNIFPRIORALPHA=1,	ALPHAMAX=10.0000,	ALPHAPRIORA=1.0000,	ALPHAPRIORB=2.0000,	ALPHAPROPSD=0.0250,	STARTATPOPINFO=0,	RANDOMIZE=1,	LINKAGE=0,	METROFREQ=20,	REPORTHITRATE=0,	MARKOVPHASE=0,	PHASED=0,	PLOIDY=2,	PHASEINFO=0	LOCPRIOR=0, 	LOCPRIORINIT=1.000000, 	LOCDATA=0, 	LOCISPOP=0, 	LOCPRIORSTEP=0.100000, 	MAXLOCPRIOR=20.000000, 	SEED=1716608065,	
[STRAT parameters]:    NUMSIMSTATS=1000,	PHENOTYPECOL=-9,	POOLFREQ=10,	LOCUSxONLY=0,	EMERROR=0.00100,	MISSINGPHENO=-9,	