

----------------------------------------------------
STRUCTURE by Pritchard, Stephens and Donnelly (2000)
     and Falush, Stephens and Pritchard (2003)
       Code by Pritchard, Falush and Hubisz
             Version 2.3.4 (Jul 2012)
----------------------------------------------------



Command line arguments:   structure -K 3 -o outputfile_K3_3 
Input File:    Puma_SNP_genotypes_cut_AZ_final_HWEonly.str

Run parameters:
   536 individuals
   22 loci
   3 populations assumed
   100000 Burn-in period
   500000 Reps


--------------------------------------------
Overall proportion of membership of the
sample in each of the 3 clusters

Inferred Clusters
  1      2      3    
0.329  0.334  0.337  

--------------------------------------------

Allele-freq. divergence among pops (Net nucleotide distance),
computed using point estimates of P.

      1       2       3      
 1      -    0.0559  0.0529  
 2   0.0559     -    0.0408  
 3   0.0529  0.0408     -    

Average distances (expected heterozygosity) between individuals in same cluster:
cluster  1  : 0.3124 
cluster  2  : 0.3551 
cluster  3  : 0.3524 

--------------------------------------------
Estimated Ln Prob of Data   = -12855.5
Mean value of ln likelihood = -12505.9
Variance of ln likelihood   = 699.2
Mean value of alpha         = 0.6847

Mean value of Fst_1         = 0.2177
Mean value of Fst_2         = 0.0976
Mean value of Fst_3         = 0.1096


Inferred ancestry of individuals:
        Label (%Miss) :  Inferred clusters
  1 UA00063336   (13)   :  0.460 0.294 0.246 
  2 UA00048914    (9)   :  0.454 0.205 0.341 
  3 UA00014769   (13)   :  0.091 0.522 0.386 
  4 UA00008132   (13)   :  0.294 0.325 0.381 
  5 UA00030462   (13)   :  0.514 0.236 0.250 
  6 UA00034866   (13)   :  0.291 0.356 0.353 
  7 UA00034800    (9)   :  0.643 0.218 0.139 
  8  Puco006    (9)   :  0.681 0.117 0.202 
  9 UA00048874    (4)   :  0.642 0.164 0.194 
 10 UA00049060    (9)   :  0.176 0.420 0.405 
 11 UA00033413    (9)   :  0.150 0.621 0.229 
 12  Puco021    (9)   :  0.163 0.718 0.119 
 13  Puco026    (9)   :  0.165 0.562 0.273 
 14  Puco008    (9)   :  0.617 0.176 0.208 
 15   M01301    (9)   :  0.171 0.581 0.248 
 16   M06306    (9)   :  0.334 0.504 0.162 
 17 UA00032185    (9)   :  0.301 0.383 0.315 
 18 UA00030792    (9)   :  0.797 0.122 0.081 
 19 UA00031647    (9)   :  0.531 0.235 0.234 
 20 UA00031979    (9)   :  0.298 0.372 0.331 
 21  Puco016    (9)   :  0.333 0.150 0.517 
 22  Puco010    (9)   :  0.220 0.520 0.260 
 23    M1035    (9)   :  0.239 0.345 0.415 
 24 UA00034601    (9)   :  0.355 0.407 0.238 
 25 UA00050388    (9)   :  0.362 0.392 0.246 
 26 UA00048699    (9)   :  0.374 0.154 0.473 
 27 UA00064058    (9)   :  0.172 0.349 0.479 
 28 UA00033981    (9)   :  0.208 0.650 0.142 
 29   F05033    (9)   :  0.142 0.498 0.361 
 30 UA00048520    (4)   :  0.399 0.407 0.194 
 31 UA00048422    (4)   :  0.666 0.240 0.094 
 32    PucoB    (4)   :  0.121 0.630 0.250 
 33 UA00047393    (4)   :  0.326 0.293 0.381 
 34 UA00064521    (4)   :  0.417 0.296 0.287 
 35 UA00003043    (4)   :  0.234 0.196 0.569 
 36 UA00063025    (4)   :  0.534 0.318 0.148 
 37 UA00063826    (4)   :  0.179 0.605 0.216 
 38   F07407    (4)   :  0.265 0.601 0.134 
 39 UA00021658    (4)   :  0.191 0.436 0.372 
 40 UA00003794    (4)   :  0.258 0.569 0.173 
 41 UA00041322    (4)   :  0.399 0.304 0.298 
 42 UA00063316    (4)   :  0.433 0.330 0.237 
 43 UA00047705    (4)   :  0.284 0.490 0.226 
 44 UA00033904    (4)   :  0.541 0.239 0.221 
 45 UA00048100    (4)   :  0.182 0.455 0.362 
 46 UA00032212    (4)   :  0.475 0.305 0.220 
 47 UA00031574    (4)   :  0.716 0.189 0.095 
 48 UA00031228    (4)   :  0.768 0.125 0.107 
 49 UA00047707    (4)   :  0.102 0.198 0.699 
 50 UA00030906    (4)   :  0.852 0.083 0.065 
 51 UA00041567    (4)   :  0.263 0.552 0.185 
 52 UA00007624    (4)   :  0.109 0.559 0.331 
 53 UA00034514    (4)   :  0.191 0.347 0.461 
 54 UA00030480    (4)   :  0.346 0.234 0.420 
 55  Puco012    (4)   :  0.229 0.294 0.477 
 56 UA00038677    (9)   :  0.464 0.333 0.203 
 57 UA00048275    (4)   :  0.187 0.596 0.217 
 58 UA00064055    (4)   :  0.221 0.147 0.632 
 59  Puco009    (4)   :  0.310 0.222 0.468 
 60 UA00064561    (4)   :  0.149 0.145 0.706 
 61 UA00003479    (4)   :  0.209 0.237 0.554 
 62 UA00063747    (4)   :  0.123 0.339 0.538 
 63 UA00002558    (4)   :  0.317 0.379 0.304 
 64 UA00048410    (4)   :  0.201 0.163 0.636 
 65 UA00012249    (4)   :  0.164 0.120 0.716 
 66 UA00033818    (4)   :  0.570 0.293 0.137 
 67  Puco020    (4)   :  0.372 0.193 0.436 
 68 UA00002545    (9)   :  0.203 0.151 0.646 
 69 UA00048508    (4)   :  0.147 0.312 0.542 
 70 UA00064100    (4)   :  0.264 0.364 0.371 
 71 UA00014585    (4)   :  0.224 0.276 0.500 
 72 UA00063698    (4)   :  0.603 0.219 0.177 
 73 UA00049753    (4)   :  0.425 0.373 0.202 
 74 UA00049037    (4)   :  0.181 0.367 0.452 
 75 UA00034941    (4)   :  0.359 0.442 0.200 
 76 UA00008083    (4)   :  0.601 0.175 0.224 
 77 UA00015084    (4)   :  0.642 0.213 0.144 
 78 UA00041010    (9)   :  0.765 0.093 0.141 
 79 UA00035261    (4)   :  0.468 0.286 0.246 
 80 UA00035431    (4)   :  0.156 0.533 0.311 
 81 UA00045274    (0)   :  0.350 0.418 0.232 
 82 UA00028200    (4)   :  0.638 0.199 0.163 
 83 UA00064559    (0)   :  0.720 0.196 0.084 
 84 UA00040808    (0)   :  0.618 0.131 0.250 
 85 UA00049156    (0)   :  0.635 0.204 0.161 
 86 UA00003952    (4)   :  0.508 0.133 0.358 
 87 UA00063954    (0)   :  0.322 0.417 0.261 
 88 UA00062934    (0)   :  0.458 0.317 0.225 
 89 UA00033829    (0)   :  0.749 0.145 0.105 
 90 UA00064351    (4)   :  0.260 0.604 0.136 
 91 UA00003697    (4)   :  0.667 0.173 0.159 
 92 UA00063438    (4)   :  0.536 0.243 0.221 
 93 UA00007608    (0)   :  0.590 0.259 0.150 
 94 UA00019683    (4)   :  0.294 0.592 0.113 
 95 UA00007781    (0)   :  0.231 0.476 0.292 
 96 UA00002915    (0)   :  0.549 0.181 0.271 
 97  Puco031    (4)   :  0.211 0.221 0.568 
 98 UA00048280    (4)   :  0.257 0.573 0.171 
 99 UA00048589    (0)   :  0.228 0.519 0.253 
100 UA00034417    (0)   :  0.422 0.205 0.373 
101 UA00050411    (4)   :  0.099 0.235 0.666 
102  Puco029    (4)   :  0.088 0.611 0.301 
103   F03403    (4)   :  0.121 0.660 0.219 
104 UA00049904    (0)   :  0.316 0.529 0.155 
105 UA00035335    (0)   :  0.084 0.525 0.391 
106 UA00012611    (0)   :  0.180 0.405 0.416 
107 UA00050319    (0)   :  0.097 0.729 0.173 
108 UA00032068    (4)   :  0.256 0.394 0.350 
109 UA00032026    (4)   :  0.225 0.390 0.385 
110 UA00030476    (4)   :  0.136 0.750 0.114 
111 UA00046853    (0)   :  0.198 0.658 0.144 
112 UA00040156    (4)   :  0.800 0.124 0.075 
113 UA00030528    (4)   :  0.384 0.186 0.431 
114  Puco025    (4)   :  0.110 0.341 0.549 
115    pc016    (0)   :  0.815 0.108 0.078 
116 UA00030617    (4)   :  0.088 0.331 0.581 
117 UA00030585    (4)   :  0.678 0.232 0.089 
118 UA00032060    (4)   :  0.292 0.495 0.212 
119    pc007    (0)   :  0.173 0.610 0.217 
120 UA00030798    (4)   :  0.641 0.216 0.142 
121 UA00030778    (4)   :  0.096 0.220 0.684 
122 UA00039674    (4)   :  0.779 0.123 0.098 
123 UA00032241    (4)   :  0.089 0.595 0.316 
124 UA00011624    (0)   :  0.154 0.368 0.478 
125 UA00033779    (4)   :  0.132 0.706 0.162 
126 UA00049402    (4)   :  0.296 0.138 0.567 
127 UA00033653    (0)   :  0.125 0.748 0.127 
128 UA00047738    (0)   :  0.351 0.412 0.237 
129 UA00047502    (4)   :  0.482 0.161 0.358 
130 UA00012014    (4)   :  0.240 0.230 0.530 
131 UA00040729    (0)   :  0.139 0.603 0.258 
132 UA00030392    (4)   :  0.118 0.355 0.526 
133 UA00050033    (0)   :  0.167 0.477 0.356 
134 UA00012152    (0)   :  0.290 0.148 0.562 
135 UA00050406    (0)   :  0.208 0.396 0.395 
136 UA00047973    (0)   :  0.164 0.488 0.348 
137 UA00008051    (0)   :  0.430 0.332 0.237 
138 UA00047337    (4)   :  0.275 0.444 0.281 
139 UA00041604    (4)   :  0.378 0.335 0.287 
140 UA00031704    (4)   :  0.094 0.299 0.607 
141 UA00040423    (4)   :  0.269 0.298 0.433 
142 UA00049433    (0)   :  0.372 0.167 0.460 
143 UA00034816    (0)   :  0.200 0.200 0.600 
144 UA00050214    (0)   :  0.112 0.208 0.680 
145 UA00041073    (0)   :  0.294 0.315 0.392 
146 UA00030318    (4)   :  0.164 0.286 0.550 
147 UA00046845    (0)   :  0.238 0.166 0.596 
148 UA00063946    (0)   :  0.140 0.750 0.110 
149 UA00031374    (4)   :  0.239 0.313 0.448 
150    M1136    (4)   :  0.390 0.232 0.379 
151 UA00034299    (0)   :  0.137 0.181 0.682 
152 UA00002387    (4)   :  0.164 0.128 0.708 
153 UA00021855    (0)   :  0.246 0.520 0.234 
154 UA00014500    (0)   :  0.191 0.286 0.523 
155 UA00050419    (4)   :  0.107 0.231 0.662 
156 UA00031854    (4)   :  0.244 0.359 0.397 
157    pc011    (4)   :  0.125 0.147 0.727 
158 UA00033004    (0)   :  0.248 0.198 0.554 
159 UA00046510    (0)   :  0.253 0.211 0.536 
160 UA00048747    (0)   :  0.191 0.160 0.649 
161 UA00014293    (0)   :  0.141 0.116 0.743 
162 UA00047686    (0)   :  0.440 0.174 0.385 
163 UA00033783    (4)   :  0.528 0.333 0.139 
164 UA00042609    (4)   :  0.429 0.154 0.417 
165 UA00031169    (4)   :  0.124 0.145 0.731 
166 UA00035181    (0)   :  0.090 0.468 0.442 
167 UA00050133    (0)   :  0.203 0.263 0.534 
168  Puco011    (4)   :  0.169 0.134 0.696 
169 UA00041476    (0)   :  0.318 0.182 0.500 
170 UA00046702    (0)   :  0.112 0.187 0.700 
171 UA00019940    (0)   :  0.272 0.351 0.377 
172 UA00049813    (0)   :  0.188 0.567 0.245 
173 UA00064165    (0)   :  0.563 0.203 0.234 
174 UA00064421    (0)   :  0.272 0.201 0.527 
175 UA00064569    (4)   :  0.103 0.378 0.519 
176 UA00003996    (0)   :  0.266 0.171 0.563 
177 UA00064491    (4)   :  0.150 0.303 0.547 
178 UA00011899    (0)   :  0.185 0.361 0.454 
179  Puco015    (4)   :  0.288 0.284 0.428 
180 UA00047929    (4)   :  0.099 0.647 0.254 
181 UA00056669    (0)   :  0.222 0.287 0.491 
182 UA00050176    (0)   :  0.333 0.242 0.426 
183  Puco014    (4)   :  0.287 0.461 0.252 
184 UA00019608    (0)   :  0.221 0.159 0.620 
185 UA00064333    (0)   :  0.212 0.181 0.608 
186  Puco013    (4)   :  0.315 0.214 0.471 
187 UA00016092    (0)   :  0.087 0.298 0.614 
188 UA00019060    (0)   :  0.663 0.138 0.198 
189 UA00063532    (0)   :  0.251 0.346 0.403 
190 UA00064117    (0)   :  0.640 0.155 0.205 
191 UA00011969    (0)   :  0.284 0.401 0.315 
192 UA00034586    (4)   :  0.129 0.535 0.337 
193 UA00030736    (4)   :  0.193 0.288 0.520 
194 UA00048493    (0)   :  0.231 0.311 0.459 
195 UA00040466    (0)   :  0.603 0.156 0.241 
196 UA00047659    (0)   :  0.189 0.400 0.411 
197 UA00042002    (4)   :  0.369 0.402 0.230 
198 UA00062606    (0)   :  0.327 0.238 0.436 
199 UA00030615    (4)   :  0.559 0.184 0.257 
200 UA00048899    (0)   :  0.226 0.349 0.424 
201 UA00047725    (0)   :  0.789 0.100 0.111 
202 UA00030866    (4)   :  0.292 0.273 0.435 
203 UA00034564    (0)   :  0.234 0.193 0.573 
204 UA00046520    (0)   :  0.117 0.724 0.160 
205 UA00035027    (0)   :  0.335 0.390 0.275 
206 UA00035421    (0)   :  0.351 0.135 0.514 
207 UA00062740    (4)   :  0.502 0.264 0.234 
208 UA00012360    (0)   :  0.588 0.171 0.240 
209 UA00050203    (0)   :  0.169 0.435 0.396 
210 UA00040534    (4)   :  0.706 0.134 0.160 
211 UA00031261    (4)   :  0.762 0.097 0.141 
212 UA00031917    (4)   :  0.731 0.108 0.162 
213 UA00040798    (4)   :  0.522 0.264 0.214 
214 UA00030598    (4)   :  0.480 0.239 0.281 
215 UA00050385    (0)   :  0.271 0.191 0.538 
216 UA00058283    (0)   :  0.732 0.135 0.133 
217 UA00042297    (4)   :  0.602 0.232 0.166 
218 UA00015415    (4)   :  0.667 0.111 0.222 
219 UA00035531    (0)   :  0.651 0.114 0.235 
220 UA00048683    (0)   :  0.495 0.164 0.341 
221 UA00046734    (4)   :  0.666 0.140 0.194 
222   pcRF01    (0)   :  0.091 0.117 0.792 
223 UA00007223    (0)   :  0.455 0.153 0.391 
224 UA00013841    (0)   :  0.269 0.419 0.312 
225 UA00014196    (0)   :  0.635 0.110 0.255 
226 UA00034635    (0)   :  0.187 0.336 0.477 
227 UA00047371    (0)   :  0.452 0.394 0.154 
228 UA00063544    (0)   :  0.381 0.413 0.206 
229 UA00064246    (0)   :  0.413 0.314 0.272 
230 UA00064328    (0)   :  0.501 0.222 0.277 
231 UA00002952    (0)   :  0.557 0.193 0.251 
232 UA00064079    (0)   :  0.393 0.318 0.289 
233 UA00046793    (0)   :  0.534 0.141 0.326 
234 UA00034769    (0)   :  0.539 0.328 0.133 
235 UA00034949    (0)   :  0.471 0.111 0.418 
236 UA00063753    (0)   :  0.341 0.536 0.123 
237 UA00015713    (0)   :  0.279 0.540 0.180 
238 UA00003494    (0)   :  0.378 0.106 0.516 
239 UA00056767    (0)   :  0.088 0.728 0.184 
240 UA00014461    (0)   :  0.397 0.210 0.393 
241 UA00034669    (0)   :  0.630 0.210 0.160 
242 UA00048164    (0)   :  0.283 0.275 0.442 
243 UA00007974    (0)   :  0.228 0.631 0.142 
244 UA00016166    (0)   :  0.481 0.181 0.338 
245 UA00015653    (0)   :  0.626 0.200 0.174 
246 UA00063882    (0)   :  0.542 0.163 0.295 
247 UA00049027    (0)   :  0.463 0.361 0.176 
248 UA00018878    (0)   :  0.330 0.529 0.141 
249 UA00038796    (0)   :  0.507 0.265 0.228 
250 UA00013465    (0)   :  0.654 0.174 0.172 
251 UA00014604    (0)   :  0.469 0.355 0.176 
252 UA00041913    (0)   :  0.362 0.511 0.128 
253 UA00021632    (0)   :  0.627 0.226 0.148 
254 UA00064027    (0)   :  0.476 0.258 0.266 
255 UA00015023    (0)   :  0.250 0.195 0.555 
256 UA00050243    (0)   :  0.466 0.240 0.294 
257 UA00048298    (0)   :  0.270 0.314 0.416 
258 UA00050437    (0)   :  0.421 0.222 0.357 
259 UA00014262    (0)   :  0.388 0.282 0.330 
260 UA00049129    (0)   :  0.197 0.532 0.271 
261 UA00014740    (0)   :  0.268 0.505 0.227 
262 UA00049612    (0)   :  0.668 0.214 0.119 
263 UA00014635    (0)   :  0.103 0.723 0.174 
264 UA00014673    (0)   :  0.540 0.274 0.185 
265 UA00033608    (0)   :  0.524 0.331 0.145 
266 UA00064540    (0)   :  0.228 0.607 0.165 
267 UA00050256    (0)   :  0.554 0.198 0.248 
268 UA00015274    (0)   :  0.217 0.275 0.508 
269 UA00062993    (0)   :  0.178 0.579 0.243 
270 UA00038364    (0)   :  0.327 0.441 0.232 
271 UA00014446    (0)   :  0.157 0.433 0.410 
272 UA00063545    (0)   :  0.713 0.150 0.138 
273 UA00040054    (0)   :  0.177 0.319 0.504 
274 UA00058447    (0)   :  0.185 0.548 0.267 
275 UA00046835    (0)   :  0.157 0.568 0.275 
276 UA00014608    (0)   :  0.214 0.484 0.302 
277    pc012    (0)   :  0.329 0.392 0.279 
278    pc002    (0)   :  0.544 0.280 0.176 
279 UA00033690    (0)   :  0.302 0.603 0.095 
280 UA00013688    (0)   :  0.277 0.381 0.342 
281 UA00063666    (0)   :  0.147 0.750 0.103 
282 UA00063292    (0)   :  0.108 0.741 0.150 
283    pc001    (0)   :  0.238 0.380 0.382 
284    pc008    (0)   :  0.205 0.535 0.260 
285 UA00034316    (0)   :  0.530 0.161 0.309 
286 UA00013046    (0)   :  0.106 0.574 0.320 
287 UA00050241    (0)   :  0.089 0.745 0.165 
288 UA00048599    (0)   :  0.116 0.664 0.219 
289 UA00046649    (0)   :  0.390 0.400 0.210 
290 UA00015674    (0)   :  0.494 0.395 0.111 
291 UA00013177    (0)   :  0.380 0.452 0.169 
292 UA00012814    (0)   :  0.222 0.287 0.491 
293 UA00034654    (0)   :  0.134 0.469 0.397 
294 UA00046743    (0)   :  0.128 0.617 0.255 
295 UA00014854    (0)   :  0.162 0.687 0.150 
296 UA00013729    (0)   :  0.197 0.278 0.525 
297 UA00063483    (0)   :  0.142 0.658 0.199 
298 UA00039326    (0)   :  0.254 0.487 0.259 
299 UA00014742    (0)   :  0.131 0.675 0.194 
300 UA00049597    (0)   :  0.282 0.572 0.146 
301 UA00048067    (0)   :  0.308 0.553 0.139 
302 UA00012918    (0)   :  0.188 0.706 0.107 
303 UA00013487    (0)   :  0.096 0.123 0.781 
304 UA00046759    (0)   :  0.512 0.282 0.206 
305 UA00050164    (0)   :  0.622 0.152 0.226 
306 UA00049839    (0)   :  0.166 0.620 0.214 
307 UA00048444    (0)   :  0.179 0.734 0.088 
308 UA00063857    (0)   :  0.105 0.653 0.242 
309 UA00014921    (0)   :  0.328 0.519 0.153 
310 UA00048895    (0)   :  0.422 0.405 0.173 
311 UA00014556    (0)   :  0.393 0.333 0.274 
312    pc009    (0)   :  0.080 0.795 0.124 
313 UA00014959    (0)   :  0.333 0.507 0.160 
314 UA00020709    (0)   :  0.254 0.428 0.318 
315 UA00013126    (0)   :  0.699 0.206 0.095 
316 UA00013695    (0)   :  0.622 0.236 0.142 
317 UA00049344    (0)   :  0.555 0.292 0.153 
318 UA00047614    (0)   :  0.776 0.135 0.090 
319 UA00014221    (0)   :  0.077 0.731 0.192 
320 UA00014346    (0)   :  0.194 0.652 0.153 
321 UA00014245    (0)   :  0.253 0.566 0.181 
322 UA00014696    (0)   :  0.763 0.102 0.136 
323 UA00006991    (0)   :  0.230 0.246 0.524 
324 UA00048948    (0)   :  0.237 0.361 0.402 
325 UA00002239    (0)   :  0.251 0.188 0.561 
326 UA00063459    (0)   :  0.103 0.778 0.119 
327 UA00048356    (0)   :  0.312 0.507 0.181 
328 UA00063940    (0)   :  0.296 0.279 0.425 
329 UA00048130    (0)   :  0.141 0.682 0.177 
330 UA00048903    (0)   :  0.087 0.437 0.476 
331 UA00064643    (0)   :  0.263 0.357 0.380 
332 UA00050233    (0)   :  0.202 0.368 0.430 
333 UA00012507    (0)   :  0.256 0.214 0.530 
334 UA00064416    (0)   :  0.138 0.184 0.678 
335 UA00034724    (0)   :  0.169 0.422 0.409 
336 UA00002621    (0)   :  0.115 0.531 0.354 
337 UA00033203    (0)   :  0.177 0.144 0.679 
338 UA00011996    (0)   :  0.199 0.473 0.328 
339 UA00014408    (0)   :  0.343 0.192 0.465 
340 UA00049502    (0)   :  0.267 0.473 0.260 
341 UA00062695    (0)   :  0.292 0.515 0.193 
342 UA00014072    (0)   :  0.192 0.601 0.207 
343 UA00003334    (0)   :  0.106 0.617 0.277 
344 UA00013835    (0)   :  0.237 0.504 0.258 
345 UA00046760    (0)   :  0.289 0.515 0.197 
346 UA00014241    (0)   :  0.142 0.395 0.463 
347 UA00049585    (0)   :  0.109 0.655 0.236 
348 UA00013409    (0)   :  0.314 0.514 0.171 
349 UA00047548    (0)   :  0.140 0.387 0.474 
350 UA00049038    (0)   :  0.495 0.343 0.163 
351 UA00047612    (0)   :  0.176 0.448 0.376 
352 UA00014822    (0)   :  0.630 0.225 0.145 
353 UA00035299    (0)   :  0.183 0.316 0.501 
354 UA00012804    (0)   :  0.485 0.325 0.190 
355 UA00049578    (0)   :  0.287 0.374 0.339 
356 UA00047672    (0)   :  0.144 0.104 0.752 
357 UA00043961    (0)   :  0.609 0.267 0.123 
358 UA00064575    (0)   :  0.361 0.427 0.212 
359 UA00014732    (0)   :  0.172 0.287 0.541 
360 UA00050181    (0)   :  0.162 0.239 0.600 
361 UA00033369    (0)   :  0.482 0.202 0.316 
362 UA00011982    (0)   :  0.081 0.211 0.709 
363 UA00014590    (0)   :  0.315 0.202 0.483 
364 UA00047743    (0)   :  0.132 0.227 0.641 
365 UA00046621    (0)   :  0.096 0.254 0.650 
366 UA00050422    (0)   :  0.275 0.298 0.427 
367 UA00002760    (0)   :  0.208 0.478 0.314 
368 UA00012999    (0)   :  0.246 0.337 0.417 
369 UA00063838    (0)   :  0.140 0.481 0.380 
370 UA00003729    (0)   :  0.506 0.336 0.158 
371 UA00015348    (0)   :  0.226 0.610 0.164 
372 UA00019058    (0)   :  0.222 0.585 0.193 
373 UA00049549    (0)   :  0.132 0.773 0.095 
374 UA00014334    (0)   :  0.269 0.201 0.530 
375 UA00014350    (0)   :  0.066 0.159 0.775 
376 UA00049227    (0)   :  0.491 0.226 0.283 
377 UA00014051    (0)   :  0.181 0.134 0.685 
378 UA00034381    (0)   :  0.233 0.368 0.400 
379 UA00002354    (0)   :  0.111 0.194 0.695 
380 UA00049892    (0)   :  0.143 0.614 0.243 
381 UA00021989    (0)   :  0.141 0.340 0.519 
382 UA00048968    (0)   :  0.174 0.268 0.558 
383 UA00013174    (0)   :  0.177 0.213 0.610 
384 UA00033992    (0)   :  0.335 0.240 0.425 
385 UA00015801    (0)   :  0.069 0.276 0.655 
386 UA00063303    (0)   :  0.343 0.462 0.194 
387 UA00050206    (0)   :  0.095 0.752 0.153 
388 UA00014458    (0)   :  0.263 0.405 0.332 
389 UA00007204    (0)   :  0.132 0.654 0.215 
390 UA00063212    (0)   :  0.482 0.370 0.148 
391 UA00013340    (0)   :  0.232 0.472 0.296 
392 UA00062743    (0)   :  0.183 0.119 0.699 
393 UA00063189    (0)   :  0.501 0.168 0.332 
394 UA00035432    (0)   :  0.114 0.574 0.312 
395 UA00007958    (0)   :  0.131 0.344 0.525 
396 UA00013634    (0)   :  0.136 0.146 0.718 
397 UA00048175    (0)   :  0.078 0.118 0.803 
398 UA00003202    (0)   :  0.178 0.444 0.378 
399 UA00035090    (0)   :  0.251 0.440 0.310 
400 UA00064679    (0)   :  0.392 0.212 0.396 
401 UA00039518    (0)   :  0.138 0.338 0.524 
402 UA00058268    (0)   :  0.191 0.362 0.447 
403 UA00049456    (0)   :  0.323 0.471 0.207 
404 UA00049550    (0)   :  0.208 0.526 0.266 
405 UA00048342    (0)   :  0.310 0.473 0.218 
406 UA00063493    (0)   :  0.113 0.467 0.421 
407 UA00058261    (0)   :  0.218 0.157 0.624 
408 UA00014663    (0)   :  0.251 0.246 0.503 
409 UA00048817    (0)   :  0.383 0.200 0.417 
410 UA00049381    (0)   :  0.149 0.165 0.686 
411 UA00035901    (0)   :  0.450 0.258 0.292 
412 UA00013301    (0)   :  0.246 0.593 0.161 
413 UA00047926    (0)   :  0.302 0.158 0.540 
414 UA00007272    (0)   :  0.346 0.131 0.523 
415 UA00016041    (0)   :  0.195 0.573 0.232 
416 UA00013502    (0)   :  0.135 0.343 0.523 
417 UA00002390    (0)   :  0.323 0.282 0.395 
418 UA00034907    (0)   :  0.227 0.432 0.341 
419 UA00048821    (0)   :  0.436 0.261 0.304 
420 UA00002136    (0)   :  0.358 0.485 0.157 
421 UA00011790    (0)   :  0.215 0.196 0.589 
422 UA00021586    (0)   :  0.366 0.323 0.311 
423 UA00033270    (0)   :  0.224 0.375 0.401 
424 UA00048073    (0)   :  0.202 0.473 0.325 
425 UA00048856    (0)   :  0.251 0.330 0.420 
426 UA00049713    (0)   :  0.192 0.234 0.574 
427 UA00046885    (0)   :  0.174 0.463 0.362 
428 UA00034893    (0)   :  0.130 0.471 0.399 
429 UA00048011    (0)   :  0.157 0.277 0.566 
430 UA00015786    (0)   :  0.427 0.238 0.335 
431 UA00013162    (0)   :  0.272 0.103 0.625 
432 UA00049512    (0)   :  0.240 0.505 0.256 
433 UA00004046    (0)   :  0.111 0.145 0.744 
434 UA00048881    (0)   :  0.562 0.213 0.225 
435 UA00046610    (0)   :  0.411 0.210 0.379 
436 UA00033282    (0)   :  0.270 0.416 0.315 
437 UA00047561    (0)   :  0.157 0.179 0.664 
438 UA00013777    (0)   :  0.246 0.180 0.574 
439 UA00062849    (0)   :  0.150 0.650 0.201 
440 UA00049786    (0)   :  0.124 0.112 0.765 
441 UA00033246    (0)   :  0.090 0.778 0.132 
442 UA00045302    (0)   :  0.181 0.435 0.385 
443 UA00048637    (0)   :  0.154 0.166 0.681 
444 UA00049832    (0)   :  0.218 0.584 0.197 
445 UA00022023    (0)   :  0.310 0.257 0.433 
446 UA00050192    (0)   :  0.374 0.288 0.338 
447 UA00050413    (0)   :  0.196 0.419 0.385 
448 UA00013445    (0)   :  0.102 0.261 0.638 
449 UA00035496    (0)   :  0.381 0.305 0.314 
450 UA00003333    (0)   :  0.523 0.187 0.290 
451 UA00064008    (0)   :  0.311 0.217 0.472 
452 UA00003427    (0)   :  0.408 0.288 0.304 
453 UA00028092    (0)   :  0.501 0.285 0.214 
454    pc003    (0)   :  0.700 0.137 0.163 
455 UA00034440    (0)   :  0.196 0.531 0.274 
456 UA00026062    (0)   :  0.165 0.111 0.723 
457 UA00014347    (0)   :  0.355 0.382 0.263 
458 UA00021516    (0)   :  0.127 0.215 0.658 
459 UA00049347    (0)   :  0.395 0.191 0.414 
460 UA00063436    (0)   :  0.459 0.342 0.199 
461 UA00047790    (0)   :  0.207 0.180 0.612 
462 UA00045714    (0)   :  0.518 0.187 0.295 
463 UA00038979    (0)   :  0.222 0.597 0.181 
464 UA00016123    (0)   :  0.335 0.197 0.468 
465 UA00034765    (0)   :  0.526 0.127 0.347 
466 UA00063815    (0)   :  0.704 0.167 0.129 
467 UA00034795    (0)   :  0.202 0.566 0.232 
468 UA00004000    (0)   :  0.577 0.184 0.239 
469 UA00049367    (0)   :  0.200 0.482 0.318 
470 UA00034457    (0)   :  0.173 0.337 0.490 
471 UA00050015    (0)   :  0.307 0.493 0.200 
472 UA00021373    (0)   :  0.238 0.325 0.437 
473 UA00050232    (0)   :  0.690 0.142 0.169 
474 UA00038724    (0)   :  0.285 0.494 0.221 
475 UA00007824    (0)   :  0.348 0.164 0.488 
476 UA00048754    (0)   :  0.218 0.147 0.635 
477 UA00014271    (0)   :  0.208 0.394 0.398 
478 UA00013756    (0)   :  0.434 0.402 0.164 
479 UA00014385    (0)   :  0.541 0.162 0.297 
480 UA00049609    (0)   :  0.172 0.569 0.259 
481 UA00003748    (0)   :  0.336 0.153 0.511 
482 UA00063952    (0)   :  0.255 0.226 0.519 
483 UA00058348    (0)   :  0.387 0.282 0.330 
484 UA00014922    (0)   :  0.592 0.175 0.233 
485 UA00003820    (0)   :  0.172 0.141 0.687 
486 UA00013693    (0)   :  0.409 0.225 0.366 
487 UA00047713    (0)   :  0.468 0.133 0.400 
488 UA00034891    (0)   :  0.559 0.263 0.178 
489 UA00049223    (0)   :  0.342 0.282 0.376 
490 UA00064399    (0)   :  0.825 0.067 0.108 
491 UA00013336    (0)   :  0.717 0.134 0.149 
492 UA00035291    (0)   :  0.737 0.088 0.175 
493 UA00003945    (0)   :  0.620 0.153 0.227 
494 UA00014518    (0)   :  0.460 0.149 0.391 
495 UA00013583    (0)   :  0.662 0.205 0.133 
496 UA00011510    (0)   :  0.557 0.174 0.269 
497 UA00046860    (0)   :  0.412 0.175 0.413 
498 UA00048853    (0)   :  0.597 0.167 0.236 
499 UA00012151    (0)   :  0.620 0.113 0.267 
500 UA00063930    (0)   :  0.566 0.304 0.130 
501 UA00013453    (0)   :  0.522 0.215 0.263 
502 UA00039299    (0)   :  0.714 0.123 0.162 
503 UA00014280    (0)   :  0.630 0.170 0.201 
504 UA00014200    (0)   :  0.437 0.115 0.448 
505 UA00040612    (0)   :  0.750 0.098 0.151 
506 UA00062679    (0)   :  0.734 0.122 0.144 
507 UA00034481    (0)   :  0.565 0.174 0.261 
508 UA00011880    (0)   :  0.438 0.439 0.123 
509 UA00013421    (0)   :  0.805 0.074 0.122 
510 UA00048051    (0)   :  0.756 0.102 0.142 
511 UA00063370    (0)   :  0.808 0.090 0.102 
512 UA00014716    (0)   :  0.741 0.128 0.131 
513 UA00033426    (0)   :  0.635 0.101 0.265 
514 UA00015190    (0)   :  0.776 0.100 0.124 
515 UA00013730    (0)   :  0.190 0.425 0.384 
516 UA00047644    (4)   :  0.675 0.146 0.179 
517 UA00031933    (9)   :  0.237 0.221 0.542 
518 UA00031541    (9)   :  0.481 0.236 0.283 
519   PCO-60    (4)   :  0.237 0.362 0.401 
520 UA00030495    (4)   :  0.399 0.328 0.272 
521 UA00031133    (4)   :  0.101 0.780 0.120 
522 UA00032049    (4)   :  0.518 0.263 0.219 
523 UA00030599    (4)   :  0.253 0.622 0.125 
524 UA00030250    (4)   :  0.144 0.225 0.631 
525 UA00049385    (4)   :  0.290 0.552 0.157 
526 UA00031816    (4)   :  0.119 0.774 0.107 
527 UA00030275    (4)   :  0.326 0.236 0.438 
528 UA00041861    (4)   :  0.261 0.269 0.469 
529 UA00041433    (4)   :  0.118 0.353 0.529 
530  PCO-114    (4)   :  0.190 0.153 0.657 
531 UA00031529    (4)   :  0.186 0.407 0.406 
532 UA00039719    (4)   :  0.182 0.324 0.494 
533  PCO-442    (4)   :  0.098 0.187 0.715 
534   PCO-58    (0)   :  0.203 0.107 0.689 
535 UA00048673    (4)   :  0.299 0.381 0.319 
536   PCO-63    (4)   :  0.157 0.437 0.407 


Estimated Allele Frequencies in each cluster
First column gives estimated ancestral frequencies


Locus 1 : PP01 
2 alleles
0.0% missing data
   1   (0.576) 0.587 0.588 0.593 
   2   (0.424) 0.413 0.412 0.407 

Locus 2 : PP02 
2 alleles
0.0% missing data
   1   (0.878) 0.981 0.897 0.916 
   2   (0.122) 0.019 0.103 0.084 

Locus 3 : PP03 
2 alleles
18.3% missing data
   1   (0.785) 0.956 0.690 0.864 
   2   (0.215) 0.044 0.310 0.136 

Locus 4 : PP04 
2 alleles
0.4% missing data
   1   (0.663) 0.837 0.469 0.826 
   2   (0.337) 0.163 0.531 0.174 

Locus 5 : PP06 
2 alleles
0.0% missing data
   1   (0.645) 0.631 0.762 0.562 
   2   (0.355) 0.369 0.238 0.438 

Locus 6 : PP07 
2 alleles
0.0% missing data
   1   (0.696) 0.945 0.566 0.734 
   2   (0.304) 0.055 0.434 0.266 

Locus 7 : PP09 
2 alleles
0.0% missing data
   1   (0.519) 0.308 0.781 0.279 
   2   (0.481) 0.692 0.219 0.721 

Locus 8 : PP10 
2 alleles
0.0% missing data
   1   (0.187) 0.445 0.094 0.124 
   2   (0.813) 0.555 0.906 0.876 

Locus 9 : PP11 
2 alleles
0.0% missing data
   1   (0.698) 0.829 0.805 0.576 
   2   (0.302) 0.171 0.195 0.424 

Locus 10 : PP12 
2 alleles
0.2% missing data
   1   (0.418) 0.144 0.505 0.433 
   2   (0.582) 0.856 0.495 0.567 

Locus 11 : PP13 
2 alleles
0.0% missing data
   1   (0.184) 0.354 0.087 0.140 
   2   (0.816) 0.646 0.913 0.860 

Locus 12 : PP14 
2 alleles
0.2% missing data
   1   (0.854) 0.939 0.939 0.813 
   2   (0.146) 0.061 0.061 0.187 

Locus 13 : PP15 
2 alleles
0.0% missing data
   1   (0.865) 0.662 0.862 0.977 
   2   (0.135) 0.338 0.138 0.023 

Locus 14 : PP16 
2 alleles
0.0% missing data
   1   (0.545) 0.381 0.680 0.466 
   2   (0.455) 0.619 0.320 0.534 

Locus 15 : PP17 
2 alleles
0.2% missing data
   1   (0.622) 0.673 0.618 0.660 
   2   (0.378) 0.327 0.382 0.340 

Locus 16 : PP18 
2 alleles
0.7% missing data
   1   (0.751) 0.905 0.800 0.711 
   2   (0.249) 0.095 0.200 0.289 

Locus 17 : PP20 
2 alleles
0.0% missing data
   1   (0.625) 0.517 0.642 0.696 
   2   (0.375) 0.483 0.358 0.304 

Locus 18 : PP21 
2 alleles
14.9% missing data
   1   (0.844) 0.985 0.805 0.876 
   2   (0.156) 0.015 0.195 0.124 

Locus 19 : PP22 
2 alleles
1.3% missing data
   1   (0.354) 0.063 0.206 0.700 
   2   (0.646) 0.937 0.794 0.300 

Locus 20 : PP23 
2 alleles
0.7% missing data
   1   (0.635) 0.798 0.648 0.600 
   2   (0.365) 0.202 0.352 0.400 

Locus 21 : PP24 
2 alleles
0.2% missing data
   1   (0.787) 0.690 0.845 0.863 
   2   (0.213) 0.310 0.155 0.137 

Locus 22 : PP25 
2 alleles
0.6% missing data
   1   (0.392) 0.615 0.397 0.261 
   2   (0.608) 0.385 0.603 0.739 

Values of parameters used in structure:
DATAFILE=Puma_SNP_genotypes_cut_AZ_final_HWEonly.str,	OUTFILE=outputfile_K3_3,	NUMINDS=536,	NUMLOCI=22,	MISSING=-9,	LABEL=1,	POPDATA=0,	POPFLAG=0,	PHENOTYPE=0,	EXTRACOLS=0,	MAXPOPS=3,	BURNIN=100000,	NUMREPS=500000,	USEPOPINFO=0,	INFERALPHA=1,	INFERLAMBDA=0,	POPSPECIFICLAMBDA=0,	POPALPHAS=0,	COMPUTEPROB=1,	NOADMIX=0,	ADMBURNIN=2500,	UPDATEFREQ=200,	PRINTLIKES=0,	INTERMEDSAVE=0,	PRINTKLD=0,	PRINTNET=0,	PRINTLAMBDA=0,	ANCESTDIST=0,	NUMBOXES=1000,	ANCESTPINT=0.90000,	GENSBACK=2,	MIGRPRIOR=0.05000,	PRINTQHAT=0,	PRINTQSUM=0,	ALPHA=1.0000,	FREQSCORR=1,	FPRIORMEAN=0.0100,	FPRIORSD=0.0500,	ONEFST=0,	LAMBDA=1.0000,	UNIFPRIORALPHA=1,	ALPHAMAX=10.0000,	ALPHAPRIORA=1.0000,	ALPHAPRIORB=2.0000,	ALPHAPROPSD=0.0250,	STARTATPOPINFO=0,	RANDOMIZE=1,	LINKAGE=0,	METROFREQ=20,	REPORTHITRATE=0,	MARKOVPHASE=0,	PHASED=0,	PLOIDY=2,	PHASEINFO=0	LOCPRIOR=0, 	LOCPRIORINIT=1.000000, 	LOCDATA=0, 	LOCISPOP=0, 	LOCPRIORSTEP=0.100000, 	MAXLOCPRIOR=20.000000, 	SEED=1716608544,	
[STRAT parameters]:    NUMSIMSTATS=1000,	PHENOTYPECOL=-9,	POOLFREQ=10,	LOCUSxONLY=0,	EMERROR=0.00100,	MISSINGPHENO=-9,	