

----------------------------------------------------
STRUCTURE by Pritchard, Stephens and Donnelly (2000)
     and Falush, Stephens and Pritchard (2003)
       Code by Pritchard, Falush and Hubisz
             Version 2.3.4 (Jul 2012)
----------------------------------------------------



Command line arguments:   structure -K 6 -o outputfile_K6_8 
Input File:    Puma_SNP_genotypes_cut_AZ_final_HWEonly.str

Run parameters:
   536 individuals
   22 loci
   6 populations assumed
   100000 Burn-in period
   500000 Reps


--------------------------------------------
Overall proportion of membership of the
sample in each of the 6 clusters

Inferred Clusters
  1      2      3      4      5      6    
0.170  0.153  0.166  0.170  0.170  0.171  

--------------------------------------------

Allele-freq. divergence among pops (Net nucleotide distance),
computed using point estimates of P.

      1       2       3       4       5       6      
 1      -    0.0556  0.0486  0.0008  0.0027  0.0011  
 2   0.0556     -    0.0737  0.0585  0.0600  0.0589  
 3   0.0486  0.0737     -    0.0475  0.0450  0.0563  
 4   0.0008  0.0585  0.0475     -    0.0006  0.0034  
 5   0.0027  0.0600  0.0450  0.0006     -    0.0069  
 6   0.0011  0.0589  0.0563  0.0034  0.0069     -    

Average distances (expected heterozygosity) between individuals in same cluster:
cluster  1  : 0.3783 
cluster  2  : 0.2955 
cluster  3  : 0.2662 
cluster  4  : 0.3774 
cluster  5  : 0.3763 
cluster  6  : 0.3716 

--------------------------------------------
Estimated Ln Prob of Data   = -13295.8
Mean value of ln likelihood = -12316.4
Variance of ln likelihood   = 1958.9
Mean value of alpha         = 0.2336

Mean value of Fst_1         = 0.0666
Mean value of Fst_2         = 0.2815
Mean value of Fst_3         = 0.2831
Mean value of Fst_4         = 0.0652
Mean value of Fst_5         = 0.0418
Mean value of Fst_6         = 0.1109


Inferred ancestry of individuals:
        Label (%Miss) :  Inferred clusters
  1 UA00063336   (13)   :  0.125 0.450 0.073 0.120 0.125 0.107 
  2 UA00048914    (9)   :  0.161 0.139 0.218 0.168 0.192 0.121 
  3 UA00014769   (13)   :  0.206 0.065 0.026 0.250 0.228 0.226 
  4 UA00008132   (13)   :  0.190 0.140 0.092 0.202 0.205 0.170 
  5 UA00030462   (13)   :  0.149 0.114 0.310 0.150 0.155 0.122 
  6 UA00034866   (13)   :  0.197 0.046 0.200 0.194 0.204 0.160 
  7 UA00034800    (9)   :  0.068 0.639 0.085 0.072 0.072 0.064 
  8  Puco006    (9)   :  0.061 0.080 0.680 0.061 0.067 0.050 
  9 UA00048874    (4)   :  0.089 0.551 0.097 0.092 0.101 0.070 
 10 UA00049060    (9)   :  0.199 0.130 0.052 0.217 0.219 0.183 
 11 UA00033413    (9)   :  0.238 0.046 0.074 0.178 0.129 0.334 
 12  Puco021    (9)   :  0.221 0.169 0.040 0.149 0.097 0.324 
 13  Puco026    (9)   :  0.214 0.136 0.043 0.195 0.192 0.220 
 14  Puco008    (9)   :  0.123 0.294 0.222 0.127 0.136 0.098 
 15   M01301    (9)   :  0.217 0.037 0.134 0.175 0.139 0.297 
 16   M06306    (9)   :  0.119 0.524 0.037 0.104 0.100 0.114 
 17 UA00032185    (9)   :  0.193 0.116 0.132 0.192 0.181 0.186 
 18 UA00030792    (9)   :  0.027 0.858 0.034 0.027 0.027 0.026 
 19 UA00031647    (9)   :  0.145 0.312 0.141 0.137 0.156 0.109 
 20 UA00031979    (9)   :  0.203 0.105 0.117 0.196 0.204 0.176 
 21  Puco016    (9)   :  0.157 0.053 0.314 0.165 0.194 0.117 
 22  Puco010    (9)   :  0.216 0.084 0.074 0.200 0.179 0.246 
 23    M1035    (9)   :  0.192 0.177 0.041 0.202 0.231 0.158 
 24 UA00034601    (9)   :  0.187 0.148 0.176 0.159 0.162 0.168 
 25 UA00050388    (9)   :  0.186 0.159 0.114 0.185 0.181 0.175 
 26 UA00048699    (9)   :  0.121 0.051 0.455 0.130 0.146 0.097 
 27 UA00064058    (9)   :  0.206 0.112 0.045 0.220 0.234 0.184 
 28 UA00033981    (9)   :  0.225 0.100 0.084 0.163 0.115 0.313 
 29   F05033    (9)   :  0.219 0.066 0.054 0.219 0.206 0.236 
 30 UA00048520    (4)   :  0.161 0.265 0.130 0.145 0.132 0.166 
 31 UA00048422    (4)   :  0.046 0.780 0.039 0.045 0.042 0.048 
 32    PucoB    (4)   :  0.256 0.090 0.032 0.188 0.174 0.261 
 33 UA00047393    (4)   :  0.162 0.252 0.056 0.196 0.197 0.136 
 34 UA00064521    (4)   :  0.170 0.082 0.288 0.155 0.169 0.137 
 35 UA00003043    (4)   :  0.175 0.042 0.207 0.203 0.222 0.150 
 36 UA00063025    (4)   :  0.141 0.287 0.189 0.126 0.122 0.135 
 37 UA00063826    (4)   :  0.231 0.092 0.052 0.188 0.167 0.269 
 38   F07407    (4)   :  0.178 0.302 0.049 0.133 0.107 0.231 
 39 UA00021658    (4)   :  0.213 0.080 0.072 0.217 0.216 0.202 
 40 UA00003794    (4)   :  0.183 0.272 0.060 0.144 0.125 0.216 
 41 UA00041322    (4)   :  0.191 0.160 0.114 0.185 0.207 0.143 
 42 UA00063316    (4)   :  0.178 0.170 0.166 0.161 0.173 0.153 
 43 UA00047705    (4)   :  0.208 0.130 0.120 0.176 0.170 0.195 
 44 UA00033904    (4)   :  0.110 0.503 0.070 0.108 0.114 0.094 
 45 UA00048100    (4)   :  0.226 0.056 0.093 0.201 0.191 0.232 
 46 UA00032212    (4)   :  0.137 0.324 0.135 0.134 0.135 0.134 
 47 UA00031574    (4)   :  0.049 0.742 0.067 0.047 0.045 0.051 
 48 UA00031228    (4)   :  0.036 0.805 0.053 0.035 0.037 0.034 
 49 UA00047707    (4)   :  0.203 0.031 0.052 0.261 0.274 0.180 
 50 UA00030906    (4)   :  0.025 0.849 0.050 0.025 0.026 0.025 
 51 UA00041567    (4)   :  0.210 0.095 0.105 0.168 0.142 0.280 
 52 UA00007624    (4)   :  0.231 0.037 0.054 0.217 0.198 0.263 
 53 UA00034514    (4)   :  0.216 0.064 0.085 0.214 0.228 0.193 
 54 UA00030480    (4)   :  0.177 0.242 0.053 0.182 0.213 0.134 
 55  Puco012    (4)   :  0.202 0.064 0.109 0.219 0.233 0.173 
 56 UA00038677    (9)   :  0.165 0.196 0.190 0.147 0.145 0.156 
 57 UA00048275    (4)   :  0.237 0.063 0.075 0.195 0.175 0.256 
 58 UA00064055    (4)   :  0.193 0.072 0.102 0.220 0.252 0.160 
 59  Puco009    (4)   :  0.159 0.046 0.288 0.181 0.189 0.137 
 60 UA00064561    (4)   :  0.177 0.040 0.098 0.253 0.263 0.169 
 61 UA00003479    (4)   :  0.195 0.053 0.115 0.223 0.235 0.178 
 62 UA00063747    (4)   :  0.219 0.030 0.084 0.220 0.216 0.232 
 63 UA00002558    (4)   :  0.173 0.051 0.270 0.166 0.165 0.176 
 64 UA00048410    (4)   :  0.160 0.033 0.269 0.195 0.209 0.134 
 65 UA00012249    (4)   :  0.183 0.037 0.151 0.214 0.256 0.160 
 66 UA00033818    (4)   :  0.088 0.579 0.085 0.082 0.076 0.091 
 67  Puco020    (4)   :  0.160 0.184 0.115 0.197 0.205 0.138 
 68 UA00002545    (9)   :  0.178 0.115 0.058 0.225 0.249 0.175 
 69 UA00048508    (4)   :  0.216 0.052 0.067 0.230 0.245 0.190 
 70 UA00064100    (4)   :  0.216 0.100 0.086 0.208 0.230 0.159 
 71 UA00014585    (4)   :  0.207 0.068 0.103 0.212 0.230 0.179 
 72 UA00063698    (4)   :  0.115 0.159 0.412 0.105 0.105 0.105 
 73 UA00049753    (4)   :  0.117 0.507 0.037 0.115 0.125 0.098 
 74 UA00049037    (4)   :  0.213 0.095 0.051 0.222 0.228 0.191 
 75 UA00034941    (4)   :  0.200 0.153 0.133 0.172 0.169 0.173 
 76 UA00008083    (4)   :  0.083 0.074 0.593 0.087 0.083 0.081 
 77 UA00015084    (4)   :  0.110 0.220 0.370 0.099 0.098 0.103 
 78 UA00041010    (9)   :  0.065 0.338 0.404 0.066 0.076 0.052 
 79 UA00035261    (4)   :  0.145 0.296 0.154 0.138 0.141 0.127 
 80 UA00035431    (4)   :  0.226 0.033 0.107 0.201 0.183 0.250 
 81 UA00045274    (0)   :  0.196 0.141 0.142 0.163 0.164 0.193 
 82 UA00028200    (4)   :  0.109 0.421 0.167 0.103 0.106 0.094 
 83 UA00064559    (0)   :  0.036 0.824 0.038 0.035 0.032 0.036 
 84 UA00040808    (0)   :  0.098 0.457 0.152 0.103 0.115 0.076 
 85 UA00049156    (0)   :  0.096 0.466 0.159 0.095 0.099 0.085 
 86 UA00003952    (4)   :  0.084 0.051 0.607 0.089 0.099 0.070 
 87 UA00063954    (0)   :  0.170 0.282 0.053 0.172 0.183 0.141 
 88 UA00062934    (0)   :  0.150 0.330 0.094 0.142 0.158 0.126 
 89 UA00033829    (0)   :  0.061 0.550 0.214 0.060 0.061 0.055 
 90 UA00064351    (4)   :  0.222 0.067 0.134 0.155 0.112 0.310 
 91 UA00003697    (4)   :  0.089 0.114 0.542 0.088 0.090 0.077 
 92 UA00063438    (4)   :  0.141 0.317 0.124 0.143 0.156 0.118 
 93 UA00007608    (0)   :  0.125 0.317 0.222 0.111 0.115 0.111 
 94 UA00019683    (4)   :  0.129 0.494 0.044 0.097 0.073 0.162 
 95 UA00007781    (0)   :  0.224 0.078 0.098 0.190 0.193 0.216 
 96 UA00002915    (0)   :  0.128 0.367 0.122 0.136 0.148 0.098 
 97  Puco031    (4)   :  0.199 0.078 0.094 0.222 0.246 0.161 
 98 UA00048280    (4)   :  0.224 0.069 0.126 0.176 0.157 0.248 
 99 UA00048589    (0)   :  0.211 0.143 0.069 0.179 0.162 0.236 
100 UA00034417    (0)   :  0.160 0.177 0.183 0.167 0.184 0.129 
101 UA00050411    (4)   :  0.206 0.032 0.052 0.246 0.269 0.196 
102  Puco029    (4)   :  0.232 0.060 0.026 0.221 0.207 0.254 
103   F03403    (4)   :  0.256 0.035 0.068 0.169 0.124 0.347 
104 UA00049904    (0)   :  0.182 0.249 0.077 0.155 0.146 0.192 
105 UA00035335    (0)   :  0.228 0.046 0.022 0.241 0.226 0.237 
106 UA00012611    (0)   :  0.229 0.073 0.051 0.218 0.239 0.190 
107 UA00050319    (0)   :  0.259 0.036 0.039 0.170 0.112 0.384 
108 UA00032068    (4)   :  0.196 0.188 0.042 0.193 0.215 0.166 
109 UA00032026    (4)   :  0.196 0.145 0.060 0.209 0.226 0.163 
110 UA00030476    (4)   :  0.244 0.121 0.033 0.155 0.095 0.352 
111 UA00046853    (0)   :  0.217 0.108 0.056 0.170 0.125 0.324 
112 UA00040156    (4)   :  0.027 0.861 0.033 0.026 0.026 0.026 
113 UA00030528    (4)   :  0.153 0.307 0.050 0.178 0.199 0.114 
114  Puco025    (4)   :  0.200 0.048 0.042 0.264 0.255 0.191 
115    pc016    (0)   :  0.026 0.864 0.035 0.026 0.026 0.025 
116 UA00030617    (4)   :  0.208 0.035 0.035 0.261 0.250 0.211 
117 UA00030585    (4)   :  0.046 0.767 0.054 0.042 0.040 0.050 
118 UA00032060    (4)   :  0.167 0.317 0.052 0.153 0.155 0.156 
119    pc007    (0)   :  0.222 0.093 0.066 0.179 0.142 0.298 
120 UA00030798    (4)   :  0.052 0.761 0.035 0.051 0.052 0.048 
121 UA00030778    (4)   :  0.217 0.032 0.040 0.251 0.278 0.181 
122 UA00039674    (4)   :  0.032 0.839 0.034 0.032 0.034 0.030 
123 UA00032241    (4)   :  0.231 0.034 0.038 0.228 0.201 0.268 
124 UA00011624    (0)   :  0.210 0.056 0.061 0.227 0.237 0.208 
125 UA00033779    (4)   :  0.248 0.046 0.058 0.165 0.111 0.372 
126 UA00049402    (4)   :  0.167 0.072 0.231 0.179 0.217 0.134 
127 UA00033653    (0)   :  0.250 0.039 0.051 0.164 0.093 0.403 
128 UA00047738    (0)   :  0.191 0.122 0.134 0.185 0.176 0.192 
129 UA00047502    (4)   :  0.152 0.099 0.282 0.170 0.181 0.116 
130 UA00012014    (4)   :  0.197 0.085 0.088 0.224 0.246 0.160 
131 UA00040729    (0)   :  0.229 0.090 0.051 0.201 0.176 0.253 
132 UA00030392    (4)   :  0.206 0.059 0.043 0.250 0.248 0.195 
133 UA00050033    (0)   :  0.206 0.097 0.057 0.219 0.208 0.212 
134 UA00012152    (0)   :  0.106 0.034 0.499 0.127 0.138 0.096 
135 UA00050406    (0)   :  0.215 0.088 0.076 0.216 0.227 0.179 
136 UA00047973    (0)   :  0.230 0.059 0.069 0.203 0.204 0.235 
137 UA00008051    (0)   :  0.169 0.175 0.150 0.176 0.172 0.159 
138 UA00047337    (4)   :  0.164 0.285 0.062 0.164 0.164 0.161 
139 UA00041604    (4)   :  0.174 0.157 0.141 0.188 0.182 0.159 
140 UA00031704    (4)   :  0.217 0.040 0.032 0.242 0.260 0.207 
141 UA00040423    (4)   :  0.188 0.153 0.056 0.205 0.230 0.168 
142 UA00049433    (0)   :  0.172 0.119 0.161 0.190 0.217 0.141 
143 UA00034816    (0)   :  0.173 0.054 0.139 0.235 0.235 0.164 
144 UA00050214    (0)   :  0.186 0.046 0.038 0.267 0.276 0.187 
145 UA00041073    (0)   :  0.182 0.095 0.140 0.205 0.200 0.178 
146 UA00030318    (4)   :  0.197 0.047 0.101 0.226 0.234 0.194 
147 UA00046845    (0)   :  0.171 0.073 0.175 0.206 0.229 0.146 
148 UA00063946    (0)   :  0.247 0.072 0.047 0.153 0.088 0.393 
149 UA00031374    (4)   :  0.204 0.068 0.106 0.214 0.225 0.183 
150    M1136    (4)   :  0.132 0.370 0.057 0.157 0.169 0.114 
151 UA00034299    (0)   :  0.178 0.056 0.055 0.266 0.266 0.178 
152 UA00002387    (4)   :  0.186 0.035 0.109 0.237 0.262 0.171 
153 UA00021855    (0)   :  0.214 0.085 0.090 0.196 0.188 0.227 
154 UA00014500    (0)   :  0.218 0.092 0.052 0.218 0.247 0.174 
155 UA00050419    (4)   :  0.183 0.035 0.054 0.277 0.261 0.189 
156 UA00031854    (4)   :  0.204 0.065 0.141 0.194 0.205 0.191 
157    pc011    (4)   :  0.193 0.041 0.069 0.243 0.271 0.183 
158 UA00033004    (0)   :  0.186 0.116 0.076 0.219 0.242 0.162 
159 UA00046510    (0)   :  0.174 0.052 0.209 0.203 0.217 0.145 
160 UA00048747    (0)   :  0.187 0.052 0.105 0.231 0.257 0.168 
161 UA00014293    (0)   :  0.192 0.044 0.071 0.234 0.276 0.183 
162 UA00047686    (0)   :  0.155 0.105 0.252 0.174 0.194 0.120 
163 UA00033783    (4)   :  0.126 0.371 0.155 0.105 0.094 0.150 
164 UA00042609    (4)   :  0.138 0.098 0.325 0.152 0.171 0.117 
165 UA00031169    (4)   :  0.184 0.051 0.045 0.263 0.272 0.184 
166 UA00035181    (0)   :  0.247 0.027 0.045 0.210 0.215 0.256 
167 UA00050133    (0)   :  0.199 0.073 0.090 0.228 0.231 0.180 
168  Puco011    (4)   :  0.184 0.068 0.082 0.224 0.268 0.174 
169 UA00041476    (0)   :  0.175 0.099 0.138 0.219 0.220 0.148 
170 UA00046702    (0)   :  0.199 0.044 0.050 0.255 0.272 0.180 
171 UA00019940    (0)   :  0.186 0.092 0.108 0.221 0.219 0.173 
172 UA00049813    (0)   :  0.214 0.091 0.065 0.199 0.176 0.255 
173 UA00064165    (0)   :  0.116 0.088 0.453 0.117 0.124 0.102 
174 UA00064421    (0)   :  0.149 0.033 0.352 0.164 0.179 0.123 
175 UA00064569    (4)   :  0.213 0.033 0.053 0.250 0.244 0.206 
176 UA00003996    (0)   :  0.160 0.068 0.240 0.189 0.206 0.137 
177 UA00064491    (4)   :  0.187 0.041 0.104 0.243 0.234 0.191 
178 UA00011899    (0)   :  0.209 0.087 0.056 0.224 0.238 0.186 
179  Puco015    (4)   :  0.173 0.196 0.077 0.194 0.204 0.156 
180 UA00047929    (4)   :  0.235 0.056 0.035 0.208 0.181 0.284 
181 UA00056669    (0)   :  0.207 0.054 0.123 0.218 0.235 0.164 
182 UA00050176    (0)   :  0.187 0.103 0.138 0.201 0.218 0.152 
183  Puco014    (4)   :  0.206 0.084 0.122 0.190 0.177 0.222 
184 UA00019608    (0)   :  0.191 0.055 0.123 0.224 0.246 0.160 
185 UA00064333    (0)   :  0.194 0.062 0.083 0.239 0.253 0.169 
186  Puco013    (4)   :  0.173 0.067 0.235 0.177 0.205 0.143 
187 UA00016092    (0)   :  0.206 0.032 0.039 0.257 0.260 0.205 
188 UA00019060    (0)   :  0.084 0.158 0.505 0.089 0.091 0.073 
189 UA00063532    (0)   :  0.196 0.105 0.109 0.200 0.207 0.184 
190 UA00064117    (0)   :  0.101 0.282 0.304 0.111 0.112 0.090 
191 UA00011969    (0)   :  0.196 0.101 0.129 0.195 0.199 0.179 
192 UA00034586    (4)   :  0.225 0.052 0.049 0.225 0.208 0.240 
193 UA00030736    (4)   :  0.210 0.080 0.062 0.229 0.247 0.171 
194 UA00048493    (0)   :  0.199 0.119 0.071 0.210 0.228 0.173 
195 UA00040466    (0)   :  0.068 0.046 0.687 0.067 0.072 0.059 
196 UA00047659    (0)   :  0.230 0.050 0.087 0.214 0.234 0.186 
197 UA00042002    (4)   :  0.158 0.317 0.082 0.145 0.144 0.155 
198 UA00062606    (0)   :  0.176 0.087 0.206 0.183 0.199 0.147 
199 UA00030615    (4)   :  0.068 0.036 0.693 0.069 0.072 0.063 
200 UA00048899    (0)   :  0.220 0.071 0.086 0.208 0.237 0.178 
201 UA00047725    (0)   :  0.030 0.035 0.847 0.030 0.030 0.029 
202 UA00030866    (4)   :  0.206 0.067 0.138 0.204 0.230 0.154 
203 UA00034564    (0)   :  0.205 0.070 0.100 0.213 0.258 0.154 
204 UA00046520    (0)   :  0.252 0.041 0.050 0.171 0.109 0.377 
205 UA00035027    (0)   :  0.196 0.112 0.155 0.179 0.184 0.173 
206 UA00035421    (0)   :  0.134 0.048 0.385 0.154 0.168 0.112 
207 UA00062740    (4)   :  0.173 0.156 0.212 0.156 0.177 0.125 
208 UA00012360    (0)   :  0.059 0.041 0.722 0.061 0.064 0.052 
209 UA00050203    (0)   :  0.221 0.078 0.064 0.210 0.214 0.213 
210 UA00040534    (4)   :  0.097 0.256 0.364 0.097 0.107 0.079 
211 UA00031261    (4)   :  0.076 0.161 0.541 0.076 0.086 0.060 
212 UA00031917    (4)   :  0.089 0.284 0.362 0.091 0.105 0.069 
213 UA00040798    (4)   :  0.118 0.108 0.415 0.119 0.114 0.125 
214 UA00030598    (4)   :  0.135 0.103 0.372 0.132 0.138 0.120 
215 UA00050385    (0)   :  0.196 0.073 0.131 0.213 0.235 0.153 
216 UA00058283    (0)   :  0.048 0.079 0.733 0.046 0.047 0.047 
217 UA00042297    (4)   :  0.112 0.396 0.167 0.110 0.105 0.110 
218 UA00015415    (4)   :  0.047 0.038 0.774 0.049 0.051 0.041 
219 UA00035531    (0)   :  0.067 0.125 0.597 0.072 0.078 0.061 
220 UA00048683    (0)   :  0.085 0.048 0.603 0.092 0.096 0.076 
221 UA00046734    (4)   :  0.055 0.051 0.732 0.055 0.058 0.049 
222   pcRF01    (0)   :  0.182 0.024 0.050 0.272 0.279 0.192 
223 UA00007223    (0)   :  0.154 0.111 0.262 0.163 0.189 0.120 
224 UA00013841    (0)   :  0.180 0.246 0.049 0.182 0.186 0.158 
225 UA00014196    (0)   :  0.074 0.086 0.606 0.081 0.089 0.063 
226 UA00034635    (0)   :  0.211 0.052 0.079 0.234 0.239 0.185 
227 UA00047371    (0)   :  0.164 0.310 0.086 0.143 0.141 0.155 
228 UA00063544    (0)   :  0.162 0.289 0.084 0.152 0.147 0.166 
229 UA00064246    (0)   :  0.167 0.132 0.224 0.153 0.153 0.169 
230 UA00064328    (0)   :  0.153 0.151 0.243 0.156 0.169 0.128 
231 UA00002952    (0)   :  0.136 0.206 0.265 0.136 0.150 0.108 
232 UA00064079    (0)   :  0.164 0.216 0.105 0.183 0.187 0.146 
233 UA00046793    (0)   :  0.124 0.200 0.289 0.137 0.152 0.098 
234 UA00034769    (0)   :  0.108 0.465 0.124 0.096 0.086 0.120 
235 UA00034949    (0)   :  0.146 0.099 0.302 0.157 0.187 0.109 
236 UA00063753    (0)   :  0.196 0.142 0.134 0.145 0.108 0.275 
237 UA00015713    (0)   :  0.184 0.241 0.064 0.162 0.148 0.202 
238 UA00003494    (0)   :  0.155 0.122 0.180 0.194 0.215 0.134 
239 UA00056767    (0)   :  0.255 0.026 0.044 0.175 0.109 0.392 
240 UA00014461    (0)   :  0.152 0.121 0.267 0.156 0.172 0.132 
241 UA00034669    (0)   :  0.117 0.179 0.383 0.106 0.114 0.100 
242 UA00048164    (0)   :  0.174 0.048 0.269 0.174 0.187 0.150 
243 UA00007974    (0)   :  0.224 0.138 0.073 0.161 0.132 0.271 
244 UA00016166    (0)   :  0.134 0.354 0.069 0.160 0.169 0.114 
245 UA00015653    (0)   :  0.118 0.344 0.206 0.116 0.128 0.087 
246 UA00063882    (0)   :  0.116 0.145 0.394 0.118 0.133 0.094 
247 UA00049027    (0)   :  0.133 0.365 0.121 0.128 0.125 0.129 
248 UA00018878    (0)   :  0.155 0.386 0.054 0.126 0.113 0.165 
249 UA00038796    (0)   :  0.144 0.082 0.387 0.130 0.140 0.117 
250 UA00013465    (0)   :  0.081 0.069 0.615 0.079 0.083 0.073 
251 UA00014604    (0)   :  0.156 0.150 0.267 0.142 0.139 0.146 
252 UA00041913    (0)   :  0.156 0.320 0.086 0.128 0.101 0.209 
253 UA00021632    (0)   :  0.086 0.567 0.098 0.087 0.088 0.075 
254 UA00064027    (0)   :  0.164 0.208 0.158 0.165 0.182 0.124 
255 UA00015023    (0)   :  0.175 0.065 0.181 0.213 0.216 0.151 
256 UA00050243    (0)   :  0.144 0.344 0.086 0.147 0.167 0.112 
257 UA00048298    (0)   :  0.186 0.108 0.106 0.213 0.212 0.175 
258 UA00050437    (0)   :  0.152 0.089 0.286 0.168 0.180 0.125 
259 UA00014262    (0)   :  0.171 0.224 0.102 0.175 0.189 0.139 
260 UA00049129    (0)   :  0.203 0.131 0.065 0.191 0.173 0.236 
261 UA00014740    (0)   :  0.206 0.122 0.120 0.172 0.158 0.222 
262 UA00049612    (0)   :  0.068 0.635 0.102 0.064 0.063 0.068 
263 UA00014635    (0)   :  0.255 0.036 0.047 0.175 0.125 0.362 
264 UA00014673    (0)   :  0.137 0.243 0.241 0.127 0.130 0.121 
265 UA00033608    (0)   :  0.115 0.460 0.103 0.101 0.093 0.128 
266 UA00064540    (0)   :  0.229 0.068 0.122 0.159 0.122 0.299 
267 UA00050256    (0)   :  0.144 0.252 0.198 0.144 0.158 0.105 
268 UA00015274    (0)   :  0.192 0.067 0.117 0.215 0.239 0.169 
269 UA00062993    (0)   :  0.227 0.039 0.121 0.194 0.177 0.242 
270 UA00038364    (0)   :  0.189 0.179 0.111 0.168 0.162 0.192 
271 UA00014446    (0)   :  0.226 0.046 0.065 0.224 0.247 0.192 
272 UA00063545    (0)   :  0.079 0.515 0.177 0.079 0.083 0.068 
273 UA00040054    (0)   :  0.199 0.111 0.046 0.226 0.243 0.175 
274 UA00058447    (0)   :  0.239 0.085 0.064 0.190 0.190 0.232 
275 UA00046835    (0)   :  0.233 0.067 0.067 0.189 0.174 0.269 
276 UA00014608    (0)   :  0.223 0.064 0.099 0.195 0.210 0.209 
277    pc012    (0)   :  0.190 0.110 0.152 0.185 0.192 0.171 
278    pc002    (0)   :  0.116 0.447 0.098 0.118 0.122 0.100 
279 UA00033690    (0)   :  0.189 0.276 0.063 0.128 0.088 0.257 
280 UA00013688    (0)   :  0.204 0.093 0.142 0.190 0.196 0.175 
281 UA00063666    (0)   :  0.231 0.143 0.030 0.148 0.095 0.353 
282 UA00063292    (0)   :  0.254 0.043 0.041 0.166 0.106 0.389 
283    pc001    (0)   :  0.208 0.078 0.120 0.199 0.210 0.185 
284    pc008    (0)   :  0.217 0.088 0.085 0.191 0.176 0.243 
285 UA00034316    (0)   :  0.121 0.245 0.233 0.146 0.151 0.105 
286 UA00013046    (0)   :  0.220 0.056 0.036 0.226 0.204 0.258 
287 UA00050241    (0)   :  0.245 0.055 0.029 0.191 0.147 0.333 
288 UA00048599    (0)   :  0.256 0.044 0.049 0.194 0.163 0.295 
289 UA00046649    (0)   :  0.117 0.472 0.055 0.119 0.121 0.116 
290 UA00015674    (0)   :  0.110 0.519 0.086 0.088 0.076 0.121 
291 UA00013177    (0)   :  0.183 0.154 0.145 0.155 0.133 0.229 
292 UA00012814    (0)   :  0.198 0.073 0.105 0.215 0.229 0.179 
293 UA00034654    (0)   :  0.224 0.053 0.053 0.231 0.229 0.211 
294 UA00046743    (0)   :  0.235 0.053 0.058 0.189 0.155 0.310 
295 UA00014854    (0)   :  0.207 0.225 0.029 0.155 0.119 0.264 
296 UA00013729    (0)   :  0.188 0.078 0.075 0.239 0.244 0.176 
297 UA00063483    (0)   :  0.236 0.064 0.046 0.204 0.187 0.263 
298 UA00039326    (0)   :  0.193 0.207 0.060 0.173 0.165 0.202 
299 UA00014742    (0)   :  0.236 0.061 0.039 0.188 0.156 0.320 
300 UA00049597    (0)   :  0.124 0.525 0.026 0.100 0.091 0.134 
301 UA00048067    (0)   :  0.206 0.169 0.102 0.160 0.136 0.228 
302 UA00012918    (0)   :  0.197 0.286 0.031 0.130 0.088 0.268 
303 UA00013487    (0)   :  0.186 0.035 0.032 0.266 0.280 0.201 
304 UA00046759    (0)   :  0.152 0.178 0.223 0.154 0.151 0.142 
305 UA00050164    (0)   :  0.081 0.611 0.059 0.086 0.094 0.070 
306 UA00049839    (0)   :  0.223 0.052 0.074 0.194 0.155 0.303 
307 UA00048444    (0)   :  0.230 0.119 0.045 0.145 0.077 0.383 
308 UA00063857    (0)   :  0.235 0.082 0.032 0.207 0.180 0.263 
309 UA00014921    (0)   :  0.116 0.523 0.033 0.105 0.101 0.122 
310 UA00048895    (0)   :  0.120 0.470 0.068 0.109 0.109 0.123 
311 UA00014556    (0)   :  0.185 0.076 0.214 0.179 0.186 0.160 
312    pc009    (0)   :  0.253 0.046 0.028 0.169 0.101 0.403 
313 UA00014959    (0)   :  0.116 0.531 0.043 0.100 0.090 0.119 
314 UA00020709    (0)   :  0.194 0.188 0.070 0.184 0.184 0.180 
315 UA00013126    (0)   :  0.038 0.810 0.041 0.036 0.035 0.040 
316 UA00013695    (0)   :  0.049 0.766 0.041 0.048 0.048 0.047 
317 UA00049344    (0)   :  0.099 0.551 0.068 0.095 0.101 0.086 
318 UA00047614    (0)   :  0.053 0.672 0.125 0.050 0.052 0.049 
319 UA00014221    (0)   :  0.262 0.025 0.037 0.182 0.132 0.361 
320 UA00014346    (0)   :  0.232 0.088 0.080 0.165 0.126 0.309 
321 UA00014245    (0)   :  0.170 0.345 0.043 0.135 0.122 0.185 
322 UA00014696    (0)   :  0.040 0.775 0.064 0.041 0.044 0.036 
323 UA00006991    (0)   :  0.206 0.054 0.118 0.219 0.242 0.160 
324 UA00048948    (0)   :  0.207 0.071 0.100 0.216 0.227 0.179 
325 UA00002239    (0)   :  0.194 0.079 0.121 0.209 0.243 0.154 
326 UA00063459    (0)   :  0.256 0.069 0.031 0.165 0.109 0.370 
327 UA00048356    (0)   :  0.205 0.091 0.166 0.167 0.151 0.221 
328 UA00063940    (0)   :  0.183 0.077 0.155 0.208 0.218 0.159 
329 UA00048130    (0)   :  0.241 0.051 0.068 0.183 0.135 0.322 
330 UA00048903    (0)   :  0.211 0.032 0.038 0.256 0.232 0.232 
331 UA00064643    (0)   :  0.190 0.093 0.095 0.222 0.209 0.190 
332 UA00050233    (0)   :  0.199 0.053 0.128 0.209 0.210 0.202 
333 UA00012507    (0)   :  0.182 0.044 0.230 0.192 0.212 0.140 
334 UA00064416    (0)   :  0.189 0.044 0.059 0.258 0.266 0.184 
335 UA00034724    (0)   :  0.208 0.052 0.083 0.219 0.213 0.224 
336 UA00002621    (0)   :  0.226 0.045 0.051 0.219 0.210 0.249 
337 UA00033203    (0)   :  0.181 0.068 0.056 0.255 0.261 0.180 
338 UA00011996    (0)   :  0.225 0.106 0.046 0.205 0.230 0.188 
339 UA00014408    (0)   :  0.146 0.064 0.339 0.156 0.180 0.115 
340 UA00049502    (0)   :  0.205 0.052 0.170 0.189 0.179 0.204 
341 UA00062695    (0)   :  0.208 0.133 0.101 0.164 0.142 0.251 
342 UA00014072    (0)   :  0.222 0.079 0.068 0.181 0.148 0.301 
343 UA00003334    (0)   :  0.234 0.053 0.040 0.210 0.175 0.288 
344 UA00013835    (0)   :  0.215 0.113 0.075 0.197 0.187 0.214 
345 UA00046760    (0)   :  0.175 0.254 0.055 0.162 0.152 0.201 
346 UA00014241    (0)   :  0.222 0.045 0.074 0.219 0.219 0.220 
347 UA00049585    (0)   :  0.235 0.056 0.033 0.209 0.182 0.285 
348 UA00013409    (0)   :  0.193 0.073 0.201 0.147 0.109 0.276 
349 UA00047548    (0)   :  0.230 0.067 0.037 0.225 0.245 0.196 
350 UA00049038    (0)   :  0.129 0.387 0.125 0.117 0.113 0.130 
351 UA00047612    (0)   :  0.218 0.053 0.092 0.215 0.228 0.195 
352 UA00014822    (0)   :  0.124 0.364 0.183 0.111 0.115 0.103 
353 UA00035299    (0)   :  0.200 0.075 0.071 0.239 0.236 0.179 
354 UA00012804    (0)   :  0.134 0.409 0.082 0.127 0.128 0.120 
355 UA00049578    (0)   :  0.191 0.060 0.192 0.189 0.187 0.181 
356 UA00047672    (0)   :  0.187 0.043 0.068 0.248 0.274 0.180 
357 UA00043961    (0)   :  0.074 0.623 0.089 0.071 0.066 0.078 
358 UA00064575    (0)   :  0.176 0.068 0.253 0.157 0.142 0.206 
359 UA00014732    (0)   :  0.205 0.043 0.099 0.228 0.242 0.182 
360 UA00050181    (0)   :  0.221 0.032 0.094 0.222 0.257 0.173 
361 UA00033369    (0)   :  0.145 0.307 0.100 0.160 0.171 0.117 
362 UA00011982    (0)   :  0.186 0.032 0.029 0.286 0.277 0.189 
363 UA00014590    (0)   :  0.175 0.147 0.093 0.212 0.224 0.149 
364 UA00047743    (0)   :  0.203 0.047 0.043 0.251 0.273 0.183 
365 UA00046621    (0)   :  0.209 0.041 0.031 0.255 0.271 0.193 
366 UA00050422    (0)   :  0.188 0.057 0.181 0.206 0.207 0.161 
367 UA00002760    (0)   :  0.202 0.124 0.058 0.206 0.196 0.214 
368 UA00012999    (0)   :  0.185 0.171 0.050 0.213 0.225 0.157 
369 UA00063838    (0)   :  0.208 0.046 0.064 0.235 0.217 0.230 
370 UA00003729    (0)   :  0.143 0.246 0.217 0.124 0.117 0.154 
371 UA00015348    (0)   :  0.211 0.101 0.087 0.167 0.127 0.307 
372 UA00019058    (0)   :  0.224 0.068 0.129 0.156 0.114 0.309 
373 UA00049549    (0)   :  0.231 0.155 0.031 0.145 0.078 0.362 
374 UA00014334    (0)   :  0.189 0.078 0.144 0.201 0.233 0.154 
375 UA00014350    (0)   :  0.178 0.025 0.024 0.293 0.283 0.196 
376 UA00049227    (0)   :  0.157 0.262 0.136 0.153 0.178 0.114 
377 UA00014051    (0)   :  0.178 0.034 0.197 0.210 0.233 0.149 
378 UA00034381    (0)   :  0.197 0.059 0.138 0.211 0.199 0.195 
379 UA00002354    (0)   :  0.192 0.036 0.041 0.265 0.271 0.195 
380 UA00049892    (0)   :  0.202 0.128 0.037 0.208 0.175 0.250 
381 UA00021989    (0)   :  0.203 0.036 0.081 0.237 0.229 0.214 
382 UA00048968    (0)   :  0.209 0.046 0.084 0.231 0.247 0.183 
383 UA00013174    (0)   :  0.188 0.068 0.090 0.233 0.248 0.172 
384 UA00033992    (0)   :  0.166 0.251 0.051 0.189 0.207 0.136 
385 UA00015801    (0)   :  0.197 0.025 0.028 0.280 0.275 0.195 
386 UA00063303    (0)   :  0.157 0.329 0.085 0.135 0.119 0.176 
387 UA00050206    (0)   :  0.247 0.028 0.048 0.180 0.117 0.380 
388 UA00014458    (0)   :  0.191 0.126 0.099 0.197 0.185 0.201 
389 UA00007204    (0)   :  0.235 0.091 0.045 0.183 0.154 0.292 
390 UA00063212    (0)   :  0.150 0.231 0.175 0.133 0.114 0.197 
391 UA00013340    (0)   :  0.205 0.155 0.053 0.200 0.204 0.182 
392 UA00062743    (0)   :  0.193 0.040 0.146 0.204 0.259 0.159 
393 UA00063189    (0)   :  0.097 0.087 0.514 0.105 0.109 0.088 
394 UA00035432    (0)   :  0.221 0.048 0.047 0.219 0.186 0.280 
395 UA00007958    (0)   :  0.219 0.044 0.053 0.235 0.244 0.206 
396 UA00013634    (0)   :  0.202 0.037 0.083 0.227 0.272 0.178 
397 UA00048175    (0)   :  0.179 0.022 0.052 0.268 0.286 0.193 
398 UA00003202    (0)   :  0.215 0.059 0.064 0.219 0.222 0.220 
399 UA00035090    (0)   :  0.196 0.070 0.137 0.198 0.181 0.219 
400 UA00064679    (0)   :  0.135 0.078 0.365 0.147 0.153 0.123 
401 UA00039518    (0)   :  0.210 0.060 0.053 0.237 0.233 0.207 
402 UA00058268    (0)   :  0.200 0.069 0.078 0.233 0.236 0.183 
403 UA00049456    (0)   :  0.166 0.273 0.074 0.160 0.145 0.182 
404 UA00049550    (0)   :  0.202 0.044 0.153 0.183 0.152 0.267 
405 UA00048342    (0)   :  0.182 0.199 0.083 0.178 0.176 0.182 
406 UA00063493    (0)   :  0.217 0.038 0.046 0.242 0.226 0.232 
407 UA00058261    (0)   :  0.171 0.045 0.182 0.216 0.227 0.159 
408 UA00014663    (0)   :  0.202 0.073 0.101 0.227 0.240 0.157 
409 UA00048817    (0)   :  0.156 0.243 0.084 0.186 0.198 0.134 
410 UA00049381    (0)   :  0.189 0.041 0.098 0.235 0.258 0.178 
411 UA00035901    (0)   :  0.153 0.074 0.317 0.155 0.169 0.132 
412 UA00013301    (0)   :  0.212 0.073 0.122 0.159 0.116 0.319 
413 UA00047926    (0)   :  0.169 0.105 0.134 0.214 0.227 0.151 
414 UA00007272    (0)   :  0.161 0.078 0.232 0.183 0.213 0.132 
415 UA00016041    (0)   :  0.207 0.111 0.063 0.195 0.170 0.254 
416 UA00013502    (0)   :  0.202 0.034 0.100 0.227 0.217 0.219 
417 UA00002390    (0)   :  0.184 0.175 0.071 0.198 0.223 0.149 
418 UA00034907    (0)   :  0.213 0.049 0.119 0.209 0.221 0.190 
419 UA00048821    (0)   :  0.157 0.190 0.168 0.167 0.174 0.144 
420 UA00002136    (0)   :  0.183 0.190 0.105 0.168 0.146 0.208 
421 UA00011790    (0)   :  0.196 0.073 0.101 0.218 0.244 0.169 
422 UA00021586    (0)   :  0.158 0.255 0.104 0.167 0.169 0.147 
423 UA00033270    (0)   :  0.204 0.072 0.111 0.208 0.217 0.189 
424 UA00048073    (0)   :  0.213 0.078 0.084 0.202 0.202 0.221 
425 UA00048856    (0)   :  0.198 0.064 0.170 0.190 0.203 0.175 
426 UA00049713    (0)   :  0.184 0.063 0.086 0.250 0.247 0.170 
427 UA00046885    (0)   :  0.229 0.073 0.063 0.210 0.207 0.218 
428 UA00034893    (0)   :  0.207 0.055 0.049 0.247 0.222 0.221 
429 UA00048011    (0)   :  0.191 0.032 0.125 0.231 0.236 0.185 
430 UA00015786    (0)   :  0.147 0.115 0.267 0.163 0.171 0.137 
431 UA00013162    (0)   :  0.186 0.065 0.142 0.201 0.254 0.152 
432 UA00049512    (0)   :  0.208 0.093 0.116 0.186 0.173 0.224 
433 UA00004046    (0)   :  0.202 0.035 0.066 0.244 0.275 0.178 
434 UA00048881    (0)   :  0.137 0.194 0.259 0.145 0.146 0.119 
435 UA00046610    (0)   :  0.165 0.184 0.147 0.178 0.193 0.134 
436 UA00033282    (0)   :  0.196 0.098 0.140 0.193 0.194 0.179 
437 UA00047561    (0)   :  0.203 0.051 0.067 0.235 0.273 0.171 
438 UA00013777    (0)   :  0.180 0.044 0.236 0.183 0.216 0.141 
439 UA00062849    (0)   :  0.230 0.061 0.060 0.180 0.147 0.321 
440 UA00049786    (0)   :  0.176 0.033 0.106 0.242 0.269 0.175 
441 UA00033246    (0)   :  0.254 0.040 0.031 0.171 0.104 0.398 
442 UA00045302    (0)   :  0.215 0.087 0.056 0.226 0.239 0.177 
443 UA00048637    (0)   :  0.180 0.045 0.098 0.244 0.260 0.173 
444 UA00049832    (0)   :  0.192 0.219 0.053 0.165 0.140 0.231 
445 UA00022023    (0)   :  0.191 0.165 0.077 0.194 0.227 0.146 
446 UA00050192    (0)   :  0.168 0.264 0.070 0.174 0.194 0.130 
447 UA00050413    (0)   :  0.211 0.065 0.098 0.210 0.210 0.205 
448 UA00013445    (0)   :  0.226 0.034 0.046 0.236 0.264 0.195 
449 UA00035496    (0)   :  0.170 0.065 0.283 0.163 0.167 0.152 
450 UA00003333    (0)   :  0.131 0.135 0.332 0.136 0.156 0.111 
451 UA00064008    (0)   :  0.153 0.045 0.325 0.166 0.182 0.128 
452 UA00003427    (0)   :  0.164 0.235 0.116 0.164 0.176 0.146 
453 UA00028092    (0)   :  0.131 0.296 0.181 0.134 0.131 0.126 
454    pc003    (0)   :  0.065 0.120 0.617 0.068 0.069 0.060 
455 UA00034440    (0)   :  0.222 0.051 0.108 0.184 0.155 0.280 
456 UA00026062    (0)   :  0.187 0.072 0.062 0.226 0.273 0.180 
457 UA00014347    (0)   :  0.203 0.111 0.161 0.174 0.180 0.171 
458 UA00021516    (0)   :  0.196 0.051 0.056 0.256 0.265 0.177 
459 UA00049347    (0)   :  0.134 0.055 0.381 0.152 0.161 0.117 
460 UA00063436    (0)   :  0.135 0.063 0.421 0.115 0.100 0.166 
461 UA00047790    (0)   :  0.206 0.059 0.087 0.226 0.262 0.160 
462 UA00045714    (0)   :  0.136 0.137 0.296 0.154 0.160 0.117 
463 UA00038979    (0)   :  0.204 0.180 0.074 0.159 0.127 0.256 
464 UA00016123    (0)   :  0.179 0.106 0.172 0.187 0.212 0.144 
465 UA00034765    (0)   :  0.062 0.032 0.715 0.068 0.071 0.053 
466 UA00063815    (0)   :  0.085 0.144 0.529 0.080 0.080 0.082 
467 UA00034795    (0)   :  0.223 0.067 0.089 0.183 0.151 0.287 
468 UA00004000    (0)   :  0.076 0.053 0.648 0.075 0.079 0.069 
469 UA00049367    (0)   :  0.209 0.040 0.154 0.182 0.165 0.250 
470 UA00034457    (0)   :  0.216 0.074 0.054 0.228 0.244 0.184 
471 UA00050015    (0)   :  0.215 0.117 0.114 0.172 0.156 0.226 
472 UA00021373    (0)   :  0.204 0.078 0.096 0.210 0.225 0.186 
473 UA00050232    (0)   :  0.078 0.130 0.570 0.076 0.079 0.068 
474 UA00038724    (0)   :  0.198 0.185 0.063 0.181 0.176 0.197 
475 UA00007824    (0)   :  0.172 0.141 0.131 0.189 0.221 0.146 
476 UA00048754    (0)   :  0.188 0.034 0.203 0.194 0.238 0.144 
477 UA00014271    (0)   :  0.201 0.113 0.077 0.208 0.211 0.191 
478 UA00013756    (0)   :  0.165 0.151 0.215 0.139 0.120 0.209 
479 UA00014385    (0)   :  0.127 0.157 0.327 0.137 0.147 0.105 
480 UA00049609    (0)   :  0.233 0.061 0.077 0.187 0.164 0.279 
481 UA00003748    (0)   :  0.142 0.046 0.391 0.143 0.167 0.112 
482 UA00063952    (0)   :  0.155 0.037 0.334 0.165 0.179 0.129 
483 UA00058348    (0)   :  0.108 0.035 0.545 0.104 0.102 0.106 
484 UA00014922    (0)   :  0.064 0.063 0.683 0.064 0.065 0.061 
485 UA00003820    (0)   :  0.192 0.034 0.159 0.210 0.250 0.155 
486 UA00013693    (0)   :  0.173 0.120 0.207 0.179 0.188 0.133 
487 UA00047713    (0)   :  0.078 0.037 0.637 0.086 0.094 0.068 
488 UA00034891    (0)   :  0.139 0.078 0.413 0.125 0.125 0.119 
489 UA00049223    (0)   :  0.145 0.056 0.362 0.148 0.152 0.137 
490 UA00064399    (0)   :  0.048 0.265 0.541 0.050 0.057 0.039 
491 UA00013336    (0)   :  0.057 0.102 0.674 0.056 0.058 0.053 
492 UA00035291    (0)   :  0.064 0.079 0.665 0.065 0.075 0.051 
493 UA00003945    (0)   :  0.079 0.077 0.598 0.086 0.086 0.073 
494 UA00014518    (0)   :  0.105 0.068 0.493 0.118 0.128 0.088 
495 UA00013583    (0)   :  0.091 0.449 0.200 0.087 0.087 0.086 
496 UA00011510    (0)   :  0.112 0.101 0.446 0.120 0.123 0.098 
497 UA00046860    (0)   :  0.141 0.089 0.312 0.162 0.176 0.120 
498 UA00048853    (0)   :  0.117 0.184 0.349 0.123 0.129 0.098 
499 UA00012151    (0)   :  0.064 0.052 0.686 0.069 0.075 0.055 
500 UA00063930    (0)   :  0.109 0.419 0.149 0.098 0.086 0.138 
501 UA00013453    (0)   :  0.142 0.145 0.278 0.150 0.154 0.131 
502 UA00039299    (0)   :  0.051 0.058 0.741 0.052 0.052 0.047 
503 UA00014280    (0)   :  0.042 0.028 0.809 0.040 0.041 0.040 
504 UA00014200    (0)   :  0.097 0.049 0.544 0.112 0.117 0.080 
505 UA00040612    (0)   :  0.052 0.132 0.657 0.055 0.056 0.047 
506 UA00062679    (0)   :  0.051 0.085 0.709 0.053 0.054 0.048 
507 UA00034481    (0)   :  0.075 0.047 0.661 0.074 0.079 0.064 
508 UA00011880    (0)   :  0.153 0.317 0.097 0.124 0.100 0.209 
509 UA00013421    (0)   :  0.048 0.170 0.637 0.050 0.054 0.040 
510 UA00048051    (0)   :  0.037 0.044 0.807 0.038 0.039 0.035 
511 UA00063370    (0)   :  0.042 0.139 0.696 0.043 0.043 0.038 
512 UA00014716    (0)   :  0.051 0.087 0.709 0.051 0.054 0.048 
513 UA00033426    (0)   :  0.096 0.167 0.413 0.119 0.122 0.083 
514 UA00015190    (0)   :  0.053 0.238 0.549 0.057 0.057 0.046 
515 UA00013730    (0)   :  0.215 0.099 0.058 0.212 0.217 0.199 
516 UA00047644    (4)   :  0.100 0.165 0.448 0.099 0.111 0.078 
517 UA00031933    (9)   :  0.203 0.063 0.116 0.217 0.239 0.163 
518 UA00031541    (9)   :  0.117 0.130 0.397 0.121 0.121 0.114 
519   PCO-60    (4)   :  0.196 0.055 0.175 0.199 0.197 0.178 
520 UA00030495    (4)   :  0.188 0.138 0.166 0.168 0.177 0.162 
521 UA00031133    (4)   :  0.257 0.052 0.036 0.165 0.097 0.393 
522 UA00032049    (4)   :  0.153 0.320 0.104 0.145 0.160 0.118 
523 UA00030599    (4)   :  0.225 0.115 0.086 0.148 0.097 0.329 
524 UA00030250    (4)   :  0.209 0.044 0.058 0.243 0.262 0.183 
525 UA00049385    (4)   :  0.205 0.144 0.121 0.157 0.134 0.238 
526 UA00031816    (4)   :  0.266 0.050 0.044 0.158 0.093 0.389 
527 UA00030275    (4)   :  0.186 0.134 0.106 0.199 0.219 0.155 
528 UA00041861    (4)   :  0.195 0.105 0.114 0.202 0.224 0.159 
529 UA00041433    (4)   :  0.221 0.037 0.053 0.244 0.254 0.191 
530  PCO-114    (4)   :  0.186 0.045 0.139 0.226 0.244 0.160 
531 UA00031529    (4)   :  0.216 0.058 0.098 0.212 0.206 0.210 
532 UA00039719    (4)   :  0.186 0.050 0.119 0.231 0.221 0.193 
533  PCO-442    (4)   :  0.199 0.036 0.048 0.253 0.271 0.193 
534   PCO-58    (0)   :  0.172 0.072 0.102 0.236 0.260 0.158 
535 UA00048673    (4)   :  0.198 0.068 0.164 0.196 0.201 0.174 
536   PCO-63    (4)   :  0.209 0.038 0.088 0.222 0.202 0.240 


Estimated Allele Frequencies in each cluster
First column gives estimated ancestral frequencies


Locus 1 : PP01 
2 alleles
0.0% missing data
   1   (0.593) 0.575 0.891 0.327 0.599 0.604 0.568 
   2   (0.407) 0.425 0.109 0.673 0.401 0.396 0.432 

Locus 2 : PP02 
2 alleles
0.0% missing data
   1   (0.914) 0.909 0.992 0.968 0.908 0.915 0.898 
   2   (0.086) 0.091 0.008 0.032 0.092 0.085 0.102 

Locus 3 : PP03 
2 alleles
18.3% missing data
   1   (0.798) 0.770 0.940 0.976 0.796 0.815 0.738 
   2   (0.202) 0.230 0.060 0.024 0.204 0.185 0.262 

Locus 4 : PP04 
2 alleles
0.4% missing data
   1   (0.734) 0.646 0.648 0.965 0.690 0.739 0.577 
   2   (0.266) 0.354 0.352 0.035 0.310 0.261 0.423 

Locus 5 : PP06 
2 alleles
0.0% missing data
   1   (0.630) 0.666 0.655 0.618 0.650 0.623 0.699 
   2   (0.370) 0.334 0.345 0.382 0.350 0.377 0.301 

Locus 6 : PP07 
2 alleles
0.0% missing data
   1   (0.703) 0.648 0.901 0.957 0.684 0.703 0.618 
   2   (0.297) 0.352 0.099 0.043 0.316 0.297 0.382 

Locus 7 : PP09 
2 alleles
0.0% missing data
   1   (0.456) 0.541 0.623 0.055 0.486 0.434 0.603 
   2   (0.544) 0.459 0.377 0.945 0.514 0.566 0.397 

Locus 8 : PP10 
2 alleles
0.0% missing data
   1   (0.185) 0.134 0.429 0.395 0.137 0.156 0.094 
   2   (0.815) 0.866 0.571 0.605 0.863 0.844 0.906 

Locus 9 : PP11 
2 alleles
0.0% missing data
   1   (0.673) 0.714 0.830 0.823 0.671 0.643 0.746 
   2   (0.327) 0.286 0.170 0.177 0.329 0.357 0.254 

Locus 10 : PP12 
2 alleles
0.2% missing data
   1   (0.421) 0.454 0.259 0.094 0.445 0.433 0.465 
   2   (0.579) 0.546 0.741 0.906 0.555 0.567 0.535 

Locus 11 : PP13 
2 alleles
0.0% missing data
   1   (0.174) 0.131 0.520 0.133 0.143 0.159 0.107 
   2   (0.826) 0.869 0.480 0.867 0.857 0.841 0.893 

Locus 12 : PP14 
2 alleles
0.2% missing data
   1   (0.865) 0.888 0.970 0.921 0.856 0.851 0.899 
   2   (0.135) 0.112 0.030 0.079 0.144 0.149 0.101 

Locus 13 : PP15 
2 alleles
0.0% missing data
   1   (0.901) 0.910 0.352 0.932 0.925 0.926 0.916 
   2   (0.099) 0.090 0.648 0.068 0.075 0.074 0.084 

Locus 14 : PP16 
2 alleles
0.0% missing data
   1   (0.489) 0.556 0.426 0.409 0.544 0.497 0.614 
   2   (0.511) 0.444 0.574 0.591 0.456 0.503 0.386 

Locus 15 : PP17 
2 alleles
0.2% missing data
   1   (0.659) 0.641 0.857 0.489 0.649 0.666 0.615 
   2   (0.341) 0.359 0.143 0.511 0.351 0.334 0.385 

Locus 16 : PP18 
2 alleles
0.7% missing data
   1   (0.754) 0.766 0.902 0.925 0.741 0.737 0.769 
   2   (0.246) 0.234 0.098 0.075 0.259 0.263 0.231 

Locus 17 : PP20 
2 alleles
0.0% missing data
   1   (0.628) 0.640 0.655 0.496 0.643 0.650 0.630 
   2   (0.372) 0.360 0.345 0.504 0.357 0.350 0.370 

Locus 18 : PP21 
2 alleles
14.9% missing data
   1   (0.866) 0.833 0.978 0.990 0.857 0.868 0.817 
   2   (0.134) 0.167 0.022 0.010 0.143 0.132 0.183 

Locus 19 : PP22 
2 alleles
1.3% missing data
   1   (0.469) 0.407 0.049 0.107 0.479 0.531 0.351 
   2   (0.531) 0.593 0.951 0.893 0.521 0.469 0.649 

Locus 20 : PP23 
2 alleles
0.7% missing data
   1   (0.646) 0.647 0.734 0.803 0.632 0.626 0.651 
   2   (0.354) 0.353 0.266 0.197 0.368 0.374 0.349 

Locus 21 : PP24 
2 alleles
0.2% missing data
   1   (0.798) 0.827 0.893 0.565 0.839 0.826 0.854 
   2   (0.202) 0.173 0.107 0.435 0.161 0.174 0.146 

Locus 22 : PP25 
2 alleles
0.6% missing data
   1   (0.355) 0.348 0.754 0.474 0.329 0.321 0.352 
   2   (0.645) 0.652 0.246 0.526 0.671 0.679 0.648 

Values of parameters used in structure:
