

----------------------------------------------------
STRUCTURE by Pritchard, Stephens and Donnelly (2000)
     and Falush, Stephens and Pritchard (2003)
       Code by Pritchard, Falush and Hubisz
             Version 2.3.4 (Jul 2012)
----------------------------------------------------



Command line arguments:   structure -K 6 -o outputfile_K6_6 
Input File:    Puma_SNP_genotypes_cut_AZ_final_HWEonly.str

Run parameters:
   536 individuals
   22 loci
   6 populations assumed
   100000 Burn-in period
   500000 Reps


--------------------------------------------
Overall proportion of membership of the
sample in each of the 6 clusters

Inferred Clusters
  1      2      3      4      5      6    
0.170  0.153  0.166  0.171  0.170  0.170  

--------------------------------------------

Allele-freq. divergence among pops (Net nucleotide distance),
computed using point estimates of P.

      1       2       3       4       5       6      
 1      -    0.0609  0.0454  0.0100  0.0021  0.0008  
 2   0.0609     -    0.0733  0.0591  0.0551  0.0584  
 3   0.0454  0.0733     -    0.0585  0.0475  0.0478  
 4   0.0100  0.0591  0.0585     -    0.0031  0.0051  
 5   0.0021  0.0551  0.0475  0.0031     -    0.0003  
 6   0.0008  0.0584  0.0478  0.0051  0.0003     -    

Average distances (expected heterozygosity) between individuals in same cluster:
cluster  1  : 0.3752 
cluster  2  : 0.2952 
cluster  3  : 0.2663 
cluster  4  : 0.3687 
cluster  5  : 0.3794 
cluster  6  : 0.3778 

--------------------------------------------
Estimated Ln Prob of Data   = -13242.7
Mean value of ln likelihood = -12314.2
Variance of ln likelihood   = 1857.1
Mean value of alpha         = 0.2335

Mean value of Fst_1         = 0.0534
Mean value of Fst_2         = 0.2816
Mean value of Fst_3         = 0.2850
Mean value of Fst_4         = 0.1178
Mean value of Fst_5         = 0.0552
Mean value of Fst_6         = 0.0631


Inferred ancestry of individuals:
        Label (%Miss) :  Inferred clusters
  1 UA00063336   (13)   :  0.131 0.443 0.071 0.109 0.125 0.121 
  2 UA00048914    (9)   :  0.190 0.138 0.219 0.119 0.168 0.167 
  3 UA00014769   (13)   :  0.222 0.065 0.026 0.232 0.215 0.240 
  4 UA00008132   (13)   :  0.203 0.138 0.094 0.171 0.197 0.197 
  5 UA00030462   (13)   :  0.150 0.114 0.312 0.124 0.157 0.143 
  6 UA00034866   (13)   :  0.203 0.046 0.197 0.161 0.205 0.188 
  7 UA00034800    (9)   :  0.070 0.639 0.083 0.064 0.073 0.070 
  8  Puco006    (9)   :  0.066 0.082 0.681 0.050 0.061 0.060 
  9 UA00048874    (4)   :  0.101 0.549 0.097 0.067 0.092 0.093 
 10 UA00049060    (9)   :  0.214 0.125 0.052 0.185 0.209 0.215 
 11 UA00033413    (9)   :  0.133 0.047 0.074 0.347 0.213 0.186 
 12  Puco021    (9)   :  0.095 0.164 0.040 0.351 0.193 0.158 
 13  Puco026    (9)   :  0.184 0.133 0.043 0.233 0.211 0.196 
 14  Puco008    (9)   :  0.136 0.300 0.220 0.096 0.123 0.124 
 15   M01301    (9)   :  0.135 0.036 0.133 0.313 0.200 0.182 
 16   M06306    (9)   :  0.104 0.505 0.037 0.124 0.119 0.110 
 17 UA00032185    (9)   :  0.177 0.115 0.134 0.190 0.197 0.188 
 18 UA00030792    (9)   :  0.027 0.858 0.034 0.027 0.027 0.027 
 19 UA00031647    (9)   :  0.160 0.306 0.138 0.110 0.147 0.139 
 20 UA00031979    (9)   :  0.207 0.104 0.119 0.169 0.200 0.201 
 21  Puco016    (9)   :  0.197 0.053 0.319 0.108 0.158 0.164 
 22  Puco010    (9)   :  0.176 0.084 0.075 0.248 0.217 0.199 
 23    M1035    (9)   :  0.227 0.175 0.040 0.154 0.198 0.205 
 24 UA00034601    (9)   :  0.163 0.145 0.173 0.177 0.178 0.164 
 25 UA00050388    (9)   :  0.182 0.158 0.113 0.178 0.191 0.177 
 26 UA00048699    (9)   :  0.145 0.050 0.459 0.094 0.123 0.127 
 27 UA00064058    (9)   :  0.249 0.109 0.045 0.173 0.204 0.220 
 28 UA00033981    (9)   :  0.118 0.099 0.084 0.334 0.197 0.168 
 29   F05033    (9)   :  0.200 0.066 0.053 0.242 0.221 0.217 
 30 UA00048520    (4)   :  0.126 0.268 0.129 0.180 0.155 0.143 
 31 UA00048422    (4)   :  0.041 0.782 0.039 0.050 0.045 0.043 
 32    PucoB    (4)   :  0.176 0.087 0.032 0.279 0.222 0.204 
 33 UA00047393    (4)   :  0.200 0.253 0.057 0.131 0.177 0.184 
 34 UA00064521    (4)   :  0.168 0.083 0.287 0.140 0.169 0.153 
 35 UA00003043    (4)   :  0.225 0.042 0.208 0.142 0.183 0.200 
 36 UA00063025    (4)   :  0.123 0.290 0.185 0.141 0.138 0.123 
 37 UA00063826    (4)   :  0.170 0.092 0.052 0.275 0.219 0.191 
 38   F07407    (4)   :  0.101 0.302 0.047 0.248 0.161 0.141 
 39 UA00021658    (4)   :  0.213 0.078 0.071 0.202 0.225 0.210 
 40 UA00003794    (4)   :  0.117 0.275 0.060 0.230 0.167 0.151 
 41 UA00041322    (4)   :  0.206 0.159 0.114 0.143 0.193 0.185 
 42 UA00063316    (4)   :  0.171 0.172 0.162 0.158 0.177 0.160 
 43 UA00047705    (4)   :  0.170 0.126 0.117 0.204 0.206 0.177 
 44 UA00033904    (4)   :  0.121 0.495 0.068 0.094 0.113 0.109 
 45 UA00048100    (4)   :  0.195 0.056 0.094 0.238 0.213 0.204 
 46 UA00032212    (4)   :  0.140 0.321 0.132 0.133 0.142 0.133 
 47 UA00031574    (4)   :  0.044 0.745 0.066 0.051 0.048 0.046 
 48 UA00031228    (4)   :  0.037 0.804 0.053 0.033 0.036 0.036 
 49 UA00047707    (4)   :  0.280 0.031 0.053 0.162 0.214 0.260 
 50 UA00030906    (4)   :  0.026 0.851 0.048 0.025 0.026 0.025 
 51 UA00041567    (4)   :  0.133 0.095 0.103 0.288 0.204 0.178 
 52 UA00007624    (4)   :  0.197 0.037 0.054 0.266 0.231 0.215 
 53 UA00034514    (4)   :  0.233 0.064 0.085 0.195 0.206 0.216 
 54 UA00030480    (4)   :  0.218 0.233 0.054 0.126 0.189 0.180 
 55  Puco012    (4)   :  0.232 0.066 0.111 0.168 0.208 0.215 
 56 UA00038677    (9)   :  0.145 0.197 0.189 0.165 0.157 0.148 
 57 UA00048275    (4)   :  0.172 0.063 0.074 0.274 0.223 0.195 
 58 UA00064055    (4)   :  0.262 0.074 0.100 0.139 0.200 0.225 
 59  Puco009    (4)   :  0.186 0.046 0.283 0.133 0.169 0.182 
 60 UA00064561    (4)   :  0.270 0.040 0.098 0.155 0.193 0.244 
 61 UA00003479    (4)   :  0.241 0.054 0.119 0.168 0.193 0.225 
 62 UA00063747    (4)   :  0.223 0.031 0.087 0.232 0.206 0.222 
 63 UA00002558    (4)   :  0.156 0.051 0.272 0.178 0.175 0.167 
 64 UA00048410    (4)   :  0.205 0.034 0.272 0.126 0.173 0.190 
 65 UA00012249    (4)   :  0.272 0.037 0.150 0.136 0.182 0.224 
 66 UA00033818    (4)   :  0.075 0.578 0.084 0.094 0.089 0.080 
 67  Puco020    (4)   :  0.205 0.185 0.116 0.131 0.171 0.190 
 68 UA00002545    (9)   :  0.266 0.111 0.058 0.144 0.189 0.232 
 69 UA00048508    (4)   :  0.242 0.053 0.069 0.184 0.217 0.235 
 70 UA00064100    (4)   :  0.224 0.099 0.087 0.169 0.217 0.204 
 71 UA00014585    (4)   :  0.242 0.068 0.102 0.166 0.207 0.215 
 72 UA00063698    (4)   :  0.101 0.163 0.414 0.111 0.108 0.103 
 73 UA00049753    (4)   :  0.126 0.501 0.038 0.098 0.122 0.114 
 74 UA00049037    (4)   :  0.241 0.095 0.051 0.188 0.208 0.218 
 75 UA00034941    (4)   :  0.181 0.149 0.132 0.184 0.187 0.167 
 76 UA00008083    (4)   :  0.084 0.074 0.595 0.080 0.084 0.082 
 77 UA00015084    (4)   :  0.096 0.224 0.367 0.110 0.107 0.096 
 78 UA00041010    (9)   :  0.071 0.343 0.402 0.052 0.066 0.066 
 79 UA00035261    (4)   :  0.144 0.299 0.150 0.127 0.143 0.139 
 80 UA00035431    (4)   :  0.171 0.034 0.108 0.262 0.221 0.204 
 81 UA00045274    (0)   :  0.159 0.139 0.146 0.202 0.184 0.170 
 82 UA00028200    (4)   :  0.105 0.424 0.171 0.096 0.104 0.100 
 83 UA00064559    (0)   :  0.032 0.822 0.038 0.038 0.035 0.035 
 84 UA00040808    (0)   :  0.115 0.459 0.150 0.072 0.100 0.104 
 85 UA00049156    (0)   :  0.099 0.469 0.155 0.087 0.096 0.093 
 86 UA00003952    (4)   :  0.104 0.050 0.609 0.067 0.083 0.087 
 87 UA00063954    (0)   :  0.177 0.275 0.053 0.141 0.183 0.170 
 88 UA00062934    (0)   :  0.153 0.328 0.093 0.129 0.155 0.142 
 89 UA00033829    (0)   :  0.060 0.553 0.211 0.056 0.062 0.058 
 90 UA00064351    (4)   :  0.106 0.069 0.135 0.330 0.201 0.161 
 91 UA00003697    (4)   :  0.085 0.115 0.549 0.079 0.088 0.083 
 92 UA00063438    (4)   :  0.149 0.320 0.121 0.116 0.149 0.144 
 93 UA00007608    (0)   :  0.115 0.321 0.214 0.114 0.123 0.114 
 94 UA00019683    (4)   :  0.075 0.478 0.045 0.178 0.121 0.103 
 95 UA00007781    (0)   :  0.187 0.077 0.097 0.225 0.221 0.194 
 96 UA00002915    (0)   :  0.153 0.368 0.120 0.099 0.131 0.129 
 97  Puco031    (4)   :  0.252 0.076 0.095 0.149 0.205 0.223 
 98 UA00048280    (4)   :  0.156 0.068 0.127 0.262 0.204 0.183 
 99 UA00048589    (0)   :  0.162 0.141 0.069 0.247 0.198 0.184 
100 UA00034417    (0)   :  0.187 0.175 0.184 0.123 0.162 0.169 
101 UA00050411    (4)   :  0.283 0.032 0.053 0.178 0.207 0.248 
102  Puco029    (4)   :  0.200 0.059 0.026 0.261 0.230 0.224 
103   F03403    (4)   :  0.119 0.035 0.066 0.373 0.219 0.188 
104 UA00049904    (0)   :  0.139 0.246 0.077 0.198 0.181 0.158 
105 UA00035335    (0)   :  0.220 0.045 0.022 0.243 0.224 0.245 
106 UA00012611    (0)   :  0.239 0.073 0.052 0.194 0.219 0.225 
107 UA00050319    (0)   :  0.108 0.036 0.039 0.411 0.221 0.186 
108 UA00032068    (4)   :  0.215 0.186 0.042 0.161 0.198 0.199 
109 UA00032026    (4)   :  0.220 0.138 0.059 0.164 0.211 0.208 
110 UA00030476    (4)   :  0.096 0.123 0.034 0.379 0.204 0.164 
111 UA00046853    (0)   :  0.113 0.110 0.057 0.338 0.208 0.173 
112 UA00040156    (4)   :  0.026 0.863 0.033 0.026 0.026 0.026 
113 UA00030528    (4)   :  0.193 0.302 0.049 0.108 0.171 0.176 
114  Puco025    (4)   :  0.250 0.048 0.043 0.189 0.217 0.253 
115    pc016    (0)   :  0.026 0.863 0.034 0.025 0.026 0.026 
116 UA00030617    (4)   :  0.255 0.034 0.035 0.199 0.224 0.254 
117 UA00030585    (4)   :  0.038 0.775 0.052 0.050 0.044 0.041 
118 UA00032060    (4)   :  0.150 0.313 0.051 0.163 0.165 0.156 
119    pc007    (0)   :  0.141 0.094 0.067 0.300 0.216 0.181 
120 UA00030798    (4)   :  0.052 0.763 0.035 0.048 0.050 0.051 
121 UA00030778    (4)   :  0.287 0.032 0.040 0.164 0.224 0.253 
122 UA00039674    (4)   :  0.033 0.840 0.033 0.029 0.032 0.032 
123 UA00032241    (4)   :  0.190 0.034 0.039 0.279 0.236 0.222 
124 UA00011624    (0)   :  0.240 0.056 0.060 0.202 0.212 0.230 
125 UA00033779    (4)   :  0.106 0.045 0.058 0.398 0.214 0.180 
126 UA00049402    (4)   :  0.228 0.071 0.234 0.122 0.168 0.178 
127 UA00033653    (0)   :  0.089 0.039 0.052 0.423 0.220 0.177 
128 UA00047738    (0)   :  0.169 0.121 0.134 0.193 0.198 0.184 
129 UA00047502    (4)   :  0.178 0.100 0.285 0.113 0.163 0.161 
130 UA00012014    (4)   :  0.247 0.084 0.087 0.151 0.211 0.219 
131 UA00040729    (0)   :  0.171 0.088 0.050 0.266 0.221 0.204 
132 UA00030392    (4)   :  0.241 0.059 0.043 0.188 0.227 0.242 
133 UA00050033    (0)   :  0.209 0.096 0.058 0.215 0.212 0.210 
134 UA00012152    (0)   :  0.140 0.035 0.503 0.087 0.111 0.125 
135 UA00050406    (0)   :  0.234 0.086 0.075 0.175 0.217 0.214 
136 UA00047973    (0)   :  0.201 0.059 0.068 0.238 0.223 0.211 
137 UA00008051    (0)   :  0.163 0.172 0.151 0.161 0.178 0.175 
138 UA00047337    (4)   :  0.162 0.280 0.062 0.161 0.171 0.164 
139 UA00041604    (4)   :  0.178 0.156 0.141 0.159 0.188 0.178 
140 UA00031704    (4)   :  0.280 0.041 0.032 0.185 0.214 0.249 
141 UA00040423    (4)   :  0.230 0.153 0.056 0.156 0.197 0.208 
142 UA00049433    (0)   :  0.222 0.118 0.163 0.130 0.176 0.191 
143 UA00034816    (0)   :  0.239 0.054 0.140 0.153 0.188 0.225 
144 UA00050214    (0)   :  0.279 0.044 0.038 0.167 0.203 0.269 
145 UA00041073    (0)   :  0.200 0.096 0.137 0.178 0.196 0.194 
146 UA00030318    (4)   :  0.241 0.047 0.100 0.182 0.201 0.228 
147 UA00046845    (0)   :  0.228 0.074 0.177 0.134 0.182 0.206 
148 UA00063946    (0)   :  0.084 0.071 0.046 0.416 0.212 0.170 
149 UA00031374    (4)   :  0.219 0.070 0.108 0.175 0.205 0.223 
150    M1136    (4)   :  0.169 0.368 0.057 0.107 0.145 0.153 
151 UA00034299    (0)   :  0.270 0.055 0.057 0.159 0.198 0.262 
152 UA00002387    (4)   :  0.269 0.036 0.111 0.145 0.195 0.245 
153 UA00021855    (0)   :  0.179 0.087 0.091 0.237 0.211 0.195 
154 UA00014500    (0)   :  0.258 0.090 0.052 0.162 0.214 0.223 
155 UA00050419    (4)   :  0.272 0.035 0.053 0.176 0.206 0.258 
156 UA00031854    (4)   :  0.199 0.067 0.144 0.194 0.197 0.198 
157    pc011    (4)   :  0.290 0.041 0.069 0.155 0.192 0.253 
158 UA00033004    (0)   :  0.251 0.117 0.077 0.146 0.188 0.222 
159 UA00046510    (0)   :  0.215 0.052 0.209 0.139 0.189 0.196 
160 UA00048747    (0)   :  0.262 0.054 0.105 0.148 0.200 0.231 
161 UA00014293    (0)   :  0.297 0.043 0.072 0.149 0.197 0.242 
162 UA00047686    (0)   :  0.190 0.106 0.251 0.116 0.164 0.172 
163 UA00033783    (4)   :  0.089 0.375 0.154 0.158 0.119 0.106 
164 UA00042609    (4)   :  0.177 0.100 0.324 0.109 0.140 0.150 
165 UA00031169    (4)   :  0.282 0.052 0.045 0.154 0.202 0.265 
166 UA00035181    (0)   :  0.227 0.027 0.046 0.251 0.224 0.225 
167 UA00050133    (0)   :  0.241 0.072 0.090 0.167 0.205 0.225 
168  Puco011    (4)   :  0.285 0.066 0.081 0.145 0.188 0.235 
169 UA00041476    (0)   :  0.221 0.100 0.141 0.141 0.190 0.208 
170 UA00046702    (0)   :  0.280 0.044 0.050 0.161 0.208 0.256 
171 UA00019940    (0)   :  0.212 0.092 0.107 0.175 0.202 0.212 
172 UA00049813    (0)   :  0.169 0.091 0.063 0.265 0.211 0.200 
173 UA00064165    (0)   :  0.119 0.087 0.459 0.102 0.117 0.117 
174 UA00064421    (0)   :  0.174 0.033 0.354 0.120 0.160 0.159 
175 UA00064569    (4)   :  0.245 0.033 0.053 0.203 0.223 0.243 
176 UA00003996    (0)   :  0.209 0.069 0.239 0.125 0.170 0.189 
177 UA00064491    (4)   :  0.228 0.042 0.104 0.187 0.203 0.236 
178 UA00011899    (0)   :  0.237 0.087 0.055 0.183 0.217 0.222 
179  Puco015    (4)   :  0.209 0.195 0.077 0.144 0.184 0.191 
180 UA00047929    (4)   :  0.173 0.056 0.034 0.299 0.226 0.213 
181 UA00056669    (0)   :  0.233 0.054 0.123 0.166 0.209 0.215 
182 UA00050176    (0)   :  0.220 0.105 0.140 0.151 0.189 0.196 
183  Puco014    (4)   :  0.178 0.085 0.122 0.229 0.198 0.187 
184 UA00019608    (0)   :  0.256 0.058 0.122 0.143 0.197 0.224 
185 UA00064333    (0)   :  0.260 0.062 0.081 0.151 0.204 0.243 
186  Puco013    (4)   :  0.206 0.067 0.236 0.138 0.177 0.177 
187 UA00016092    (0)   :  0.264 0.032 0.038 0.192 0.217 0.258 
188 UA00019060    (0)   :  0.088 0.162 0.504 0.073 0.086 0.087 
189 UA00063532    (0)   :  0.207 0.103 0.110 0.184 0.203 0.193 
190 UA00064117    (0)   :  0.113 0.284 0.305 0.086 0.105 0.106 
191 UA00011969    (0)   :  0.194 0.103 0.128 0.186 0.199 0.191 
192 UA00034586    (4)   :  0.205 0.051 0.050 0.245 0.232 0.217 
193 UA00030736    (4)   :  0.248 0.081 0.061 0.169 0.217 0.224 
194 UA00048493    (0)   :  0.226 0.117 0.072 0.168 0.204 0.212 
195 UA00040466    (0)   :  0.073 0.046 0.691 0.059 0.065 0.066 
196 UA00047659    (0)   :  0.236 0.050 0.086 0.188 0.223 0.217 
197 UA00042002    (4)   :  0.146 0.320 0.083 0.155 0.153 0.142 
198 UA00062606    (0)   :  0.202 0.087 0.208 0.143 0.175 0.185 
199 UA00030615    (4)   :  0.069 0.037 0.698 0.062 0.068 0.066 
200 UA00048899    (0)   :  0.234 0.071 0.088 0.179 0.216 0.212 
201 UA00047725    (0)   :  0.029 0.035 0.849 0.028 0.030 0.029 
202 UA00030866    (4)   :  0.238 0.065 0.140 0.152 0.200 0.205 
203 UA00034564    (0)   :  0.265 0.068 0.098 0.141 0.204 0.223 
204 UA00046520    (0)   :  0.102 0.040 0.050 0.408 0.219 0.181 
205 UA00035027    (0)   :  0.191 0.107 0.154 0.183 0.191 0.175 
206 UA00035421    (0)   :  0.171 0.048 0.392 0.101 0.133 0.154 
207 UA00062740    (4)   :  0.188 0.151 0.205 0.130 0.168 0.158 
208 UA00012360    (0)   :  0.061 0.041 0.723 0.053 0.061 0.060 
209 UA00050203    (0)   :  0.214 0.075 0.064 0.213 0.221 0.212 
210 UA00040534    (4)   :  0.107 0.258 0.363 0.077 0.099 0.095 
211 UA00031261    (4)   :  0.086 0.160 0.543 0.059 0.077 0.075 
212 UA00031917    (4)   :  0.103 0.280 0.365 0.067 0.093 0.092 
213 UA00040798    (4)   :  0.109 0.106 0.417 0.129 0.123 0.115 
214 UA00030598    (4)   :  0.135 0.105 0.373 0.119 0.138 0.129 
215 UA00050385    (0)   :  0.246 0.074 0.134 0.141 0.195 0.210 
216 UA00058283    (0)   :  0.046 0.082 0.730 0.048 0.048 0.046 
217 UA00042297    (4)   :  0.104 0.397 0.168 0.115 0.111 0.104 
218 UA00015415    (4)   :  0.052 0.038 0.775 0.040 0.047 0.048 
219 UA00035531    (0)   :  0.080 0.126 0.594 0.059 0.069 0.072 
220 UA00048683    (0)   :  0.096 0.049 0.608 0.072 0.086 0.089 
221 UA00046734    (4)   :  0.058 0.052 0.732 0.049 0.055 0.054 
222   pcRF01    (0)   :  0.300 0.025 0.049 0.156 0.201 0.268 
223 UA00007223    (0)   :  0.197 0.114 0.257 0.114 0.155 0.163 
224 UA00013841    (0)   :  0.187 0.237 0.049 0.156 0.187 0.184 
225 UA00014196    (0)   :  0.086 0.088 0.612 0.059 0.076 0.079 
226 UA00034635    (0)   :  0.239 0.052 0.080 0.182 0.224 0.222 
227 UA00047371    (0)   :  0.143 0.307 0.085 0.162 0.160 0.144 
228 UA00063544    (0)   :  0.140 0.290 0.084 0.172 0.160 0.154 
229 UA00064246    (0)   :  0.151 0.135 0.224 0.174 0.162 0.154 
230 UA00064328    (0)   :  0.166 0.154 0.243 0.125 0.156 0.157 
231 UA00002952    (0)   :  0.151 0.202 0.268 0.106 0.140 0.133 
232 UA00064079    (0)   :  0.181 0.214 0.103 0.146 0.182 0.174 
233 UA00046793    (0)   :  0.156 0.203 0.286 0.096 0.128 0.131 
234 UA00034769    (0)   :  0.084 0.471 0.124 0.122 0.106 0.093 
235 UA00034949    (0)   :  0.187 0.098 0.310 0.100 0.146 0.158 
236 UA00063753    (0)   :  0.103 0.142 0.135 0.287 0.182 0.151 
237 UA00015713    (0)   :  0.148 0.239 0.064 0.215 0.178 0.157 
238 UA00003494    (0)   :  0.220 0.124 0.178 0.119 0.163 0.196 
239 UA00056767    (0)   :  0.109 0.026 0.043 0.407 0.228 0.187 
240 UA00014461    (0)   :  0.179 0.118 0.265 0.127 0.152 0.159 
241 UA00034669    (0)   :  0.115 0.179 0.382 0.101 0.117 0.106 
242 UA00048164    (0)   :  0.188 0.049 0.270 0.148 0.168 0.177 
243 UA00007974    (0)   :  0.125 0.136 0.072 0.293 0.204 0.170 
244 UA00016166    (0)   :  0.167 0.352 0.071 0.103 0.148 0.158 
245 UA00015653    (0)   :  0.126 0.344 0.205 0.092 0.121 0.112 
246 UA00063882    (0)   :  0.131 0.145 0.399 0.090 0.117 0.118 
247 UA00049027    (0)   :  0.124 0.364 0.120 0.134 0.135 0.125 
248 UA00018878    (0)   :  0.115 0.376 0.055 0.176 0.149 0.129 
249 UA00038796    (0)   :  0.140 0.081 0.388 0.123 0.142 0.127 
250 UA00013465    (0)   :  0.079 0.071 0.619 0.073 0.080 0.078 
251 UA00014604    (0)   :  0.139 0.147 0.269 0.152 0.156 0.138 
252 UA00041913    (0)   :  0.098 0.319 0.086 0.221 0.151 0.125 
253 UA00021632    (0)   :  0.087 0.559 0.100 0.076 0.092 0.086 
254 UA00064027    (0)   :  0.176 0.207 0.156 0.124 0.176 0.161 
255 UA00015023    (0)   :  0.216 0.064 0.187 0.141 0.184 0.208 
256 UA00050243    (0)   :  0.168 0.344 0.083 0.109 0.149 0.147 
257 UA00048298    (0)   :  0.216 0.110 0.103 0.172 0.197 0.202 
258 UA00050437    (0)   :  0.172 0.088 0.292 0.124 0.162 0.162 
259 UA00014262    (0)   :  0.187 0.225 0.102 0.136 0.171 0.179 
260 UA00049129    (0)   :  0.171 0.131 0.066 0.238 0.206 0.189 
261 UA00014740    (0)   :  0.156 0.120 0.119 0.235 0.195 0.176 
262 UA00049612    (0)   :  0.060 0.640 0.100 0.070 0.067 0.063 
263 UA00014635    (0)   :  0.114 0.036 0.047 0.383 0.229 0.189 
264 UA00014673    (0)   :  0.127 0.240 0.242 0.125 0.137 0.128 
265 UA00033608    (0)   :  0.094 0.458 0.105 0.128 0.113 0.102 
266 UA00064540    (0)   :  0.120 0.067 0.120 0.324 0.200 0.169 
267 UA00050256    (0)   :  0.161 0.250 0.198 0.107 0.146 0.138 
268 UA00015274    (0)   :  0.235 0.068 0.114 0.161 0.200 0.222 
269 UA00062993    (0)   :  0.181 0.037 0.120 0.254 0.217 0.190 
270 UA00038364    (0)   :  0.161 0.175 0.110 0.198 0.188 0.168 
271 UA00014446    (0)   :  0.237 0.045 0.065 0.196 0.234 0.221 
272 UA00063545    (0)   :  0.084 0.513 0.176 0.067 0.082 0.078 
273 UA00040054    (0)   :  0.243 0.107 0.046 0.161 0.206 0.237 
274 UA00058447    (0)   :  0.190 0.084 0.064 0.246 0.218 0.199 
275 UA00046835    (0)   :  0.173 0.067 0.068 0.281 0.216 0.194 
276 UA00014608    (0)   :  0.212 0.063 0.098 0.209 0.217 0.200 
277    pc012    (0)   :  0.188 0.110 0.151 0.173 0.197 0.182 
278    pc002    (0)   :  0.122 0.436 0.098 0.101 0.127 0.116 
279 UA00033690    (0)   :  0.088 0.273 0.062 0.280 0.164 0.134 
280 UA00013688    (0)   :  0.200 0.090 0.142 0.181 0.201 0.186 
281 UA00063666    (0)   :  0.090 0.144 0.030 0.372 0.203 0.161 
282 UA00063292    (0)   :  0.100 0.043 0.042 0.416 0.223 0.176 
283    pc001    (0)   :  0.208 0.077 0.123 0.185 0.209 0.199 
284    pc008    (0)   :  0.170 0.086 0.086 0.255 0.211 0.193 
285 UA00034316    (0)   :  0.150 0.242 0.227 0.103 0.139 0.139 
286 UA00013046    (0)   :  0.197 0.055 0.036 0.264 0.222 0.226 
287 UA00050241    (0)   :  0.139 0.056 0.029 0.342 0.236 0.197 
288 UA00048599    (0)   :  0.166 0.043 0.050 0.320 0.224 0.198 
289 UA00046649    (0)   :  0.119 0.463 0.054 0.122 0.124 0.117 
290 UA00015674    (0)   :  0.073 0.520 0.086 0.133 0.099 0.089 
291 UA00013177    (0)   :  0.124 0.156 0.147 0.243 0.175 0.156 
292 UA00012814    (0)   :  0.233 0.076 0.106 0.173 0.198 0.215 
293 UA00034654    (0)   :  0.227 0.051 0.053 0.211 0.231 0.227 
294 UA00046743    (0)   :  0.147 0.053 0.057 0.329 0.215 0.199 
295 UA00014854    (0)   :  0.117 0.220 0.029 0.282 0.188 0.164 
296 UA00013729    (0)   :  0.246 0.077 0.074 0.162 0.210 0.231 
297 UA00063483    (0)   :  0.183 0.063 0.045 0.278 0.228 0.203 
298 UA00039326    (0)   :  0.159 0.208 0.060 0.207 0.187 0.179 
299 UA00014742    (0)   :  0.146 0.062 0.040 0.325 0.229 0.197 
300 UA00049597    (0)   :  0.097 0.513 0.026 0.139 0.119 0.107 
301 UA00048067    (0)   :  0.137 0.168 0.103 0.244 0.190 0.158 
302 UA00012918    (0)   :  0.084 0.283 0.030 0.292 0.172 0.139 
303 UA00013487    (0)   :  0.304 0.036 0.032 0.159 0.198 0.271 
304 UA00046759    (0)   :  0.145 0.176 0.227 0.148 0.158 0.145 
305 UA00050164    (0)   :  0.097 0.607 0.060 0.066 0.084 0.085 
306 UA00049839    (0)   :  0.148 0.051 0.073 0.316 0.216 0.196 
307 UA00048444    (0)   :  0.070 0.117 0.046 0.409 0.202 0.156 
308 UA00063857    (0)   :  0.180 0.081 0.032 0.276 0.222 0.208 
309 UA00014921    (0)   :  0.099 0.519 0.033 0.127 0.115 0.108 
310 UA00048895    (0)   :  0.107 0.468 0.067 0.128 0.122 0.109 
311 UA00014556    (0)   :  0.181 0.075 0.214 0.164 0.187 0.179 
312    pc009    (0)   :  0.097 0.046 0.027 0.425 0.226 0.179 
313 UA00014959    (0)   :  0.090 0.523 0.044 0.130 0.112 0.102 
314 UA00020709    (0)   :  0.187 0.186 0.071 0.180 0.191 0.185 
315 UA00013126    (0)   :  0.035 0.809 0.041 0.041 0.038 0.037 
316 UA00013695    (0)   :  0.048 0.763 0.040 0.048 0.051 0.050 
317 UA00049344    (0)   :  0.099 0.548 0.067 0.087 0.103 0.096 
318 UA00047614    (0)   :  0.051 0.669 0.126 0.051 0.053 0.050 
319 UA00014221    (0)   :  0.133 0.025 0.036 0.379 0.232 0.194 
320 UA00014346    (0)   :  0.116 0.087 0.084 0.330 0.210 0.174 
321 UA00014245    (0)   :  0.118 0.340 0.043 0.199 0.156 0.144 
322 UA00014696    (0)   :  0.045 0.777 0.061 0.034 0.041 0.041 
323 UA00006991    (0)   :  0.242 0.054 0.119 0.154 0.218 0.213 
324 UA00048948    (0)   :  0.222 0.071 0.101 0.180 0.214 0.212 
325 UA00002239    (0)   :  0.246 0.079 0.121 0.140 0.197 0.217 
326 UA00063459    (0)   :  0.101 0.069 0.030 0.400 0.222 0.179 
327 UA00048356    (0)   :  0.151 0.090 0.167 0.236 0.190 0.166 
328 UA00063940    (0)   :  0.210 0.075 0.150 0.157 0.202 0.205 
329 UA00048130    (0)   :  0.140 0.051 0.066 0.335 0.222 0.186 
330 UA00048903    (0)   :  0.231 0.032 0.038 0.235 0.224 0.241 
331 UA00064643    (0)   :  0.198 0.094 0.098 0.193 0.205 0.212 
332 UA00050233    (0)   :  0.204 0.052 0.127 0.206 0.208 0.203 
333 UA00012507    (0)   :  0.208 0.044 0.231 0.140 0.186 0.190 
334 UA00064416    (0)   :  0.269 0.044 0.059 0.164 0.215 0.250 
335 UA00034724    (0)   :  0.210 0.050 0.084 0.228 0.217 0.211 
336 UA00002621    (0)   :  0.212 0.046 0.051 0.253 0.218 0.220 
337 UA00033203    (0)   :  0.272 0.069 0.054 0.150 0.199 0.255 
338 UA00011996    (0)   :  0.223 0.103 0.046 0.189 0.224 0.215 
339 UA00014408    (0)   :  0.174 0.064 0.346 0.112 0.149 0.155 
340 UA00049502    (0)   :  0.182 0.052 0.173 0.211 0.198 0.184 
341 UA00062695    (0)   :  0.137 0.134 0.101 0.263 0.195 0.171 
342 UA00014072    (0)   :  0.141 0.078 0.067 0.322 0.209 0.182 
343 UA00003334    (0)   :  0.169 0.052 0.040 0.301 0.225 0.212 
344 UA00013835    (0)   :  0.183 0.110 0.075 0.217 0.223 0.193 
345 UA00046760    (0)   :  0.147 0.251 0.055 0.207 0.179 0.160 
346 UA00014241    (0)   :  0.225 0.046 0.074 0.218 0.215 0.222 
347 UA00049585    (0)   :  0.182 0.055 0.033 0.291 0.236 0.203 
348 UA00013409    (0)   :  0.104 0.073 0.199 0.294 0.177 0.153 
349 UA00047548    (0)   :  0.244 0.067 0.037 0.187 0.231 0.235 
350 UA00049038    (0)   :  0.110 0.385 0.125 0.134 0.127 0.119 
351 UA00047612    (0)   :  0.223 0.053 0.092 0.194 0.227 0.212 
352 UA00014822    (0)   :  0.115 0.369 0.180 0.107 0.119 0.110 
353 UA00035299    (0)   :  0.232 0.073 0.071 0.172 0.221 0.231 
354 UA00012804    (0)   :  0.134 0.404 0.082 0.121 0.136 0.122 
355 UA00049578    (0)   :  0.179 0.060 0.193 0.182 0.200 0.186 
356 UA00047672    (0)   :  0.280 0.043 0.067 0.146 0.195 0.269 
357 UA00043961    (0)   :  0.066 0.619 0.089 0.082 0.074 0.070 
358 UA00064575    (0)   :  0.137 0.068 0.255 0.212 0.173 0.155 
359 UA00014732    (0)   :  0.243 0.043 0.100 0.173 0.216 0.225 
360 UA00050181    (0)   :  0.266 0.033 0.095 0.161 0.214 0.232 
361 UA00033369    (0)   :  0.174 0.308 0.102 0.111 0.151 0.155 
362 UA00011982    (0)   :  0.273 0.031 0.029 0.171 0.214 0.282 
363 UA00014590    (0)   :  0.224 0.147 0.093 0.140 0.192 0.205 
364 UA00047743    (0)   :  0.265 0.048 0.042 0.159 0.222 0.264 
365 UA00046621    (0)   :  0.276 0.041 0.031 0.173 0.214 0.265 
366 UA00050422    (0)   :  0.205 0.056 0.182 0.161 0.199 0.197 
367 UA00002760    (0)   :  0.193 0.125 0.059 0.217 0.207 0.200 
368 UA00012999    (0)   :  0.228 0.166 0.051 0.153 0.201 0.201 
369 UA00063838    (0)   :  0.203 0.045 0.063 0.234 0.224 0.230 
370 UA00003729    (0)   :  0.113 0.244 0.215 0.162 0.141 0.125 
371 UA00015348    (0)   :  0.117 0.100 0.085 0.318 0.211 0.169 
372 UA00019058    (0)   :  0.109 0.068 0.131 0.323 0.200 0.169 
373 UA00049549    (0)   :  0.075 0.156 0.031 0.385 0.198 0.155 
374 UA00014334    (0)   :  0.233 0.078 0.146 0.143 0.191 0.209 
375 UA00014350    (0)   :  0.297 0.025 0.025 0.169 0.201 0.283 
376 UA00049227    (0)   :  0.182 0.262 0.132 0.111 0.161 0.153 
377 UA00014051    (0)   :  0.231 0.034 0.200 0.137 0.182 0.216 
378 UA00034381    (0)   :  0.203 0.060 0.138 0.201 0.198 0.201 
379 UA00002354    (0)   :  0.285 0.036 0.042 0.170 0.208 0.259 
380 UA00049892    (0)   :  0.168 0.128 0.037 0.252 0.212 0.202 
381 UA00021989    (0)   :  0.228 0.036 0.082 0.214 0.213 0.226 
382 UA00048968    (0)   :  0.248 0.048 0.085 0.174 0.207 0.237 
383 UA00013174    (0)   :  0.252 0.067 0.089 0.161 0.199 0.232 
384 UA00033992    (0)   :  0.208 0.254 0.050 0.130 0.176 0.182 
385 UA00015801    (0)   :  0.269 0.025 0.028 0.182 0.223 0.273 
386 UA00063303    (0)   :  0.122 0.325 0.085 0.181 0.152 0.136 
387 UA00050206    (0)   :  0.114 0.028 0.047 0.394 0.227 0.190 
388 UA00014458    (0)   :  0.185 0.127 0.098 0.204 0.193 0.192 
389 UA00007204    (0)   :  0.145 0.087 0.046 0.310 0.221 0.192 
390 UA00063212    (0)   :  0.106 0.239 0.171 0.198 0.152 0.133 
391 UA00013340    (0)   :  0.206 0.152 0.053 0.188 0.207 0.195 
392 UA00062743    (0)   :  0.259 0.040 0.147 0.134 0.192 0.227 
393 UA00063189    (0)   :  0.113 0.085 0.516 0.085 0.100 0.102 
394 UA00035432    (0)   :  0.183 0.048 0.046 0.286 0.219 0.217 
395 UA00007958    (0)   :  0.259 0.046 0.053 0.195 0.217 0.230 
396 UA00013634    (0)   :  0.289 0.036 0.084 0.150 0.201 0.240 
397 UA00048175    (0)   :  0.302 0.022 0.051 0.163 0.193 0.269 
398 UA00003202    (0)   :  0.223 0.060 0.063 0.220 0.221 0.213 
399 UA00035090    (0)   :  0.176 0.070 0.134 0.227 0.199 0.195 
400 UA00064679    (0)   :  0.152 0.078 0.376 0.118 0.135 0.142 
401 UA00039518    (0)   :  0.245 0.062 0.053 0.199 0.211 0.231 
402 UA00058268    (0)   :  0.227 0.070 0.078 0.179 0.219 0.227 
403 UA00049456    (0)   :  0.143 0.269 0.074 0.190 0.169 0.154 
404 UA00049550    (0)   :  0.147 0.043 0.151 0.276 0.201 0.182 
405 UA00048342    (0)   :  0.166 0.195 0.083 0.185 0.194 0.177 
406 UA00063493    (0)   :  0.219 0.037 0.046 0.230 0.230 0.238 
407 UA00058261    (0)   :  0.237 0.045 0.186 0.145 0.175 0.213 
408 UA00014663    (0)   :  0.230 0.071 0.101 0.153 0.221 0.224 
409 UA00048817    (0)   :  0.193 0.248 0.083 0.123 0.170 0.184 
410 UA00049381    (0)   :  0.279 0.041 0.097 0.159 0.190 0.234 
411 UA00035901    (0)   :  0.162 0.077 0.318 0.129 0.157 0.158 
412 UA00013301    (0)   :  0.111 0.074 0.121 0.329 0.196 0.169 
413 UA00047926    (0)   :  0.231 0.104 0.135 0.137 0.180 0.213 
414 UA00007272    (0)   :  0.208 0.076 0.240 0.116 0.171 0.190 
415 UA00016041    (0)   :  0.167 0.113 0.062 0.251 0.211 0.196 
416 UA00013502    (0)   :  0.224 0.033 0.099 0.215 0.203 0.227 
417 UA00002390    (0)   :  0.217 0.176 0.072 0.149 0.191 0.194 
418 UA00034907    (0)   :  0.213 0.049 0.119 0.192 0.221 0.205 
419 UA00048821    (0)   :  0.171 0.194 0.168 0.137 0.162 0.167 
420 UA00002136    (0)   :  0.143 0.196 0.104 0.215 0.186 0.156 
421 UA00011790    (0)   :  0.263 0.070 0.099 0.151 0.196 0.221 
422 UA00021586    (0)   :  0.170 0.252 0.102 0.145 0.164 0.167 
423 UA00033270    (0)   :  0.209 0.072 0.111 0.195 0.207 0.206 
424 UA00048073    (0)   :  0.196 0.076 0.084 0.234 0.204 0.206 
425 UA00048856    (0)   :  0.203 0.064 0.174 0.172 0.193 0.194 
426 UA00049713    (0)   :  0.247 0.063 0.085 0.160 0.204 0.241 
427 UA00046885    (0)   :  0.210 0.072 0.065 0.225 0.218 0.210 
428 UA00034893    (0)   :  0.224 0.054 0.048 0.221 0.219 0.234 
429 UA00048011    (0)   :  0.231 0.032 0.127 0.183 0.203 0.225 
430 UA00015786    (0)   :  0.172 0.116 0.262 0.136 0.155 0.160 
431 UA00013162    (0)   :  0.260 0.065 0.145 0.125 0.185 0.219 
432 UA00049512    (0)   :  0.171 0.097 0.114 0.231 0.200 0.187 
433 UA00004046    (0)   :  0.298 0.035 0.066 0.158 0.196 0.249 
434 UA00048881    (0)   :  0.144 0.198 0.261 0.120 0.143 0.135 
435 UA00046610    (0)   :  0.194 0.183 0.149 0.130 0.170 0.173 
436 UA00033282    (0)   :  0.195 0.098 0.139 0.182 0.197 0.189 
437 UA00047561    (0)   :  0.269 0.051 0.069 0.160 0.211 0.241 
438 UA00013777    (0)   :  0.225 0.044 0.234 0.134 0.174 0.188 
439 UA00062849    (0)   :  0.134 0.062 0.060 0.326 0.230 0.187 
440 UA00049786    (0)   :  0.277 0.032 0.103 0.150 0.189 0.249 
441 UA00033246    (0)   :  0.102 0.040 0.031 0.419 0.223 0.185 
442 UA00045302    (0)   :  0.229 0.086 0.055 0.173 0.230 0.228 
443 UA00048637    (0)   :  0.270 0.045 0.097 0.157 0.192 0.239 
444 UA00049832    (0)   :  0.136 0.220 0.054 0.241 0.183 0.165 
445 UA00022023    (0)   :  0.226 0.161 0.077 0.138 0.198 0.199 
446 UA00050192    (0)   :  0.196 0.259 0.068 0.128 0.176 0.172 
447 UA00050413    (0)   :  0.217 0.064 0.097 0.210 0.209 0.205 
448 UA00013445    (0)   :  0.273 0.034 0.046 0.177 0.223 0.246 
449 UA00035496    (0)   :  0.167 0.065 0.282 0.151 0.171 0.165 
450 UA00003333    (0)   :  0.151 0.137 0.329 0.108 0.136 0.138 
451 UA00064008    (0)   :  0.186 0.046 0.325 0.126 0.155 0.163 
452 UA00003427    (0)   :  0.176 0.236 0.115 0.144 0.167 0.162 
453 UA00028092    (0)   :  0.129 0.299 0.182 0.131 0.134 0.124 
454    pc003    (0)   :  0.068 0.127 0.611 0.061 0.067 0.066 
455 UA00034440    (0)   :  0.153 0.052 0.107 0.291 0.209 0.188 
456 UA00026062    (0)   :  0.291 0.070 0.061 0.141 0.194 0.243 
457 UA00014347    (0)   :  0.177 0.113 0.159 0.181 0.192 0.178 
458 UA00021516    (0)   :  0.268 0.051 0.057 0.164 0.213 0.247 
459 UA00049347    (0)   :  0.161 0.055 0.388 0.115 0.138 0.142 
460 UA00063436    (0)   :  0.097 0.064 0.424 0.175 0.127 0.113 
461 UA00047790    (0)   :  0.271 0.059 0.086 0.151 0.205 0.227 
462 UA00045714    (0)   :  0.155 0.139 0.301 0.115 0.146 0.144 
463 UA00038979    (0)   :  0.125 0.174 0.073 0.269 0.191 0.168 
464 UA00016123    (0)   :  0.221 0.108 0.171 0.134 0.176 0.190 
465 UA00034765    (0)   :  0.070 0.031 0.715 0.050 0.066 0.067 
466 UA00063815    (0)   :  0.081 0.148 0.523 0.086 0.086 0.077 
467 UA00034795    (0)   :  0.147 0.067 0.090 0.304 0.208 0.185 
468 UA00004000    (0)   :  0.081 0.053 0.647 0.070 0.076 0.073 
469 UA00049367    (0)   :  0.167 0.040 0.156 0.259 0.194 0.184 
470 UA00034457    (0)   :  0.247 0.075 0.054 0.175 0.215 0.233 
471 UA00050015    (0)   :  0.162 0.117 0.114 0.248 0.187 0.172 
472 UA00021373    (0)   :  0.226 0.078 0.097 0.181 0.207 0.212 
473 UA00050232    (0)   :  0.081 0.132 0.564 0.069 0.079 0.074 
474 UA00038724    (0)   :  0.184 0.178 0.061 0.207 0.193 0.176 
475 UA00007824    (0)   :  0.230 0.141 0.130 0.127 0.180 0.193 
476 UA00048754    (0)   :  0.245 0.033 0.208 0.127 0.184 0.203 
477 UA00014271    (0)   :  0.220 0.113 0.076 0.189 0.200 0.203 
478 UA00013756    (0)   :  0.111 0.154 0.217 0.219 0.159 0.140 
479 UA00014385    (0)   :  0.149 0.161 0.324 0.104 0.130 0.132 
480 UA00049609    (0)   :  0.160 0.062 0.076 0.303 0.209 0.190 
481 UA00003748    (0)   :  0.176 0.045 0.390 0.104 0.140 0.145 
482 UA00063952    (0)   :  0.183 0.038 0.337 0.127 0.157 0.158 
483 UA00058348    (0)   :  0.103 0.035 0.551 0.106 0.106 0.100 
484 UA00014922    (0)   :  0.065 0.062 0.685 0.061 0.063 0.063 
485 UA00003820    (0)   :  0.255 0.033 0.166 0.138 0.190 0.219 
486 UA00013693    (0)   :  0.196 0.123 0.209 0.137 0.167 0.169 
487 UA00047713    (0)   :  0.097 0.038 0.639 0.063 0.079 0.083 
488 UA00034891    (0)   :  0.134 0.075 0.414 0.129 0.129 0.120 
489 UA00049223    (0)   :  0.152 0.056 0.369 0.137 0.144 0.141 
490 UA00064399    (0)   :  0.058 0.274 0.530 0.038 0.050 0.049 
491 UA00013336    (0)   :  0.055 0.105 0.676 0.054 0.057 0.054 
492 UA00035291    (0)   :  0.075 0.081 0.663 0.048 0.066 0.068 
493 UA00003945    (0)   :  0.087 0.078 0.600 0.073 0.080 0.082 
494 UA00014518    (0)   :  0.131 0.069 0.492 0.084 0.109 0.116 
495 UA00013583    (0)   :  0.086 0.452 0.198 0.090 0.089 0.085 
496 UA00011510    (0)   :  0.126 0.100 0.445 0.094 0.117 0.118 
497 UA00046860    (0)   :  0.172 0.088 0.314 0.115 0.151 0.159 
498 UA00048853    (0)   :  0.128 0.189 0.352 0.095 0.119 0.117 
499 UA00012151    (0)   :  0.073 0.053 0.692 0.050 0.066 0.066 
500 UA00063930    (0)   :  0.084 0.421 0.148 0.141 0.110 0.096 
501 UA00013453    (0)   :  0.148 0.148 0.283 0.130 0.143 0.148 
502 UA00039299    (0)   :  0.051 0.060 0.742 0.047 0.050 0.050 
503 UA00014280    (0)   :  0.040 0.028 0.811 0.040 0.040 0.040 
504 UA00014200    (0)   :  0.120 0.049 0.548 0.072 0.102 0.108 
505 UA00040612    (0)   :  0.055 0.133 0.659 0.045 0.054 0.055 
506 UA00062679    (0)   :  0.053 0.084 0.714 0.046 0.052 0.051 
507 UA00034481    (0)   :  0.079 0.047 0.664 0.064 0.073 0.073 
508 UA00011880    (0)   :  0.095 0.316 0.099 0.218 0.149 0.123 
509 UA00013421    (0)   :  0.056 0.177 0.631 0.039 0.048 0.049 
510 UA00048051    (0)   :  0.039 0.045 0.806 0.034 0.038 0.037 
511 UA00063370    (0)   :  0.043 0.143 0.693 0.039 0.041 0.040 
512 UA00014716    (0)   :  0.051 0.088 0.711 0.047 0.053 0.051 
513 UA00033426    (0)   :  0.123 0.170 0.414 0.076 0.104 0.112 
514 UA00015190    (0)   :  0.058 0.237 0.547 0.047 0.056 0.055 
515 UA00013730    (0)   :  0.216 0.098 0.059 0.199 0.212 0.215 
516 UA00047644    (4)   :  0.113 0.166 0.446 0.080 0.099 0.096 
517 UA00031933    (9)   :  0.248 0.063 0.119 0.154 0.199 0.218 
518 UA00031541    (9)   :  0.123 0.132 0.397 0.112 0.117 0.118 
519   PCO-60    (4)   :  0.200 0.054 0.178 0.178 0.194 0.197 
520 UA00030495    (4)   :  0.179 0.141 0.168 0.167 0.174 0.172 
521 UA00031133    (4)   :  0.091 0.053 0.037 0.419 0.224 0.177 
522 UA00032049    (4)   :  0.158 0.313 0.104 0.126 0.155 0.144 
523 UA00030599    (4)   :  0.090 0.117 0.086 0.352 0.195 0.159 
524 UA00030250    (4)   :  0.276 0.044 0.059 0.163 0.218 0.241 
525 UA00049385    (4)   :  0.131 0.141 0.119 0.256 0.193 0.160 
526 UA00031816    (4)   :  0.088 0.050 0.043 0.422 0.221 0.176 
527 UA00030275    (4)   :  0.223 0.136 0.108 0.147 0.188 0.198 
528 UA00041861    (4)   :  0.232 0.104 0.114 0.152 0.195 0.203 
529 UA00041433    (4)   :  0.249 0.037 0.054 0.185 0.231 0.244 
530  PCO-114    (4)   :  0.248 0.046 0.139 0.143 0.192 0.233 
531 UA00031529    (4)   :  0.207 0.058 0.098 0.210 0.217 0.210 
532 UA00039719    (4)   :  0.219 0.050 0.116 0.190 0.203 0.222 
533  PCO-442    (4)   :  0.285 0.035 0.048 0.165 0.202 0.264 
534   PCO-58    (0)   :  0.268 0.072 0.099 0.140 0.189 0.233 
535 UA00048673    (4)   :  0.202 0.068 0.164 0.176 0.200 0.190 
536   PCO-63    (4)   :  0.199 0.038 0.088 0.243 0.215 0.217 


Estimated Allele Frequencies in each cluster
First column gives estimated ancestral frequencies


Locus 1 : PP01 
2 alleles
0.0% missing data
   1   (0.597) 0.607 0.890 0.325 0.559 0.589 0.597 
   2   (0.403) 0.393 0.110 0.675 0.441 0.411 0.403 

Locus 2 : PP02 
2 alleles
0.0% missing data
   1   (0.913) 0.919 0.991 0.968 0.896 0.906 0.910 
   2   (0.087) 0.081 0.009 0.032 0.104 0.094 0.090 

Locus 3 : PP03 
2 alleles
18.3% missing data
   1   (0.795) 0.818 0.939 0.976 0.731 0.778 0.792 
   2   (0.205) 0.182 0.061 0.024 0.269 0.222 0.208 

Locus 4 : PP04 
2 alleles
0.4% missing data
   1   (0.729) 0.740 0.650 0.965 0.553 0.664 0.691 
   2   (0.271) 0.260 0.350 0.035 0.447 0.336 0.309 

Locus 5 : PP06 
2 alleles
0.0% missing data
   1   (0.632) 0.618 0.656 0.617 0.713 0.663 0.644 
   2   (0.368) 0.382 0.344 0.383 0.287 0.337 0.356 

Locus 6 : PP07 
2 alleles
0.0% missing data
   1   (0.699) 0.696 0.904 0.956 0.606 0.667 0.680 
   2   (0.301) 0.304 0.096 0.044 0.394 0.333 0.320 

Locus 7 : PP09 
2 alleles
0.0% missing data
   1   (0.469) 0.423 0.617 0.055 0.634 0.526 0.490 
   2   (0.531) 0.577 0.383 0.945 0.366 0.474 0.510 

Locus 8 : PP10 
2 alleles
0.0% missing data
   1   (0.185) 0.154 0.428 0.394 0.093 0.141 0.135 
   2   (0.815) 0.846 0.572 0.606 0.907 0.859 0.865 

Locus 9 : PP11 
2 alleles
0.0% missing data
   1   (0.672) 0.640 0.833 0.823 0.766 0.696 0.669 
   2   (0.328) 0.360 0.167 0.177 0.234 0.304 0.331 

Locus 10 : PP12 
2 alleles
0.2% missing data
   1   (0.427) 0.428 0.256 0.095 0.470 0.451 0.450 
   2   (0.573) 0.572 0.744 0.905 0.530 0.549 0.550 

Locus 11 : PP13 
2 alleles
0.0% missing data
   1   (0.174) 0.158 0.520 0.133 0.099 0.140 0.144 
   2   (0.826) 0.842 0.480 0.867 0.901 0.860 0.856 

Locus 12 : PP14 
2 alleles
0.2% missing data
   1   (0.865) 0.853 0.970 0.920 0.909 0.873 0.860 
   2   (0.135) 0.147 0.030 0.080 0.091 0.127 0.140 

Locus 13 : PP15 
2 alleles
0.0% missing data
   1   (0.899) 0.927 0.353 0.933 0.910 0.912 0.924 
   2   (0.101) 0.073 0.647 0.067 0.090 0.088 0.076 

Locus 14 : PP16 
2 alleles
0.0% missing data
   1   (0.494) 0.489 0.424 0.409 0.629 0.551 0.542 
   2   (0.506) 0.511 0.576 0.591 0.371 0.449 0.458 

Locus 15 : PP17 
2 alleles
0.2% missing data
   1   (0.659) 0.665 0.857 0.489 0.608 0.645 0.653 
   2   (0.341) 0.335 0.143 0.511 0.392 0.355 0.347 

Locus 16 : PP18 
2 alleles
0.7% missing data
   1   (0.758) 0.732 0.901 0.925 0.777 0.760 0.747 
   2   (0.242) 0.268 0.099 0.075 0.223 0.240 0.253 

Locus 17 : PP20 
2 alleles
0.0% missing data
   1   (0.637) 0.656 0.650 0.495 0.627 0.641 0.647 
   2   (0.363) 0.344 0.350 0.505 0.373 0.359 0.353 

Locus 18 : PP21 
2 alleles
14.9% missing data
   1   (0.867) 0.866 0.978 0.990 0.810 0.849 0.852 
   2   (0.133) 0.134 0.022 0.010 0.190 0.151 0.148 

Locus 19 : PP22 
2 alleles
1.3% missing data
   1   (0.463) 0.542 0.049 0.108 0.315 0.429 0.478 
   2   (0.537) 0.458 0.951 0.892 0.685 0.571 0.522 

Locus 20 : PP23 
2 alleles
0.7% missing data
   1   (0.643) 0.623 0.736 0.803 0.658 0.641 0.631 
   2   (0.357) 0.377 0.264 0.197 0.342 0.359 0.369 

Locus 21 : PP24 
2 alleles
0.2% missing data
   1   (0.793) 0.831 0.894 0.564 0.852 0.825 0.836 
   2   (0.207) 0.169 0.106 0.436 0.148 0.175 0.164 

Locus 22 : PP25 
2 alleles
0.6% missing data
   1   (0.362) 0.318 0.751 0.472 0.359 0.351 0.329 
   2   (0.638) 0.682 0.249 0.528 0.641 0.649 0.671 

Values of parameters used in structure:
