

----------------------------------------------------
STRUCTURE by Pritchard, Stephens and Donnelly (2000)
     and Falush, Stephens and Pritchard (2003)
       Code by Pritchard, Falush and Hubisz
             Version 2.3.4 (Jul 2012)
----------------------------------------------------



Command line arguments:   structure -K 5 -o outputfile_K5_9 
Input File:    Puma_SNP_genotypes_cut_AZ_final_HWEonly.str

Run parameters:
   536 individuals
   22 loci
   5 populations assumed
   100000 Burn-in period
   500000 Reps


--------------------------------------------
Overall proportion of membership of the
sample in each of the 5 clusters

Inferred Clusters
  1      2      3      4      5    
0.188  0.205  0.205  0.197  0.205  

--------------------------------------------

Allele-freq. divergence among pops (Net nucleotide distance),
computed using point estimates of P.

      1       2       3       4       5      
 1      -    0.0518  0.0519  0.0649  0.0505  
 2   0.0518     -    0.0015  0.0453  0.0012  
 3   0.0519  0.0015     -    0.0512  0.0000  
 4   0.0649  0.0453  0.0512     -    0.0492  
 5   0.0505  0.0012  0.0000  0.0492     -    

Average distances (expected heterozygosity) between individuals in same cluster:
cluster  1  : 0.3146 
cluster  2  : 0.3780 
cluster  3  : 0.3747 
cluster  4  : 0.2743 
cluster  5  : 0.3764 

--------------------------------------------
Estimated Ln Prob of Data   = -13106.2
Mean value of ln likelihood = -12325.5
Variance of ln likelihood   = 1561.3
Mean value of alpha         = 0.3160

Mean value of Fst_1         = 0.2380
Mean value of Fst_2         = 0.0719
Mean value of Fst_3         = 0.1052
Mean value of Fst_4         = 0.2607
Mean value of Fst_5         = 0.0920


Inferred ancestry of individuals:
        Label (%Miss) :  Inferred clusters
  1 UA00063336   (13)   :  0.500 0.142 0.130 0.094 0.135 
  2 UA00048914    (9)   :  0.197 0.196 0.160 0.276 0.171 
  3 UA00014769   (13)   :  0.091 0.289 0.306 0.036 0.279 
  4 UA00008132   (13)   :  0.183 0.241 0.221 0.129 0.226 
  5 UA00030462   (13)   :  0.159 0.163 0.148 0.378 0.152 
  6 UA00034866   (13)   :  0.071 0.235 0.206 0.261 0.226 
  7 UA00034800    (9)   :  0.653 0.084 0.079 0.102 0.081 
  8  Puco006    (9)   :  0.111 0.077 0.066 0.676 0.069 
  9 UA00048874    (4)   :  0.599 0.104 0.086 0.119 0.092 
 10 UA00049060    (9)   :  0.179 0.252 0.246 0.075 0.248 
 11 UA00033413    (9)   :  0.068 0.218 0.316 0.098 0.300 
 12  Puco021    (9)   :  0.216 0.180 0.280 0.054 0.270 
 13  Puco026    (9)   :  0.194 0.236 0.255 0.060 0.255 
 14  Puco008    (9)   :  0.370 0.140 0.119 0.245 0.126 
 15   M01301    (9)   :  0.054 0.213 0.293 0.158 0.282 
 16   M06306    (9)   :  0.586 0.116 0.122 0.048 0.128 
 17 UA00032185    (9)   :  0.156 0.220 0.223 0.177 0.224 
 18 UA00030792    (9)   :  0.841 0.037 0.036 0.049 0.037 
 19 UA00031647    (9)   :  0.395 0.160 0.129 0.172 0.143 
 20 UA00031979    (9)   :  0.162 0.242 0.218 0.155 0.222 
 21  Puco016    (9)   :  0.076 0.196 0.156 0.407 0.166 
 22  Puco010    (9)   :  0.117 0.240 0.272 0.103 0.268 
 23    M1035    (9)   :  0.240 0.254 0.224 0.057 0.226 
 24 UA00034601    (9)   :  0.203 0.184 0.190 0.225 0.197 
 25 UA00050388    (9)   :  0.236 0.215 0.201 0.141 0.206 
 26 UA00048699    (9)   :  0.065 0.142 0.122 0.544 0.127 
 27 UA00064058    (9)   :  0.154 0.277 0.249 0.064 0.256 
 28 UA00033981    (9)   :  0.140 0.197 0.282 0.104 0.276 
 29   F05033    (9)   :  0.097 0.263 0.285 0.076 0.278 
 30 UA00048520    (4)   :  0.327 0.158 0.179 0.160 0.175 
 31 UA00048422    (4)   :  0.773 0.056 0.059 0.052 0.060 
 32    PucoB    (4)   :  0.128 0.251 0.291 0.045 0.285 
 33 UA00047393    (4)   :  0.324 0.218 0.187 0.078 0.193 
 34 UA00064521    (4)   :  0.124 0.182 0.166 0.355 0.172 
 35 UA00003043    (4)   :  0.063 0.248 0.216 0.261 0.212 
 36 UA00063025    (4)   :  0.352 0.140 0.145 0.215 0.149 
 37 UA00063826    (4)   :  0.138 0.236 0.275 0.071 0.280 
 38   F07407    (4)   :  0.352 0.158 0.216 0.064 0.210 
 39 UA00021658    (4)   :  0.113 0.265 0.253 0.102 0.266 
 40 UA00003794    (4)   :  0.328 0.169 0.213 0.080 0.209 
 41 UA00041322    (4)   :  0.246 0.222 0.181 0.152 0.199 
 42 UA00063316    (4)   :  0.237 0.188 0.176 0.210 0.188 
 43 UA00047705    (4)   :  0.198 0.204 0.219 0.155 0.224 
 44 UA00033904    (4)   :  0.570 0.121 0.105 0.090 0.113 
 45 UA00048100    (4)   :  0.086 0.251 0.266 0.130 0.267 
 46 UA00032212    (4)   :  0.382 0.152 0.150 0.159 0.157 
 47 UA00031574    (4)   :  0.733 0.059 0.061 0.086 0.061 
 48 UA00031228    (4)   :  0.782 0.050 0.046 0.076 0.047 
 49 UA00047707    (4)   :  0.047 0.317 0.287 0.076 0.273 
 50 UA00030906    (4)   :  0.830 0.034 0.033 0.069 0.033 
 51 UA00041567    (4)   :  0.128 0.204 0.265 0.135 0.268 
 52 UA00007624    (4)   :  0.053 0.262 0.310 0.074 0.301 
 53 UA00034514    (4)   :  0.087 0.273 0.257 0.122 0.261 
 54 UA00030480    (4)   :  0.329 0.228 0.177 0.074 0.192 
 55  Puco012    (4)   :  0.093 0.264 0.234 0.164 0.244 
 56 UA00038677    (9)   :  0.259 0.164 0.172 0.231 0.174 
 57 UA00048275    (4)   :  0.097 0.246 0.274 0.100 0.283 
 58 UA00064055    (4)   :  0.104 0.288 0.232 0.144 0.231 
 59  Puco009    (4)   :  0.070 0.213 0.186 0.346 0.185 
 60 UA00064561    (4)   :  0.056 0.302 0.261 0.132 0.249 
 61 UA00003479    (4)   :  0.073 0.276 0.252 0.162 0.238 
 62 UA00063747    (4)   :  0.043 0.277 0.292 0.114 0.274 
 63 UA00002558    (4)   :  0.073 0.189 0.200 0.333 0.205 
 64 UA00048410    (4)   :  0.048 0.217 0.191 0.352 0.192 
 65 UA00012249    (4)   :  0.051 0.277 0.232 0.213 0.227 
 66 UA00033818    (4)   :  0.597 0.094 0.101 0.104 0.104 
 67  Puco020    (4)   :  0.227 0.227 0.191 0.162 0.194 
 68 UA00002545    (9)   :  0.144 0.289 0.249 0.078 0.240 
 69 UA00048508    (4)   :  0.075 0.293 0.267 0.097 0.268 
 70 UA00064100    (4)   :  0.150 0.261 0.223 0.126 0.240 
 71 UA00014585    (4)   :  0.095 0.269 0.237 0.148 0.251 
 72 UA00063698    (4)   :  0.198 0.118 0.117 0.446 0.121 
 73 UA00049753    (4)   :  0.580 0.133 0.115 0.051 0.121 
 74 UA00049037    (4)   :  0.134 0.281 0.255 0.071 0.260 
 75 UA00034941    (4)   :  0.220 0.200 0.200 0.171 0.209 
 76 UA00008083    (4)   :  0.095 0.099 0.095 0.615 0.096 
 77 UA00015084    (4)   :  0.270 0.107 0.110 0.398 0.115 
 78 UA00041010    (9)   :  0.366 0.079 0.066 0.418 0.070 
 79 UA00035261    (4)   :  0.353 0.157 0.145 0.192 0.152 
 80 UA00035431    (4)   :  0.050 0.240 0.287 0.140 0.284 
 81 UA00045274    (0)   :  0.189 0.196 0.218 0.178 0.218 
 82 UA00028200    (4)   :  0.458 0.116 0.105 0.210 0.111 
 83 UA00064559    (0)   :  0.816 0.043 0.045 0.052 0.045 
 84 UA00040808    (0)   :  0.507 0.116 0.097 0.181 0.100 
 85 UA00049156    (0)   :  0.513 0.103 0.097 0.184 0.102 
 86 UA00003952    (4)   :  0.068 0.104 0.093 0.643 0.093 
 87 UA00063954    (0)   :  0.382 0.193 0.172 0.072 0.182 
 88 UA00062934    (0)   :  0.435 0.161 0.140 0.115 0.149 
 89 UA00033829    (0)   :  0.553 0.072 0.069 0.235 0.072 
 90 UA00064351    (4)   :  0.101 0.190 0.279 0.159 0.271 
 91 UA00003697    (4)   :  0.150 0.101 0.092 0.558 0.098 
 92 UA00063438    (4)   :  0.403 0.160 0.140 0.150 0.147 
 93 UA00007608    (0)   :  0.387 0.122 0.118 0.251 0.122 
 94 UA00019683    (4)   :  0.521 0.113 0.156 0.058 0.152 
 95 UA00007781    (0)   :  0.117 0.241 0.252 0.134 0.256 
 96 UA00002915    (0)   :  0.411 0.157 0.128 0.168 0.136 
 97  Puco031    (4)   :  0.111 0.285 0.237 0.135 0.233 
 98 UA00048280    (4)   :  0.105 0.219 0.261 0.158 0.257 
 99 UA00048589    (0)   :  0.202 0.220 0.247 0.090 0.241 
100 UA00034417    (0)   :  0.233 0.197 0.169 0.226 0.174 
101 UA00050411    (4)   :  0.047 0.314 0.287 0.075 0.279 
102  Puco029    (4)   :  0.088 0.271 0.307 0.036 0.298 
103   F03403    (4)   :  0.050 0.217 0.330 0.089 0.315 
104 UA00049904    (0)   :  0.320 0.172 0.201 0.102 0.205 
105 UA00035335    (0)   :  0.066 0.302 0.303 0.031 0.297 
106 UA00012611    (0)   :  0.110 0.291 0.259 0.073 0.267 
107 UA00050319    (0)   :  0.052 0.216 0.350 0.054 0.328 
108 UA00032068    (4)   :  0.259 0.249 0.213 0.058 0.220 
109 UA00032026    (4)   :  0.212 0.253 0.220 0.085 0.230 
110 UA00030476    (4)   :  0.170 0.190 0.307 0.046 0.287 
111 UA00046853    (0)   :  0.153 0.202 0.291 0.074 0.281 
112 UA00040156    (4)   :  0.847 0.035 0.035 0.047 0.035 
113 UA00030528    (4)   :  0.383 0.208 0.167 0.069 0.173 
114  Puco025    (4)   :  0.071 0.304 0.292 0.060 0.273 
115    pc016    (0)   :  0.847 0.036 0.034 0.049 0.034 
116 UA00030617    (4)   :  0.049 0.310 0.298 0.050 0.294 
117 UA00030585    (4)   :  0.753 0.055 0.060 0.071 0.061 
118 UA00032060    (4)   :  0.387 0.180 0.182 0.068 0.183 
119    pc007    (0)   :  0.123 0.215 0.292 0.089 0.280 
120 UA00030798    (4)   :  0.759 0.065 0.063 0.049 0.064 
121 UA00030778    (4)   :  0.050 0.323 0.286 0.060 0.282 
122 UA00039674    (4)   :  0.829 0.042 0.040 0.047 0.041 
123 UA00032241    (4)   :  0.050 0.268 0.317 0.053 0.312 
124 UA00011624    (0)   :  0.086 0.288 0.278 0.082 0.266 
125 UA00033779    (4)   :  0.063 0.206 0.337 0.074 0.319 
126 UA00049402    (4)   :  0.095 0.222 0.181 0.314 0.188 
127 UA00033653    (0)   :  0.057 0.198 0.350 0.067 0.328 
128 UA00047738    (0)   :  0.182 0.210 0.217 0.171 0.221 
129 UA00047502    (4)   :  0.132 0.189 0.149 0.371 0.159 
130 UA00012014    (4)   :  0.126 0.278 0.229 0.126 0.241 
131 UA00040729    (0)   :  0.132 0.232 0.284 0.070 0.282 
132 UA00030392    (4)   :  0.082 0.298 0.280 0.063 0.276 
133 UA00050033    (0)   :  0.129 0.255 0.265 0.083 0.269 
134 UA00012152    (0)   :  0.049 0.147 0.130 0.546 0.128 
135 UA00050406    (0)   :  0.133 0.266 0.241 0.109 0.252 
136 UA00047973    (0)   :  0.087 0.255 0.279 0.096 0.284 
137 UA00008051    (0)   :  0.231 0.202 0.188 0.186 0.193 
138 UA00047337    (4)   :  0.339 0.193 0.190 0.085 0.194 
139 UA00041604    (4)   :  0.216 0.210 0.201 0.174 0.199 
140 UA00031704    (4)   :  0.057 0.322 0.292 0.046 0.284 
141 UA00040423    (4)   :  0.216 0.263 0.222 0.077 0.222 
142 UA00049433    (0)   :  0.165 0.230 0.189 0.221 0.195 
143 UA00034816    (0)   :  0.074 0.268 0.245 0.179 0.235 
144 UA00050214    (0)   :  0.065 0.322 0.291 0.053 0.269 
145 UA00041073    (0)   :  0.123 0.236 0.228 0.185 0.228 
146 UA00030318    (4)   :  0.068 0.276 0.267 0.138 0.250 
147 UA00046845    (0)   :  0.095 0.239 0.210 0.248 0.208 
148 UA00063946    (0)   :  0.108 0.193 0.330 0.063 0.306 
149 UA00031374    (4)   :  0.100 0.264 0.244 0.149 0.243 
150    M1136    (4)   :  0.408 0.187 0.160 0.082 0.163 
151 UA00034299    (0)   :  0.079 0.309 0.277 0.080 0.255 
152 UA00002387    (4)   :  0.051 0.304 0.253 0.154 0.238 
153 UA00021855    (0)   :  0.127 0.237 0.262 0.116 0.259 
154 UA00014500    (0)   :  0.128 0.291 0.245 0.076 0.259 
155 UA00050419    (4)   :  0.050 0.311 0.293 0.074 0.272 
156 UA00031854    (4)   :  0.088 0.240 0.241 0.189 0.241 
157    pc011    (4)   :  0.057 0.310 0.275 0.096 0.263 
158 UA00033004    (0)   :  0.163 0.269 0.232 0.106 0.230 
159 UA00046510    (0)   :  0.076 0.242 0.205 0.271 0.205 
160 UA00048747    (0)   :  0.077 0.290 0.247 0.143 0.243 
161 UA00014293    (0)   :  0.060 0.313 0.270 0.099 0.258 
162 UA00047686    (0)   :  0.165 0.201 0.167 0.297 0.170 
163 UA00033783    (4)   :  0.407 0.122 0.148 0.179 0.145 
164 UA00042609    (4)   :  0.137 0.190 0.154 0.364 0.155 
165 UA00031169    (4)   :  0.070 0.316 0.287 0.063 0.264 
166 UA00035181    (0)   :  0.041 0.288 0.307 0.065 0.299 
167 UA00050133    (0)   :  0.103 0.272 0.246 0.128 0.252 
168  Puco011    (4)   :  0.093 0.294 0.257 0.111 0.244 
169 UA00041476    (0)   :  0.126 0.254 0.217 0.189 0.214 
170 UA00046702    (0)   :  0.059 0.312 0.284 0.072 0.274 
171 UA00019940    (0)   :  0.141 0.258 0.230 0.141 0.230 
172 UA00049813    (0)   :  0.128 0.239 0.279 0.085 0.269 
173 UA00064165    (0)   :  0.124 0.133 0.119 0.498 0.126 
174 UA00064421    (0)   :  0.048 0.196 0.166 0.420 0.170 
175 UA00064569    (4)   :  0.049 0.294 0.295 0.076 0.286 
176 UA00003996    (0)   :  0.087 0.214 0.187 0.321 0.190 
177 UA00064491    (4)   :  0.058 0.271 0.267 0.146 0.257 
178 UA00011899    (0)   :  0.124 0.283 0.253 0.080 0.259 
179  Puco015    (4)   :  0.252 0.231 0.205 0.107 0.206 
180 UA00047929    (4)   :  0.081 0.252 0.315 0.047 0.305 
181 UA00056669    (0)   :  0.083 0.267 0.235 0.173 0.242 
182 UA00050176    (0)   :  0.148 0.242 0.204 0.192 0.215 
183  Puco014    (4)   :  0.124 0.228 0.242 0.160 0.247 
184 UA00019608    (0)   :  0.080 0.286 0.232 0.168 0.234 
185 UA00064333    (0)   :  0.093 0.298 0.252 0.114 0.243 
186  Puco013    (4)   :  0.096 0.223 0.190 0.298 0.192 
187 UA00016092    (0)   :  0.047 0.319 0.295 0.055 0.284 
188 UA00019060    (0)   :  0.191 0.102 0.092 0.519 0.096 
189 UA00063532    (0)   :  0.136 0.240 0.229 0.155 0.241 
190 UA00064117    (0)   :  0.324 0.121 0.111 0.332 0.113 
191 UA00011969    (0)   :  0.144 0.229 0.225 0.170 0.231 
192 UA00034586    (4)   :  0.078 0.269 0.287 0.072 0.293 
193 UA00030736    (4)   :  0.115 0.290 0.247 0.093 0.255 
194 UA00048493    (0)   :  0.160 0.261 0.235 0.101 0.243 
195 UA00040466    (0)   :  0.062 0.078 0.074 0.709 0.077 
196 UA00047659    (0)   :  0.079 0.277 0.253 0.124 0.267 
197 UA00042002    (4)   :  0.388 0.165 0.168 0.108 0.171 
198 UA00062606    (0)   :  0.128 0.221 0.189 0.267 0.194 
199 UA00030615    (4)   :  0.051 0.084 0.080 0.704 0.081 
200 UA00048899    (0)   :  0.104 0.280 0.241 0.124 0.252 
201 UA00047725    (0)   :  0.049 0.039 0.038 0.836 0.039 
202 UA00030866    (4)   :  0.101 0.265 0.208 0.195 0.230 
203 UA00034564    (0)   :  0.108 0.289 0.221 0.146 0.236 
204 UA00046520    (0)   :  0.055 0.211 0.346 0.064 0.323 
205 UA00035027    (0)   :  0.161 0.215 0.203 0.203 0.218 
206 UA00035421    (0)   :  0.065 0.175 0.144 0.473 0.144 
207 UA00062740    (4)   :  0.226 0.187 0.153 0.263 0.171 
208 UA00012360    (0)   :  0.059 0.077 0.072 0.718 0.073 
209 UA00050203    (0)   :  0.108 0.264 0.262 0.094 0.272 
210 UA00040534    (4)   :  0.306 0.110 0.094 0.388 0.101 
211 UA00031261    (4)   :  0.200 0.088 0.071 0.563 0.078 
212 UA00031917    (4)   :  0.344 0.100 0.082 0.388 0.086 
213 UA00040798    (4)   :  0.132 0.138 0.143 0.444 0.143 
214 UA00030598    (4)   :  0.122 0.155 0.144 0.427 0.152 
215 UA00050385    (0)   :  0.109 0.269 0.216 0.181 0.225 
216 UA00058283    (0)   :  0.105 0.059 0.059 0.717 0.061 
217 UA00042297    (4)   :  0.410 0.130 0.128 0.199 0.133 
218 UA00015415    (4)   :  0.055 0.063 0.056 0.769 0.057 
219 UA00035531    (0)   :  0.157 0.085 0.074 0.607 0.077 
220 UA00048683    (0)   :  0.068 0.106 0.096 0.634 0.096 
221 UA00046734    (4)   :  0.078 0.071 0.065 0.718 0.067 
222   pcRF01    (0)   :  0.036 0.336 0.295 0.068 0.264 
223 UA00007223    (0)   :  0.154 0.197 0.156 0.324 0.168 
224 UA00013841    (0)   :  0.342 0.209 0.190 0.066 0.193 
225 UA00014196    (0)   :  0.107 0.089 0.075 0.651 0.079 
226 UA00034635    (0)   :  0.080 0.287 0.254 0.115 0.264 
227 UA00047371    (0)   :  0.378 0.167 0.169 0.107 0.179 
228 UA00063544    (0)   :  0.357 0.169 0.184 0.109 0.181 
229 UA00064246    (0)   :  0.168 0.181 0.191 0.271 0.190 
230 UA00064328    (0)   :  0.217 0.180 0.158 0.284 0.161 
231 UA00002952    (0)   :  0.256 0.151 0.131 0.325 0.137 
232 UA00064079    (0)   :  0.273 0.210 0.186 0.137 0.195 
233 UA00046793    (0)   :  0.232 0.149 0.125 0.364 0.131 
234 UA00034769    (0)   :  0.486 0.109 0.125 0.154 0.126 
235 UA00034949    (0)   :  0.133 0.186 0.144 0.386 0.151 
236 UA00063753    (0)   :  0.194 0.170 0.243 0.159 0.234 
237 UA00015713    (0)   :  0.309 0.186 0.207 0.085 0.212 
238 UA00003494    (0)   :  0.143 0.235 0.192 0.244 0.186 
239 UA00056767    (0)   :  0.035 0.213 0.356 0.057 0.339 
240 UA00014461    (0)   :  0.147 0.181 0.162 0.344 0.165 
241 UA00034669    (0)   :  0.234 0.124 0.115 0.405 0.122 
242 UA00048164    (0)   :  0.072 0.218 0.196 0.321 0.194 
243 UA00007974    (0)   :  0.208 0.192 0.256 0.095 0.248 
244 UA00016166    (0)   :  0.425 0.181 0.150 0.090 0.153 
245 UA00015653    (0)   :  0.413 0.127 0.105 0.240 0.115 
246 UA00063882    (0)   :  0.177 0.133 0.114 0.459 0.117 
247 UA00049027    (0)   :  0.440 0.138 0.141 0.139 0.142 
248 UA00018878    (0)   :  0.458 0.140 0.166 0.068 0.168 
249 UA00038796    (0)   :  0.122 0.147 0.136 0.453 0.142 
250 UA00013465    (0)   :  0.096 0.093 0.088 0.631 0.093 
251 UA00014604    (0)   :  0.206 0.160 0.163 0.303 0.167 
252 UA00041913    (0)   :  0.360 0.146 0.196 0.104 0.194 
253 UA00021632    (0)   :  0.606 0.096 0.087 0.118 0.093 
254 UA00064027    (0)   :  0.284 0.189 0.157 0.198 0.171 
255 UA00015023    (0)   :  0.087 0.235 0.210 0.260 0.207 
256 UA00050243    (0)   :  0.422 0.170 0.142 0.116 0.150 
257 UA00048298    (0)   :  0.148 0.247 0.235 0.138 0.231 
258 UA00050437    (0)   :  0.129 0.186 0.158 0.360 0.167 
259 UA00014262    (0)   :  0.306 0.199 0.179 0.133 0.183 
260 UA00049129    (0)   :  0.172 0.228 0.255 0.091 0.255 
261 UA00014740    (0)   :  0.161 0.200 0.239 0.162 0.238 
262 UA00049612    (0)   :  0.636 0.079 0.081 0.123 0.081 
263 UA00014635    (0)   :  0.050 0.215 0.345 0.062 0.329 
264 UA00014673    (0)   :  0.320 0.142 0.136 0.262 0.140 
265 UA00033608    (0)   :  0.500 0.113 0.128 0.130 0.129 
266 UA00064540    (0)   :  0.095 0.195 0.286 0.150 0.274 
267 UA00050256    (0)   :  0.314 0.155 0.131 0.258 0.141 
268 UA00015274    (0)   :  0.104 0.266 0.240 0.155 0.236 
269 UA00062993    (0)   :  0.060 0.233 0.274 0.159 0.274 
270 UA00038364    (0)   :  0.250 0.194 0.205 0.143 0.209 
271 UA00014446    (0)   :  0.074 0.289 0.263 0.095 0.279 
272 UA00063545    (0)   :  0.547 0.089 0.080 0.201 0.084 
273 UA00040054    (0)   :  0.174 0.276 0.242 0.065 0.243 
274 UA00058447    (0)   :  0.128 0.249 0.268 0.089 0.266 
275 UA00046835    (0)   :  0.096 0.234 0.290 0.096 0.285 
276 UA00014608    (0)   :  0.098 0.253 0.256 0.137 0.256 
277    pc012    (0)   :  0.158 0.213 0.209 0.202 0.218 
278    pc002    (0)   :  0.499 0.133 0.120 0.120 0.129 
279 UA00033690    (0)   :  0.354 0.145 0.217 0.077 0.206 
280 UA00013688    (0)   :  0.131 0.233 0.217 0.191 0.228 
281 UA00063666    (0)   :  0.196 0.186 0.298 0.040 0.280 
282 UA00063292    (0)   :  0.065 0.213 0.340 0.057 0.326 
283    pc001    (0)   :  0.120 0.247 0.230 0.167 0.236 
284    pc008    (0)   :  0.131 0.229 0.266 0.112 0.262 
285 UA00034316    (0)   :  0.284 0.163 0.142 0.264 0.146 
286 UA00013046    (0)   :  0.079 0.268 0.307 0.050 0.295 
287 UA00050241    (0)   :  0.084 0.231 0.327 0.041 0.316 
288 UA00048599    (0)   :  0.063 0.239 0.320 0.067 0.311 
289 UA00046649    (0)   :  0.535 0.131 0.130 0.070 0.134 
290 UA00015674    (0)   :  0.551 0.100 0.123 0.105 0.122 
291 UA00013177    (0)   :  0.199 0.180 0.227 0.178 0.215 
292 UA00012814    (0)   :  0.108 0.270 0.242 0.143 0.237 
293 UA00034654    (0)   :  0.082 0.283 0.281 0.073 0.280 
294 UA00046743    (0)   :  0.076 0.237 0.312 0.077 0.298 
295 UA00014854    (0)   :  0.302 0.184 0.238 0.038 0.237 
296 UA00013729    (0)   :  0.113 0.281 0.254 0.105 0.247 
297 UA00063483    (0)   :  0.095 0.249 0.298 0.065 0.294 
298 UA00039326    (0)   :  0.278 0.203 0.219 0.082 0.218 
299 UA00014742    (0)   :  0.087 0.234 0.317 0.056 0.306 
300 UA00049597    (0)   :  0.599 0.115 0.127 0.035 0.124 
301 UA00048067    (0)   :  0.243 0.185 0.226 0.121 0.224 
302 UA00012918    (0)   :  0.371 0.149 0.224 0.041 0.216 
303 UA00013487    (0)   :  0.048 0.341 0.302 0.044 0.265 
304 UA00046759    (0)   :  0.238 0.167 0.163 0.265 0.168 
305 UA00050164    (0)   :  0.629 0.106 0.092 0.081 0.092 
306 UA00049839    (0)   :  0.073 0.231 0.307 0.093 0.295 
307 UA00048444    (0)   :  0.157 0.175 0.313 0.060 0.295 
308 UA00063857    (0)   :  0.119 0.248 0.292 0.045 0.295 
309 UA00014921    (0)   :  0.579 0.119 0.129 0.043 0.129 
310 UA00048895    (0)   :  0.501 0.130 0.141 0.087 0.141 
311 UA00014556    (0)   :  0.127 0.215 0.190 0.265 0.202 
312    pc009    (0)   :  0.068 0.211 0.355 0.037 0.329 
313 UA00014959    (0)   :  0.582 0.113 0.125 0.056 0.124 
314 UA00020709    (0)   :  0.265 0.215 0.210 0.094 0.215 
315 UA00013126    (0)   :  0.790 0.049 0.052 0.057 0.052 
316 UA00013695    (0)   :  0.755 0.063 0.062 0.057 0.063 
317 UA00049344    (0)   :  0.620 0.103 0.096 0.081 0.100 
318 UA00047614    (0)   :  0.679 0.060 0.059 0.143 0.060 
319 UA00014221    (0)   :  0.039 0.236 0.349 0.048 0.328 
320 UA00014346    (0)   :  0.117 0.204 0.294 0.106 0.279 
321 UA00014245    (0)   :  0.402 0.160 0.192 0.058 0.188 
322 UA00014696    (0)   :  0.747 0.057 0.051 0.093 0.052 
323 UA00006991    (0)   :  0.085 0.278 0.231 0.168 0.238 
324 UA00048948    (0)   :  0.105 0.264 0.240 0.138 0.252 
325 UA00002239    (0)   :  0.121 0.274 0.216 0.165 0.224 
326 UA00063459    (0)   :  0.104 0.208 0.336 0.041 0.312 
327 UA00048356    (0)   :  0.129 0.199 0.235 0.197 0.239 
328 UA00063940    (0)   :  0.106 0.247 0.216 0.210 0.222 
329 UA00048130    (0)   :  0.074 0.218 0.314 0.090 0.304 
330 UA00048903    (0)   :  0.045 0.292 0.313 0.055 0.295 
331 UA00064643    (0)   :  0.132 0.249 0.243 0.138 0.238 
332 UA00050233    (0)   :  0.077 0.250 0.250 0.173 0.250 
333 UA00012507    (0)   :  0.065 0.230 0.189 0.312 0.203 
334 UA00064416    (0)   :  0.063 0.315 0.282 0.082 0.257 
335 UA00034724    (0)   :  0.073 0.266 0.274 0.113 0.274 
336 UA00002621    (0)   :  0.066 0.271 0.298 0.071 0.294 
337 UA00033203    (0)   :  0.091 0.315 0.271 0.076 0.248 
338 UA00011996    (0)   :  0.163 0.272 0.243 0.066 0.255 
339 UA00014408    (0)   :  0.095 0.182 0.154 0.406 0.162 
340 UA00049502    (0)   :  0.078 0.222 0.239 0.218 0.242 
341 UA00062695    (0)   :  0.181 0.196 0.247 0.130 0.246 
342 UA00014072    (0)   :  0.102 0.224 0.298 0.089 0.287 
343 UA00003334    (0)   :  0.073 0.245 0.319 0.058 0.305 
344 UA00013835    (0)   :  0.172 0.234 0.240 0.106 0.247 
345 UA00046760    (0)   :  0.308 0.191 0.214 0.074 0.213 
346 UA00014241    (0)   :  0.066 0.272 0.279 0.106 0.277 
347 UA00049585    (0)   :  0.084 0.258 0.305 0.045 0.307 
348 UA00013409    (0)   :  0.102 0.173 0.253 0.231 0.241 
349 UA00047548    (0)   :  0.099 0.299 0.272 0.055 0.275 
350 UA00049038    (0)   :  0.430 0.135 0.140 0.150 0.145 
351 UA00047612    (0)   :  0.082 0.268 0.255 0.131 0.264 
352 UA00014822    (0)   :  0.429 0.127 0.114 0.209 0.121 
353 UA00035299    (0)   :  0.105 0.285 0.254 0.108 0.249 
354 UA00012804    (0)   :  0.469 0.146 0.139 0.102 0.145 
355 UA00049578    (0)   :  0.088 0.220 0.217 0.251 0.223 
356 UA00047672    (0)   :  0.062 0.315 0.277 0.092 0.254 
357 UA00043961    (0)   :  0.623 0.085 0.091 0.109 0.092 
358 UA00064575    (0)   :  0.095 0.183 0.213 0.295 0.213 
359 UA00014732    (0)   :  0.064 0.282 0.260 0.134 0.259 
360 UA00050181    (0)   :  0.052 0.308 0.246 0.135 0.259 
361 UA00033369    (0)   :  0.379 0.182 0.151 0.134 0.154 
362 UA00011982    (0)   :  0.045 0.328 0.304 0.042 0.281 
363 UA00014590    (0)   :  0.195 0.252 0.213 0.133 0.208 
364 UA00047743    (0)   :  0.074 0.331 0.274 0.060 0.261 
365 UA00046621    (0)   :  0.060 0.330 0.291 0.045 0.274 
366 UA00050422    (0)   :  0.086 0.235 0.215 0.248 0.215 
367 UA00002760    (0)   :  0.168 0.246 0.253 0.080 0.253 
368 UA00012999    (0)   :  0.230 0.256 0.216 0.070 0.228 
369 UA00063838    (0)   :  0.068 0.271 0.291 0.091 0.280 
370 UA00003729    (0)   :  0.297 0.139 0.156 0.248 0.160 
371 UA00015348    (0)   :  0.129 0.198 0.282 0.111 0.280 
372 UA00019058    (0)   :  0.087 0.191 0.287 0.158 0.277 
373 UA00049549    (0)   :  0.209 0.171 0.299 0.042 0.279 
374 UA00014334    (0)   :  0.112 0.252 0.212 0.206 0.218 
375 UA00014350    (0)   :  0.035 0.337 0.315 0.034 0.278 
376 UA00049227    (0)   :  0.336 0.183 0.144 0.175 0.162 
377 UA00014051    (0)   :  0.046 0.255 0.217 0.267 0.214 
378 UA00034381    (0)   :  0.085 0.244 0.248 0.175 0.248 
379 UA00002354    (0)   :  0.052 0.331 0.293 0.058 0.266 
380 UA00049892    (0)   :  0.171 0.238 0.279 0.052 0.260 
381 UA00021989    (0)   :  0.052 0.285 0.280 0.115 0.268 
382 UA00048968    (0)   :  0.069 0.291 0.258 0.123 0.260 
383 UA00013174    (0)   :  0.094 0.283 0.251 0.129 0.243 
384 UA00033992    (0)   :  0.316 0.230 0.189 0.071 0.194 
385 UA00015801    (0)   :  0.036 0.327 0.306 0.040 0.290 
386 UA00063303    (0)   :  0.396 0.157 0.174 0.102 0.171 
387 UA00050206    (0)   :  0.041 0.217 0.350 0.062 0.331 
388 UA00014458    (0)   :  0.162 0.231 0.240 0.129 0.237 
389 UA00007204    (0)   :  0.128 0.220 0.299 0.064 0.290 
390 UA00063212    (0)   :  0.268 0.152 0.188 0.203 0.188 
391 UA00013340    (0)   :  0.214 0.243 0.234 0.076 0.233 
392 UA00062743    (0)   :  0.058 0.281 0.229 0.211 0.221 
393 UA00063189    (0)   :  0.105 0.117 0.108 0.562 0.109 
394 UA00035432    (0)   :  0.067 0.258 0.313 0.063 0.299 
395 UA00007958    (0)   :  0.066 0.304 0.277 0.075 0.278 
396 UA00013634    (0)   :  0.055 0.307 0.262 0.120 0.257 
397 UA00048175    (0)   :  0.032 0.325 0.301 0.075 0.267 
398 UA00003202    (0)   :  0.084 0.276 0.272 0.091 0.277 
399 UA00035090    (0)   :  0.099 0.229 0.253 0.171 0.248 
400 UA00064679    (0)   :  0.099 0.163 0.151 0.435 0.152 
401 UA00039518    (0)   :  0.081 0.289 0.285 0.077 0.268 
402 UA00058268    (0)   :  0.101 0.277 0.253 0.111 0.258 
403 UA00049456    (0)   :  0.329 0.181 0.193 0.097 0.200 
404 UA00049550    (0)   :  0.062 0.219 0.266 0.182 0.270 
405 UA00048342    (0)   :  0.272 0.206 0.206 0.106 0.210 
406 UA00063493    (0)   :  0.056 0.290 0.298 0.064 0.291 
407 UA00058261    (0)   :  0.061 0.257 0.223 0.246 0.212 
408 UA00014663    (0)   :  0.110 0.278 0.233 0.145 0.235 
409 UA00048817    (0)   :  0.291 0.219 0.185 0.122 0.183 
410 UA00049381    (0)   :  0.057 0.297 0.262 0.138 0.246 
411 UA00035901    (0)   :  0.113 0.183 0.165 0.368 0.171 
412 UA00013301    (0)   :  0.103 0.194 0.283 0.148 0.272 
413 UA00047926    (0)   :  0.135 0.257 0.218 0.177 0.213 
414 UA00007272    (0)   :  0.109 0.213 0.178 0.320 0.179 
415 UA00016041    (0)   :  0.160 0.233 0.261 0.083 0.263 
416 UA00013502    (0)   :  0.048 0.268 0.278 0.137 0.269 
417 UA00002390    (0)   :  0.242 0.242 0.201 0.100 0.215 
418 UA00034907    (0)   :  0.078 0.258 0.240 0.167 0.257 
419 UA00048821    (0)   :  0.254 0.191 0.175 0.204 0.177 
420 UA00002136    (0)   :  0.253 0.187 0.211 0.131 0.219 
421 UA00011790    (0)   :  0.098 0.282 0.233 0.144 0.243 
422 UA00021586    (0)   :  0.301 0.192 0.184 0.139 0.184 
423 UA00033270    (0)   :  0.103 0.248 0.244 0.159 0.247 
424 UA00048073    (0)   :  0.108 0.250 0.269 0.109 0.264 
425 UA00048856    (0)   :  0.092 0.229 0.217 0.240 0.222 
426 UA00049713    (0)   :  0.092 0.286 0.259 0.119 0.244 
427 UA00046885    (0)   :  0.103 0.260 0.272 0.089 0.275 
428 UA00034893    (0)   :  0.081 0.279 0.292 0.067 0.280 
429 UA00048011    (0)   :  0.046 0.275 0.256 0.170 0.253 
430 UA00015786    (0)   :  0.152 0.189 0.177 0.305 0.177 
431 UA00013162    (0)   :  0.098 0.269 0.215 0.201 0.218 
432 UA00049512    (0)   :  0.138 0.221 0.245 0.149 0.247 
433 UA00004046    (0)   :  0.049 0.310 0.276 0.098 0.267 
434 UA00048881    (0)   :  0.234 0.158 0.141 0.316 0.151 
435 UA00046610    (0)   :  0.229 0.207 0.174 0.209 0.181 
436 UA00033282    (0)   :  0.152 0.227 0.219 0.178 0.224 
437 UA00047561    (0)   :  0.075 0.309 0.259 0.100 0.256 
438 UA00013777    (0)   :  0.063 0.233 0.193 0.315 0.197 
439 UA00062849    (0)   :  0.082 0.219 0.310 0.083 0.306 
440 UA00049786    (0)   :  0.044 0.297 0.269 0.140 0.250 
441 UA00033246    (0)   :  0.060 0.213 0.354 0.042 0.331 
442 UA00045302    (0)   :  0.139 0.277 0.245 0.081 0.258 
443 UA00048637    (0)   :  0.062 0.294 0.260 0.133 0.251 
444 UA00049832    (0)   :  0.283 0.188 0.232 0.069 0.228 
445 UA00022023    (0)   :  0.240 0.246 0.196 0.109 0.209 
446 UA00050192    (0)   :  0.357 0.206 0.166 0.092 0.179 
447 UA00050413    (0)   :  0.101 0.252 0.257 0.130 0.260 
448 UA00013445    (0)   :  0.051 0.316 0.277 0.068 0.289 
449 UA00035496    (0)   :  0.100 0.194 0.183 0.336 0.187 
450 UA00003333    (0)   :  0.181 0.164 0.140 0.370 0.145 
451 UA00064008    (0)   :  0.065 0.194 0.169 0.397 0.174 
452 UA00003427    (0)   :  0.299 0.191 0.172 0.158 0.179 
453 UA00028092    (0)   :  0.332 0.153 0.148 0.214 0.153 
454    pc003    (0)   :  0.146 0.081 0.074 0.623 0.077 
455 UA00034440    (0)   :  0.070 0.225 0.287 0.140 0.278 
456 UA00026062    (0)   :  0.096 0.307 0.260 0.085 0.252 
457 UA00014347    (0)   :  0.166 0.212 0.204 0.209 0.209 
458 UA00021516    (0)   :  0.071 0.302 0.278 0.081 0.267 
459 UA00049347    (0)   :  0.074 0.173 0.151 0.448 0.155 
460 UA00063436    (0)   :  0.088 0.136 0.164 0.450 0.162 
461 UA00047790    (0)   :  0.086 0.302 0.236 0.124 0.252 
462 UA00045714    (0)   :  0.166 0.168 0.145 0.368 0.154 
463 UA00038979    (0)   :  0.220 0.185 0.255 0.095 0.244 
464 UA00016123    (0)   :  0.144 0.238 0.189 0.231 0.198 
465 UA00034765    (0)   :  0.043 0.078 0.069 0.739 0.070 
466 UA00063815    (0)   :  0.178 0.093 0.092 0.542 0.095 
467 UA00034795    (0)   :  0.087 0.220 0.291 0.117 0.284 
468 UA00004000    (0)   :  0.075 0.090 0.086 0.660 0.090 
469 UA00049367    (0)   :  0.057 0.220 0.268 0.191 0.264 
470 UA00034457    (0)   :  0.108 0.296 0.257 0.078 0.261 
471 UA00050015    (0)   :  0.163 0.213 0.242 0.143 0.239 
472 UA00021373    (0)   :  0.111 0.263 0.240 0.137 0.248 
473 UA00050232    (0)   :  0.158 0.086 0.082 0.590 0.084 
474 UA00038724    (0)   :  0.250 0.220 0.219 0.082 0.229 
475 UA00007824    (0)   :  0.193 0.241 0.196 0.170 0.200 
476 UA00048754    (0)   :  0.050 0.255 0.197 0.293 0.205 
477 UA00014271    (0)   :  0.149 0.255 0.243 0.107 0.245 
478 UA00013756    (0)   :  0.200 0.157 0.199 0.245 0.198 
479 UA00014385    (0)   :  0.194 0.154 0.130 0.387 0.134 
480 UA00049609    (0)   :  0.085 0.232 0.299 0.100 0.285 
481 UA00003748    (0)   :  0.065 0.174 0.143 0.468 0.150 
482 UA00063952    (0)   :  0.054 0.188 0.168 0.414 0.176 
483 UA00058348    (0)   :  0.050 0.123 0.127 0.570 0.129 
484 UA00014922    (0)   :  0.082 0.079 0.079 0.680 0.079 
485 UA00003820    (0)   :  0.049 0.268 0.223 0.238 0.222 
486 UA00013693    (0)   :  0.156 0.208 0.178 0.273 0.186 
487 UA00047713    (0)   :  0.051 0.101 0.086 0.673 0.089 
488 UA00034891    (0)   :  0.118 0.147 0.137 0.452 0.146 
489 UA00049223    (0)   :  0.080 0.173 0.169 0.409 0.170 
490 UA00064399    (0)   :  0.311 0.061 0.051 0.523 0.055 
491 UA00013336    (0)   :  0.131 0.067 0.065 0.669 0.068 
492 UA00035291    (0)   :  0.113 0.081 0.066 0.671 0.069 
493 UA00003945    (0)   :  0.097 0.104 0.093 0.612 0.094 
494 UA00014518    (0)   :  0.087 0.134 0.114 0.542 0.122 
495 UA00013583    (0)   :  0.485 0.098 0.095 0.223 0.099 
496 UA00011510    (0)   :  0.123 0.132 0.117 0.508 0.120 
497 UA00046860    (0)   :  0.113 0.183 0.156 0.386 0.162 
498 UA00048853    (0)   :  0.218 0.135 0.116 0.408 0.123 
499 UA00012151    (0)   :  0.070 0.081 0.069 0.708 0.072 
500 UA00063930    (0)   :  0.436 0.114 0.138 0.173 0.139 
501 UA00013453    (0)   :  0.181 0.169 0.159 0.333 0.158 
502 UA00039299    (0)   :  0.077 0.062 0.059 0.742 0.060 
503 UA00014280    (0)   :  0.040 0.052 0.054 0.800 0.054 
504 UA00014200    (0)   :  0.064 0.124 0.101 0.607 0.104 
505 UA00040612    (0)   :  0.161 0.066 0.057 0.657 0.060 
506 UA00062679    (0)   :  0.109 0.065 0.061 0.702 0.064 
507 UA00034481    (0)   :  0.065 0.090 0.085 0.673 0.088 
508 UA00011880    (0)   :  0.365 0.141 0.188 0.122 0.185 
509 UA00013421    (0)   :  0.212 0.061 0.051 0.621 0.054 
510 UA00048051    (0)   :  0.061 0.049 0.044 0.799 0.047 
511 UA00063370    (0)   :  0.173 0.052 0.048 0.676 0.051 
512 UA00014716    (0)   :  0.117 0.065 0.062 0.693 0.064 
513 UA00033426    (0)   :  0.193 0.132 0.107 0.458 0.110 
514 UA00015190    (0)   :  0.292 0.068 0.059 0.518 0.063 
515 UA00013730    (0)   :  0.140 0.260 0.256 0.082 0.262 
516 UA00047644    (4)   :  0.220 0.115 0.096 0.465 0.103 
517 UA00031933    (9)   :  0.089 0.271 0.228 0.180 0.232 
518 UA00031541    (9)   :  0.155 0.143 0.138 0.426 0.138 
519   PCO-60    (4)   :  0.086 0.236 0.222 0.233 0.223 
520 UA00030495    (4)   :  0.187 0.209 0.191 0.210 0.204 
521 UA00031133    (4)   :  0.079 0.207 0.344 0.049 0.320 
522 UA00032049    (4)   :  0.397 0.166 0.145 0.140 0.152 
523 UA00030599    (4)   :  0.160 0.178 0.282 0.109 0.270 
524 UA00030250    (4)   :  0.066 0.313 0.272 0.080 0.269 
525 UA00049385    (4)   :  0.206 0.186 0.231 0.146 0.231 
526 UA00031816    (4)   :  0.078 0.202 0.343 0.058 0.319 
527 UA00030275    (4)   :  0.186 0.240 0.207 0.155 0.212 
528 UA00041861    (4)   :  0.149 0.251 0.211 0.167 0.222 
529 UA00041433    (4)   :  0.055 0.302 0.278 0.080 0.285 
530  PCO-114    (4)   :  0.064 0.278 0.232 0.202 0.223 
531 UA00031529    (4)   :  0.084 0.254 0.258 0.142 0.262 
532 UA00039719    (4)   :  0.068 0.262 0.254 0.163 0.252 
533  PCO-442    (4)   :  0.050 0.321 0.292 0.067 0.270 
534   PCO-58    (0)   :  0.098 0.285 0.244 0.136 0.237 
535 UA00048673    (4)   :  0.104 0.228 0.216 0.222 0.229 
536   PCO-63    (4)   :  0.054 0.262 0.286 0.115 0.283 


Estimated Allele Frequencies in each cluster
First column gives estimated ancestral frequencies


Locus 1 : PP01 
2 alleles
0.0% missing data
   1   (0.599) 0.862 0.602 0.583 0.333 0.582 
   2   (0.401) 0.138 0.398 0.417 0.667 0.418 

Locus 2 : PP02 
2 alleles
0.0% missing data
   1   (0.903) 0.989 0.908 0.898 0.966 0.898 
   2   (0.097) 0.011 0.092 0.102 0.034 0.102 

Locus 3 : PP03 
2 alleles
18.3% missing data
   1   (0.792) 0.918 0.789 0.757 0.970 0.759 
   2   (0.208) 0.082 0.211 0.243 0.030 0.241 

Locus 4 : PP04 
2 alleles
0.4% missing data
   1   (0.718) 0.648 0.694 0.622 0.959 0.634 
   2   (0.282) 0.352 0.306 0.378 0.041 0.366 

Locus 5 : PP06 
2 alleles
0.0% missing data
   1   (0.624) 0.657 0.636 0.679 0.609 0.677 
   2   (0.376) 0.343 0.364 0.321 0.391 0.323 

Locus 6 : PP07 
2 alleles
0.0% missing data
   1   (0.695) 0.866 0.670 0.635 0.947 0.637 
   2   (0.305) 0.134 0.330 0.365 0.053 0.363 

Locus 7 : PP09 
2 alleles
0.0% missing data
   1   (0.465) 0.629 0.478 0.558 0.064 0.551 
   2   (0.535) 0.371 0.522 0.442 0.936 0.449 

Locus 8 : PP10 
2 alleles
0.0% missing data
   1   (0.182) 0.413 0.126 0.093 0.382 0.106 
   2   (0.818) 0.587 0.874 0.907 0.618 0.894 

Locus 9 : PP11 
2 alleles
0.0% missing data
   1   (0.677) 0.797 0.658 0.705 0.822 0.707 
   2   (0.323) 0.203 0.342 0.295 0.178 0.293 

Locus 10 : PP12 
2 alleles
0.2% missing data
   1   (0.416) 0.287 0.448 0.470 0.123 0.464 
   2   (0.584) 0.713 0.552 0.530 0.877 0.536 

Locus 11 : PP13 
2 alleles
0.0% missing data
   1   (0.177) 0.490 0.141 0.112 0.128 0.118 
   2   (0.823) 0.510 0.859 0.888 0.872 0.882 

Locus 12 : PP14 
2 alleles
0.2% missing data
   1   (0.859) 0.963 0.856 0.877 0.912 0.879 
   2   (0.141) 0.037 0.144 0.123 0.088 0.121 

Locus 13 : PP15 
2 alleles
0.0% missing data
   1   (0.895) 0.406 0.933 0.934 0.940 0.930 
   2   (0.105) 0.594 0.067 0.066 0.060 0.070 

Locus 14 : PP16 
2 alleles
0.0% missing data
   1   (0.501) 0.432 0.534 0.594 0.399 0.579 
   2   (0.499) 0.568 0.466 0.406 0.601 0.421 

Locus 15 : PP17 
2 alleles
0.2% missing data
   1   (0.651) 0.834 0.654 0.631 0.507 0.633 
   2   (0.349) 0.166 0.346 0.369 0.493 0.367 

Locus 16 : PP18 
2 alleles
0.7% missing data
   1   (0.744) 0.893 0.732 0.744 0.920 0.747 
   2   (0.256) 0.107 0.268 0.256 0.080 0.253 

Locus 17 : PP20 
2 alleles
0.0% missing data
   1   (0.624) 0.653 0.649 0.645 0.502 0.644 
   2   (0.376) 0.347 0.351 0.355 0.498 0.356 

Locus 18 : PP21 
2 alleles
14.9% missing data
   1   (0.858) 0.971 0.845 0.823 0.988 0.828 
   2   (0.142) 0.029 0.155 0.177 0.012 0.172 

Locus 19 : PP22 
2 alleles
1.3% missing data
   1   (0.455) 0.067 0.512 0.434 0.149 0.435 
   2   (0.545) 0.933 0.488 0.566 0.851 0.565 

Locus 20 : PP23 
2 alleles
0.7% missing data
   1   (0.637) 0.739 0.622 0.627 0.795 0.629 
   2   (0.363) 0.261 0.378 0.373 0.205 0.371 

Locus 21 : PP24 
2 alleles
0.2% missing data
   1   (0.796) 0.864 0.842 0.857 0.585 0.848 
   2   (0.204) 0.136 0.158 0.143 0.415 0.152 

Locus 22 : PP25 
2 alleles
0.6% missing data
   1   (0.361) 0.700 0.314 0.327 0.468 0.333 
   2   (0.639) 0.300 0.686 0.673 0.532 0.667 

Values of parameters used in structure:
DATAFILE=Puma_SNP_genotypes_cut_AZ_final_HWEonly.str,	OUTFILE=outputfile_K5_9,	NUMINDS=536,	NUMLOCI=22,	MISSING=-9,	LABEL=1,	POPDATA=0,	POPFLAG=0,	PHENOTYPE=0,	EXTRACOLS=0,	MAXPOPS=5,	BURNIN=100000,	NUMREPS=500000,	USEPOPINFO=0,	INFERALPHA=1,	INFERLAMBDA=0,	POPSPECIFICLAMBDA=0,	POPALPHAS=0,	COMPUTEPROB=1,	NOADMIX=0,	ADMBURNIN=2500,	UPDATEFREQ=200,	PRINTLIKES=0,	INTERMEDSAVE=0,	PRINTKLD=0,	PRINTNET=0,	PRINTLAMBDA=0,	ANCESTDIST=0,	NUMBOXES=1000,	ANCESTPINT=0.90000,	GENSBACK=2,	MIGRPRIOR=0.05000,	PRINTQHAT=0,	PRINTQSUM=0,	ALPHA=1.0000,	FREQSCORR=1,	FPRIORMEAN=0.0100,	FPRIORSD=0.0500,	ONEFST=0,	LAMBDA=1.0000,	UNIFPRIORALPHA=1,	ALPHAMAX=10.0000,	ALPHAPRIORA=1.0000,	ALPHAPRIORB=2.0000,	ALPHAPROPSD=0.0250,	STARTATPOPINFO=0,	RANDOMIZE=1,	LINKAGE=0,	METROFREQ=20,	REPORTHITRATE=0,	MARKOVPHASE=0,	PHASED=0,	PLOIDY=2,	PHASEINFO=0	LOCPRIOR=0, 	LOCPRIORINIT=1.000000, 	LOCDATA=0, 	LOCISPOP=0, 	LOCPRIORSTEP=0.100000, 	MAXLOCPRIOR=20.000000, 	SEED=1716622439,	
[STRAT parameters]:    NUMSIMSTATS=1000,	PHENOTYPECOL=-9,	POOLFREQ=10,	LOCUSxONLY=0,	EMERROR=0.00100,	MISSINGPHENO=-9,	