

----------------------------------------------------
STRUCTURE by Pritchard, Stephens and Donnelly (2000)
     and Falush, Stephens and Pritchard (2003)
       Code by Pritchard, Falush and Hubisz
             Version 2.3.4 (Jul 2012)
----------------------------------------------------



Command line arguments:   structure -K 3 -o outputfile_K3_6 
Input File:    Puma_SNP_genotypes_cut_AZ_final_HWEonly.str

Run parameters:
   536 individuals
   22 loci
   3 populations assumed
   100000 Burn-in period
   500000 Reps


--------------------------------------------
Overall proportion of membership of the
sample in each of the 3 clusters

Inferred Clusters
  1      2      3    
0.337  0.334  0.329  

--------------------------------------------

Allele-freq. divergence among pops (Net nucleotide distance),
computed using point estimates of P.

      1       2       3      
 1      -    0.0406  0.0527  
 2   0.0406     -    0.0557  
 3   0.0527  0.0557     -    

Average distances (expected heterozygosity) between individuals in same cluster:
cluster  1  : 0.3526 
cluster  2  : 0.3550 
cluster  3  : 0.3126 

--------------------------------------------
Estimated Ln Prob of Data   = -12858.3
Mean value of ln likelihood = -12505.9
Variance of ln likelihood   = 704.6
Mean value of alpha         = 0.6791

Mean value of Fst_1         = 0.1081
Mean value of Fst_2         = 0.0973
Mean value of Fst_3         = 0.2163


Inferred ancestry of individuals:
        Label (%Miss) :  Inferred clusters
  1 UA00063336   (13)   :  0.247 0.293 0.460 
  2 UA00048914    (9)   :  0.343 0.205 0.453 
  3 UA00014769   (13)   :  0.385 0.524 0.091 
  4 UA00008132   (13)   :  0.377 0.329 0.294 
  5 UA00030462   (13)   :  0.250 0.236 0.515 
  6 UA00034866   (13)   :  0.355 0.354 0.291 
  7 UA00034800    (9)   :  0.138 0.216 0.646 
  8  Puco006    (9)   :  0.202 0.117 0.681 
  9 UA00048874    (4)   :  0.196 0.160 0.644 
 10 UA00049060    (9)   :  0.404 0.420 0.176 
 11 UA00033413    (9)   :  0.227 0.625 0.148 
 12  Puco021    (9)   :  0.121 0.714 0.166 
 13  Puco026    (9)   :  0.271 0.565 0.164 
 14  Puco008    (9)   :  0.206 0.177 0.617 
 15   M01301    (9)   :  0.249 0.581 0.170 
 16   M06306    (9)   :  0.165 0.499 0.336 
 17 UA00032185    (9)   :  0.313 0.387 0.300 
 18 UA00030792    (9)   :  0.080 0.119 0.801 
 19 UA00031647    (9)   :  0.234 0.230 0.535 
 20 UA00031979    (9)   :  0.334 0.367 0.298 
 21  Puco016    (9)   :  0.519 0.149 0.332 
 22  Puco010    (9)   :  0.259 0.519 0.222 
 23    M1035    (9)   :  0.416 0.342 0.242 
 24 UA00034601    (9)   :  0.243 0.402 0.355 
 25 UA00050388    (9)   :  0.248 0.391 0.361 
 26 UA00048699    (9)   :  0.471 0.154 0.375 
 27 UA00064058    (9)   :  0.480 0.348 0.172 
 28 UA00033981    (9)   :  0.141 0.649 0.210 
 29   F05033    (9)   :  0.357 0.503 0.140 
 30 UA00048520    (4)   :  0.194 0.402 0.404 
 31 UA00048422    (4)   :  0.095 0.240 0.665 
 32    PucoB    (4)   :  0.248 0.631 0.121 
 33 UA00047393    (4)   :  0.382 0.291 0.327 
 34 UA00064521    (4)   :  0.289 0.292 0.419 
 35 UA00003043    (4)   :  0.566 0.198 0.236 
 36 UA00063025    (4)   :  0.147 0.318 0.535 
 37 UA00063826    (4)   :  0.214 0.606 0.180 
 38   F07407    (4)   :  0.133 0.602 0.265 
 39 UA00021658    (4)   :  0.374 0.433 0.193 
 40 UA00003794    (4)   :  0.174 0.566 0.260 
 41 UA00041322    (4)   :  0.299 0.302 0.399 
 42 UA00063316    (4)   :  0.235 0.331 0.434 
 43 UA00047705    (4)   :  0.226 0.489 0.285 
 44 UA00033904    (4)   :  0.222 0.234 0.544 
 45 UA00048100    (4)   :  0.364 0.451 0.185 
 46 UA00032212    (4)   :  0.217 0.306 0.477 
 47 UA00031574    (4)   :  0.095 0.185 0.720 
 48 UA00031228    (4)   :  0.106 0.123 0.771 
 49 UA00047707    (4)   :  0.701 0.198 0.102 
 50 UA00030906    (4)   :  0.064 0.082 0.854 
 51 UA00041567    (4)   :  0.185 0.552 0.263 
 52 UA00007624    (4)   :  0.332 0.559 0.109 
 53 UA00034514    (4)   :  0.464 0.345 0.191 
 54 UA00030480    (4)   :  0.423 0.229 0.348 
 55  Puco012    (4)   :  0.480 0.291 0.229 
 56 UA00038677    (9)   :  0.202 0.333 0.465 
 57 UA00048275    (4)   :  0.217 0.597 0.187 
 58 UA00064055    (4)   :  0.628 0.147 0.225 
 59  Puco009    (4)   :  0.469 0.223 0.309 
 60 UA00064561    (4)   :  0.709 0.144 0.147 
 61 UA00003479    (4)   :  0.551 0.240 0.209 
 62 UA00063747    (4)   :  0.534 0.344 0.122 
 63 UA00002558    (4)   :  0.308 0.379 0.314 
 64 UA00048410    (4)   :  0.634 0.164 0.202 
 65 UA00012249    (4)   :  0.716 0.121 0.163 
 66 UA00033818    (4)   :  0.139 0.293 0.568 
 67  Puco020    (4)   :  0.435 0.192 0.373 
 68 UA00002545    (9)   :  0.644 0.151 0.205 
 69 UA00048508    (4)   :  0.540 0.314 0.147 
 70 UA00064100    (4)   :  0.373 0.364 0.263 
 71 UA00014585    (4)   :  0.498 0.276 0.226 
 72 UA00063698    (4)   :  0.177 0.217 0.606 
 73 UA00049753    (4)   :  0.203 0.365 0.432 
 74 UA00049037    (4)   :  0.451 0.367 0.182 
 75 UA00034941    (4)   :  0.202 0.437 0.361 
 76 UA00008083    (4)   :  0.223 0.176 0.601 
 77 UA00015084    (4)   :  0.146 0.212 0.643 
 78 UA00041010    (9)   :  0.144 0.093 0.763 
 79 UA00035261    (4)   :  0.245 0.286 0.468 
 80 UA00035431    (4)   :  0.305 0.539 0.156 
 81 UA00045274    (0)   :  0.231 0.416 0.353 
 82 UA00028200    (4)   :  0.162 0.200 0.638 
 83 UA00064559    (0)   :  0.085 0.195 0.721 
 84 UA00040808    (0)   :  0.252 0.131 0.617 
 85 UA00049156    (0)   :  0.162 0.204 0.634 
 86 UA00003952    (4)   :  0.358 0.134 0.508 
 87 UA00063954    (0)   :  0.264 0.411 0.325 
 88 UA00062934    (0)   :  0.227 0.313 0.460 
 89 UA00033829    (0)   :  0.106 0.144 0.750 
 90 UA00064351    (4)   :  0.136 0.602 0.262 
 91 UA00003697    (4)   :  0.160 0.175 0.665 
 92 UA00063438    (4)   :  0.219 0.244 0.537 
 93 UA00007608    (0)   :  0.151 0.261 0.589 
 94 UA00019683    (4)   :  0.114 0.587 0.299 
 95 UA00007781    (0)   :  0.293 0.475 0.232 
 96 UA00002915    (0)   :  0.272 0.182 0.546 
 97  Puco031    (4)   :  0.570 0.219 0.211 
 98 UA00048280    (4)   :  0.171 0.571 0.258 
 99 UA00048589    (0)   :  0.252 0.517 0.231 
100 UA00034417    (0)   :  0.374 0.206 0.420 
101 UA00050411    (4)   :  0.668 0.234 0.098 
102  Puco029    (4)   :  0.302 0.610 0.088 
103   F03403    (4)   :  0.217 0.661 0.122 
104 UA00049904    (0)   :  0.156 0.527 0.317 
105 UA00035335    (0)   :  0.390 0.526 0.084 
106 UA00012611    (0)   :  0.413 0.408 0.178 
107 UA00050319    (0)   :  0.173 0.730 0.097 
108 UA00032068    (4)   :  0.350 0.391 0.259 
109 UA00032026    (4)   :  0.387 0.384 0.228 
110 UA00030476    (4)   :  0.114 0.749 0.138 
111 UA00046853    (0)   :  0.143 0.659 0.198 
112 UA00040156    (4)   :  0.075 0.124 0.801 
113 UA00030528    (4)   :  0.433 0.185 0.383 
114  Puco025    (4)   :  0.550 0.340 0.110 
115    pc016    (0)   :  0.077 0.107 0.816 
116 UA00030617    (4)   :  0.575 0.337 0.087 
117 UA00030585    (4)   :  0.089 0.231 0.680 
118 UA00032060    (4)   :  0.215 0.488 0.298 
119    pc007    (0)   :  0.215 0.610 0.174 
120 UA00030798    (4)   :  0.142 0.217 0.641 
121 UA00030778    (4)   :  0.679 0.224 0.096 
122 UA00039674    (4)   :  0.099 0.121 0.780 
123 UA00032241    (4)   :  0.313 0.598 0.089 
124 UA00011624    (0)   :  0.478 0.367 0.154 
125 UA00033779    (4)   :  0.160 0.709 0.131 
126 UA00049402    (4)   :  0.561 0.139 0.301 
127 UA00033653    (0)   :  0.129 0.745 0.127 
128 UA00047738    (0)   :  0.239 0.412 0.349 
129 UA00047502    (4)   :  0.358 0.165 0.477 
130 UA00012014    (4)   :  0.533 0.225 0.241 
131 UA00040729    (0)   :  0.258 0.601 0.140 
132 UA00030392    (4)   :  0.524 0.356 0.119 
133 UA00050033    (0)   :  0.353 0.478 0.169 
134 UA00012152    (0)   :  0.554 0.150 0.296 
135 UA00050406    (0)   :  0.395 0.398 0.208 
136 UA00047973    (0)   :  0.349 0.489 0.162 
137 UA00008051    (0)   :  0.242 0.327 0.431 
138 UA00047337    (4)   :  0.281 0.441 0.278 
139 UA00041604    (4)   :  0.284 0.336 0.380 
140 UA00031704    (4)   :  0.604 0.302 0.094 
141 UA00040423    (4)   :  0.429 0.299 0.272 
142 UA00049433    (0)   :  0.458 0.167 0.375 
143 UA00034816    (0)   :  0.597 0.203 0.201 
144 UA00050214    (0)   :  0.678 0.209 0.113 
145 UA00041073    (0)   :  0.390 0.316 0.293 
146 UA00030318    (4)   :  0.547 0.288 0.165 
147 UA00046845    (0)   :  0.599 0.164 0.237 
148 UA00063946    (0)   :  0.111 0.752 0.137 
149 UA00031374    (4)   :  0.446 0.315 0.239 
150    M1136    (4)   :  0.378 0.229 0.392 
151 UA00034299    (0)   :  0.684 0.180 0.136 
152 UA00002387    (4)   :  0.709 0.128 0.163 
153 UA00021855    (0)   :  0.233 0.521 0.246 
154 UA00014500    (0)   :  0.525 0.282 0.193 
155 UA00050419    (4)   :  0.658 0.233 0.110 
156 UA00031854    (4)   :  0.396 0.361 0.243 
157    pc011    (4)   :  0.728 0.147 0.126 
158 UA00033004    (0)   :  0.555 0.197 0.248 
159 UA00046510    (0)   :  0.540 0.210 0.251 
160 UA00048747    (0)   :  0.646 0.161 0.193 
161 UA00014293    (0)   :  0.741 0.118 0.142 
162 UA00047686    (0)   :  0.387 0.176 0.438 
163 UA00033783    (4)   :  0.138 0.334 0.527 
164 UA00042609    (4)   :  0.418 0.153 0.429 
165 UA00031169    (4)   :  0.733 0.144 0.123 
166 UA00035181    (0)   :  0.445 0.465 0.090 
167 UA00050133    (0)   :  0.530 0.265 0.205 
168  Puco011    (4)   :  0.696 0.135 0.170 
169 UA00041476    (0)   :  0.498 0.188 0.314 
170 UA00046702    (0)   :  0.703 0.185 0.113 
171 UA00019940    (0)   :  0.382 0.349 0.269 
172 UA00049813    (0)   :  0.241 0.568 0.191 
173 UA00064165    (0)   :  0.235 0.204 0.561 
174 UA00064421    (0)   :  0.521 0.205 0.274 
175 UA00064569    (4)   :  0.519 0.379 0.102 
176 UA00003996    (0)   :  0.560 0.170 0.270 
177 UA00064491    (4)   :  0.543 0.306 0.151 
178 UA00011899    (0)   :  0.453 0.361 0.186 
179  Puco015    (4)   :  0.427 0.283 0.290 
180 UA00047929    (4)   :  0.253 0.648 0.099 
181 UA00056669    (0)   :  0.494 0.285 0.220 
182 UA00050176    (0)   :  0.427 0.241 0.332 
183  Puco014    (4)   :  0.254 0.458 0.288 
184 UA00019608    (0)   :  0.617 0.160 0.222 
185 UA00064333    (0)   :  0.603 0.182 0.215 
186  Puco013    (4)   :  0.467 0.213 0.320 
187 UA00016092    (0)   :  0.613 0.300 0.088 
188 UA00019060    (0)   :  0.198 0.140 0.663 
189 UA00063532    (0)   :  0.405 0.345 0.250 
190 UA00064117    (0)   :  0.202 0.154 0.645 
191 UA00011969    (0)   :  0.321 0.400 0.279 
192 UA00034586    (4)   :  0.334 0.537 0.129 
193 UA00030736    (4)   :  0.516 0.290 0.194 
194 UA00048493    (0)   :  0.457 0.312 0.231 
195 UA00040466    (0)   :  0.239 0.156 0.605 
196 UA00047659    (0)   :  0.407 0.403 0.190 
197 UA00042002    (4)   :  0.231 0.402 0.366 
198 UA00062606    (0)   :  0.438 0.236 0.327 
199 UA00030615    (4)   :  0.257 0.183 0.559 
200 UA00048899    (0)   :  0.422 0.351 0.228 
201 UA00047725    (0)   :  0.111 0.099 0.790 
202 UA00030866    (4)   :  0.433 0.273 0.294 
203 UA00034564    (0)   :  0.574 0.193 0.233 
204 UA00046520    (0)   :  0.159 0.724 0.117 
205 UA00035027    (0)   :  0.276 0.387 0.338 
206 UA00035421    (0)   :  0.516 0.135 0.349 
207 UA00062740    (4)   :  0.233 0.263 0.504 
208 UA00012360    (0)   :  0.238 0.170 0.592 
209 UA00050203    (0)   :  0.395 0.438 0.168 
210 UA00040534    (4)   :  0.158 0.133 0.708 
211 UA00031261    (4)   :  0.144 0.097 0.759 
212 UA00031917    (4)   :  0.162 0.108 0.730 
213 UA00040798    (4)   :  0.217 0.265 0.517 
214 UA00030598    (4)   :  0.281 0.243 0.476 
215 UA00050385    (0)   :  0.541 0.189 0.269 
216 UA00058283    (0)   :  0.133 0.137 0.731 
217 UA00042297    (4)   :  0.166 0.235 0.599 
218 UA00015415    (4)   :  0.221 0.113 0.666 
219 UA00035531    (0)   :  0.238 0.114 0.648 
220 UA00048683    (0)   :  0.344 0.164 0.492 
221 UA00046734    (4)   :  0.193 0.142 0.665 
222   pcRF01    (0)   :  0.792 0.117 0.091 
223 UA00007223    (0)   :  0.390 0.153 0.458 
224 UA00013841    (0)   :  0.314 0.415 0.271 
225 UA00014196    (0)   :  0.258 0.112 0.630 
226 UA00034635    (0)   :  0.478 0.335 0.187 
227 UA00047371    (0)   :  0.153 0.394 0.453 
228 UA00063544    (0)   :  0.207 0.412 0.381 
229 UA00064246    (0)   :  0.271 0.313 0.416 
230 UA00064328    (0)   :  0.281 0.222 0.497 
231 UA00002952    (0)   :  0.251 0.193 0.556 
232 UA00064079    (0)   :  0.290 0.317 0.393 
233 UA00046793    (0)   :  0.325 0.141 0.534 
234 UA00034769    (0)   :  0.132 0.326 0.542 
235 UA00034949    (0)   :  0.421 0.110 0.469 
236 UA00063753    (0)   :  0.122 0.537 0.341 
237 UA00015713    (0)   :  0.181 0.536 0.283 
238 UA00003494    (0)   :  0.513 0.108 0.379 
239 UA00056767    (0)   :  0.182 0.730 0.087 
240 UA00014461    (0)   :  0.389 0.209 0.402 
241 UA00034669    (0)   :  0.161 0.210 0.629 
242 UA00048164    (0)   :  0.440 0.276 0.283 
243 UA00007974    (0)   :  0.140 0.634 0.225 
244 UA00016166    (0)   :  0.339 0.182 0.479 
245 UA00015653    (0)   :  0.174 0.200 0.626 
246 UA00063882    (0)   :  0.297 0.163 0.540 
247 UA00049027    (0)   :  0.177 0.359 0.464 
248 UA00018878    (0)   :  0.141 0.526 0.332 
249 UA00038796    (0)   :  0.229 0.265 0.505 
250 UA00013465    (0)   :  0.172 0.176 0.652 
251 UA00014604    (0)   :  0.176 0.352 0.472 
252 UA00041913    (0)   :  0.129 0.508 0.363 
253 UA00021632    (0)   :  0.148 0.224 0.628 
254 UA00064027    (0)   :  0.267 0.258 0.475 
255 UA00015023    (0)   :  0.555 0.195 0.250 
256 UA00050243    (0)   :  0.295 0.242 0.464 
257 UA00048298    (0)   :  0.415 0.316 0.268 
258 UA00050437    (0)   :  0.361 0.221 0.418 
259 UA00014262    (0)   :  0.330 0.278 0.392 
260 UA00049129    (0)   :  0.268 0.532 0.200 
261 UA00014740    (0)   :  0.229 0.500 0.271 
262 UA00049612    (0)   :  0.118 0.212 0.670 
263 UA00014635    (0)   :  0.174 0.722 0.104 
264 UA00014673    (0)   :  0.186 0.273 0.541 
265 UA00033608    (0)   :  0.146 0.326 0.528 
266 UA00064540    (0)   :  0.165 0.604 0.231 
267 UA00050256    (0)   :  0.247 0.199 0.554 
268 UA00015274    (0)   :  0.506 0.277 0.216 
269 UA00062993    (0)   :  0.240 0.584 0.176 
270 UA00038364    (0)   :  0.233 0.436 0.331 
271 UA00014446    (0)   :  0.409 0.432 0.159 
272 UA00063545    (0)   :  0.136 0.150 0.714 
273 UA00040054    (0)   :  0.503 0.318 0.178 
274 UA00058447    (0)   :  0.268 0.548 0.184 
275 UA00046835    (0)   :  0.276 0.568 0.156 
276 UA00014608    (0)   :  0.298 0.488 0.214 
277    pc012    (0)   :  0.280 0.391 0.329 
278    pc002    (0)   :  0.180 0.272 0.548 
279 UA00033690    (0)   :  0.096 0.598 0.306 
280 UA00013688    (0)   :  0.339 0.382 0.279 
281 UA00063666    (0)   :  0.103 0.749 0.148 
282 UA00063292    (0)   :  0.151 0.742 0.108 
283    pc001    (0)   :  0.381 0.381 0.237 
284    pc008    (0)   :  0.257 0.538 0.204 
285 UA00034316    (0)   :  0.314 0.161 0.526 
286 UA00013046    (0)   :  0.317 0.577 0.106 
287 UA00050241    (0)   :  0.166 0.744 0.090 
288 UA00048599    (0)   :  0.219 0.665 0.116 
289 UA00046649    (0)   :  0.214 0.391 0.394 
290 UA00015674    (0)   :  0.111 0.386 0.503 
291 UA00013177    (0)   :  0.169 0.448 0.382 
292 UA00012814    (0)   :  0.492 0.289 0.218 
293 UA00034654    (0)   :  0.395 0.472 0.134 
294 UA00046743    (0)   :  0.253 0.618 0.128 
295 UA00014854    (0)   :  0.152 0.683 0.165 
296 UA00013729    (0)   :  0.525 0.274 0.200 
297 UA00063483    (0)   :  0.202 0.655 0.143 
298 UA00039326    (0)   :  0.261 0.484 0.256 
299 UA00014742    (0)   :  0.196 0.673 0.130 
300 UA00049597    (0)   :  0.148 0.564 0.288 
301 UA00048067    (0)   :  0.141 0.550 0.308 
302 UA00012918    (0)   :  0.107 0.704 0.189 
303 UA00013487    (0)   :  0.781 0.124 0.095 
304 UA00046759    (0)   :  0.209 0.283 0.508 
305 UA00050164    (0)   :  0.225 0.150 0.625 
306 UA00049839    (0)   :  0.211 0.625 0.164 
307 UA00048444    (0)   :  0.086 0.733 0.181 
308 UA00063857    (0)   :  0.241 0.653 0.106 
309 UA00014921    (0)   :  0.155 0.513 0.331 
310 UA00048895    (0)   :  0.173 0.402 0.425 
311 UA00014556    (0)   :  0.275 0.335 0.391 
312    pc009    (0)   :  0.124 0.794 0.082 
313 UA00014959    (0)   :  0.162 0.501 0.337 
314 UA00020709    (0)   :  0.317 0.428 0.254 
315 UA00013126    (0)   :  0.095 0.204 0.700 
316 UA00013695    (0)   :  0.143 0.235 0.623 
317 UA00049344    (0)   :  0.154 0.290 0.556 
318 UA00047614    (0)   :  0.090 0.133 0.777 
319 UA00014221    (0)   :  0.191 0.732 0.077 
320 UA00014346    (0)   :  0.153 0.652 0.195 
321 UA00014245    (0)   :  0.183 0.563 0.254 
322 UA00014696    (0)   :  0.135 0.102 0.763 
323 UA00006991    (0)   :  0.525 0.245 0.231 
324 UA00048948    (0)   :  0.398 0.367 0.235 
325 UA00002239    (0)   :  0.562 0.188 0.250 
326 UA00063459    (0)   :  0.117 0.779 0.104 
327 UA00048356    (0)   :  0.181 0.504 0.315 
328 UA00063940    (0)   :  0.424 0.279 0.297 
329 UA00048130    (0)   :  0.175 0.685 0.140 
330 UA00048903    (0)   :  0.473 0.440 0.087 
331 UA00064643    (0)   :  0.380 0.360 0.260 
332 UA00050233    (0)   :  0.429 0.368 0.202 
333 UA00012507    (0)   :  0.529 0.215 0.256 
334 UA00064416    (0)   :  0.678 0.183 0.139 
335 UA00034724    (0)   :  0.407 0.423 0.170 
336 UA00002621    (0)   :  0.354 0.530 0.116 
337 UA00033203    (0)   :  0.676 0.144 0.180 
338 UA00011996    (0)   :  0.330 0.471 0.200 
339 UA00014408    (0)   :  0.463 0.191 0.346 
340 UA00049502    (0)   :  0.259 0.478 0.264 
341 UA00062695    (0)   :  0.193 0.513 0.294 
342 UA00014072    (0)   :  0.204 0.604 0.192 
343 UA00003334    (0)   :  0.276 0.618 0.106 
344 UA00013835    (0)   :  0.259 0.503 0.238 
345 UA00046760    (0)   :  0.195 0.513 0.292 
346 UA00014241    (0)   :  0.455 0.404 0.141 
347 UA00049585    (0)   :  0.237 0.654 0.109 
348 UA00013409    (0)   :  0.171 0.513 0.316 
349 UA00047548    (0)   :  0.468 0.394 0.138 
350 UA00049038    (0)   :  0.165 0.346 0.490 
351 UA00047612    (0)   :  0.372 0.453 0.175 
352 UA00014822    (0)   :  0.148 0.223 0.629 
353 UA00035299    (0)   :  0.499 0.316 0.185 
354 UA00012804    (0)   :  0.191 0.320 0.489 
355 UA00049578    (0)   :  0.338 0.374 0.288 
356 UA00047672    (0)   :  0.753 0.104 0.143 
357 UA00043961    (0)   :  0.123 0.261 0.615 
358 UA00064575    (0)   :  0.211 0.427 0.362 
359 UA00014732    (0)   :  0.542 0.286 0.173 
360 UA00050181    (0)   :  0.598 0.240 0.163 
361 UA00033369    (0)   :  0.319 0.199 0.482 
362 UA00011982    (0)   :  0.708 0.211 0.081 
363 UA00014590    (0)   :  0.482 0.201 0.317 
364 UA00047743    (0)   :  0.641 0.226 0.133 
365 UA00046621    (0)   :  0.650 0.253 0.097 
366 UA00050422    (0)   :  0.431 0.297 0.272 
367 UA00002760    (0)   :  0.310 0.481 0.209 
368 UA00012999    (0)   :  0.419 0.334 0.247 
369 UA00063838    (0)   :  0.380 0.479 0.140 
370 UA00003729    (0)   :  0.158 0.335 0.507 
371 UA00015348    (0)   :  0.161 0.613 0.225 
372 UA00019058    (0)   :  0.192 0.583 0.225 
373 UA00049549    (0)   :  0.095 0.771 0.134 
374 UA00014334    (0)   :  0.526 0.204 0.269 
375 UA00014350    (0)   :  0.773 0.161 0.066 
376 UA00049227    (0)   :  0.283 0.229 0.489 
377 UA00014051    (0)   :  0.684 0.134 0.183 
378 UA00034381    (0)   :  0.397 0.370 0.233 
379 UA00002354    (0)   :  0.699 0.190 0.112 
380 UA00049892    (0)   :  0.246 0.607 0.146 
381 UA00021989    (0)   :  0.521 0.340 0.139 
382 UA00048968    (0)   :  0.556 0.271 0.173 
383 UA00013174    (0)   :  0.614 0.210 0.176 
384 UA00033992    (0)   :  0.425 0.239 0.336 
385 UA00015801    (0)   :  0.656 0.275 0.069 
386 UA00063303    (0)   :  0.191 0.460 0.349 
387 UA00050206    (0)   :  0.153 0.752 0.095 
388 UA00014458    (0)   :  0.331 0.408 0.261 
389 UA00007204    (0)   :  0.212 0.655 0.133 
390 UA00063212    (0)   :  0.146 0.375 0.479 
391 UA00013340    (0)   :  0.297 0.469 0.234 
392 UA00062743    (0)   :  0.698 0.118 0.184 
393 UA00063189    (0)   :  0.331 0.166 0.503 
394 UA00035432    (0)   :  0.311 0.574 0.115 
395 UA00007958    (0)   :  0.520 0.348 0.132 
396 UA00013634    (0)   :  0.719 0.145 0.136 
397 UA00048175    (0)   :  0.804 0.118 0.078 
398 UA00003202    (0)   :  0.377 0.444 0.179 
399 UA00035090    (0)   :  0.307 0.441 0.252 
400 UA00064679    (0)   :  0.395 0.215 0.390 
401 UA00039518    (0)   :  0.519 0.341 0.140 
402 UA00058268    (0)   :  0.447 0.362 0.191 
403 UA00049456    (0)   :  0.207 0.464 0.329 
404 UA00049550    (0)   :  0.265 0.528 0.207 
405 UA00048342    (0)   :  0.217 0.471 0.312 
406 UA00063493    (0)   :  0.415 0.473 0.112 
407 UA00058261    (0)   :  0.625 0.155 0.219 
408 UA00014663    (0)   :  0.501 0.248 0.251 
409 UA00048817    (0)   :  0.422 0.200 0.378 
410 UA00049381    (0)   :  0.686 0.167 0.147 
411 UA00035901    (0)   :  0.293 0.261 0.445 
412 UA00013301    (0)   :  0.159 0.595 0.246 
413 UA00047926    (0)   :  0.541 0.156 0.303 
414 UA00007272    (0)   :  0.525 0.129 0.347 
415 UA00016041    (0)   :  0.228 0.577 0.194 
416 UA00013502    (0)   :  0.520 0.345 0.134 
417 UA00002390    (0)   :  0.399 0.281 0.321 
418 UA00034907    (0)   :  0.343 0.433 0.224 
419 UA00048821    (0)   :  0.306 0.262 0.432 
420 UA00002136    (0)   :  0.156 0.487 0.357 
421 UA00011790    (0)   :  0.587 0.197 0.216 
422 UA00021586    (0)   :  0.309 0.324 0.367 
423 UA00033270    (0)   :  0.398 0.377 0.225 
424 UA00048073    (0)   :  0.320 0.478 0.203 
425 UA00048856    (0)   :  0.420 0.326 0.254 
426 UA00049713    (0)   :  0.571 0.236 0.193 
427 UA00046885    (0)   :  0.357 0.469 0.174 
428 UA00034893    (0)   :  0.395 0.475 0.130 
429 UA00048011    (0)   :  0.565 0.280 0.155 
430 UA00015786    (0)   :  0.333 0.238 0.429 
431 UA00013162    (0)   :  0.623 0.104 0.273 
432 UA00049512    (0)   :  0.256 0.504 0.241 
433 UA00004046    (0)   :  0.745 0.144 0.112 
434 UA00048881    (0)   :  0.226 0.212 0.561 
435 UA00046610    (0)   :  0.382 0.208 0.411 
436 UA00033282    (0)   :  0.315 0.416 0.269 
437 UA00047561    (0)   :  0.665 0.178 0.157 
438 UA00013777    (0)   :  0.575 0.181 0.244 
439 UA00062849    (0)   :  0.201 0.649 0.150 
440 UA00049786    (0)   :  0.763 0.113 0.124 
441 UA00033246    (0)   :  0.131 0.780 0.089 
442 UA00045302    (0)   :  0.383 0.436 0.181 
443 UA00048637    (0)   :  0.680 0.167 0.153 
444 UA00049832    (0)   :  0.197 0.582 0.221 
445 UA00022023    (0)   :  0.433 0.255 0.312 
446 UA00050192    (0)   :  0.338 0.286 0.376 
447 UA00050413    (0)   :  0.383 0.419 0.198 
448 UA00013445    (0)   :  0.638 0.261 0.102 
449 UA00035496    (0)   :  0.311 0.307 0.382 
450 UA00003333    (0)   :  0.291 0.188 0.522 
451 UA00064008    (0)   :  0.472 0.218 0.310 
452 UA00003427    (0)   :  0.301 0.288 0.412 
453 UA00028092    (0)   :  0.215 0.286 0.500 
454    pc003    (0)   :  0.165 0.139 0.696 
455 UA00034440    (0)   :  0.269 0.533 0.198 
456 UA00026062    (0)   :  0.724 0.112 0.165 
457 UA00014347    (0)   :  0.262 0.382 0.357 
458 UA00021516    (0)   :  0.656 0.214 0.130 
459 UA00049347    (0)   :  0.417 0.191 0.393 
460 UA00063436    (0)   :  0.198 0.343 0.459 
461 UA00047790    (0)   :  0.616 0.180 0.204 
462 UA00045714    (0)   :  0.296 0.188 0.516 
463 UA00038979    (0)   :  0.179 0.598 0.223 
464 UA00016123    (0)   :  0.465 0.200 0.335 
465 UA00034765    (0)   :  0.343 0.129 0.528 
466 UA00063815    (0)   :  0.128 0.167 0.705 
467 UA00034795    (0)   :  0.226 0.570 0.204 
468 UA00004000    (0)   :  0.236 0.184 0.581 
469 UA00049367    (0)   :  0.320 0.482 0.199 
470 UA00034457    (0)   :  0.490 0.337 0.173 
471 UA00050015    (0)   :  0.200 0.495 0.305 
472 UA00021373    (0)   :  0.437 0.325 0.238 
473 UA00050232    (0)   :  0.170 0.141 0.689 
474 UA00038724    (0)   :  0.223 0.490 0.288 
475 UA00007824    (0)   :  0.488 0.163 0.350 
476 UA00048754    (0)   :  0.637 0.146 0.216 
477 UA00014271    (0)   :  0.395 0.394 0.211 
478 UA00013756    (0)   :  0.165 0.397 0.438 
479 UA00014385    (0)   :  0.297 0.164 0.539 
480 UA00049609    (0)   :  0.259 0.568 0.173 
481 UA00003748    (0)   :  0.509 0.152 0.339 
482 UA00063952    (0)   :  0.517 0.226 0.256 
483 UA00058348    (0)   :  0.329 0.282 0.389 
484 UA00014922    (0)   :  0.234 0.176 0.590 
485 UA00003820    (0)   :  0.686 0.142 0.172 
486 UA00013693    (0)   :  0.364 0.223 0.413 
487 UA00047713    (0)   :  0.397 0.134 0.469 
488 UA00034891    (0)   :  0.178 0.263 0.559 
489 UA00049223    (0)   :  0.370 0.283 0.348 
490 UA00064399    (0)   :  0.110 0.066 0.824 
491 UA00013336    (0)   :  0.149 0.135 0.716 
492 UA00035291    (0)   :  0.175 0.088 0.737 
493 UA00003945    (0)   :  0.225 0.155 0.620 
494 UA00014518    (0)   :  0.390 0.149 0.461 
495 UA00013583    (0)   :  0.132 0.202 0.666 
496 UA00011510    (0)   :  0.270 0.174 0.556 
497 UA00046860    (0)   :  0.417 0.173 0.411 
498 UA00048853    (0)   :  0.238 0.165 0.597 
499 UA00012151    (0)   :  0.265 0.114 0.621 
500 UA00063930    (0)   :  0.129 0.306 0.566 
501 UA00013453    (0)   :  0.263 0.217 0.521 
502 UA00039299    (0)   :  0.161 0.124 0.715 
503 UA00014280    (0)   :  0.202 0.169 0.629 
504 UA00014200    (0)   :  0.452 0.115 0.433 
505 UA00040612    (0)   :  0.151 0.099 0.749 
506 UA00062679    (0)   :  0.143 0.123 0.734 
507 UA00034481    (0)   :  0.263 0.178 0.560 
508 UA00011880    (0)   :  0.124 0.438 0.438 
509 UA00013421    (0)   :  0.123 0.073 0.804 
510 UA00048051    (0)   :  0.143 0.103 0.754 
511 UA00063370    (0)   :  0.103 0.090 0.808 
512 UA00014716    (0)   :  0.130 0.128 0.741 
513 UA00033426    (0)   :  0.269 0.100 0.632 
514 UA00015190    (0)   :  0.125 0.100 0.775 
515 UA00013730    (0)   :  0.380 0.429 0.191 
516 UA00047644    (4)   :  0.180 0.144 0.676 
517 UA00031933    (9)   :  0.543 0.219 0.239 
518 UA00031541    (9)   :  0.282 0.236 0.482 
519   PCO-60    (4)   :  0.401 0.364 0.235 
520 UA00030495    (4)   :  0.273 0.329 0.398 
521 UA00031133    (4)   :  0.117 0.783 0.101 
522 UA00032049    (4)   :  0.219 0.257 0.523 
523 UA00030599    (4)   :  0.124 0.623 0.253 
524 UA00030250    (4)   :  0.632 0.225 0.144 
525 UA00049385    (4)   :  0.158 0.544 0.298 
526 UA00031816    (4)   :  0.106 0.775 0.119 
527 UA00030275    (4)   :  0.438 0.236 0.325 
528 UA00041861    (4)   :  0.471 0.267 0.262 
529 UA00041433    (4)   :  0.529 0.354 0.117 
530  PCO-114    (4)   :  0.657 0.152 0.191 
531 UA00031529    (4)   :  0.407 0.409 0.183 
532 UA00039719    (4)   :  0.490 0.327 0.183 
533  PCO-442    (4)   :  0.709 0.192 0.099 
534   PCO-58    (0)   :  0.690 0.106 0.204 
535 UA00048673    (4)   :  0.318 0.382 0.300 
536   PCO-63    (4)   :  0.398 0.444 0.158 


Estimated Allele Frequencies in each cluster
First column gives estimated ancestral frequencies


Locus 1 : PP01 
2 alleles
0.0% missing data
   1   (0.577) 0.593 0.587 0.588 
   2   (0.423) 0.407 0.413 0.412 

Locus 2 : PP02 
2 alleles
0.0% missing data
   1   (0.879) 0.916 0.897 0.981 
   2   (0.121) 0.084 0.103 0.019 

Locus 3 : PP03 
2 alleles
18.3% missing data
   1   (0.786) 0.864 0.689 0.957 
   2   (0.214) 0.136 0.311 0.043 

Locus 4 : PP04 
2 alleles
0.4% missing data
   1   (0.665) 0.826 0.471 0.835 
   2   (0.335) 0.174 0.529 0.165 

Locus 5 : PP06 
2 alleles
0.0% missing data
   1   (0.644) 0.563 0.762 0.631 
   2   (0.356) 0.437 0.238 0.369 

Locus 6 : PP07 
2 alleles
0.0% missing data
   1   (0.696) 0.734 0.567 0.944 
   2   (0.304) 0.266 0.433 0.056 

Locus 7 : PP09 
2 alleles
0.0% missing data
   1   (0.518) 0.279 0.781 0.309 
   2   (0.482) 0.721 0.219 0.691 

Locus 8 : PP10 
2 alleles
0.0% missing data
   1   (0.186) 0.125 0.093 0.445 
   2   (0.814) 0.875 0.907 0.555 

Locus 9 : PP11 
2 alleles
0.0% missing data
   1   (0.698) 0.575 0.806 0.829 
   2   (0.302) 0.425 0.194 0.171 

Locus 10 : PP12 
2 alleles
0.2% missing data
   1   (0.419) 0.433 0.504 0.144 
   2   (0.581) 0.567 0.496 0.856 

Locus 11 : PP13 
2 alleles
0.0% missing data
   1   (0.183) 0.141 0.086 0.354 
   2   (0.817) 0.859 0.914 0.646 

Locus 12 : PP14 
2 alleles
0.2% missing data
   1   (0.854) 0.812 0.939 0.939 
   2   (0.146) 0.188 0.061 0.061 

Locus 13 : PP15 
2 alleles
0.0% missing data
   1   (0.867) 0.976 0.864 0.661 
   2   (0.133) 0.024 0.136 0.339 

Locus 14 : PP16 
2 alleles
0.0% missing data
   1   (0.544) 0.465 0.680 0.381 
   2   (0.456) 0.535 0.320 0.619 

Locus 15 : PP17 
2 alleles
0.2% missing data
   1   (0.623) 0.660 0.618 0.672 
   2   (0.377) 0.340 0.382 0.328 

Locus 16 : PP18 
2 alleles
0.7% missing data
   1   (0.751) 0.711 0.799 0.905 
   2   (0.249) 0.289 0.201 0.095 

Locus 17 : PP20 
2 alleles
0.0% missing data
   1   (0.626) 0.695 0.642 0.518 
   2   (0.374) 0.305 0.358 0.482 

Locus 18 : PP21 
2 alleles
14.9% missing data
   1   (0.845) 0.877 0.804 0.985 
   2   (0.155) 0.123 0.196 0.015 

Locus 19 : PP22 
2 alleles
1.3% missing data
   1   (0.357) 0.699 0.207 0.064 
   2   (0.643) 0.301 0.793 0.936 

Locus 20 : PP23 
2 alleles
0.7% missing data
   1   (0.634) 0.600 0.648 0.797 
   2   (0.366) 0.400 0.352 0.203 

Locus 21 : PP24 
2 alleles
0.2% missing data
   1   (0.787) 0.863 0.844 0.691 
   2   (0.213) 0.137 0.156 0.309 

Locus 22 : PP25 
2 alleles
0.6% missing data
   1   (0.390) 0.261 0.396 0.616 
   2   (0.610) 0.739 0.604 0.384 

Values of parameters used in structure:
DATAFILE=Puma_SNP_genotypes_cut_AZ_final_HWEonly.str,	OUTFILE=outputfile_K3_6,	NUMINDS=536,	NUMLOCI=22,	MISSING=-9,	LABEL=1,	POPDATA=0,	POPFLAG=0,	PHENOTYPE=0,	EXTRACOLS=0,	MAXPOPS=3,	BURNIN=100000,	NUMREPS=500000,	USEPOPINFO=0,	INFERALPHA=1,	INFERLAMBDA=0,	POPSPECIFICLAMBDA=0,	POPALPHAS=0,	COMPUTEPROB=1,	NOADMIX=0,	ADMBURNIN=2500,	UPDATEFREQ=200,	PRINTLIKES=0,	INTERMEDSAVE=0,	PRINTKLD=0,	PRINTNET=0,	PRINTLAMBDA=0,	ANCESTDIST=0,	NUMBOXES=1000,	ANCESTPINT=0.90000,	GENSBACK=2,	MIGRPRIOR=0.05000,	PRINTQHAT=0,	PRINTQSUM=0,	ALPHA=1.0000,	FREQSCORR=1,	FPRIORMEAN=0.0100,	FPRIORSD=0.0500,	ONEFST=0,	LAMBDA=1.0000,	UNIFPRIORALPHA=1,	ALPHAMAX=10.0000,	ALPHAPRIORA=1.0000,	ALPHAPRIORB=2.0000,	ALPHAPROPSD=0.0250,	STARTATPOPINFO=0,	RANDOMIZE=1,	LINKAGE=0,	METROFREQ=20,	REPORTHITRATE=0,	MARKOVPHASE=0,	PHASED=0,	PLOIDY=2,	PHASEINFO=0	LOCPRIOR=0, 	LOCPRIORINIT=1.000000, 	LOCDATA=0, 	LOCISPOP=0, 	LOCPRIORSTEP=0.100000, 	MAXLOCPRIOR=20.000000, 	SEED=1716609974,	
[STRAT parameters]:    NUMSIMSTATS=1000,	PHENOTYPECOL=-9,	POOLFREQ=10,	LOCUSxONLY=0,	EMERROR=0.00100,	MISSINGPHENO=-9,	