

----------------------------------------------------
STRUCTURE by Pritchard, Stephens and Donnelly (2000)
     and Falush, Stephens and Pritchard (2003)
       Code by Pritchard, Falush and Hubisz
             Version 2.3.4 (Jul 2012)
----------------------------------------------------



Command line arguments:   structure -K 9 -o outputfile_K9_1 
Input File:    Puma_SNP_genotypes_cut_AZ_final_HWEonly.str

Run parameters:
   536 individuals
   22 loci
   9 populations assumed
   100000 Burn-in period
   500000 Reps


--------------------------------------------
Overall proportion of membership of the
sample in each of the 9 clusters

Inferred Clusters
  1      2      3      4      5      6      7      8      9    
0.113  0.113  0.090  0.113  0.116  0.114  0.113  0.114  0.113  

--------------------------------------------

Allele-freq. divergence among pops (Net nucleotide distance),
computed using point estimates of P.

      1       2       3       4       5       6       7       8       9      
 1      -    0.0009  0.0763  0.0015  0.0468  0.0019  0.0004  0.0012  0.0020  
 2   0.0009     -    0.0700  0.0004  0.0434  0.0003  0.0002  0.0003  0.0002  
 3   0.0763  0.0700     -    0.0653  0.0876  0.0701  0.0715  0.0734  0.0667  
 4   0.0015  0.0004  0.0653     -    0.0381  0.0011  0.0004  0.0015  0.0005  
 5   0.0468  0.0434  0.0876  0.0381     -    0.0460  0.0427  0.0485  0.0416  
 6   0.0019  0.0003  0.0701  0.0011  0.0460     -    0.0009  0.0003  0.0004  
 7   0.0004  0.0002  0.0715  0.0004  0.0427  0.0009     -    0.0008  0.0008  
 8   0.0012  0.0003  0.0734  0.0015  0.0485  0.0003  0.0008     -    0.0007  
 9   0.0020  0.0002  0.0667  0.0005  0.0416  0.0004  0.0008  0.0007     -    

Average distances (expected heterozygosity) between individuals in same cluster:
cluster  1  : 0.3752 
cluster  2  : 0.3775 
cluster  3  : 0.2532 
cluster  4  : 0.3797 
cluster  5  : 0.2635 
cluster  6  : 0.3753 
cluster  7  : 0.3779 
cluster  8  : 0.3759 
cluster  9  : 0.3782 

--------------------------------------------
Estimated Ln Prob of Data   = -13635.0
Mean value of ln likelihood = -12269.1
Variance of ln likelihood   = 2731.7
Mean value of alpha         = 0.0956

Mean value of Fst_1         = 0.0750
Mean value of Fst_2         = 0.0610
Mean value of Fst_3         = 0.3714
Mean value of Fst_4         = 0.0000
Mean value of Fst_5         = 0.2865
Mean value of Fst_6         = 0.0907
Mean value of Fst_7         = 0.0589
Mean value of Fst_8         = 0.0974
Mean value of Fst_9         = 0.0371


Inferred ancestry of individuals:
        Label (%Miss) :  Inferred clusters
  1 UA00063336   (13)   :  0.091 0.099 0.287 0.119 0.038 0.089 0.095 0.081 0.101 
  2 UA00048914    (9)   :  0.112 0.117 0.050 0.148 0.124 0.103 0.122 0.096 0.128 
  3 UA00014769   (13)   :  0.221 0.126 0.021 0.072 0.011 0.123 0.152 0.188 0.087 
  4 UA00008132   (13)   :  0.127 0.129 0.066 0.149 0.044 0.110 0.126 0.111 0.138 
  5 UA00030462   (13)   :  0.100 0.110 0.044 0.140 0.171 0.105 0.114 0.092 0.123 
  6 UA00034866   (13)   :  0.110 0.133 0.015 0.172 0.097 0.105 0.127 0.095 0.146 
  7 UA00034800    (9)   :  0.059 0.055 0.553 0.063 0.054 0.048 0.057 0.053 0.059 
  8  Puco006    (9)   :  0.031 0.034 0.030 0.041 0.729 0.034 0.036 0.030 0.035 
  9 UA00048874    (4)   :  0.080 0.082 0.358 0.105 0.067 0.072 0.084 0.066 0.086 
 10 UA00049060    (9)   :  0.162 0.134 0.044 0.127 0.023 0.120 0.139 0.134 0.119 
 11 UA00033413    (9)   :  0.100 0.145 0.019 0.081 0.035 0.189 0.109 0.188 0.134 
 12  Puco021    (9)   :  0.083 0.129 0.068 0.067 0.017 0.201 0.100 0.203 0.131 
 13  Puco026    (9)   :  0.126 0.128 0.049 0.127 0.019 0.152 0.129 0.135 0.137 
 14  Puco008    (9)   :  0.090 0.100 0.131 0.133 0.169 0.088 0.100 0.081 0.109 
 15   M01301    (9)   :  0.116 0.138 0.014 0.096 0.079 0.149 0.114 0.162 0.133 
 16   M06306    (9)   :  0.090 0.102 0.277 0.109 0.019 0.106 0.098 0.096 0.104 
 17 UA00032185    (9)   :  0.126 0.125 0.051 0.142 0.069 0.116 0.123 0.116 0.132 
 18 UA00030792    (9)   :  0.011 0.011 0.910 0.011 0.013 0.011 0.011 0.011 0.011 
 19 UA00031647    (9)   :  0.107 0.116 0.124 0.148 0.075 0.099 0.120 0.092 0.120 
 20 UA00031979    (9)   :  0.121 0.136 0.031 0.142 0.060 0.129 0.133 0.113 0.136 
 21  Puco016    (9)   :  0.108 0.111 0.020 0.133 0.176 0.122 0.131 0.089 0.110 
 22  Puco010    (9)   :  0.123 0.132 0.034 0.139 0.034 0.118 0.128 0.135 0.158 
 23    M1035    (9)   :  0.129 0.131 0.075 0.157 0.020 0.116 0.127 0.111 0.134 
 24 UA00034601    (9)   :  0.109 0.129 0.052 0.141 0.076 0.126 0.130 0.107 0.130 
 25 UA00050388    (9)   :  0.109 0.132 0.051 0.166 0.059 0.112 0.123 0.104 0.143 
 26 UA00048699    (9)   :  0.095 0.093 0.024 0.108 0.310 0.093 0.105 0.078 0.094 
 27 UA00064058    (9)   :  0.138 0.134 0.046 0.137 0.021 0.136 0.137 0.119 0.132 
 28 UA00033981    (9)   :  0.093 0.141 0.038 0.083 0.039 0.177 0.104 0.185 0.139 
 29   F05033    (9)   :  0.144 0.136 0.023 0.125 0.023 0.140 0.136 0.145 0.129 
 30 UA00048520    (4)   :  0.102 0.123 0.122 0.122 0.067 0.126 0.109 0.110 0.120 
 31 UA00048422    (4)   :  0.023 0.026 0.802 0.026 0.019 0.027 0.025 0.026 0.026 
 32    PucoB    (4)   :  0.107 0.151 0.033 0.112 0.013 0.170 0.130 0.146 0.138 
 33 UA00047393    (4)   :  0.147 0.118 0.104 0.141 0.028 0.094 0.132 0.117 0.119 
 34 UA00064521    (4)   :  0.104 0.125 0.028 0.144 0.151 0.108 0.122 0.092 0.126 
 35 UA00003043    (4)   :  0.137 0.121 0.016 0.137 0.124 0.106 0.126 0.112 0.120 
 36 UA00063025    (4)   :  0.093 0.114 0.139 0.138 0.113 0.091 0.103 0.085 0.124 
 37 UA00063826    (4)   :  0.105 0.141 0.034 0.141 0.024 0.137 0.120 0.139 0.160 
 38   F07407    (4)   :  0.085 0.119 0.165 0.097 0.023 0.144 0.104 0.143 0.120 
 39 UA00021658    (4)   :  0.138 0.137 0.034 0.149 0.033 0.118 0.134 0.114 0.142 
 40 UA00003794    (4)   :  0.098 0.122 0.134 0.100 0.027 0.151 0.113 0.135 0.119 
 41 UA00041322    (4)   :  0.114 0.129 0.047 0.181 0.056 0.108 0.124 0.099 0.142 
 42 UA00063316    (4)   :  0.108 0.122 0.068 0.154 0.077 0.116 0.121 0.099 0.135 
 43 UA00047705    (4)   :  0.112 0.134 0.035 0.146 0.050 0.138 0.125 0.122 0.137 
 44 UA00033904    (4)   :  0.092 0.096 0.295 0.107 0.036 0.096 0.101 0.081 0.097 
 45 UA00048100    (4)   :  0.118 0.132 0.019 0.120 0.042 0.158 0.136 0.147 0.129 
 46 UA00032212    (4)   :  0.097 0.106 0.177 0.123 0.085 0.097 0.100 0.093 0.122 
 47 UA00031574    (4)   :  0.022 0.024 0.798 0.025 0.033 0.025 0.024 0.024 0.026 
 48 UA00031228    (4)   :  0.014 0.014 0.876 0.016 0.021 0.015 0.015 0.014 0.015 
 49 UA00047707    (4)   :  0.187 0.130 0.011 0.123 0.023 0.123 0.147 0.147 0.107 
 50 UA00030906    (4)   :  0.010 0.011 0.907 0.011 0.018 0.011 0.011 0.010 0.011 
 51 UA00041567    (4)   :  0.100 0.134 0.043 0.114 0.052 0.140 0.111 0.153 0.153 
 52 UA00007624    (4)   :  0.167 0.140 0.014 0.116 0.026 0.130 0.131 0.147 0.129 
 53 UA00034514    (4)   :  0.142 0.131 0.028 0.134 0.038 0.139 0.131 0.122 0.135 
 54 UA00030480    (4)   :  0.128 0.126 0.102 0.144 0.024 0.118 0.133 0.103 0.122 
 55  Puco012    (4)   :  0.122 0.131 0.026 0.158 0.047 0.126 0.133 0.117 0.140 
 56 UA00038677    (9)   :  0.098 0.117 0.076 0.147 0.106 0.109 0.116 0.099 0.133 
 57 UA00048275    (4)   :  0.104 0.139 0.021 0.124 0.030 0.163 0.122 0.150 0.147 
 58 UA00064055    (4)   :  0.136 0.124 0.029 0.135 0.046 0.139 0.145 0.121 0.125 
 59  Puco009    (4)   :  0.109 0.111 0.017 0.132 0.178 0.107 0.119 0.107 0.121 
 60 UA00064561    (4)   :  0.214 0.127 0.017 0.088 0.054 0.108 0.146 0.172 0.074 
 61 UA00003479    (4)   :  0.131 0.127 0.025 0.138 0.057 0.130 0.139 0.128 0.125 
 62 UA00063747    (4)   :  0.137 0.139 0.013 0.116 0.043 0.138 0.141 0.153 0.121 
 63 UA00002558    (4)   :  0.104 0.122 0.019 0.147 0.157 0.101 0.110 0.101 0.138 
 64 UA00048410    (4)   :  0.145 0.115 0.013 0.120 0.163 0.108 0.126 0.114 0.095 
 65 UA00012249    (4)   :  0.167 0.122 0.016 0.105 0.076 0.146 0.144 0.120 0.105 
 66 UA00033818    (4)   :  0.055 0.064 0.517 0.068 0.051 0.060 0.060 0.057 0.068 
 67  Puco020    (4)   :  0.127 0.118 0.115 0.135 0.059 0.106 0.121 0.107 0.113 
 68 UA00002545    (9)   :  0.168 0.122 0.059 0.105 0.028 0.129 0.150 0.145 0.094 
 69 UA00048508    (4)   :  0.144 0.137 0.021 0.150 0.031 0.126 0.140 0.119 0.133 
 70 UA00064100    (4)   :  0.129 0.129 0.033 0.170 0.034 0.116 0.142 0.095 0.152 
 71 UA00014585    (4)   :  0.125 0.127 0.032 0.143 0.046 0.138 0.139 0.110 0.139 
 72 UA00063698    (4)   :  0.070 0.082 0.076 0.099 0.344 0.085 0.076 0.075 0.094 
 73 UA00049753    (4)   :  0.088 0.096 0.311 0.115 0.017 0.089 0.096 0.081 0.107 
 74 UA00049037    (4)   :  0.143 0.133 0.045 0.134 0.024 0.131 0.140 0.128 0.122 
 75 UA00034941    (4)   :  0.112 0.138 0.045 0.138 0.053 0.126 0.128 0.119 0.141 
 76 UA00008083    (4)   :  0.056 0.061 0.037 0.066 0.542 0.059 0.060 0.057 0.062 
 77 UA00015084    (4)   :  0.072 0.091 0.108 0.109 0.279 0.084 0.085 0.074 0.099 
 78 UA00041010    (9)   :  0.040 0.045 0.258 0.054 0.418 0.045 0.048 0.041 0.050 
 79 UA00035261    (4)   :  0.097 0.107 0.155 0.131 0.087 0.108 0.107 0.093 0.115 
 80 UA00035431    (4)   :  0.116 0.142 0.012 0.145 0.052 0.124 0.126 0.127 0.156 
 81 UA00045274    (0)   :  0.101 0.135 0.054 0.145 0.069 0.127 0.124 0.105 0.139 
 82 UA00028200    (4)   :  0.070 0.084 0.320 0.101 0.096 0.089 0.085 0.068 0.089 
 83 UA00064559    (0)   :  0.017 0.019 0.850 0.020 0.017 0.020 0.018 0.019 0.020 
 84 UA00040808    (0)   :  0.096 0.088 0.253 0.105 0.111 0.086 0.096 0.077 0.088 
 85 UA00049156    (0)   :  0.079 0.087 0.263 0.113 0.103 0.088 0.092 0.076 0.097 
 86 UA00003952    (4)   :  0.066 0.062 0.023 0.069 0.535 0.062 0.068 0.054 0.060 
 87 UA00063954    (0)   :  0.118 0.127 0.086 0.158 0.024 0.114 0.132 0.103 0.137 
 88 UA00062934    (0)   :  0.106 0.116 0.112 0.154 0.048 0.116 0.121 0.098 0.130 
 89 UA00033829    (0)   :  0.037 0.041 0.538 0.049 0.174 0.038 0.042 0.036 0.045 
 90 UA00064351    (4)   :  0.092 0.133 0.026 0.091 0.068 0.164 0.105 0.173 0.148 
 91 UA00003697    (4)   :  0.062 0.068 0.051 0.086 0.476 0.058 0.068 0.056 0.075 
 92 UA00063438    (4)   :  0.100 0.114 0.147 0.147 0.072 0.096 0.110 0.088 0.125 
 93 UA00007608    (0)   :  0.088 0.105 0.153 0.126 0.136 0.094 0.100 0.081 0.117 
 94 UA00019683    (4)   :  0.065 0.090 0.364 0.066 0.024 0.120 0.074 0.111 0.086 
 95 UA00007781    (0)   :  0.112 0.136 0.027 0.152 0.042 0.133 0.136 0.115 0.148 
 96 UA00002915    (0)   :  0.085 0.096 0.269 0.120 0.060 0.094 0.097 0.074 0.104 
 97  Puco031    (4)   :  0.145 0.129 0.031 0.149 0.043 0.117 0.143 0.116 0.125 
 98 UA00048280    (4)   :  0.105 0.140 0.022 0.137 0.055 0.139 0.122 0.128 0.152 
 99 UA00048589    (0)   :  0.106 0.132 0.050 0.108 0.033 0.168 0.121 0.155 0.126 
100 UA00034417    (0)   :  0.112 0.118 0.083 0.134 0.128 0.098 0.117 0.095 0.115 
101 UA00050411    (4)   :  0.181 0.134 0.012 0.108 0.023 0.144 0.149 0.138 0.111 
102  Puco029    (4)   :  0.141 0.140 0.020 0.119 0.011 0.149 0.137 0.151 0.133 
103   F03403    (4)   :  0.092 0.155 0.014 0.084 0.030 0.190 0.117 0.187 0.130 
104 UA00049904    (0)   :  0.104 0.127 0.106 0.147 0.035 0.113 0.121 0.105 0.141 
105 UA00035335    (0)   :  0.159 0.133 0.017 0.102 0.010 0.149 0.148 0.168 0.115 
106 UA00012611    (0)   :  0.122 0.139 0.025 0.165 0.021 0.131 0.139 0.107 0.152 
107 UA00050319    (0)   :  0.093 0.147 0.014 0.065 0.017 0.215 0.104 0.213 0.130 
108 UA00032068    (4)   :  0.124 0.124 0.075 0.160 0.017 0.128 0.132 0.104 0.134 
109 UA00032026    (4)   :  0.146 0.131 0.049 0.155 0.026 0.115 0.137 0.109 0.131 
110 UA00030476    (4)   :  0.084 0.132 0.048 0.071 0.015 0.212 0.102 0.209 0.128 
111 UA00046853    (0)   :  0.102 0.140 0.039 0.083 0.027 0.157 0.105 0.191 0.157 
112 UA00040156    (4)   :  0.011 0.011 0.911 0.011 0.013 0.011 0.011 0.011 0.011 
113 UA00030528    (4)   :  0.128 0.120 0.140 0.152 0.023 0.095 0.124 0.095 0.123 
114  Puco025    (4)   :  0.206 0.131 0.018 0.103 0.019 0.114 0.146 0.169 0.095 
115    pc016    (0)   :  0.010 0.010 0.915 0.011 0.013 0.010 0.010 0.010 0.011 
116 UA00030617    (4)   :  0.205 0.135 0.014 0.098 0.016 0.113 0.152 0.175 0.092 
117 UA00030585    (4)   :  0.017 0.020 0.837 0.020 0.023 0.022 0.019 0.020 0.022 
118 UA00032060    (4)   :  0.107 0.122 0.149 0.142 0.025 0.110 0.118 0.103 0.124 
119    pc007    (0)   :  0.117 0.135 0.042 0.104 0.032 0.158 0.112 0.171 0.130 
120 UA00030798    (4)   :  0.026 0.027 0.796 0.029 0.015 0.027 0.026 0.026 0.028 
121 UA00030778    (4)   :  0.163 0.139 0.011 0.132 0.017 0.136 0.151 0.130 0.122 
122 UA00039674    (4)   :  0.015 0.016 0.876 0.017 0.014 0.015 0.016 0.015 0.016 
123 UA00032241    (4)   :  0.181 0.138 0.013 0.105 0.018 0.131 0.138 0.149 0.127 
124 UA00011624    (0)   :  0.142 0.128 0.019 0.118 0.027 0.151 0.141 0.147 0.127 
125 UA00033779    (4)   :  0.104 0.144 0.020 0.080 0.028 0.184 0.108 0.191 0.140 
126 UA00049402    (4)   :  0.123 0.119 0.032 0.115 0.110 0.147 0.139 0.101 0.113 
127 UA00033653    (0)   :  0.094 0.147 0.016 0.061 0.024 0.201 0.098 0.219 0.141 
128 UA00047738    (0)   :  0.116 0.121 0.040 0.150 0.067 0.117 0.123 0.121 0.145 
129 UA00047502    (4)   :  0.107 0.111 0.044 0.138 0.148 0.109 0.123 0.097 0.122 
130 UA00012014    (4)   :  0.138 0.124 0.029 0.159 0.039 0.125 0.143 0.114 0.130 
131 UA00040729    (0)   :  0.135 0.145 0.031 0.107 0.021 0.154 0.127 0.151 0.128 
132 UA00030392    (4)   :  0.199 0.131 0.026 0.116 0.018 0.113 0.142 0.147 0.109 
133 UA00050033    (0)   :  0.150 0.134 0.045 0.126 0.026 0.126 0.128 0.132 0.133 
134 UA00012152    (0)   :  0.086 0.075 0.014 0.074 0.454 0.073 0.078 0.077 0.069 
135 UA00050406    (0)   :  0.131 0.136 0.031 0.167 0.033 0.112 0.133 0.108 0.148 
136 UA00047973    (0)   :  0.119 0.143 0.022 0.159 0.031 0.125 0.132 0.125 0.143 
137 UA00008051    (0)   :  0.125 0.121 0.064 0.134 0.081 0.098 0.126 0.115 0.134 
138 UA00047337    (4)   :  0.127 0.119 0.137 0.130 0.030 0.111 0.118 0.111 0.118 
139 UA00041604    (4)   :  0.123 0.128 0.057 0.149 0.084 0.097 0.124 0.104 0.135 
140 UA00031704    (4)   :  0.162 0.131 0.017 0.117 0.013 0.152 0.149 0.138 0.122 
141 UA00040423    (4)   :  0.133 0.124 0.062 0.132 0.025 0.139 0.138 0.122 0.125 
142 UA00049433    (0)   :  0.123 0.122 0.044 0.144 0.080 0.126 0.136 0.105 0.119 
143 UA00034816    (0)   :  0.183 0.126 0.025 0.092 0.085 0.108 0.142 0.152 0.086 
144 UA00050214    (0)   :  0.243 0.128 0.017 0.075 0.017 0.103 0.158 0.188 0.071 
145 UA00041073    (0)   :  0.136 0.125 0.048 0.132 0.069 0.111 0.129 0.123 0.127 
146 UA00030318    (4)   :  0.158 0.132 0.019 0.118 0.051 0.124 0.143 0.141 0.115 
147 UA00046845    (0)   :  0.160 0.122 0.036 0.119 0.093 0.113 0.133 0.121 0.103 
148 UA00063946    (0)   :  0.082 0.135 0.027 0.049 0.021 0.226 0.094 0.235 0.130 
149 UA00031374    (4)   :  0.129 0.129 0.030 0.150 0.051 0.115 0.137 0.121 0.137 
150    M1136    (4)   :  0.116 0.092 0.320 0.096 0.027 0.076 0.096 0.095 0.082 
151 UA00034299    (0)   :  0.230 0.127 0.023 0.076 0.025 0.111 0.153 0.181 0.075 
152 UA00002387    (4)   :  0.146 0.126 0.014 0.119 0.055 0.139 0.150 0.142 0.109 
153 UA00021855    (0)   :  0.114 0.133 0.030 0.142 0.039 0.116 0.130 0.127 0.167 
154 UA00014500    (0)   :  0.133 0.137 0.039 0.148 0.022 0.132 0.146 0.107 0.135 
155 UA00050419    (4)   :  0.245 0.132 0.014 0.068 0.024 0.107 0.154 0.191 0.065 
156 UA00031854    (4)   :  0.120 0.128 0.031 0.147 0.077 0.120 0.126 0.111 0.141 
157    pc011    (4)   :  0.177 0.128 0.016 0.098 0.033 0.151 0.153 0.143 0.101 
158 UA00033004    (0)   :  0.137 0.128 0.051 0.133 0.039 0.133 0.137 0.123 0.119 
159 UA00046510    (0)   :  0.138 0.119 0.020 0.137 0.127 0.109 0.126 0.107 0.118 
160 UA00048747    (0)   :  0.158 0.128 0.020 0.128 0.053 0.125 0.143 0.132 0.112 
161 UA00014293    (0)   :  0.168 0.130 0.019 0.104 0.034 0.151 0.152 0.139 0.102 
162 UA00047686    (0)   :  0.117 0.116 0.031 0.142 0.155 0.103 0.124 0.100 0.112 
163 UA00033783    (4)   :  0.073 0.087 0.302 0.080 0.096 0.099 0.075 0.096 0.092 
164 UA00042609    (4)   :  0.101 0.098 0.038 0.106 0.250 0.108 0.112 0.093 0.095 
165 UA00031169    (4)   :  0.215 0.128 0.024 0.089 0.021 0.116 0.150 0.178 0.079 
166 UA00035181    (0)   :  0.129 0.150 0.010 0.134 0.019 0.146 0.144 0.131 0.135 
167 UA00050133    (0)   :  0.138 0.131 0.031 0.146 0.042 0.121 0.140 0.121 0.131 
168  Puco011    (4)   :  0.172 0.127 0.030 0.100 0.041 0.147 0.154 0.132 0.096 
169 UA00041476    (0)   :  0.137 0.119 0.054 0.137 0.075 0.106 0.131 0.124 0.117 
170 UA00046702    (0)   :  0.199 0.135 0.020 0.093 0.022 0.132 0.149 0.158 0.092 
171 UA00019940    (0)   :  0.147 0.130 0.029 0.133 0.054 0.106 0.135 0.130 0.136 
172 UA00049813    (0)   :  0.126 0.136 0.035 0.121 0.030 0.122 0.125 0.147 0.158 
173 UA00064165    (0)   :  0.080 0.086 0.035 0.115 0.351 0.076 0.088 0.073 0.095 
174 UA00064421    (0)   :  0.106 0.104 0.013 0.123 0.263 0.086 0.111 0.090 0.104 
175 UA00064569    (4)   :  0.200 0.135 0.011 0.107 0.025 0.119 0.139 0.159 0.105 
176 UA00003996    (0)   :  0.133 0.119 0.032 0.116 0.134 0.120 0.131 0.110 0.105 
177 UA00064491    (4)   :  0.194 0.129 0.017 0.100 0.050 0.113 0.139 0.157 0.101 
178 UA00011899    (0)   :  0.127 0.135 0.037 0.165 0.025 0.116 0.134 0.117 0.144 
179  Puco015    (4)   :  0.136 0.122 0.087 0.135 0.039 0.120 0.131 0.115 0.115 
180 UA00047929    (4)   :  0.163 0.136 0.021 0.105 0.016 0.142 0.134 0.157 0.126 
181 UA00056669    (0)   :  0.124 0.125 0.018 0.164 0.057 0.118 0.139 0.112 0.143 
182 UA00050176    (0)   :  0.117 0.122 0.047 0.150 0.070 0.125 0.125 0.105 0.137 
183  Puco014    (4)   :  0.112 0.129 0.030 0.130 0.054 0.142 0.123 0.138 0.142 
184 UA00019608    (0)   :  0.138 0.122 0.023 0.139 0.064 0.124 0.142 0.129 0.119 
185 UA00064333    (0)   :  0.149 0.124 0.023 0.132 0.039 0.130 0.145 0.137 0.121 
186  Puco013    (4)   :  0.111 0.118 0.025 0.147 0.140 0.115 0.120 0.097 0.126 
187 UA00016092    (0)   :  0.204 0.136 0.012 0.094 0.017 0.127 0.145 0.171 0.094 
188 UA00019060    (0)   :  0.052 0.057 0.109 0.065 0.504 0.050 0.056 0.048 0.058 
189 UA00063532    (0)   :  0.128 0.134 0.049 0.130 0.052 0.132 0.127 0.119 0.129 
190 UA00064117    (0)   :  0.076 0.078 0.172 0.094 0.260 0.081 0.082 0.074 0.083 
191 UA00011969    (0)   :  0.121 0.130 0.038 0.161 0.058 0.112 0.126 0.106 0.148 
192 UA00034586    (4)   :  0.146 0.134 0.017 0.134 0.021 0.131 0.135 0.140 0.143 
193 UA00030736    (4)   :  0.133 0.127 0.032 0.165 0.026 0.129 0.134 0.111 0.144 
194 UA00048493    (0)   :  0.137 0.130 0.054 0.147 0.034 0.123 0.127 0.114 0.133 
195 UA00040466    (0)   :  0.043 0.046 0.019 0.049 0.657 0.048 0.048 0.041 0.048 
196 UA00047659    (0)   :  0.121 0.136 0.016 0.166 0.034 0.122 0.146 0.109 0.151 
197 UA00042002    (4)   :  0.096 0.117 0.144 0.127 0.040 0.126 0.113 0.112 0.124 
198 UA00062606    (0)   :  0.122 0.119 0.031 0.126 0.117 0.130 0.131 0.107 0.117 
199 UA00030615    (4)   :  0.036 0.041 0.014 0.046 0.713 0.035 0.038 0.034 0.042 
200 UA00048899    (0)   :  0.119 0.131 0.026 0.170 0.036 0.124 0.137 0.106 0.151 
201 UA00047725    (0)   :  0.013 0.014 0.014 0.015 0.888 0.014 0.015 0.014 0.014 
202 UA00030866    (4)   :  0.122 0.136 0.021 0.130 0.054 0.145 0.140 0.123 0.130 
203 UA00034564    (0)   :  0.142 0.139 0.024 0.141 0.040 0.125 0.143 0.114 0.131 
204 UA00046520    (0)   :  0.100 0.150 0.017 0.079 0.024 0.187 0.109 0.193 0.141 
205 UA00035027    (0)   :  0.112 0.131 0.038 0.136 0.071 0.130 0.128 0.110 0.143 
206 UA00035421    (0)   :  0.106 0.099 0.022 0.100 0.251 0.118 0.115 0.092 0.096 
207 UA00062740    (4)   :  0.110 0.129 0.044 0.132 0.088 0.129 0.132 0.109 0.126 
208 UA00012360    (0)   :  0.032 0.033 0.016 0.037 0.765 0.027 0.032 0.028 0.031 
209 UA00050203    (0)   :  0.136 0.134 0.032 0.136 0.028 0.134 0.134 0.123 0.143 
210 UA00040534    (4)   :  0.070 0.079 0.152 0.098 0.303 0.067 0.079 0.063 0.088 
211 UA00031261    (4)   :  0.054 0.063 0.083 0.070 0.480 0.062 0.067 0.056 0.065 
212 UA00031917    (4)   :  0.077 0.082 0.121 0.096 0.287 0.092 0.092 0.075 0.079 
213 UA00040798    (4)   :  0.076 0.084 0.058 0.085 0.363 0.079 0.079 0.080 0.095 
214 UA00030598    (4)   :  0.087 0.095 0.061 0.103 0.288 0.095 0.091 0.078 0.102 
215 UA00050385    (0)   :  0.127 0.122 0.027 0.147 0.071 0.132 0.133 0.108 0.131 
216 UA00058283    (0)   :  0.023 0.025 0.037 0.030 0.783 0.025 0.025 0.023 0.029 
217 UA00042297    (4)   :  0.061 0.070 0.404 0.069 0.118 0.067 0.064 0.069 0.078 
218 UA00015415    (4)   :  0.025 0.026 0.015 0.027 0.804 0.026 0.028 0.024 0.026 
219 UA00035531    (0)   :  0.047 0.050 0.072 0.055 0.588 0.048 0.050 0.042 0.048 
220 UA00048683    (0)   :  0.058 0.057 0.018 0.065 0.568 0.059 0.061 0.055 0.058 
221 UA00046734    (4)   :  0.030 0.029 0.019 0.035 0.769 0.028 0.032 0.028 0.031 
222   pcRF01    (0)   :  0.213 0.127 0.010 0.079 0.023 0.124 0.155 0.193 0.075 
223 UA00007223    (0)   :  0.111 0.112 0.046 0.115 0.141 0.138 0.126 0.101 0.111 
224 UA00013841    (0)   :  0.131 0.128 0.072 0.127 0.023 0.138 0.132 0.127 0.123 
225 UA00014196    (0)   :  0.056 0.059 0.043 0.070 0.537 0.063 0.066 0.049 0.056 
226 UA00034635    (0)   :  0.131 0.135 0.019 0.151 0.031 0.128 0.134 0.120 0.151 
227 UA00047371    (0)   :  0.098 0.115 0.147 0.154 0.042 0.103 0.105 0.097 0.140 
228 UA00063544    (0)   :  0.106 0.120 0.142 0.127 0.041 0.114 0.112 0.109 0.128 
229 UA00064246    (0)   :  0.095 0.117 0.076 0.123 0.141 0.113 0.108 0.109 0.118 
230 UA00064328    (0)   :  0.102 0.110 0.053 0.147 0.157 0.100 0.113 0.093 0.126 
231 UA00002952    (0)   :  0.098 0.110 0.099 0.124 0.146 0.111 0.110 0.090 0.112 
232 UA00064079    (0)   :  0.128 0.118 0.099 0.152 0.054 0.091 0.127 0.100 0.132 
233 UA00046793    (0)   :  0.096 0.096 0.130 0.112 0.174 0.108 0.102 0.081 0.100 
234 UA00034769    (0)   :  0.068 0.084 0.364 0.080 0.070 0.086 0.075 0.084 0.090 
235 UA00034949    (0)   :  0.111 0.114 0.041 0.123 0.160 0.122 0.126 0.098 0.106 
236 UA00063753    (0)   :  0.088 0.134 0.051 0.091 0.071 0.154 0.102 0.166 0.143 
237 UA00015713    (0)   :  0.105 0.126 0.093 0.131 0.029 0.136 0.113 0.131 0.137 
238 UA00003494    (0)   :  0.126 0.114 0.075 0.106 0.095 0.139 0.127 0.108 0.109 
239 UA00056767    (0)   :  0.105 0.148 0.011 0.078 0.021 0.177 0.110 0.204 0.147 
240 UA00014461    (0)   :  0.112 0.110 0.065 0.122 0.140 0.125 0.121 0.095 0.110 
241 UA00034669    (0)   :  0.078 0.092 0.078 0.120 0.297 0.073 0.093 0.067 0.103 
242 UA00048164    (0)   :  0.110 0.118 0.018 0.131 0.174 0.106 0.122 0.104 0.118 
243 UA00007974    (0)   :  0.096 0.136 0.044 0.114 0.032 0.171 0.115 0.155 0.136 
244 UA00016166    (0)   :  0.130 0.106 0.200 0.123 0.039 0.085 0.116 0.103 0.097 
245 UA00015653    (0)   :  0.094 0.108 0.151 0.133 0.127 0.088 0.107 0.078 0.114 
246 UA00063882    (0)   :  0.088 0.092 0.083 0.108 0.285 0.085 0.095 0.070 0.094 
247 UA00049027    (0)   :  0.105 0.108 0.150 0.136 0.076 0.100 0.106 0.098 0.121 
248 UA00018878    (0)   :  0.094 0.120 0.159 0.125 0.027 0.125 0.112 0.109 0.129 
249 UA00038796    (0)   :  0.092 0.109 0.023 0.127 0.225 0.104 0.115 0.090 0.115 
250 UA00013465    (0)   :  0.048 0.058 0.029 0.068 0.581 0.049 0.055 0.049 0.062 
251 UA00014604    (0)   :  0.099 0.114 0.050 0.144 0.173 0.094 0.107 0.087 0.130 
252 UA00041913    (0)   :  0.090 0.116 0.182 0.087 0.042 0.123 0.092 0.141 0.126 
253 UA00021632    (0)   :  0.079 0.080 0.366 0.104 0.066 0.068 0.082 0.064 0.090 
254 UA00064027    (0)   :  0.111 0.116 0.072 0.167 0.091 0.099 0.114 0.092 0.137 
255 UA00015023    (0)   :  0.143 0.121 0.029 0.130 0.094 0.117 0.133 0.122 0.112 
256 UA00050243    (0)   :  0.105 0.111 0.165 0.148 0.042 0.102 0.114 0.086 0.126 
257 UA00048298    (0)   :  0.138 0.129 0.046 0.128 0.051 0.116 0.133 0.127 0.130 
258 UA00050437    (0)   :  0.110 0.113 0.031 0.153 0.172 0.094 0.116 0.087 0.124 
259 UA00014262    (0)   :  0.120 0.121 0.080 0.155 0.049 0.118 0.127 0.107 0.122 
260 UA00049129    (0)   :  0.128 0.132 0.055 0.119 0.030 0.140 0.120 0.144 0.133 
261 UA00014740    (0)   :  0.114 0.133 0.055 0.129 0.053 0.134 0.121 0.128 0.133 
262 UA00049612    (0)   :  0.043 0.047 0.624 0.046 0.066 0.044 0.042 0.043 0.046 
263 UA00014635    (0)   :  0.119 0.144 0.015 0.090 0.022 0.176 0.117 0.182 0.134 
264 UA00014673    (0)   :  0.100 0.111 0.077 0.130 0.157 0.101 0.111 0.091 0.121 
265 UA00033608    (0)   :  0.071 0.090 0.341 0.085 0.059 0.089 0.076 0.092 0.096 
266 UA00064540    (0)   :  0.091 0.135 0.028 0.104 0.063 0.170 0.107 0.167 0.137 
267 UA00050256    (0)   :  0.098 0.116 0.111 0.153 0.097 0.101 0.115 0.085 0.124 
268 UA00015274    (0)   :  0.147 0.129 0.024 0.140 0.061 0.119 0.137 0.124 0.121 
269 UA00062993    (0)   :  0.115 0.145 0.013 0.153 0.053 0.120 0.128 0.118 0.155 
270 UA00038364    (0)   :  0.107 0.131 0.064 0.151 0.054 0.120 0.120 0.112 0.141 
271 UA00014446    (0)   :  0.134 0.138 0.014 0.177 0.028 0.111 0.136 0.110 0.153 
272 UA00063545    (0)   :  0.062 0.067 0.387 0.083 0.132 0.065 0.070 0.059 0.075 
273 UA00040054    (0)   :  0.165 0.128 0.035 0.121 0.020 0.129 0.150 0.132 0.120 
274 UA00058447    (0)   :  0.110 0.143 0.031 0.146 0.028 0.146 0.132 0.122 0.142 
275 UA00046835    (0)   :  0.118 0.139 0.028 0.122 0.029 0.155 0.131 0.143 0.136 
276 UA00014608    (0)   :  0.114 0.134 0.022 0.172 0.041 0.122 0.132 0.111 0.152 
277    pc012    (0)   :  0.122 0.134 0.040 0.157 0.072 0.106 0.125 0.099 0.144 
278    pc002    (0)   :  0.089 0.092 0.296 0.116 0.059 0.079 0.091 0.072 0.106 
279 UA00033690    (0)   :  0.082 0.122 0.110 0.082 0.031 0.183 0.101 0.166 0.122 
280 UA00013688    (0)   :  0.118 0.133 0.034 0.164 0.067 0.116 0.127 0.102 0.138 
281 UA00063666    (0)   :  0.084 0.135 0.059 0.068 0.013 0.196 0.095 0.205 0.144 
282 UA00063292    (0)   :  0.089 0.142 0.016 0.056 0.018 0.227 0.098 0.224 0.130 
283    pc001    (0)   :  0.124 0.132 0.025 0.159 0.058 0.124 0.133 0.111 0.135 
284    pc008    (0)   :  0.118 0.137 0.027 0.134 0.038 0.139 0.125 0.139 0.142 
285 UA00034316    (0)   :  0.108 0.090 0.164 0.111 0.188 0.075 0.088 0.086 0.090 
286 UA00013046    (0)   :  0.183 0.129 0.022 0.096 0.015 0.128 0.144 0.163 0.121 
287 UA00050241    (0)   :  0.118 0.136 0.018 0.103 0.013 0.175 0.116 0.179 0.143 
288 UA00048599    (0)   :  0.110 0.147 0.015 0.126 0.021 0.163 0.126 0.145 0.148 
289 UA00046649    (0)   :  0.103 0.106 0.224 0.117 0.031 0.105 0.103 0.101 0.110 
290 UA00015674    (0)   :  0.065 0.079 0.386 0.082 0.047 0.091 0.073 0.086 0.091 
291 UA00013177    (0)   :  0.102 0.127 0.077 0.107 0.081 0.122 0.108 0.135 0.142 
292 UA00012814    (0)   :  0.137 0.128 0.027 0.138 0.050 0.136 0.133 0.121 0.129 
293 UA00034654    (0)   :  0.146 0.132 0.017 0.146 0.022 0.132 0.144 0.124 0.138 
294 UA00046743    (0)   :  0.125 0.141 0.020 0.089 0.028 0.174 0.125 0.176 0.123 
295 UA00014854    (0)   :  0.093 0.135 0.074 0.085 0.014 0.196 0.108 0.175 0.120 
296 UA00013729    (0)   :  0.179 0.128 0.029 0.125 0.037 0.112 0.142 0.141 0.107 
297 UA00063483    (0)   :  0.119 0.143 0.020 0.136 0.017 0.129 0.131 0.136 0.167 
298 UA00039326    (0)   :  0.110 0.128 0.081 0.122 0.026 0.150 0.121 0.135 0.129 
299 UA00014742    (0)   :  0.105 0.145 0.025 0.113 0.016 0.146 0.115 0.166 0.170 
300 UA00049597    (0)   :  0.085 0.102 0.282 0.082 0.013 0.131 0.095 0.114 0.097 
301 UA00048067    (0)   :  0.105 0.130 0.055 0.138 0.048 0.135 0.116 0.128 0.145 
302 UA00012918    (0)   :  0.077 0.128 0.117 0.059 0.013 0.208 0.096 0.191 0.110 
303 UA00013487    (0)   :  0.217 0.126 0.015 0.067 0.014 0.133 0.165 0.197 0.066 
304 UA00046759    (0)   :  0.103 0.118 0.067 0.143 0.131 0.098 0.114 0.100 0.127 
305 UA00050164    (0)   :  0.063 0.059 0.551 0.065 0.031 0.056 0.062 0.055 0.057 
306 UA00049839    (0)   :  0.120 0.147 0.020 0.102 0.034 0.128 0.116 0.165 0.167 
307 UA00048444    (0)   :  0.081 0.138 0.060 0.047 0.023 0.203 0.087 0.228 0.134 
308 UA00063857    (0)   :  0.140 0.136 0.029 0.123 0.014 0.146 0.130 0.145 0.138 
309 UA00014921    (0)   :  0.087 0.096 0.323 0.108 0.016 0.087 0.088 0.086 0.107 
310 UA00048895    (0)   :  0.083 0.091 0.348 0.097 0.037 0.085 0.082 0.083 0.093 
311 UA00014556    (0)   :  0.109 0.121 0.023 0.153 0.115 0.116 0.123 0.106 0.134 
312    pc009    (0)   :  0.104 0.145 0.017 0.055 0.012 0.205 0.101 0.224 0.136 
313 UA00014959    (0)   :  0.089 0.096 0.286 0.091 0.023 0.119 0.094 0.103 0.099 
314 UA00020709    (0)   :  0.119 0.130 0.057 0.130 0.033 0.146 0.127 0.127 0.131 
315 UA00013126    (0)   :  0.015 0.016 0.875 0.016 0.016 0.016 0.015 0.016 0.016 
316 UA00013695    (0)   :  0.025 0.026 0.798 0.028 0.017 0.028 0.025 0.025 0.026 
317 UA00049344    (0)   :  0.082 0.094 0.319 0.117 0.040 0.081 0.093 0.073 0.103 
318 UA00047614    (0)   :  0.037 0.040 0.631 0.046 0.092 0.036 0.040 0.034 0.043 
319 UA00014221    (0)   :  0.111 0.144 0.009 0.104 0.016 0.173 0.123 0.177 0.142 
320 UA00014346    (0)   :  0.099 0.144 0.035 0.117 0.035 0.154 0.115 0.156 0.146 
321 UA00014245    (0)   :  0.096 0.120 0.175 0.093 0.020 0.152 0.108 0.130 0.107 
322 UA00014696    (0)   :  0.018 0.018 0.849 0.018 0.024 0.019 0.019 0.017 0.018 
323 UA00006991    (0)   :  0.132 0.125 0.018 0.172 0.051 0.112 0.144 0.106 0.140 
324 UA00048948    (0)   :  0.124 0.134 0.026 0.166 0.049 0.107 0.129 0.110 0.156 
325 UA00002239    (0)   :  0.137 0.126 0.027 0.151 0.062 0.119 0.143 0.115 0.121 
326 UA00063459    (0)   :  0.089 0.139 0.023 0.079 0.014 0.213 0.111 0.203 0.130 
327 UA00048356    (0)   :  0.105 0.135 0.032 0.151 0.084 0.119 0.117 0.111 0.146 
328 UA00063940    (0)   :  0.144 0.124 0.033 0.151 0.077 0.098 0.134 0.110 0.130 
329 UA00048130    (0)   :  0.113 0.144 0.018 0.119 0.028 0.145 0.124 0.161 0.148 
330 UA00048903    (0)   :  0.211 0.133 0.013 0.088 0.016 0.118 0.148 0.173 0.101 
331 UA00064643    (0)   :  0.142 0.124 0.041 0.137 0.043 0.117 0.137 0.130 0.128 
332 UA00050233    (0)   :  0.138 0.128 0.020 0.133 0.067 0.121 0.129 0.128 0.136 
333 UA00012507    (0)   :  0.119 0.118 0.016 0.150 0.123 0.119 0.127 0.099 0.129 
334 UA00064416    (0)   :  0.173 0.129 0.018 0.115 0.027 0.121 0.149 0.163 0.104 
335 UA00034724    (0)   :  0.141 0.135 0.020 0.131 0.041 0.126 0.128 0.135 0.142 
336 UA00002621    (0)   :  0.153 0.135 0.017 0.127 0.023 0.129 0.135 0.140 0.141 
337 UA00033203    (0)   :  0.184 0.121 0.034 0.095 0.025 0.124 0.156 0.177 0.084 
338 UA00011996    (0)   :  0.116 0.140 0.033 0.171 0.018 0.123 0.132 0.109 0.157 
339 UA00014408    (0)   :  0.114 0.103 0.023 0.124 0.246 0.093 0.109 0.086 0.102 
340 UA00049502    (0)   :  0.114 0.131 0.018 0.157 0.084 0.108 0.129 0.108 0.150 
341 UA00062695    (0)   :  0.097 0.136 0.056 0.131 0.047 0.140 0.112 0.137 0.143 
342 UA00014072    (0)   :  0.110 0.145 0.033 0.100 0.031 0.142 0.116 0.169 0.154 
343 UA00003334    (0)   :  0.163 0.140 0.023 0.099 0.017 0.142 0.135 0.156 0.126 
344 UA00013835    (0)   :  0.116 0.125 0.036 0.162 0.030 0.131 0.131 0.124 0.146 
345 UA00046760    (0)   :  0.105 0.123 0.137 0.133 0.026 0.107 0.112 0.116 0.143 
346 UA00014241    (0)   :  0.142 0.132 0.018 0.121 0.033 0.151 0.136 0.137 0.130 
347 UA00049585    (0)   :  0.120 0.145 0.020 0.128 0.015 0.133 0.132 0.147 0.161 
348 UA00013409    (0)   :  0.092 0.132 0.032 0.083 0.120 0.139 0.096 0.165 0.140 
349 UA00047548    (0)   :  0.126 0.139 0.027 0.155 0.015 0.130 0.143 0.120 0.145 
350 UA00049038    (0)   :  0.085 0.102 0.246 0.113 0.080 0.082 0.091 0.087 0.112 
351 UA00047612    (0)   :  0.134 0.139 0.018 0.161 0.040 0.110 0.137 0.109 0.151 
352 UA00014822    (0)   :  0.087 0.102 0.189 0.120 0.107 0.098 0.101 0.086 0.110 
353 UA00035299    (0)   :  0.170 0.127 0.032 0.132 0.030 0.111 0.142 0.135 0.122 
354 UA00012804    (0)   :  0.089 0.102 0.256 0.129 0.044 0.089 0.098 0.081 0.110 
355 UA00049578    (0)   :  0.114 0.128 0.023 0.147 0.093 0.115 0.122 0.116 0.142 
356 UA00047672    (0)   :  0.203 0.125 0.016 0.088 0.033 0.130 0.155 0.170 0.080 
357 UA00043961    (0)   :  0.046 0.048 0.603 0.052 0.059 0.046 0.044 0.048 0.053 
358 UA00064575    (0)   :  0.096 0.131 0.028 0.116 0.145 0.109 0.112 0.118 0.145 
359 UA00014732    (0)   :  0.144 0.132 0.016 0.159 0.052 0.110 0.135 0.126 0.126 
360 UA00050181    (0)   :  0.127 0.132 0.010 0.152 0.039 0.142 0.147 0.114 0.135 
361 UA00033369    (0)   :  0.109 0.107 0.163 0.135 0.052 0.106 0.118 0.094 0.116 
362 UA00011982    (0)   :  0.258 0.125 0.012 0.062 0.012 0.105 0.161 0.206 0.058 
363 UA00014590    (0)   :  0.139 0.120 0.071 0.145 0.045 0.110 0.132 0.117 0.120 
364 UA00047743    (0)   :  0.174 0.126 0.016 0.120 0.019 0.130 0.156 0.151 0.107 
365 UA00046621    (0)   :  0.171 0.131 0.017 0.120 0.014 0.124 0.154 0.155 0.115 
366 UA00050422    (0)   :  0.128 0.125 0.020 0.162 0.086 0.111 0.129 0.106 0.133 
367 UA00002760    (0)   :  0.127 0.131 0.053 0.128 0.026 0.123 0.129 0.136 0.148 
368 UA00012999    (0)   :  0.142 0.130 0.071 0.156 0.023 0.102 0.133 0.112 0.131 
369 UA00063838    (0)   :  0.175 0.127 0.017 0.114 0.028 0.117 0.146 0.146 0.130 
370 UA00003729    (0)   :  0.090 0.111 0.122 0.122 0.135 0.107 0.097 0.098 0.118 
371 UA00015348    (0)   :  0.103 0.139 0.046 0.094 0.041 0.139 0.107 0.172 0.159 
372 UA00019058    (0)   :  0.091 0.145 0.030 0.092 0.073 0.165 0.105 0.168 0.131 
373 UA00049549    (0)   :  0.078 0.132 0.078 0.047 0.014 0.218 0.093 0.221 0.118 
374 UA00014334    (0)   :  0.135 0.122 0.029 0.137 0.065 0.137 0.146 0.108 0.120 
375 UA00014350    (0)   :  0.290 0.132 0.010 0.036 0.010 0.102 0.157 0.224 0.039 
376 UA00049227    (0)   :  0.107 0.121 0.109 0.145 0.067 0.108 0.123 0.094 0.125 
377 UA00014051    (0)   :  0.140 0.121 0.015 0.118 0.110 0.125 0.138 0.130 0.102 
378 UA00034381    (0)   :  0.139 0.129 0.024 0.129 0.072 0.116 0.127 0.130 0.134 
379 UA00002354    (0)   :  0.203 0.127 0.015 0.083 0.018 0.133 0.159 0.186 0.077 
380 UA00049892    (0)   :  0.157 0.123 0.057 0.097 0.017 0.128 0.132 0.166 0.123 
381 UA00021989    (0)   :  0.152 0.134 0.015 0.122 0.038 0.127 0.138 0.144 0.130 
382 UA00048968    (0)   :  0.129 0.132 0.018 0.142 0.037 0.141 0.137 0.128 0.135 
383 UA00013174    (0)   :  0.175 0.124 0.031 0.113 0.042 0.129 0.140 0.142 0.104 
384 UA00033992    (0)   :  0.117 0.116 0.138 0.141 0.025 0.118 0.119 0.102 0.124 
385 UA00015801    (0)   :  0.254 0.129 0.009 0.071 0.012 0.110 0.155 0.189 0.070 
386 UA00063303    (0)   :  0.098 0.117 0.157 0.106 0.048 0.132 0.104 0.126 0.112 
387 UA00050206    (0)   :  0.110 0.145 0.011 0.082 0.024 0.161 0.115 0.194 0.160 
388 UA00014458    (0)   :  0.137 0.127 0.065 0.119 0.051 0.121 0.122 0.128 0.129 
389 UA00007204    (0)   :  0.118 0.137 0.031 0.095 0.020 0.180 0.124 0.172 0.124 
390 UA00063212    (0)   :  0.084 0.113 0.154 0.090 0.111 0.102 0.090 0.121 0.134 
391 UA00013340    (0)   :  0.117 0.128 0.060 0.178 0.023 0.110 0.128 0.105 0.150 
392 UA00062743    (0)   :  0.137 0.130 0.016 0.117 0.063 0.161 0.153 0.113 0.110 
393 UA00063189    (0)   :  0.073 0.074 0.049 0.081 0.438 0.072 0.076 0.063 0.074 
394 UA00035432    (0)   :  0.143 0.142 0.020 0.112 0.021 0.125 0.129 0.155 0.152 
395 UA00007958    (0)   :  0.147 0.137 0.018 0.124 0.022 0.150 0.139 0.130 0.133 
396 UA00013634    (0)   :  0.170 0.131 0.014 0.112 0.038 0.144 0.155 0.127 0.108 
397 UA00048175    (0)   :  0.253 0.133 0.009 0.056 0.022 0.113 0.156 0.204 0.055 
398 UA00003202    (0)   :  0.123 0.138 0.024 0.130 0.026 0.138 0.133 0.128 0.159 
399 UA00035090    (0)   :  0.130 0.130 0.028 0.118 0.071 0.115 0.126 0.139 0.143 
400 UA00064679    (0)   :  0.103 0.097 0.039 0.105 0.267 0.099 0.103 0.090 0.098 
401 UA00039518    (0)   :  0.152 0.132 0.029 0.124 0.024 0.138 0.141 0.144 0.115 
402 UA00058268    (0)   :  0.145 0.137 0.025 0.159 0.036 0.103 0.135 0.119 0.140 
403 UA00049456    (0)   :  0.107 0.117 0.139 0.124 0.035 0.119 0.109 0.124 0.126 
404 UA00049550    (0)   :  0.108 0.138 0.017 0.107 0.088 0.125 0.112 0.148 0.158 
405 UA00048342    (0)   :  0.124 0.126 0.067 0.153 0.043 0.106 0.122 0.112 0.148 
406 UA00063493    (0)   :  0.152 0.139 0.014 0.130 0.019 0.112 0.139 0.142 0.152 
407 UA00058261    (0)   :  0.156 0.120 0.020 0.106 0.100 0.130 0.133 0.135 0.100 
408 UA00014663    (0)   :  0.131 0.130 0.026 0.168 0.047 0.109 0.132 0.115 0.141 
409 UA00048817    (0)   :  0.126 0.107 0.167 0.125 0.037 0.105 0.120 0.106 0.107 
410 UA00049381    (0)   :  0.178 0.126 0.018 0.099 0.050 0.137 0.143 0.147 0.101 
411 UA00035901    (0)   :  0.099 0.112 0.026 0.141 0.217 0.091 0.108 0.088 0.117 
412 UA00013301    (0)   :  0.096 0.138 0.032 0.091 0.060 0.147 0.104 0.175 0.155 
413 UA00047926    (0)   :  0.146 0.121 0.055 0.112 0.078 0.114 0.132 0.141 0.101 
414 UA00007272    (0)   :  0.128 0.115 0.030 0.126 0.115 0.134 0.139 0.106 0.107 
415 UA00016041    (0)   :  0.121 0.136 0.039 0.125 0.028 0.124 0.125 0.147 0.155 
416 UA00013502    (0)   :  0.161 0.131 0.013 0.112 0.050 0.130 0.134 0.151 0.117 
417 UA00002390    (0)   :  0.128 0.125 0.069 0.165 0.032 0.108 0.130 0.101 0.141 
418 UA00034907    (0)   :  0.117 0.135 0.017 0.165 0.050 0.121 0.132 0.111 0.151 
419 UA00048821    (0)   :  0.120 0.116 0.073 0.142 0.102 0.105 0.115 0.105 0.123 
420 UA00002136    (0)   :  0.105 0.132 0.067 0.125 0.047 0.118 0.117 0.135 0.154 
421 UA00011790    (0)   :  0.140 0.130 0.032 0.114 0.043 0.159 0.144 0.117 0.121 
422 UA00021586    (0)   :  0.117 0.118 0.147 0.131 0.054 0.101 0.110 0.104 0.117 
423 UA00033270    (0)   :  0.132 0.130 0.027 0.151 0.050 0.124 0.132 0.115 0.140 
424 UA00048073    (0)   :  0.133 0.135 0.029 0.143 0.039 0.122 0.127 0.128 0.143 
425 UA00048856    (0)   :  0.127 0.124 0.025 0.130 0.078 0.140 0.139 0.113 0.124 
426 UA00049713    (0)   :  0.192 0.122 0.024 0.103 0.044 0.108 0.148 0.162 0.096 
427 UA00046885    (0)   :  0.123 0.139 0.030 0.151 0.025 0.129 0.132 0.119 0.150 
428 UA00034893    (0)   :  0.178 0.131 0.019 0.112 0.022 0.114 0.148 0.152 0.123 
429 UA00048011    (0)   :  0.163 0.127 0.012 0.123 0.067 0.111 0.137 0.136 0.124 
430 UA00015786    (0)   :  0.104 0.110 0.050 0.123 0.184 0.099 0.114 0.097 0.118 
431 UA00013162    (0)   :  0.139 0.126 0.021 0.115 0.064 0.156 0.153 0.122 0.104 
432 UA00049512    (0)   :  0.114 0.136 0.035 0.142 0.055 0.125 0.122 0.129 0.143 
433 UA00004046    (0)   :  0.178 0.128 0.014 0.096 0.028 0.166 0.151 0.136 0.104 
434 UA00048881    (0)   :  0.095 0.109 0.103 0.127 0.146 0.100 0.106 0.093 0.121 
435 UA00046610    (0)   :  0.113 0.116 0.099 0.143 0.072 0.114 0.125 0.092 0.124 
436 UA00033282    (0)   :  0.121 0.132 0.029 0.153 0.069 0.114 0.129 0.110 0.142 
437 UA00047561    (0)   :  0.157 0.128 0.021 0.132 0.029 0.139 0.151 0.127 0.117 
438 UA00013777    (0)   :  0.120 0.117 0.017 0.129 0.114 0.139 0.141 0.104 0.119 
439 UA00062849    (0)   :  0.104 0.145 0.028 0.103 0.028 0.155 0.114 0.167 0.156 
440 UA00049786    (0)   :  0.215 0.124 0.015 0.075 0.053 0.122 0.151 0.171 0.073 
441 UA00033246    (0)   :  0.100 0.144 0.015 0.067 0.013 0.190 0.105 0.221 0.144 
442 UA00045302    (0)   :  0.145 0.139 0.027 0.166 0.023 0.105 0.137 0.108 0.150 
443 UA00048637    (0)   :  0.196 0.132 0.020 0.092 0.048 0.126 0.143 0.150 0.092 
444 UA00049832    (0)   :  0.117 0.124 0.090 0.107 0.027 0.149 0.113 0.148 0.124 
445 UA00022023    (0)   :  0.121 0.131 0.061 0.148 0.034 0.130 0.139 0.105 0.130 
446 UA00050192    (0)   :  0.118 0.121 0.104 0.160 0.032 0.111 0.129 0.096 0.130 
447 UA00050413    (0)   :  0.129 0.136 0.020 0.138 0.048 0.130 0.132 0.126 0.140 
448 UA00013445    (0)   :  0.151 0.131 0.013 0.133 0.019 0.146 0.150 0.127 0.129 
449 UA00035496    (0)   :  0.100 0.118 0.024 0.141 0.174 0.106 0.117 0.096 0.124 
450 UA00003333    (0)   :  0.094 0.099 0.058 0.120 0.252 0.090 0.098 0.082 0.107 
451 UA00064008    (0)   :  0.115 0.109 0.018 0.127 0.215 0.091 0.117 0.093 0.115 
452 UA00003427    (0)   :  0.110 0.115 0.126 0.149 0.057 0.110 0.117 0.094 0.122 
453 UA00028092    (0)   :  0.091 0.098 0.199 0.112 0.124 0.088 0.091 0.093 0.103 
454    pc003    (0)   :  0.037 0.042 0.077 0.047 0.630 0.042 0.043 0.037 0.045 
455 UA00034440    (0)   :  0.109 0.138 0.023 0.123 0.051 0.134 0.125 0.143 0.155 
456 UA00026062    (0)   :  0.173 0.129 0.030 0.096 0.027 0.151 0.162 0.134 0.098 
