

----------------------------------------------------
STRUCTURE by Pritchard, Stephens and Donnelly (2000)
     and Falush, Stephens and Pritchard (2003)
       Code by Pritchard, Falush and Hubisz
             Version 2.3.4 (Jul 2012)
----------------------------------------------------



Command line arguments:   structure -K 3 -o outputfile_K3_9 
Input File:    Puma_SNP_genotypes_cut_AZ_final_HWEonly.str

Run parameters:
   536 individuals
   22 loci
   3 populations assumed
   100000 Burn-in period
   500000 Reps


--------------------------------------------
Overall proportion of membership of the
sample in each of the 3 clusters

Inferred Clusters
  1      2      3    
0.329  0.334  0.338  

--------------------------------------------

Allele-freq. divergence among pops (Net nucleotide distance),
computed using point estimates of P.

      1       2       3      
 1      -    0.0532  0.0507  
 2   0.0532     -    0.0389  
 3   0.0507  0.0389     -    

Average distances (expected heterozygosity) between individuals in same cluster:
cluster  1  : 0.3145 
cluster  2  : 0.3566 
cluster  3  : 0.3533 

--------------------------------------------
Estimated Ln Prob of Data   = -12859.2
Mean value of ln likelihood = -12506.5
Variance of ln likelihood   = 705.4
Mean value of alpha         = 0.6401

Mean value of Fst_1         = 0.2096
Mean value of Fst_2         = 0.0913
Mean value of Fst_3         = 0.1073


Inferred ancestry of individuals:
        Label (%Miss) :  Inferred clusters
  1 UA00063336   (13)   :  0.463 0.292 0.245 
  2 UA00048914    (9)   :  0.460 0.199 0.341 
  3 UA00014769   (13)   :  0.088 0.528 0.383 
  4 UA00008132   (13)   :  0.295 0.328 0.377 
  5 UA00030462   (13)   :  0.522 0.230 0.248 
  6 UA00034866   (13)   :  0.288 0.353 0.360 
  7 UA00034800    (9)   :  0.655 0.212 0.134 
  8  Puco006    (9)   :  0.690 0.114 0.196 
  9 UA00048874    (4)   :  0.652 0.158 0.190 
 10 UA00049060    (9)   :  0.174 0.422 0.404 
 11 UA00033413    (9)   :  0.143 0.635 0.222 
 12  Puco021    (9)   :  0.162 0.722 0.116 
 13  Puco026    (9)   :  0.162 0.572 0.266 
 14  Puco008    (9)   :  0.624 0.176 0.200 
 15   M01301    (9)   :  0.166 0.590 0.245 
 16   M06306    (9)   :  0.331 0.507 0.162 
 17 UA00032185    (9)   :  0.301 0.387 0.312 
 18 UA00030792    (9)   :  0.807 0.115 0.077 
 19 UA00031647    (9)   :  0.538 0.229 0.233 
 20 UA00031979    (9)   :  0.299 0.375 0.326 
 21  Puco016    (9)   :  0.333 0.147 0.520 
 22  Puco010    (9)   :  0.217 0.526 0.257 
 23    M1035    (9)   :  0.238 0.350 0.413 
 24 UA00034601    (9)   :  0.355 0.409 0.236 
 25 UA00050388    (9)   :  0.362 0.393 0.245 
 26 UA00048699    (9)   :  0.370 0.151 0.479 
 27 UA00064058    (9)   :  0.167 0.354 0.479 
 28 UA00033981    (9)   :  0.202 0.660 0.138 
 29   F05033    (9)   :  0.136 0.506 0.358 
 30 UA00048520    (4)   :  0.406 0.403 0.191 
 31 UA00048422    (4)   :  0.675 0.235 0.090 
 32    PucoB    (4)   :  0.115 0.641 0.243 
 33 UA00047393    (4)   :  0.327 0.292 0.381 
 34 UA00064521    (4)   :  0.421 0.294 0.285 
 35 UA00003043    (4)   :  0.230 0.192 0.578 
 36 UA00063025    (4)   :  0.539 0.316 0.145 
 37 UA00063826    (4)   :  0.173 0.615 0.212 
 38   F07407    (4)   :  0.261 0.610 0.130 
 39 UA00021658    (4)   :  0.189 0.435 0.376 
 40 UA00003794    (4)   :  0.256 0.574 0.170 
 41 UA00041322    (4)   :  0.400 0.302 0.298 
 42 UA00063316    (4)   :  0.436 0.330 0.234 
 43 UA00047705    (4)   :  0.284 0.491 0.225 
 44 UA00033904    (4)   :  0.548 0.233 0.219 
 45 UA00048100    (4)   :  0.179 0.463 0.358 
 46 UA00032212    (4)   :  0.479 0.304 0.217 
 47 UA00031574    (4)   :  0.729 0.180 0.091 
 48 UA00031228    (4)   :  0.779 0.119 0.102 
 49 UA00047707    (4)   :  0.098 0.194 0.709 
 50 UA00030906    (4)   :  0.858 0.079 0.062 
 51 UA00041567    (4)   :  0.258 0.560 0.182 
 52 UA00007624    (4)   :  0.106 0.563 0.331 
 53 UA00034514    (4)   :  0.187 0.349 0.464 
 54 UA00030480    (4)   :  0.344 0.231 0.425 
 55  Puco012    (4)   :  0.224 0.291 0.485 
 56 UA00038677    (9)   :  0.475 0.330 0.195 
 57 UA00048275    (4)   :  0.181 0.604 0.215 
 58 UA00064055    (4)   :  0.219 0.141 0.640 
 59  Puco009    (4)   :  0.305 0.218 0.477 
 60 UA00064561    (4)   :  0.142 0.143 0.714 
 61 UA00003479    (4)   :  0.204 0.237 0.559 
 62 UA00063747    (4)   :  0.118 0.346 0.536 
 63 UA00002558    (4)   :  0.315 0.378 0.308 
 64 UA00048410    (4)   :  0.196 0.158 0.646 
 65 UA00012249    (4)   :  0.157 0.117 0.726 
 66 UA00033818    (4)   :  0.578 0.289 0.133 
 67  Puco020    (4)   :  0.372 0.190 0.439 
 68 UA00002545    (9)   :  0.198 0.148 0.654 
 69 UA00048508    (4)   :  0.143 0.312 0.545 
 70 UA00064100    (4)   :  0.263 0.365 0.372 
 71 UA00014585    (4)   :  0.219 0.271 0.509 
 72 UA00063698    (4)   :  0.613 0.215 0.172 
 73 UA00049753    (4)   :  0.432 0.370 0.198 
 74 UA00049037    (4)   :  0.177 0.368 0.454 
 75 UA00034941    (4)   :  0.357 0.444 0.199 
 76 UA00008083    (4)   :  0.605 0.171 0.224 
 77 UA00015084    (4)   :  0.654 0.208 0.139 
 78 UA00041010    (9)   :  0.773 0.089 0.138 
 79 UA00035261    (4)   :  0.472 0.284 0.244 
 80 UA00035431    (4)   :  0.152 0.542 0.306 
 81 UA00045274    (0)   :  0.348 0.423 0.230 
 82 UA00028200    (4)   :  0.646 0.195 0.159 
 83 UA00064559    (0)   :  0.733 0.187 0.081 
 84 UA00040808    (0)   :  0.623 0.127 0.249 
 85 UA00049156    (0)   :  0.643 0.200 0.157 
 86 UA00003952    (4)   :  0.509 0.131 0.360 
 87 UA00063954    (0)   :  0.327 0.415 0.258 
 88 UA00062934    (0)   :  0.463 0.315 0.223 
 89 UA00033829    (0)   :  0.759 0.140 0.101 
 90 UA00064351    (4)   :  0.259 0.611 0.130 
 91 UA00003697    (4)   :  0.675 0.169 0.157 
 92 UA00063438    (4)   :  0.543 0.240 0.217 
 93 UA00007608    (0)   :  0.598 0.255 0.146 
 94 UA00019683    (4)   :  0.292 0.598 0.110 
 95 UA00007781    (0)   :  0.227 0.484 0.289 
 96 UA00002915    (0)   :  0.549 0.180 0.271 
 97  Puco031    (4)   :  0.206 0.214 0.579 
 98 UA00048280    (4)   :  0.253 0.578 0.169 
 99 UA00048589    (0)   :  0.227 0.527 0.245 
100 UA00034417    (0)   :  0.423 0.204 0.373 
101 UA00050411    (4)   :  0.095 0.233 0.672 
102  Puco029    (4)   :  0.084 0.616 0.301 
103   F03403    (4)   :  0.117 0.671 0.212 
104 UA00049904    (0)   :  0.314 0.533 0.153 
105 UA00035335    (0)   :  0.079 0.530 0.390 
106 UA00012611    (0)   :  0.177 0.410 0.414 
107 UA00050319    (0)   :  0.093 0.738 0.169 
108 UA00032068    (4)   :  0.257 0.396 0.347 
109 UA00032026    (4)   :  0.222 0.392 0.386 
110 UA00030476    (4)   :  0.134 0.757 0.109 
111 UA00046853    (0)   :  0.194 0.668 0.138 
112 UA00040156    (4)   :  0.809 0.118 0.073 
113 UA00030528    (4)   :  0.383 0.184 0.433 
114  Puco025    (4)   :  0.108 0.338 0.554 
115    pc016    (0)   :  0.824 0.101 0.074 
116 UA00030617    (4)   :  0.084 0.335 0.581 
117 UA00030585    (4)   :  0.685 0.229 0.086 
118 UA00032060    (4)   :  0.292 0.498 0.210 
119    pc007    (0)   :  0.168 0.622 0.210 
120 UA00030798    (4)   :  0.652 0.211 0.137 
121 UA00030778    (4)   :  0.092 0.218 0.690 
122 UA00039674    (4)   :  0.788 0.118 0.094 
123 UA00032241    (4)   :  0.086 0.600 0.314 
124 UA00011624    (0)   :  0.152 0.366 0.482 
125 UA00033779    (4)   :  0.130 0.713 0.157 
126 UA00049402    (4)   :  0.291 0.135 0.573 
127 UA00033653    (0)   :  0.122 0.754 0.123 
128 UA00047738    (0)   :  0.354 0.410 0.236 
129 UA00047502    (4)   :  0.480 0.159 0.361 
130 UA00012014    (4)   :  0.236 0.225 0.539 
131 UA00040729    (0)   :  0.135 0.612 0.253 
132 UA00030392    (4)   :  0.115 0.351 0.533 
133 UA00050033    (0)   :  0.163 0.482 0.355 
134 UA00012152    (0)   :  0.287 0.147 0.566 
135 UA00050406    (0)   :  0.204 0.394 0.402 
136 UA00047973    (0)   :  0.157 0.493 0.350 
137 UA00008051    (0)   :  0.441 0.323 0.236 
138 UA00047337    (4)   :  0.276 0.444 0.280 
139 UA00041604    (4)   :  0.379 0.337 0.284 
140 UA00031704    (4)   :  0.090 0.298 0.611 
141 UA00040423    (4)   :  0.269 0.296 0.435 
142 UA00049433    (0)   :  0.378 0.164 0.458 
143 UA00034816    (0)   :  0.194 0.198 0.609 
144 UA00050214    (0)   :  0.109 0.207 0.685 
145 UA00041073    (0)   :  0.293 0.317 0.390 
146 UA00030318    (4)   :  0.160 0.289 0.551 
147 UA00046845    (0)   :  0.236 0.160 0.605 
148 UA00063946    (0)   :  0.133 0.760 0.107 
149 UA00031374    (4)   :  0.233 0.314 0.452 
150    M1136    (4)   :  0.394 0.227 0.380 
151 UA00034299    (0)   :  0.131 0.174 0.695 
152 UA00002387    (4)   :  0.159 0.126 0.715 
153 UA00021855    (0)   :  0.242 0.526 0.232 
154 UA00014500    (0)   :  0.186 0.282 0.532 
155 UA00050419    (4)   :  0.105 0.227 0.668 
156 UA00031854    (4)   :  0.239 0.361 0.400 
157    pc011    (4)   :  0.121 0.143 0.736 
158 UA00033004    (0)   :  0.245 0.195 0.560 
159 UA00046510    (0)   :  0.249 0.208 0.543 
160 UA00048747    (0)   :  0.187 0.158 0.656 
161 UA00014293    (0)   :  0.133 0.113 0.754 
162 UA00047686    (0)   :  0.439 0.171 0.390 
163 UA00033783    (4)   :  0.534 0.333 0.133 
164 UA00042609    (4)   :  0.431 0.152 0.417 
165 UA00031169    (4)   :  0.120 0.142 0.739 
166 UA00035181    (0)   :  0.087 0.474 0.439 
167 UA00050133    (0)   :  0.200 0.261 0.539 
168  Puco011    (4)   :  0.162 0.129 0.708 
169 UA00041476    (0)   :  0.312 0.180 0.508 
170 UA00046702    (0)   :  0.107 0.183 0.710 
171 UA00019940    (0)   :  0.267 0.348 0.384 
172 UA00049813    (0)   :  0.181 0.577 0.241 
173 UA00064165    (0)   :  0.572 0.197 0.231 
174 UA00064421    (0)   :  0.272 0.201 0.526 
175 UA00064569    (4)   :  0.100 0.373 0.527 
176 UA00003996    (0)   :  0.261 0.166 0.573 
177 UA00064491    (4)   :  0.147 0.300 0.553 
178 UA00011899    (0)   :  0.181 0.366 0.453 
179  Puco015    (4)   :  0.287 0.284 0.428 
180 UA00047929    (4)   :  0.096 0.656 0.249 
181 UA00056669    (0)   :  0.216 0.286 0.498 
182 UA00050176    (0)   :  0.332 0.239 0.429 
183  Puco014    (4)   :  0.283 0.464 0.253 
184 UA00019608    (0)   :  0.215 0.158 0.627 
185 UA00064333    (0)   :  0.210 0.178 0.613 
186  Puco013    (4)   :  0.316 0.214 0.470 
187 UA00016092    (0)   :  0.085 0.296 0.619 
188 UA00019060    (0)   :  0.673 0.133 0.194 
189 UA00063532    (0)   :  0.245 0.343 0.412 
190 UA00064117    (0)   :  0.648 0.152 0.200 
191 UA00011969    (0)   :  0.279 0.401 0.320 
192 UA00034586    (4)   :  0.125 0.541 0.335 
193 UA00030736    (4)   :  0.190 0.290 0.520 
194 UA00048493    (0)   :  0.223 0.308 0.469 
195 UA00040466    (0)   :  0.609 0.154 0.237 
196 UA00047659    (0)   :  0.183 0.403 0.414 
197 UA00042002    (4)   :  0.366 0.405 0.229 
198 UA00062606    (0)   :  0.327 0.232 0.441 
199 UA00030615    (4)   :  0.565 0.181 0.254 
200 UA00048899    (0)   :  0.222 0.354 0.424 
201 UA00047725    (0)   :  0.798 0.096 0.107 
202 UA00030866    (4)   :  0.287 0.273 0.440 
203 UA00034564    (0)   :  0.231 0.191 0.578 
204 UA00046520    (0)   :  0.113 0.734 0.153 
205 UA00035027    (0)   :  0.333 0.392 0.275 
206 UA00035421    (0)   :  0.344 0.132 0.524 
207 UA00062740    (4)   :  0.504 0.266 0.230 
208 UA00012360    (0)   :  0.594 0.168 0.238 
209 UA00050203    (0)   :  0.163 0.437 0.400 
210 UA00040534    (4)   :  0.716 0.128 0.156 
211 UA00031261    (4)   :  0.769 0.094 0.137 
212 UA00031917    (4)   :  0.739 0.104 0.157 
213 UA00040798    (4)   :  0.522 0.262 0.216 
214 UA00030598    (4)   :  0.480 0.238 0.282 
215 UA00050385    (0)   :  0.268 0.186 0.545 
216 UA00058283    (0)   :  0.740 0.131 0.129 
217 UA00042297    (4)   :  0.609 0.228 0.163 
218 UA00015415    (4)   :  0.672 0.108 0.219 
219 UA00035531    (0)   :  0.660 0.109 0.230 
220 UA00048683    (0)   :  0.491 0.162 0.347 
221 UA00046734    (4)   :  0.675 0.136 0.189 
222   pcRF01    (0)   :  0.086 0.115 0.798 
223 UA00007223    (0)   :  0.456 0.148 0.396 
224 UA00013841    (0)   :  0.271 0.416 0.313 
225 UA00014196    (0)   :  0.639 0.108 0.253 
226 UA00034635    (0)   :  0.181 0.335 0.484 
227 UA00047371    (0)   :  0.455 0.395 0.150 
228 UA00063544    (0)   :  0.383 0.413 0.204 
229 UA00064246    (0)   :  0.416 0.316 0.268 
230 UA00064328    (0)   :  0.506 0.218 0.277 
231 UA00002952    (0)   :  0.562 0.190 0.248 
232 UA00064079    (0)   :  0.395 0.318 0.287 
233 UA00046793    (0)   :  0.539 0.138 0.324 
234 UA00034769    (0)   :  0.547 0.322 0.130 
235 UA00034949    (0)   :  0.471 0.108 0.421 
236 UA00063753    (0)   :  0.341 0.538 0.122 
237 UA00015713    (0)   :  0.279 0.545 0.176 
238 UA00003494    (0)   :  0.374 0.104 0.522 
239 UA00056767    (0)   :  0.084 0.740 0.176 
240 UA00014461    (0)   :  0.401 0.208 0.391 
241 UA00034669    (0)   :  0.636 0.205 0.158 
242 UA00048164    (0)   :  0.280 0.275 0.444 
243 UA00007974    (0)   :  0.221 0.641 0.138 
244 UA00016166    (0)   :  0.483 0.180 0.338 
245 UA00015653    (0)   :  0.635 0.194 0.171 
246 UA00063882    (0)   :  0.548 0.160 0.292 
247 UA00049027    (0)   :  0.470 0.358 0.172 
248 UA00018878    (0)   :  0.329 0.534 0.138 
249 UA00038796    (0)   :  0.513 0.262 0.224 
250 UA00013465    (0)   :  0.661 0.170 0.169 
251 UA00014604    (0)   :  0.475 0.351 0.173 
252 UA00041913    (0)   :  0.360 0.514 0.126 
253 UA00021632    (0)   :  0.638 0.220 0.142 
254 UA00064027    (0)   :  0.483 0.253 0.264 
255 UA00015023    (0)   :  0.245 0.192 0.563 
256 UA00050243    (0)   :  0.468 0.237 0.295 
257 UA00048298    (0)   :  0.263 0.316 0.421 
258 UA00050437    (0)   :  0.424 0.219 0.357 
259 UA00014262    (0)   :  0.393 0.274 0.333 
260 UA00049129    (0)   :  0.196 0.534 0.270 
261 UA00014740    (0)   :  0.266 0.509 0.225 
262 UA00049612    (0)   :  0.682 0.206 0.112 
263 UA00014635    (0)   :  0.101 0.731 0.168 
264 UA00014673    (0)   :  0.553 0.268 0.178 
265 UA00033608    (0)   :  0.531 0.326 0.143 
266 UA00064540    (0)   :  0.225 0.614 0.161 
267 UA00050256    (0)   :  0.563 0.196 0.241 
268 UA00015274    (0)   :  0.211 0.274 0.516 
269 UA00062993    (0)   :  0.172 0.593 0.234 
270 UA00038364    (0)   :  0.327 0.441 0.231 
271 UA00014446    (0)   :  0.153 0.436 0.411 
272 UA00063545    (0)   :  0.722 0.144 0.134 
273 UA00040054    (0)   :  0.173 0.317 0.509 
274 UA00058447    (0)   :  0.180 0.557 0.263 
275 UA00046835    (0)   :  0.151 0.578 0.272 
276 UA00014608    (0)   :  0.209 0.491 0.299 
277    pc012    (0)   :  0.331 0.390 0.279 
278    pc002    (0)   :  0.557 0.269 0.174 
279 UA00033690    (0)   :  0.301 0.608 0.091 
280 UA00013688    (0)   :  0.275 0.385 0.340 
281 UA00063666    (0)   :  0.141 0.761 0.098 
282 UA00063292    (0)   :  0.104 0.749 0.147 
283    pc001    (0)   :  0.235 0.387 0.378 
284    pc008    (0)   :  0.202 0.543 0.255 
285 UA00034316    (0)   :  0.535 0.157 0.308 
286 UA00013046    (0)   :  0.103 0.581 0.316 
287 UA00050241    (0)   :  0.086 0.754 0.160 
288 UA00048599    (0)   :  0.113 0.673 0.214 
289 UA00046649    (0)   :  0.398 0.396 0.205 
290 UA00015674    (0)   :  0.505 0.388 0.107 
291 UA00013177    (0)   :  0.383 0.452 0.165 
292 UA00012814    (0)   :  0.216 0.287 0.497 
293 UA00034654    (0)   :  0.128 0.474 0.398 
294 UA00046743    (0)   :  0.124 0.627 0.249 
295 UA00014854    (0)   :  0.159 0.695 0.146 
296 UA00013729    (0)   :  0.194 0.273 0.533 
297 UA00063483    (0)   :  0.137 0.664 0.199 
298 UA00039326    (0)   :  0.254 0.487 0.259 
299 UA00014742    (0)   :  0.125 0.685 0.190 
300 UA00049597    (0)   :  0.283 0.574 0.143 
301 UA00048067    (0)   :  0.304 0.559 0.137 
302 UA00012918    (0)   :  0.186 0.712 0.101 
303 UA00013487    (0)   :  0.092 0.120 0.787 
304 UA00046759    (0)   :  0.517 0.280 0.203 
305 UA00050164    (0)   :  0.631 0.147 0.222 
306 UA00049839    (0)   :  0.160 0.633 0.207 
307 UA00048444    (0)   :  0.177 0.739 0.084 
308 UA00063857    (0)   :  0.100 0.663 0.237 
309 UA00014921    (0)   :  0.330 0.520 0.150 
310 UA00048895    (0)   :  0.430 0.404 0.166 
311 UA00014556    (0)   :  0.392 0.332 0.276 
312    pc009    (0)   :  0.078 0.801 0.121 
313 UA00014959    (0)   :  0.337 0.509 0.154 
314 UA00020709    (0)   :  0.253 0.430 0.317 
315 UA00013126    (0)   :  0.710 0.199 0.091 
316 UA00013695    (0)   :  0.633 0.229 0.138 
317 UA00049344    (0)   :  0.565 0.286 0.149 
318 UA00047614    (0)   :  0.785 0.128 0.087 
319 UA00014221    (0)   :  0.073 0.744 0.183 
320 UA00014346    (0)   :  0.188 0.662 0.150 
321 UA00014245    (0)   :  0.249 0.576 0.175 
322 UA00014696    (0)   :  0.773 0.098 0.129 
323 UA00006991    (0)   :  0.225 0.244 0.531 
324 UA00048948    (0)   :  0.233 0.362 0.405 
325 UA00002239    (0)   :  0.248 0.188 0.564 
326 UA00063459    (0)   :  0.100 0.787 0.113 
327 UA00048356    (0)   :  0.307 0.516 0.177 
328 UA00063940    (0)   :  0.297 0.273 0.429 
329 UA00048130    (0)   :  0.135 0.694 0.171 
330 UA00048903    (0)   :  0.083 0.442 0.474 
331 UA00064643    (0)   :  0.260 0.354 0.385 
332 UA00050233    (0)   :  0.196 0.367 0.436 
333 UA00012507    (0)   :  0.251 0.212 0.537 
334 UA00064416    (0)   :  0.133 0.183 0.684 
335 UA00034724    (0)   :  0.165 0.421 0.415 
336 UA00002621    (0)   :  0.112 0.537 0.351 
337 UA00033203    (0)   :  0.172 0.141 0.687 
338 UA00011996    (0)   :  0.193 0.478 0.329 
339 UA00014408    (0)   :  0.350 0.190 0.460 
340 UA00049502    (0)   :  0.260 0.485 0.255 
341 UA00062695    (0)   :  0.286 0.525 0.189 
342 UA00014072    (0)   :  0.187 0.611 0.202 
343 UA00003334    (0)   :  0.104 0.627 0.269 
344 UA00013835    (0)   :  0.237 0.506 0.257 
345 UA00046760    (0)   :  0.289 0.519 0.191 
346 UA00014241    (0)   :  0.138 0.400 0.461 
347 UA00049585    (0)   :  0.105 0.664 0.231 
348 UA00013409    (0)   :  0.309 0.522 0.168 
349 UA00047548    (0)   :  0.134 0.390 0.476 
350 UA00049038    (0)   :  0.498 0.343 0.159 
351 UA00047612    (0)   :  0.171 0.453 0.376 
352 UA00014822    (0)   :  0.640 0.217 0.142 
353 UA00035299    (0)   :  0.179 0.316 0.506 
354 UA00012804    (0)   :  0.494 0.321 0.186 
355 UA00049578    (0)   :  0.285 0.375 0.340 
356 UA00047672    (0)   :  0.138 0.099 0.763 
357 UA00043961    (0)   :  0.624 0.257 0.118 
358 UA00064575    (0)   :  0.361 0.429 0.210 
359 UA00014732    (0)   :  0.166 0.284 0.550 
360 UA00050181    (0)   :  0.156 0.236 0.607 
361 UA00033369    (0)   :  0.487 0.199 0.314 
362 UA00011982    (0)   :  0.079 0.206 0.716 
363 UA00014590    (0)   :  0.315 0.198 0.487 
364 UA00047743    (0)   :  0.128 0.222 0.650 
365 UA00046621    (0)   :  0.093 0.248 0.659 
366 UA00050422    (0)   :  0.273 0.296 0.431 
367 UA00002760    (0)   :  0.203 0.487 0.310 
368 UA00012999    (0)   :  0.244 0.335 0.421 
369 UA00063838    (0)   :  0.139 0.483 0.379 
370 UA00003729    (0)   :  0.514 0.334 0.153 
371 UA00015348    (0)   :  0.224 0.616 0.160 
372 UA00019058    (0)   :  0.217 0.597 0.186 
373 UA00049549    (0)   :  0.128 0.780 0.091 
374 UA00014334    (0)   :  0.268 0.200 0.532 
375 UA00014350    (0)   :  0.063 0.156 0.781 
376 UA00049227    (0)   :  0.494 0.224 0.282 
377 UA00014051    (0)   :  0.174 0.130 0.696 
378 UA00034381    (0)   :  0.228 0.372 0.401 
379 UA00002354    (0)   :  0.108 0.186 0.707 
380 UA00049892    (0)   :  0.143 0.614 0.243 
381 UA00021989    (0)   :  0.134 0.339 0.527 
382 UA00048968    (0)   :  0.169 0.263 0.568 
383 UA00013174    (0)   :  0.172 0.208 0.620 
384 UA00033992    (0)   :  0.336 0.239 0.425 
385 UA00015801    (0)   :  0.066 0.267 0.667 
386 UA00063303    (0)   :  0.346 0.464 0.190 
387 UA00050206    (0)   :  0.091 0.762 0.147 
388 UA00014458    (0)   :  0.260 0.406 0.333 
389 UA00007204    (0)   :  0.130 0.663 0.207 
390 UA00063212    (0)   :  0.485 0.369 0.146 
391 UA00013340    (0)   :  0.227 0.479 0.293 
392 UA00062743    (0)   :  0.180 0.115 0.705 
393 UA00063189    (0)   :  0.503 0.164 0.333 
394 UA00035432    (0)   :  0.111 0.578 0.311 
395 UA00007958    (0)   :  0.128 0.345 0.527 
396 UA00013634    (0)   :  0.131 0.140 0.729 
397 UA00048175    (0)   :  0.076 0.114 0.810 
398 UA00003202    (0)   :  0.175 0.448 0.377 
399 UA00035090    (0)   :  0.252 0.439 0.309 
400 UA00064679    (0)   :  0.392 0.208 0.400 
401 UA00039518    (0)   :  0.134 0.341 0.525 
402 UA00058268    (0)   :  0.187 0.366 0.447 
403 UA00049456    (0)   :  0.324 0.472 0.204 
404 UA00049550    (0)   :  0.201 0.531 0.268 
405 UA00048342    (0)   :  0.309 0.477 0.214 
406 UA00063493    (0)   :  0.108 0.470 0.422 
407 UA00058261    (0)   :  0.213 0.152 0.635 
408 UA00014663    (0)   :  0.249 0.240 0.511 
409 UA00048817    (0)   :  0.381 0.195 0.423 
410 UA00049381    (0)   :  0.145 0.164 0.692 
411 UA00035901    (0)   :  0.450 0.259 0.291 
412 UA00013301    (0)   :  0.243 0.599 0.158 
413 UA00047926    (0)   :  0.296 0.155 0.549 
414 UA00007272    (0)   :  0.345 0.125 0.530 
415 UA00016041    (0)   :  0.194 0.577 0.229 
416 UA00013502    (0)   :  0.132 0.341 0.527 
417 UA00002390    (0)   :  0.323 0.284 0.392 
418 UA00034907    (0)   :  0.221 0.433 0.346 
419 UA00048821    (0)   :  0.438 0.259 0.303 
420 UA00002136    (0)   :  0.354 0.490 0.156 
421 UA00011790    (0)   :  0.209 0.192 0.599 
422 UA00021586    (0)   :  0.365 0.321 0.313 
423 UA00033270    (0)   :  0.222 0.376 0.402 
424 UA00048073    (0)   :  0.197 0.482 0.320 
425 UA00048856    (0)   :  0.250 0.328 0.422 
426 UA00049713    (0)   :  0.187 0.232 0.581 
427 UA00046885    (0)   :  0.172 0.477 0.351 
428 UA00034893    (0)   :  0.127 0.475 0.398 
429 UA00048011    (0)   :  0.151 0.274 0.575 
430 UA00015786    (0)   :  0.429 0.234 0.337 
431 UA00013162    (0)   :  0.267 0.100 0.632 
432 UA00049512    (0)   :  0.234 0.510 0.256 
433 UA00004046    (0)   :  0.106 0.139 0.755 
434 UA00048881    (0)   :  0.567 0.209 0.223 
435 UA00046610    (0)   :  0.414 0.205 0.381 
436 UA00033282    (0)   :  0.266 0.420 0.314 
437 UA00047561    (0)   :  0.150 0.177 0.673 
438 UA00013777    (0)   :  0.239 0.177 0.585 
439 UA00062849    (0)   :  0.147 0.653 0.201 
440 UA00049786    (0)   :  0.119 0.110 0.771 
441 UA00033246    (0)   :  0.086 0.785 0.128 
442 UA00045302    (0)   :  0.177 0.437 0.386 
443 UA00048637    (0)   :  0.149 0.162 0.689 
444 UA00049832    (0)   :  0.213 0.594 0.193 
445 UA00022023    (0)   :  0.307 0.252 0.441 
446 UA00050192    (0)   :  0.377 0.286 0.338 
447 UA00050413    (0)   :  0.194 0.419 0.387 
448 UA00013445    (0)   :  0.097 0.257 0.646 
449 UA00035496    (0)   :  0.383 0.304 0.313 
450 UA00003333    (0)   :  0.530 0.182 0.288 
451 UA00064008    (0)   :  0.313 0.217 0.470 
452 UA00003427    (0)   :  0.414 0.286 0.300 
453 UA00028092    (0)   :  0.506 0.284 0.210 
454    pc003    (0)   :  0.704 0.135 0.161 
455 UA00034440    (0)   :  0.190 0.545 0.264 
456 UA00026062    (0)   :  0.161 0.109 0.730 
457 UA00014347    (0)   :  0.356 0.386 0.258 
458 UA00021516    (0)   :  0.124 0.209 0.667 
459 UA00049347    (0)   :  0.390 0.190 0.420 
460 UA00063436    (0)   :  0.458 0.345 0.198 
461 UA00047790    (0)   :  0.201 0.178 0.621 
462 UA00045714    (0)   :  0.523 0.184 0.293 
463 UA00038979    (0)   :  0.220 0.603 0.177 
464 UA00016123    (0)   :  0.329 0.197 0.474 
465 UA00034765    (0)   :  0.528 0.124 0.349 
466 UA00063815    (0)   :  0.715 0.161 0.124 
467 UA00034795    (0)   :  0.197 0.577 0.226 
468 UA00004000    (0)   :  0.585 0.179 0.236 
469 UA00049367    (0)   :  0.193 0.488 0.319 
470 UA00034457    (0)   :  0.168 0.335 0.497 
471 UA00050015    (0)   :  0.301 0.502 0.197 
472 UA00021373    (0)   :  0.234 0.326 0.439 
473 UA00050232    (0)   :  0.695 0.138 0.167 
474 UA00038724    (0)   :  0.282 0.500 0.218 
475 UA00007824    (0)   :  0.349 0.160 0.491 
476 UA00048754    (0)   :  0.210 0.141 0.649 
477 UA00014271    (0)   :  0.205 0.396 0.399 
478 UA00013756    (0)   :  0.438 0.402 0.160 
479 UA00014385    (0)   :  0.549 0.158 0.293 
480 UA00049609    (0)   :  0.167 0.579 0.253 
481 UA00003748    (0)   :  0.335 0.150 0.515 
482 UA00063952    (0)   :  0.254 0.223 0.523 
483 UA00058348    (0)   :  0.386 0.282 0.332 
484 UA00014922    (0)   :  0.599 0.171 0.230 
485 UA00003820    (0)   :  0.166 0.137 0.698 
486 UA00013693    (0)   :  0.412 0.220 0.368 
487 UA00047713    (0)   :  0.466 0.131 0.403 
488 UA00034891    (0)   :  0.565 0.260 0.175 
489 UA00049223    (0)   :  0.343 0.282 0.376 
490 UA00064399    (0)   :  0.831 0.064 0.105 
491 UA00013336    (0)   :  0.726 0.131 0.143 
492 UA00035291    (0)   :  0.744 0.085 0.172 
493 UA00003945    (0)   :  0.627 0.150 0.224 
494 UA00014518    (0)   :  0.458 0.145 0.397 
495 UA00013583    (0)   :  0.673 0.197 0.130 
496 UA00011510    (0)   :  0.565 0.167 0.268 
497 UA00046860    (0)   :  0.417 0.168 0.414 
498 UA00048853    (0)   :  0.606 0.162 0.232 
499 UA00012151    (0)   :  0.627 0.110 0.264 
500 UA00063930    (0)   :  0.571 0.305 0.124 
501 UA00013453    (0)   :  0.526 0.213 0.261 
502 UA00039299    (0)   :  0.720 0.122 0.159 
503 UA00014280    (0)   :  0.638 0.165 0.197 
504 UA00014200    (0)   :  0.436 0.111 0.453 
505 UA00040612    (0)   :  0.758 0.095 0.147 
506 UA00062679    (0)   :  0.742 0.118 0.140 
507 UA00034481    (0)   :  0.572 0.171 0.257 
508 UA00011880    (0)   :  0.441 0.439 0.120 
509 UA00013421    (0)   :  0.812 0.069 0.119 
510 UA00048051    (0)   :  0.762 0.099 0.139 
511 UA00063370    (0)   :  0.814 0.087 0.099 
512 UA00014716    (0)   :  0.750 0.123 0.127 
513 UA00033426    (0)   :  0.642 0.096 0.261 
514 UA00015190    (0)   :  0.782 0.096 0.122 
515 UA00013730    (0)   :  0.186 0.435 0.379 
516 UA00047644    (4)   :  0.683 0.141 0.176 
517 UA00031933    (9)   :  0.232 0.219 0.549 
518 UA00031541    (9)   :  0.485 0.235 0.280 
519   PCO-60    (4)   :  0.235 0.362 0.403 
520 UA00030495    (4)   :  0.394 0.331 0.275 
521 UA00031133    (4)   :  0.097 0.788 0.115 
522 UA00032049    (4)   :  0.529 0.256 0.216 
523 UA00030599    (4)   :  0.246 0.634 0.120 
524 UA00030250    (4)   :  0.140 0.219 0.641 
525 UA00049385    (4)   :  0.294 0.553 0.153 
526 UA00031816    (4)   :  0.112 0.785 0.102 
527 UA00030275    (4)   :  0.324 0.236 0.440 
528 UA00041861    (4)   :  0.259 0.264 0.477 
529 UA00041433    (4)   :  0.114 0.347 0.539 
530  PCO-114    (4)   :  0.185 0.150 0.664 
531 UA00031529    (4)   :  0.181 0.408 0.411 
532 UA00039719    (4)   :  0.178 0.322 0.500 
533  PCO-442    (4)   :  0.095 0.186 0.719 
534   PCO-58    (0)   :  0.197 0.104 0.699 
535 UA00048673    (4)   :  0.295 0.386 0.319 
536   PCO-63    (4)   :  0.150 0.446 0.404 


Estimated Allele Frequencies in each cluster
First column gives estimated ancestral frequencies


Locus 1 : PP01 
2 alleles
0.0% missing data
   1   (0.577) 0.587 0.586 0.594 
   2   (0.423) 0.413 0.414 0.406 

Locus 2 : PP02 
2 alleles
0.0% missing data
   1   (0.880) 0.980 0.898 0.915 
   2   (0.120) 0.020 0.102 0.085 

Locus 3 : PP03 
2 alleles
18.3% missing data
   1   (0.785) 0.954 0.692 0.864 
   2   (0.215) 0.046 0.308 0.136 

Locus 4 : PP04 
2 alleles
0.4% missing data
   1   (0.662) 0.831 0.476 0.824 
   2   (0.338) 0.169 0.524 0.176 

Locus 5 : PP06 
2 alleles
0.0% missing data
   1   (0.647) 0.632 0.759 0.564 
   2   (0.353) 0.368 0.241 0.436 

Locus 6 : PP07 
2 alleles
0.0% missing data
   1   (0.695) 0.941 0.571 0.733 
   2   (0.305) 0.059 0.429 0.267 

Locus 7 : PP09 
2 alleles
0.0% missing data
   1   (0.522) 0.314 0.773 0.282 
   2   (0.478) 0.686 0.227 0.718 

Locus 8 : PP10 
2 alleles
0.0% missing data
   1   (0.187) 0.439 0.097 0.127 
   2   (0.813) 0.561 0.903 0.873 

Locus 9 : PP11 
2 alleles
0.0% missing data
   1   (0.702) 0.827 0.803 0.580 
   2   (0.298) 0.173 0.197 0.420 

Locus 10 : PP12 
2 alleles
0.2% missing data
   1   (0.418) 0.149 0.501 0.431 
   2   (0.582) 0.851 0.499 0.569 

Locus 11 : PP13 
2 alleles
0.0% missing data
   1   (0.183) 0.351 0.089 0.142 
   2   (0.817) 0.649 0.911 0.858 

Locus 12 : PP14 
2 alleles
0.2% missing data
   1   (0.856) 0.938 0.938 0.814 
   2   (0.144) 0.062 0.062 0.186 

Locus 13 : PP15 
2 alleles
0.0% missing data
   1   (0.865) 0.664 0.861 0.976 
   2   (0.135) 0.336 0.139 0.024 

Locus 14 : PP16 
2 alleles
0.0% missing data
   1   (0.545) 0.385 0.676 0.466 
   2   (0.455) 0.615 0.324 0.534 

Locus 15 : PP17 
2 alleles
0.2% missing data
   1   (0.623) 0.673 0.619 0.659 
   2   (0.377) 0.327 0.381 0.341 

Locus 16 : PP18 
2 alleles
0.7% missing data
   1   (0.753) 0.904 0.799 0.713 
   2   (0.247) 0.096 0.201 0.287 

Locus 17 : PP20 
2 alleles
0.0% missing data
   1   (0.624) 0.520 0.641 0.693 
   2   (0.376) 0.480 0.359 0.307 

Locus 18 : PP21 
2 alleles
14.9% missing data
   1   (0.844) 0.984 0.805 0.877 
   2   (0.156) 0.016 0.195 0.123 

Locus 19 : PP22 
2 alleles
1.3% missing data
   1   (0.349) 0.066 0.210 0.693 
   2   (0.651) 0.934 0.790 0.307 

Locus 20 : PP23 
2 alleles
0.7% missing data
   1   (0.637) 0.794 0.649 0.602 
   2   (0.363) 0.206 0.351 0.398 

Locus 21 : PP24 
2 alleles
0.2% missing data
   1   (0.788) 0.693 0.843 0.862 
   2   (0.212) 0.307 0.157 0.138 

Locus 22 : PP25 
2 alleles
0.6% missing data
   1   (0.394) 0.611 0.397 0.265 
   2   (0.606) 0.389 0.603 0.735 

Values of parameters used in structure:
DATAFILE=Puma_SNP_genotypes_cut_AZ_final_HWEonly.str,	OUTFILE=outputfile_K3_9,	NUMINDS=536,	NUMLOCI=22,	MISSING=-9,	LABEL=1,	POPDATA=0,	POPFLAG=0,	PHENOTYPE=0,	EXTRACOLS=0,	MAXPOPS=3,	BURNIN=100000,	NUMREPS=500000,	USEPOPINFO=0,	INFERALPHA=1,	INFERLAMBDA=0,	POPSPECIFICLAMBDA=0,	POPALPHAS=0,	COMPUTEPROB=1,	NOADMIX=0,	ADMBURNIN=2500,	UPDATEFREQ=200,	PRINTLIKES=0,	INTERMEDSAVE=0,	PRINTKLD=0,	PRINTNET=0,	PRINTLAMBDA=0,	ANCESTDIST=0,	NUMBOXES=1000,	ANCESTPINT=0.90000,	GENSBACK=2,	MIGRPRIOR=0.05000,	PRINTQHAT=0,	PRINTQSUM=0,	ALPHA=1.0000,	FREQSCORR=1,	FPRIORMEAN=0.0100,	FPRIORSD=0.0500,	ONEFST=0,	LAMBDA=1.0000,	UNIFPRIORALPHA=1,	ALPHAMAX=10.0000,	ALPHAPRIORA=1.0000,	ALPHAPRIORB=2.0000,	ALPHAPROPSD=0.0250,	STARTATPOPINFO=0,	RANDOMIZE=1,	LINKAGE=0,	METROFREQ=20,	REPORTHITRATE=0,	MARKOVPHASE=0,	PHASED=0,	PLOIDY=2,	PHASEINFO=0	LOCPRIOR=0, 	LOCPRIORINIT=1.000000, 	LOCDATA=0, 	LOCISPOP=0, 	LOCPRIORSTEP=0.100000, 	MAXLOCPRIOR=20.000000, 	SEED=1716611410,	
[STRAT parameters]:    NUMSIMSTATS=1000,	PHENOTYPECOL=-9,	POOLFREQ=10,	LOCUSxONLY=0,	EMERROR=0.00100,	MISSINGPHENO=-9,	