

----------------------------------------------------
STRUCTURE by Pritchard, Stephens and Donnelly (2000)
     and Falush, Stephens and Pritchard (2003)
       Code by Pritchard, Falush and Hubisz
             Version 2.3.4 (Jul 2012)
----------------------------------------------------



Command line arguments:   structure -K 9 -o outputfile_K9_6 
Input File:    Puma_SNP_genotypes_cut_AZ_final_HWEonly.str

Run parameters:
   536 individuals
   22 loci
   9 populations assumed
   100000 Burn-in period
   500000 Reps


--------------------------------------------
Overall proportion of membership of the
sample in each of the 9 clusters

Inferred Clusters
  1      2      3      4      5      6      7      8      9    
0.092  0.113  0.113  0.114  0.113  0.115  0.113  0.114  0.113  

--------------------------------------------

Allele-freq. divergence among pops (Net nucleotide distance),
computed using point estimates of P.

      1       2       3       4       5       6       7       8       9      
 1      -    0.0699  0.0714  0.0741  0.0720  0.0733  0.0706  0.0675  0.0739  
 2   0.0699     -    0.0005  0.0002  0.0007  0.0187  0.0002  0.0078  0.0004  
 3   0.0714  0.0005     -    0.0006  0.0000  0.0169  0.0001  0.0069  0.0002  
 4   0.0741  0.0002  0.0006     -    0.0009  0.0203  0.0004  0.0090  0.0003  
 5   0.0720  0.0007  0.0000  0.0009     -    0.0164  0.0002  0.0067  0.0003  
 6   0.0733  0.0187  0.0169  0.0203  0.0164     -    0.0167  0.0023  0.0194  
 7   0.0706  0.0002  0.0001  0.0004  0.0002  0.0167     -    0.0067  0.0003  
 8   0.0675  0.0078  0.0069  0.0090  0.0067  0.0023  0.0067     -    0.0085  
 9   0.0739  0.0004  0.0002  0.0003  0.0003  0.0194  0.0003  0.0085     -    

Average distances (expected heterozygosity) between individuals in same cluster:
cluster  1  : 0.2518 
cluster  2  : 0.3774 
cluster  3  : 0.3786 
cluster  4  : 0.3765 
cluster  5  : 0.3779 
cluster  6  : 0.3256 
cluster  7  : 0.3784 
cluster  8  : 0.3533 
cluster  9  : 0.3766 

--------------------------------------------
Estimated Ln Prob of Data   = -13879.4
Mean value of ln likelihood = -12253.2
Variance of ln likelihood   = 3252.4
Mean value of alpha         = 0.1029

Mean value of Fst_1         = 0.3781
Mean value of Fst_2         = 0.0768
Mean value of Fst_3         = 0.0545
Mean value of Fst_4         = 0.0894
Mean value of Fst_5         = 0.0559
Mean value of Fst_6         = 0.1977
Mean value of Fst_7         = 0.0613
Mean value of Fst_8         = 0.1462
Mean value of Fst_9         = 0.0778


Inferred ancestry of individuals:
        Label (%Miss) :  Inferred clusters
  1 UA00063336   (13)   :  0.295 0.097 0.097 0.085 0.097 0.064 0.095 0.077 0.093 
  2 UA00048914    (9)   :  0.052 0.109 0.128 0.102 0.128 0.130 0.122 0.124 0.104 
  3 UA00014769   (13)   :  0.023 0.130 0.141 0.154 0.134 0.053 0.110 0.072 0.182 
  4 UA00008132   (13)   :  0.071 0.120 0.137 0.117 0.129 0.080 0.128 0.098 0.120 
  5 UA00030462   (13)   :  0.044 0.115 0.120 0.096 0.120 0.149 0.118 0.134 0.104 
  6 UA00034866   (13)   :  0.017 0.122 0.140 0.107 0.130 0.114 0.132 0.123 0.115 
  7 UA00034800    (9)   :  0.553 0.055 0.058 0.051 0.058 0.056 0.056 0.056 0.056 
  8  Puco006    (9)   :  0.033 0.039 0.037 0.033 0.040 0.446 0.039 0.297 0.036 
  9 UA00048874    (4)   :  0.368 0.077 0.086 0.069 0.086 0.078 0.081 0.078 0.076 
 10 UA00049060    (9)   :  0.046 0.137 0.132 0.130 0.130 0.064 0.117 0.090 0.154 
 11 UA00033413    (9)   :  0.020 0.155 0.111 0.184 0.107 0.057 0.140 0.092 0.133 
 12  Puco021    (9)   :  0.073 0.168 0.102 0.181 0.103 0.040 0.126 0.075 0.132 
 13  Puco026    (9)   :  0.051 0.148 0.127 0.135 0.129 0.056 0.124 0.088 0.143 
 14  Puco008    (9)   :  0.132 0.097 0.107 0.086 0.105 0.148 0.103 0.130 0.091 
 15   M01301    (9)   :  0.015 0.142 0.115 0.165 0.111 0.087 0.127 0.108 0.129 
 16   M06306    (9)   :  0.287 0.109 0.095 0.089 0.098 0.050 0.097 0.074 0.100 
 17 UA00032185    (9)   :  0.054 0.123 0.131 0.123 0.126 0.087 0.131 0.103 0.123 
 18 UA00030792    (9)   :  0.904 0.012 0.012 0.012 0.012 0.013 0.012 0.012 0.012 
 19 UA00031647    (9)   :  0.137 0.112 0.123 0.093 0.120 0.094 0.114 0.105 0.103 
 20 UA00031979    (9)   :  0.033 0.138 0.134 0.116 0.127 0.090 0.126 0.103 0.131 
 21  Puco016    (9)   :  0.021 0.113 0.116 0.100 0.123 0.160 0.120 0.139 0.107 
 22  Puco010    (9)   :  0.037 0.133 0.135 0.132 0.127 0.067 0.145 0.094 0.129 
 23    M1035    (9)   :  0.076 0.121 0.132 0.118 0.137 0.068 0.131 0.092 0.125 
 24 UA00034601    (9)   :  0.056 0.132 0.121 0.115 0.124 0.097 0.121 0.111 0.123 
 25 UA00050388    (9)   :  0.055 0.134 0.130 0.114 0.123 0.091 0.127 0.108 0.118 
 26 UA00048699    (9)   :  0.025 0.090 0.100 0.085 0.100 0.233 0.099 0.177 0.090 
 27 UA00064058    (9)   :  0.049 0.126 0.132 0.124 0.141 0.073 0.129 0.094 0.132 
 28 UA00033981    (9)   :  0.040 0.154 0.111 0.175 0.105 0.062 0.142 0.086 0.125 
 29   F05033    (9)   :  0.025 0.135 0.132 0.142 0.131 0.064 0.130 0.089 0.151 
 30 UA00048520    (4)   :  0.130 0.125 0.110 0.117 0.110 0.081 0.110 0.099 0.119 
 31 UA00048422    (4)   :  0.795 0.028 0.026 0.027 0.026 0.022 0.027 0.024 0.026 
 32    PucoB    (4)   :  0.035 0.167 0.122 0.153 0.118 0.051 0.119 0.088 0.147 
 33 UA00047393    (4)   :  0.113 0.112 0.136 0.108 0.136 0.068 0.120 0.082 0.126 
 34 UA00064521    (4)   :  0.029 0.117 0.125 0.106 0.115 0.145 0.118 0.137 0.107 
 35 UA00003043    (4)   :  0.018 0.112 0.133 0.112 0.135 0.127 0.124 0.119 0.121 
 36 UA00063025    (4)   :  0.149 0.109 0.109 0.095 0.107 0.114 0.105 0.117 0.095 
 37 UA00063826    (4)   :  0.038 0.143 0.128 0.145 0.123 0.064 0.140 0.096 0.124 
 38   F07407    (4)   :  0.168 0.144 0.101 0.141 0.097 0.043 0.105 0.078 0.123 
 39 UA00021658    (4)   :  0.036 0.124 0.139 0.126 0.134 0.073 0.135 0.099 0.133 
 40 UA00003794    (4)   :  0.135 0.151 0.106 0.138 0.101 0.050 0.106 0.082 0.131 
 41 UA00041322    (4)   :  0.051 0.121 0.140 0.105 0.131 0.094 0.130 0.110 0.118 
 42 UA00063316    (4)   :  0.071 0.120 0.122 0.104 0.127 0.101 0.130 0.111 0.115 
 43 UA00047705    (4)   :  0.036 0.145 0.129 0.123 0.126 0.080 0.122 0.101 0.137 
 44 UA00033904    (4)   :  0.291 0.107 0.093 0.088 0.099 0.058 0.089 0.077 0.098 
 45 UA00048100    (4)   :  0.019 0.145 0.126 0.138 0.124 0.077 0.136 0.098 0.136 
 46 UA00032212    (4)   :  0.177 0.105 0.106 0.097 0.107 0.096 0.113 0.102 0.096 
 47 UA00031574    (4)   :  0.787 0.025 0.026 0.025 0.025 0.032 0.026 0.029 0.025 
 48 UA00031228    (4)   :  0.866 0.016 0.016 0.015 0.016 0.020 0.016 0.018 0.016 
 49 UA00047707    (4)   :  0.012 0.119 0.142 0.140 0.151 0.073 0.128 0.087 0.147 
 50 UA00030906    (4)   :  0.899 0.012 0.012 0.011 0.012 0.016 0.012 0.015 0.011 
 51 UA00041567    (4)   :  0.046 0.139 0.121 0.157 0.109 0.071 0.137 0.102 0.118 
 52 UA00007624    (4)   :  0.015 0.128 0.133 0.159 0.130 0.063 0.123 0.093 0.155 
 53 UA00034514    (4)   :  0.030 0.127 0.132 0.125 0.135 0.084 0.136 0.096 0.134 
 54 UA00030480    (4)   :  0.105 0.119 0.126 0.105 0.133 0.075 0.128 0.095 0.114 
 55  Puco012    (4)   :  0.027 0.119 0.139 0.119 0.144 0.085 0.137 0.102 0.127 
 56 UA00038677    (9)   :  0.083 0.118 0.119 0.109 0.117 0.110 0.117 0.119 0.109 
 57 UA00048275    (4)   :  0.022 0.148 0.129 0.142 0.125 0.069 0.136 0.096 0.133 
 58 UA00064055    (4)   :  0.030 0.121 0.137 0.117 0.143 0.091 0.136 0.098 0.127 
 59  Puco009    (4)   :  0.017 0.111 0.118 0.103 0.122 0.158 0.122 0.137 0.112 
 60 UA00064561    (4)   :  0.017 0.104 0.141 0.152 0.142 0.084 0.106 0.084 0.169 
 61 UA00003479    (4)   :  0.026 0.124 0.133 0.115 0.139 0.094 0.140 0.102 0.126 
 62 UA00063747    (4)   :  0.013 0.134 0.131 0.148 0.131 0.080 0.127 0.092 0.144 
 63 UA00002558    (4)   :  0.021 0.114 0.120 0.111 0.116 0.146 0.127 0.138 0.106 
 64 UA00048410    (4)   :  0.014 0.106 0.123 0.119 0.123 0.146 0.113 0.128 0.127 
 65 UA00012249    (4)   :  0.016 0.110 0.123 0.127 0.144 0.111 0.127 0.106 0.136 
 66 UA00033818    (4)   :  0.522 0.066 0.060 0.059 0.059 0.054 0.057 0.059 0.063 
 67  Puco020    (4)   :  0.112 0.107 0.126 0.107 0.132 0.087 0.120 0.094 0.116 
 68 UA00002545    (9)   :  0.060 0.115 0.130 0.129 0.137 0.076 0.127 0.084 0.141 
 69 UA00048508    (4)   :  0.022 0.123 0.136 0.135 0.136 0.083 0.132 0.096 0.137 
 70 UA00064100    (4)   :  0.036 0.127 0.143 0.118 0.141 0.078 0.132 0.102 0.123 
 71 UA00014585    (4)   :  0.033 0.122 0.133 0.122 0.135 0.089 0.143 0.102 0.121 
 72 UA00063698    (4)   :  0.080 0.082 0.083 0.077 0.086 0.239 0.086 0.187 0.080 
 73 UA00049753    (4)   :  0.310 0.099 0.101 0.084 0.101 0.052 0.096 0.072 0.085 
 74 UA00049037    (4)   :  0.046 0.122 0.134 0.132 0.134 0.072 0.132 0.090 0.138 
 75 UA00034941    (4)   :  0.050 0.138 0.131 0.113 0.128 0.087 0.131 0.103 0.119 
 76 UA00008083    (4)   :  0.038 0.062 0.064 0.058 0.066 0.344 0.067 0.242 0.060 
 77 UA00015084    (4)   :  0.111 0.089 0.089 0.077 0.083 0.210 0.086 0.172 0.083 
 78 UA00041010    (9)   :  0.270 0.048 0.051 0.043 0.055 0.254 0.051 0.183 0.044 
 79 UA00035261    (4)   :  0.160 0.108 0.109 0.094 0.107 0.100 0.109 0.105 0.108 
 80 UA00035431    (4)   :  0.013 0.137 0.132 0.137 0.128 0.081 0.140 0.108 0.125 
 81 UA00045274    (0)   :  0.058 0.136 0.123 0.121 0.117 0.092 0.117 0.108 0.130 
 82 UA00028200    (4)   :  0.315 0.090 0.083 0.075 0.084 0.093 0.085 0.093 0.082 
 83 UA00064559    (0)   :  0.844 0.021 0.020 0.020 0.020 0.018 0.020 0.019 0.019 
 84 UA00040808    (0)   :  0.261 0.091 0.093 0.079 0.098 0.102 0.091 0.100 0.085 
 85 UA00049156    (0)   :  0.276 0.089 0.088 0.080 0.095 0.104 0.090 0.097 0.081 
 86 UA00003952    (4)   :  0.024 0.058 0.065 0.057 0.066 0.353 0.065 0.251 0.060 
 87 UA00063954    (0)   :  0.094 0.132 0.134 0.108 0.131 0.065 0.121 0.092 0.123 
 88 UA00062934    (0)   :  0.119 0.128 0.124 0.101 0.118 0.076 0.118 0.098 0.118 
 89 UA00033829    (0)   :  0.541 0.040 0.041 0.037 0.041 0.126 0.043 0.094 0.037 
 90 UA00064351    (4)   :  0.028 0.153 0.114 0.166 0.107 0.077 0.135 0.102 0.118 
 91 UA00003697    (4)   :  0.054 0.065 0.069 0.057 0.067 0.323 0.068 0.235 0.062 
 92 UA00063438    (4)   :  0.148 0.110 0.118 0.094 0.118 0.094 0.120 0.101 0.098 
 93 UA00007608    (0)   :  0.162 0.108 0.104 0.090 0.100 0.124 0.100 0.120 0.093 
 94 UA00019683    (4)   :  0.364 0.109 0.076 0.105 0.073 0.039 0.081 0.063 0.091 
 95 UA00007781    (0)   :  0.028 0.141 0.131 0.129 0.131 0.078 0.125 0.102 0.134 
 96 UA00002915    (0)   :  0.278 0.090 0.099 0.083 0.097 0.082 0.103 0.084 0.084 
 97  Puco031    (4)   :  0.033 0.128 0.138 0.116 0.139 0.088 0.131 0.103 0.124 
 98 UA00048280    (4)   :  0.024 0.146 0.125 0.124 0.128 0.084 0.136 0.106 0.127 
 99 UA00048589    (0)   :  0.050 0.156 0.118 0.148 0.117 0.062 0.120 0.090 0.139 
100 UA00034417    (0)   :  0.087 0.104 0.119 0.095 0.120 0.128 0.114 0.123 0.109 
101 UA00050411    (4)   :  0.013 0.121 0.139 0.139 0.143 0.077 0.126 0.089 0.153 
102  Puco029    (4)   :  0.022 0.155 0.132 0.145 0.126 0.052 0.125 0.089 0.154 
103   F03403    (4)   :  0.015 0.176 0.107 0.195 0.107 0.049 0.114 0.090 0.148 
104 UA00049904    (0)   :  0.115 0.129 0.118 0.118 0.115 0.071 0.126 0.093 0.115 
105 UA00035335    (0)   :  0.017 0.147 0.133 0.152 0.130 0.051 0.122 0.080 0.168 
106 UA00012611    (0)   :  0.027 0.134 0.141 0.124 0.140 0.071 0.135 0.100 0.129 
107 UA00050319    (0)   :  0.015 0.176 0.105 0.208 0.105 0.037 0.129 0.082 0.143 
108 UA00032068    (4)   :  0.078 0.128 0.135 0.113 0.139 0.065 0.131 0.089 0.122 
109 UA00032026    (4)   :  0.053 0.129 0.135 0.121 0.138 0.073 0.123 0.093 0.135 
110 UA00030476    (4)   :  0.050 0.180 0.106 0.189 0.101 0.034 0.116 0.081 0.144 
111 UA00046853    (0)   :  0.042 0.153 0.117 0.184 0.106 0.052 0.149 0.084 0.113 
112 UA00040156    (4)   :  0.906 0.012 0.012 0.011 0.012 0.013 0.011 0.012 0.011 
113 UA00030528    (4)   :  0.151 0.107 0.126 0.102 0.132 0.064 0.123 0.087 0.108 
114  Puco025    (4)   :  0.019 0.115 0.146 0.151 0.144 0.065 0.113 0.076 0.172 
115    pc016    (0)   :  0.909 0.011 0.011 0.011 0.011 0.013 0.011 0.012 0.011 
116 UA00030617    (4)   :  0.015 0.121 0.143 0.158 0.144 0.060 0.119 0.074 0.165 
117 UA00030585    (4)   :  0.825 0.023 0.022 0.021 0.020 0.023 0.022 0.023 0.021 
118 UA00032060    (4)   :  0.155 0.124 0.120 0.106 0.116 0.062 0.117 0.083 0.117 
119    pc007    (0)   :  0.045 0.147 0.121 0.166 0.114 0.059 0.133 0.087 0.129 
120 UA00030798    (4)   :  0.782 0.030 0.028 0.027 0.029 0.021 0.030 0.024 0.027 
121 UA00030778    (4)   :  0.012 0.130 0.140 0.128 0.152 0.075 0.133 0.090 0.140 
122 UA00039674    (4)   :  0.869 0.017 0.017 0.016 0.016 0.016 0.017 0.016 0.016 
123 UA00032241    (4)   :  0.014 0.125 0.138 0.167 0.127 0.058 0.131 0.085 0.156 
124 UA00011624    (0)   :  0.020 0.135 0.127 0.136 0.139 0.070 0.134 0.096 0.141 
125 UA00033779    (4)   :  0.020 0.161 0.111 0.195 0.101 0.047 0.137 0.093 0.134 
126 UA00049402    (4)   :  0.033 0.115 0.121 0.108 0.135 0.131 0.123 0.119 0.115 
127 UA00033653    (0)   :  0.016 0.168 0.102 0.212 0.101 0.041 0.141 0.092 0.128 
128 UA00047738    (0)   :  0.041 0.127 0.132 0.117 0.123 0.091 0.133 0.105 0.130 
129 UA00047502    (4)   :  0.046 0.112 0.122 0.095 0.126 0.134 0.124 0.131 0.110 
130 UA00012014    (4)   :  0.030 0.120 0.142 0.116 0.144 0.084 0.134 0.100 0.131 
131 UA00040729    (0)   :  0.031 0.152 0.122 0.148 0.120 0.056 0.122 0.089 0.160 
132 UA00030392    (4)   :  0.028 0.110 0.144 0.149 0.138 0.066 0.125 0.082 0.157 
133 UA00050033    (0)   :  0.046 0.128 0.132 0.135 0.128 0.070 0.131 0.089 0.140 
134 UA00012152    (0)   :  0.014 0.070 0.078 0.079 0.082 0.301 0.072 0.223 0.081 
135 UA00050406    (0)   :  0.032 0.128 0.142 0.118 0.136 0.083 0.135 0.102 0.123 
136 UA00047973    (0)   :  0.024 0.133 0.136 0.135 0.134 0.075 0.133 0.101 0.129 
137 UA00008051    (0)   :  0.068 0.118 0.134 0.108 0.121 0.098 0.126 0.105 0.123 
138 UA00047337    (4)   :  0.142 0.122 0.113 0.114 0.118 0.064 0.112 0.084 0.131 
139 UA00041604    (4)   :  0.059 0.113 0.131 0.112 0.129 0.101 0.127 0.111 0.117 
140 UA00031704    (4)   :  0.018 0.126 0.142 0.131 0.145 0.073 0.138 0.088 0.140 
141 UA00040423    (4)   :  0.063 0.128 0.134 0.108 0.135 0.075 0.140 0.095 0.122 
142 UA00049433    (0)   :  0.048 0.118 0.129 0.108 0.138 0.104 0.127 0.112 0.116 
143 UA00034816    (0)   :  0.026 0.105 0.131 0.139 0.136 0.104 0.110 0.095 0.154 
144 UA00050214    (0)   :  0.019 0.111 0.150 0.159 0.143 0.065 0.108 0.069 0.176 
145 UA00041073    (0)   :  0.050 0.117 0.135 0.121 0.129 0.093 0.130 0.098 0.127 
146 UA00030318    (4)   :  0.020 0.122 0.133 0.134 0.136 0.085 0.128 0.098 0.144 
147 UA00046845    (0)   :  0.038 0.106 0.127 0.125 0.134 0.114 0.118 0.104 0.134 
148 UA00063946    (0)   :  0.029 0.179 0.098 0.213 0.099 0.036 0.136 0.080 0.131 
149 UA00031374    (4)   :  0.030 0.127 0.141 0.120 0.131 0.084 0.135 0.098 0.135 
150    M1136    (4)   :  0.323 0.082 0.103 0.086 0.096 0.056 0.090 0.063 0.101 
151 UA00034299    (0)   :  0.024 0.111 0.143 0.148 0.141 0.069 0.116 0.074 0.174 
152 UA00002387    (4)   :  0.014 0.122 0.133 0.130 0.145 0.094 0.142 0.095 0.123 
153 UA00021855    (0)   :  0.032 0.130 0.145 0.125 0.127 0.076 0.146 0.098 0.120 
154 UA00014500    (0)   :  0.042 0.127 0.130 0.125 0.146 0.076 0.133 0.091 0.129 
155 UA00050419    (4)   :  0.015 0.105 0.144 0.163 0.146 0.064 0.106 0.068 0.188 
156 UA00031854    (4)   :  0.032 0.121 0.129 0.125 0.133 0.098 0.131 0.109 0.123 
157    pc011    (4)   :  0.017 0.113 0.135 0.145 0.148 0.085 0.124 0.085 0.148 
158 UA00033004    (0)   :  0.051 0.118 0.135 0.115 0.137 0.085 0.133 0.096 0.129 
159 UA00046510    (0)   :  0.021 0.110 0.126 0.116 0.128 0.129 0.121 0.122 0.127 
160 UA00048747    (0)   :  0.022 0.115 0.135 0.131 0.143 0.087 0.129 0.099 0.138 
161 UA00014293    (0)   :  0.020 0.117 0.133 0.135 0.150 0.085 0.134 0.089 0.136 
162 UA00047686    (0)   :  0.033 0.110 0.126 0.098 0.126 0.144 0.115 0.138 0.108 
163 UA00033783    (4)   :  0.297 0.101 0.079 0.096 0.077 0.090 0.084 0.089 0.087 
164 UA00042609    (4)   :  0.040 0.098 0.102 0.092 0.113 0.193 0.104 0.155 0.102 
165 UA00031169    (4)   :  0.025 0.109 0.146 0.147 0.147 0.069 0.120 0.072 0.165 
166 UA00035181    (0)   :  0.011 0.145 0.130 0.144 0.135 0.066 0.132 0.094 0.143 
167 UA00050133    (0)   :  0.032 0.127 0.136 0.121 0.138 0.085 0.133 0.097 0.131 
168  Puco011    (4)   :  0.030 0.115 0.128 0.135 0.146 0.090 0.125 0.093 0.137 
169 UA00041476    (0)   :  0.055 0.114 0.134 0.117 0.137 0.096 0.125 0.096 0.124 
170 UA00046702    (0)   :  0.021 0.110 0.137 0.155 0.146 0.070 0.118 0.079 0.163 
171 UA00019940    (0)   :  0.031 0.124 0.138 0.122 0.132 0.085 0.135 0.098 0.135 
172 UA00049813    (0)   :  0.036 0.140 0.138 0.138 0.122 0.067 0.149 0.087 0.123 
173 UA00064165    (0)   :  0.037 0.085 0.093 0.077 0.094 0.244 0.094 0.191 0.085 
174 UA00064421    (0)   :  0.014 0.097 0.115 0.096 0.112 0.198 0.108 0.162 0.098 
175 UA00064569    (4)   :  0.012 0.114 0.143 0.157 0.138 0.066 0.118 0.083 0.169 
176 UA00003996    (0)   :  0.035 0.106 0.120 0.115 0.124 0.140 0.120 0.122 0.118 
177 UA00064491    (4)   :  0.018 0.111 0.139 0.142 0.137 0.084 0.116 0.089 0.165 
178 UA00011899    (0)   :  0.038 0.125 0.141 0.125 0.135 0.074 0.148 0.093 0.121 
179  Puco015    (4)   :  0.091 0.117 0.130 0.113 0.130 0.078 0.118 0.094 0.130 
180 UA00047929    (4)   :  0.023 0.145 0.128 0.158 0.123 0.054 0.120 0.088 0.160 
181 UA00056669    (0)   :  0.019 0.121 0.140 0.117 0.137 0.096 0.136 0.109 0.124 
182 UA00050176    (0)   :  0.049 0.122 0.125 0.109 0.135 0.099 0.135 0.113 0.112 
183  Puco014    (4)   :  0.030 0.138 0.125 0.132 0.126 0.082 0.136 0.104 0.127 
184 UA00019608    (0)   :  0.025 0.121 0.137 0.117 0.141 0.097 0.138 0.102 0.122 
185 UA00064333    (0)   :  0.023 0.122 0.136 0.125 0.144 0.085 0.139 0.094 0.131 
186  Puco013    (4)   :  0.027 0.114 0.126 0.104 0.126 0.142 0.123 0.132 0.106 
187 UA00016092    (0)   :  0.013 0.121 0.135 0.150 0.145 0.061 0.124 0.078 0.173 
188 UA00019060    (0)   :  0.110 0.056 0.060 0.055 0.062 0.318 0.061 0.223 0.055 
189 UA00063532    (0)   :  0.051 0.120 0.127 0.130 0.133 0.085 0.131 0.097 0.125 
190 UA00064117    (0)   :  0.169 0.080 0.082 0.075 0.089 0.186 0.088 0.152 0.079 
191 UA00011969    (0)   :  0.041 0.124 0.129 0.119 0.130 0.092 0.133 0.107 0.126 
192 UA00034586    (4)   :  0.019 0.135 0.139 0.139 0.133 0.063 0.136 0.089 0.147 
193 UA00030736    (4)   :  0.033 0.126 0.141 0.115 0.145 0.075 0.136 0.095 0.134 
194 UA00048493    (0)   :  0.057 0.114 0.133 0.127 0.139 0.077 0.129 0.093 0.130 
195 UA00040466    (0)   :  0.020 0.049 0.047 0.044 0.047 0.413 0.048 0.289 0.043 
196 UA00047659    (0)   :  0.017 0.136 0.141 0.123 0.144 0.080 0.131 0.105 0.124 
197 UA00042002    (4)   :  0.146 0.129 0.113 0.110 0.110 0.070 0.115 0.093 0.113 
198 UA00062606    (0)   :  0.032 0.118 0.123 0.109 0.129 0.123 0.124 0.122 0.120 
199 UA00030615    (4)   :  0.015 0.039 0.041 0.039 0.041 0.448 0.040 0.298 0.038 
200 UA00048899    (0)   :  0.028 0.126 0.141 0.118 0.138 0.084 0.137 0.106 0.123 
201 UA00047725    (0)   :  0.015 0.015 0.016 0.014 0.015 0.542 0.015 0.354 0.014 
202 UA00030866    (4)   :  0.021 0.132 0.137 0.107 0.140 0.093 0.137 0.109 0.124 
203 UA00034564    (0)   :  0.025 0.128 0.138 0.117 0.142 0.087 0.135 0.104 0.123 
204 UA00046520    (0)   :  0.018 0.161 0.109 0.196 0.108 0.043 0.139 0.091 0.134 
205 UA00035027    (0)   :  0.039 0.130 0.127 0.115 0.131 0.102 0.125 0.113 0.119 
206 UA00035421    (0)   :  0.022 0.100 0.107 0.091 0.111 0.193 0.112 0.161 0.103 
207 UA00062740    (4)   :  0.048 0.128 0.126 0.101 0.124 0.116 0.124 0.119 0.114 
208 UA00012360    (0)   :  0.016 0.029 0.033 0.030 0.033 0.476 0.033 0.319 0.031 
209 UA00050203    (0)   :  0.033 0.134 0.134 0.133 0.135 0.071 0.133 0.092 0.136 
210 UA00040534    (4)   :  0.152 0.076 0.085 0.066 0.083 0.213 0.085 0.168 0.071 
211 UA00031261    (4)   :  0.090 0.068 0.066 0.055 0.075 0.294 0.071 0.224 0.058 
212 UA00031917    (4)   :  0.124 0.086 0.088 0.071 0.098 0.207 0.084 0.167 0.075 
213 UA00040798    (4)   :  0.060 0.086 0.089 0.083 0.087 0.239 0.092 0.182 0.081 
214 UA00030598    (4)   :  0.063 0.091 0.096 0.089 0.101 0.201 0.100 0.169 0.090 
215 UA00050385    (0)   :  0.028 0.119 0.135 0.110 0.140 0.103 0.134 0.113 0.117 
216 UA00058283    (0)   :  0.038 0.026 0.026 0.025 0.026 0.485 0.027 0.321 0.026 
217 UA00042297    (4)   :  0.391 0.070 0.072 0.072 0.068 0.093 0.077 0.089 0.067 
218 UA00015415    (4)   :  0.017 0.028 0.029 0.025 0.029 0.489 0.028 0.330 0.026 
219 UA00035531    (0)   :  0.074 0.050 0.055 0.049 0.054 0.363 0.051 0.256 0.048 
220 UA00048683    (0)   :  0.020 0.063 0.064 0.058 0.066 0.354 0.062 0.254 0.060 
221 UA00046734    (4)   :  0.020 0.029 0.032 0.028 0.031 0.479 0.030 0.322 0.029 
222   pcRF01    (0)   :  0.010 0.117 0.144 0.156 0.148 0.071 0.122 0.068 0.164 
223 UA00007223    (0)   :  0.048 0.113 0.117 0.096 0.131 0.143 0.122 0.128 0.102 
224 UA00013841    (0)   :  0.076 0.146 0.131 0.118 0.119 0.062 0.117 0.089 0.141 
225 UA00014196    (0)   :  0.045 0.063 0.066 0.054 0.069 0.334 0.066 0.242 0.061 
226 UA00034635    (0)   :  0.020 0.132 0.141 0.117 0.141 0.078 0.142 0.100 0.128 
227 UA00047371    (0)   :  0.158 0.113 0.119 0.101 0.116 0.073 0.118 0.092 0.110 
228 UA00063544    (0)   :  0.146 0.120 0.119 0.113 0.112 0.066 0.118 0.088 0.118 
229 UA00064246    (0)   :  0.077 0.111 0.111 0.110 0.114 0.131 0.117 0.121 0.108 
230 UA00064328    (0)   :  0.056 0.109 0.119 0.096 0.119 0.142 0.121 0.136 0.101 
231 UA00002952    (0)   :  0.101 0.110 0.113 0.092 0.116 0.133 0.111 0.126 0.098 
232 UA00064079    (0)   :  0.108 0.113 0.132 0.109 0.125 0.086 0.114 0.098 0.115 
233 UA00046793    (0)   :  0.132 0.097 0.103 0.086 0.112 0.147 0.103 0.127 0.092 
234 UA00034769    (0)   :  0.362 0.085 0.081 0.081 0.077 0.076 0.085 0.076 0.077 
235 UA00034949    (0)   :  0.043 0.112 0.119 0.091 0.128 0.156 0.116 0.138 0.098 
236 UA00063753    (0)   :  0.055 0.148 0.112 0.155 0.103 0.082 0.131 0.099 0.115 
237 UA00015713    (0)   :  0.098 0.133 0.117 0.126 0.120 0.065 0.129 0.090 0.121 
238 UA00003494    (0)   :  0.077 0.107 0.116 0.107 0.132 0.112 0.126 0.108 0.114 
239 UA00056767    (0)   :  0.011 0.161 0.110 0.210 0.104 0.042 0.147 0.086 0.129 
240 UA00014461    (0)   :  0.066 0.111 0.111 0.104 0.119 0.141 0.119 0.123 0.106 
241 UA00034669    (0)   :  0.085 0.088 0.089 0.074 0.087 0.230 0.086 0.179 0.081 
242 UA00048164    (0)   :  0.019 0.115 0.124 0.104 0.116 0.156 0.113 0.140 0.112 
243 UA00007974    (0)   :  0.045 0.168 0.115 0.152 0.112 0.059 0.119 0.090 0.139 
244 UA00016166    (0)   :  0.206 0.096 0.119 0.097 0.119 0.070 0.107 0.080 0.105 
245 UA00015653    (0)   :  0.163 0.099 0.111 0.084 0.104 0.123 0.105 0.121 0.091 
246 UA00063882    (0)   :  0.085 0.088 0.092 0.081 0.094 0.216 0.092 0.168 0.084 
247 UA00049027    (0)   :  0.161 0.111 0.110 0.101 0.110 0.096 0.108 0.100 0.103 
248 UA00018878    (0)   :  0.170 0.139 0.105 0.115 0.107 0.055 0.104 0.086 0.120 
249 UA00038796    (0)   :  0.025 0.113 0.104 0.097 0.110 0.183 0.105 0.162 0.101 
250 UA00013465    (0)   :  0.030 0.054 0.058 0.052 0.055 0.378 0.055 0.266 0.051 
251 UA00014604    (0)   :  0.056 0.110 0.114 0.099 0.110 0.157 0.110 0.144 0.100 
252 UA00041913    (0)   :  0.184 0.126 0.101 0.124 0.097 0.064 0.120 0.079 0.104 
253 UA00021632    (0)   :  0.376 0.079 0.085 0.068 0.084 0.073 0.081 0.078 0.076 
254 UA00064027    (0)   :  0.079 0.115 0.126 0.104 0.120 0.110 0.123 0.119 0.105 
255 UA00015023    (0)   :  0.030 0.110 0.132 0.120 0.134 0.110 0.125 0.104 0.135 
256 UA00050243    (0)   :  0.173 0.110 0.120 0.093 0.119 0.077 0.116 0.093 0.100 
257 UA00048298    (0)   :  0.047 0.120 0.135 0.121 0.136 0.084 0.132 0.098 0.127 
258 UA00050437    (0)   :  0.034 0.109 0.123 0.098 0.120 0.154 0.112 0.142 0.108 
259 UA00014262    (0)   :  0.085 0.121 0.127 0.108 0.132 0.082 0.119 0.102 0.124 
260 UA00049129    (0)   :  0.057 0.139 0.124 0.138 0.121 0.064 0.133 0.089 0.133 
261 UA00014740    (0)   :  0.055 0.137 0.118 0.134 0.122 0.079 0.128 0.100 0.126 
262 UA00049612    (0)   :  0.615 0.047 0.044 0.045 0.044 0.061 0.046 0.053 0.044 
263 UA00014635    (0)   :  0.016 0.157 0.113 0.196 0.110 0.044 0.124 0.092 0.148 
264 UA00014673    (0)   :  0.084 0.117 0.107 0.097 0.105 0.142 0.106 0.136 0.107 
265 UA00033608    (0)   :  0.331 0.093 0.086 0.089 0.084 0.069 0.090 0.076 0.082 
266 UA00064540    (0)   :  0.030 0.152 0.114 0.162 0.113 0.078 0.122 0.101 0.128 
267 UA00050256    (0)   :  0.116 0.111 0.121 0.088 0.118 0.116 0.113 0.114 0.102 
268 UA00015274    (0)   :  0.026 0.122 0.135 0.121 0.139 0.098 0.126 0.105 0.129 
269 UA00062993    (0)   :  0.014 0.137 0.131 0.133 0.125 0.088 0.135 0.114 0.123 
270 UA00038364    (0)   :  0.068 0.132 0.125 0.118 0.123 0.084 0.129 0.105 0.116 
271 UA00014446    (0)   :  0.016 0.124 0.149 0.120 0.142 0.079 0.137 0.107 0.127 
272 UA00063545    (0)   :  0.381 0.070 0.072 0.059 0.073 0.110 0.076 0.096 0.063 
273 UA00040054    (0)   :  0.036 0.137 0.133 0.125 0.134 0.067 0.129 0.093 0.145 
274 UA00058447    (0)   :  0.034 0.148 0.130 0.134 0.130 0.066 0.132 0.097 0.129 
275 UA00046835    (0)   :  0.030 0.143 0.123 0.154 0.124 0.066 0.130 0.091 0.139 
276 UA00014608    (0)   :  0.023 0.131 0.135 0.123 0.136 0.082 0.137 0.108 0.124 
277    pc012    (0)   :  0.043 0.125 0.134 0.112 0.130 0.101 0.124 0.111 0.121 
278    pc002    (0)   :  0.302 0.086 0.098 0.081 0.093 0.078 0.092 0.083 0.086 
279 UA00033690    (0)   :  0.116 0.163 0.097 0.159 0.098 0.049 0.106 0.082 0.130 
280 UA00013688    (0)   :  0.036 0.128 0.132 0.117 0.129 0.095 0.130 0.108 0.127 
281 UA00063666    (0)   :  0.067 0.168 0.101 0.191 0.098 0.035 0.131 0.083 0.125 
282 UA00063292    (0)   :  0.017 0.177 0.101 0.209 0.102 0.037 0.132 0.082 0.141 
283    pc001    (0)   :  0.027 0.129 0.135 0.119 0.137 0.091 0.128 0.113 0.122 
284    pc008    (0)   :  0.029 0.150 0.130 0.135 0.124 0.071 0.125 0.099 0.137 
285 UA00034316    (0)   :  0.169 0.083 0.103 0.087 0.100 0.150 0.090 0.121 0.096 
286 UA00013046    (0)   :  0.023 0.139 0.139 0.149 0.128 0.056 0.126 0.082 0.159 
287 UA00050241    (0)   :  0.020 0.155 0.127 0.172 0.111 0.046 0.136 0.090 0.145 
288 UA00048599    (0)   :  0.017 0.153 0.122 0.162 0.124 0.057 0.132 0.095 0.138 
289 UA00046649    (0)   :  0.237 0.111 0.106 0.099 0.106 0.060 0.099 0.079 0.104 
290 UA00015674    (0)   :  0.392 0.092 0.076 0.084 0.074 0.056 0.078 0.066 0.081 
291 UA00013177    (0)   :  0.080 0.134 0.118 0.129 0.110 0.088 0.123 0.104 0.114 
292 UA00012814    (0)   :  0.027 0.126 0.137 0.125 0.133 0.091 0.132 0.105 0.124 
293 UA00034654    (0)   :  0.018 0.139 0.141 0.127 0.139 0.067 0.131 0.094 0.144 
294 UA00046743    (0)   :  0.021 0.158 0.119 0.173 0.111 0.053 0.116 0.089 0.160 
295 UA00014854    (0)   :  0.076 0.176 0.110 0.160 0.101 0.039 0.112 0.078 0.148 
296 UA00013729    (0)   :  0.031 0.120 0.141 0.133 0.137 0.073 0.122 0.091 0.152 
297 UA00063483    (0)   :  0.021 0.144 0.133 0.146 0.122 0.060 0.152 0.095 0.126 
298 UA00039326    (0)   :  0.081 0.147 0.118 0.126 0.120 0.060 0.124 0.087 0.139 
299 UA00014742    (0)   :  0.026 0.153 0.123 0.166 0.120 0.050 0.152 0.088 0.123 
300 UA00049597    (0)   :  0.280 0.131 0.091 0.105 0.090 0.038 0.091 0.066 0.108 
301 UA00048067    (0)   :  0.060 0.137 0.122 0.133 0.123 0.079 0.132 0.101 0.114 
302 UA00012918    (0)   :  0.123 0.175 0.094 0.169 0.092 0.034 0.103 0.074 0.135 
303 UA00013487    (0)   :  0.016 0.115 0.135 0.153 0.146 0.068 0.128 0.066 0.173 
304 UA00046759    (0)   :  0.070 0.113 0.121 0.099 0.119 0.128 0.117 0.123 0.110 
305 UA00050164    (0)   :  0.552 0.059 0.060 0.055 0.062 0.045 0.059 0.050 0.058 
306 UA00049839    (0)   :  0.021 0.144 0.129 0.163 0.114 0.063 0.154 0.093 0.118 
307 UA00048444    (0)   :  0.067 0.162 0.096 0.213 0.091 0.037 0.141 0.078 0.115 
308 UA00063857    (0)   :  0.032 0.142 0.132 0.149 0.123 0.054 0.133 0.089 0.148 
309 UA00014921    (0)   :  0.343 0.096 0.090 0.086 0.092 0.046 0.094 0.067 0.086 
310 UA00048895    (0)   :  0.356 0.089 0.087 0.085 0.084 0.055 0.082 0.072 0.090 
311 UA00014556    (0)   :  0.023 0.125 0.126 0.107 0.126 0.124 0.129 0.127 0.113 
312    pc009    (0)   :  0.018 0.166 0.109 0.214 0.102 0.036 0.147 0.084 0.126 
313 UA00014959    (0)   :  0.289 0.121 0.094 0.095 0.090 0.045 0.090 0.067 0.109 
314 UA00020709    (0)   :  0.059 0.152 0.123 0.124 0.124 0.067 0.116 0.092 0.141 
315 UA00013126    (0)   :  0.866 0.017 0.017 0.016 0.016 0.017 0.017 0.017 0.017 
316 UA00013695    (0)   :  0.784 0.029 0.028 0.027 0.028 0.022 0.029 0.025 0.028 
317 UA00049344    (0)   :  0.333 0.093 0.093 0.079 0.093 0.060 0.094 0.074 0.082 
318 UA00047614    (0)   :  0.626 0.041 0.040 0.035 0.042 0.074 0.039 0.065 0.038 
319 UA00014221    (0)   :  0.010 0.159 0.115 0.189 0.116 0.046 0.134 0.093 0.138 
320 UA00014346    (0)   :  0.039 0.152 0.116 0.163 0.117 0.060 0.130 0.097 0.126 
321 UA00014245    (0)   :  0.172 0.149 0.103 0.130 0.097 0.043 0.092 0.076 0.139 
322 UA00014696    (0)   :  0.836 0.019 0.020 0.018 0.020 0.024 0.020 0.022 0.019 
323 UA00006991    (0)   :  0.019 0.126 0.142 0.113 0.142 0.093 0.132 0.108 0.124 
324 UA00048948    (0)   :  0.028 0.123 0.146 0.118 0.139 0.086 0.135 0.105 0.120 
325 UA00002239    (0)   :  0.029 0.122 0.136 0.115 0.139 0.098 0.132 0.108 0.122 
326 UA00063459    (0)   :  0.025 0.178 0.109 0.196 0.107 0.035 0.122 0.081 0.147 
327 UA00048356    (0)   :  0.035 0.126 0.125 0.123 0.124 0.102 0.130 0.116 0.120 
328 UA00063940    (0)   :  0.035 0.115 0.143 0.112 0.134 0.103 0.125 0.108 0.126 
329 UA00048130    (0)   :  0.020 0.149 0.117 0.165 0.119 0.060 0.146 0.093 0.131 
330 UA00048903    (0)   :  0.013 0.117 0.136 0.164 0.134 0.058 0.120 0.079 0.178 
331 UA00064643    (0)   :  0.041 0.124 0.138 0.128 0.132 0.077 0.136 0.092 0.132 
332 UA00050233    (0)   :  0.022 0.123 0.135 0.134 0.129 0.093 0.136 0.102 0.127 
333 UA00012507    (0)   :  0.017 0.116 0.131 0.109 0.132 0.129 0.125 0.124 0.118 
334 UA00064416    (0)   :  0.019 0.122 0.143 0.132 0.146 0.076 0.130 0.084 0.148 
335 UA00034724    (0)   :  0.021 0.128 0.137 0.140 0.133 0.078 0.140 0.095 0.127 
336 UA00002621    (0)   :  0.018 0.136 0.136 0.146 0.137 0.063 0.129 0.094 0.141 
337 UA00033203    (0)   :  0.035 0.118 0.140 0.136 0.143 0.072 0.133 0.075 0.149 
338 UA00011996    (0)   :  0.035 0.128 0.142 0.120 0.141 0.071 0.140 0.100 0.123 
339 UA00014408    (0)   :  0.025 0.096 0.106 0.096 0.111 0.204 0.101 0.160 0.100 
340 UA00049502    (0)   :  0.019 0.128 0.130 0.125 0.122 0.101 0.144 0.115 0.116 
341 UA00062695    (0)   :  0.058 0.141 0.117 0.142 0.121 0.072 0.133 0.095 0.120 
342 UA00014072    (0)   :  0.034 0.145 0.123 0.168 0.116 0.059 0.149 0.088 0.119 
343 UA00003334    (0)   :  0.024 0.138 0.129 0.157 0.124 0.052 0.127 0.088 0.162 
344 UA00013835    (0)   :  0.039 0.144 0.133 0.127 0.131 0.070 0.133 0.097 0.128 
345 UA00046760    (0)   :  0.146 0.126 0.115 0.118 0.113 0.060 0.130 0.085 0.108 
346 UA00014241    (0)   :  0.019 0.130 0.134 0.138 0.136 0.076 0.133 0.095 0.138 
347 UA00049585    (0)   :  0.022 0.148 0.132 0.152 0.124 0.057 0.150 0.093 0.121 
348 UA00013409    (0)   :  0.033 0.138 0.104 0.157 0.100 0.111 0.141 0.116 0.100 
349 UA00047548    (0)   :  0.029 0.132 0.138 0.120 0.144 0.072 0.146 0.091 0.128 
350 UA00049038    (0)   :  0.261 0.094 0.095 0.090 0.092 0.090 0.098 0.092 0.088 
351 UA00047612    (0)   :  0.020 0.127 0.140 0.128 0.134 0.083 0.134 0.104 0.130 
352 UA00014822    (0)   :  0.193 0.104 0.105 0.085 0.103 0.108 0.105 0.106 0.091 
353 UA00035299    (0)   :  0.033 0.123 0.143 0.125 0.140 0.073 0.132 0.088 0.143 
354 UA00012804    (0)   :  0.263 0.098 0.108 0.087 0.101 0.068 0.099 0.082 0.094 
355 UA00049578    (0)   :  0.024 0.124 0.132 0.113 0.126 0.114 0.133 0.118 0.117 
356 UA00047672    (0)   :  0.017 0.120 0.139 0.132 0.147 0.077 0.133 0.082 0.152 
357 UA00043961    (0)   :  0.599 0.051 0.048 0.048 0.048 0.056 0.050 0.052 0.047 
358 UA00064575    (0)   :  0.030 0.121 0.119 0.119 0.114 0.135 0.132 0.129 0.102 
359 UA00014732    (0)   :  0.017 0.122 0.143 0.127 0.138 0.088 0.129 0.100 0.136 
360 UA00050181    (0)   :  0.011 0.130 0.138 0.116 0.148 0.091 0.145 0.101 0.119 
361 UA00033369    (0)   :  0.166 0.108 0.118 0.091 0.122 0.080 0.120 0.090 0.105 
362 UA00011982    (0)   :  0.013 0.107 0.148 0.166 0.148 0.059 0.105 0.062 0.192 
363 UA00014590    (0)   :  0.072 0.118 0.135 0.112 0.136 0.082 0.125 0.093 0.126 
364 UA00047743    (0)   :  0.017 0.127 0.140 0.132 0.149 0.072 0.136 0.086 0.141 
365 UA00046621    (0)   :  0.017 0.120 0.138 0.139 0.144 0.070 0.139 0.085 0.148 
366 UA00050422    (0)   :  0.021 0.121 0.138 0.111 0.133 0.107 0.127 0.114 0.127 
367 UA00002760    (0)   :  0.056 0.131 0.136 0.129 0.127 0.065 0.138 0.091 0.126 
368 UA00012999    (0)   :  0.078 0.118 0.139 0.115 0.136 0.069 0.126 0.093 0.126 
369 UA00063838    (0)   :  0.017 0.127 0.141 0.142 0.134 0.065 0.129 0.089 0.155 
370 UA00003729    (0)   :  0.127 0.112 0.105 0.106 0.100 0.126 0.102 0.120 0.103 
371 UA00015348    (0)   :  0.049 0.147 0.117 0.169 0.111 0.061 0.145 0.088 0.113 
372 UA00019058    (0)   :  0.031 0.153 0.102 0.175 0.107 0.078 0.122 0.104 0.128 
373 UA00049549    (0)   :  0.079 0.169 0.092 0.206 0.092 0.030 0.124 0.074 0.133 
374 UA00014334    (0)   :  0.029 0.122 0.134 0.116 0.140 0.097 0.133 0.107 0.123 
375 UA00014350    (0)   :  0.010 0.104 0.150 0.177 0.151 0.053 0.099 0.056 0.200 
376 UA00049227    (0)   :  0.118 0.114 0.122 0.097 0.124 0.095 0.117 0.107 0.105 
377 UA00014051    (0)   :  0.016 0.109 0.132 0.123 0.134 0.121 0.126 0.109 0.131 
378 UA00034381    (0)   :  0.026 0.117 0.133 0.131 0.129 0.096 0.131 0.104 0.133 
379 UA00002354    (0)   :  0.016 0.119 0.138 0.146 0.147 0.067 0.129 0.072 0.166 
380 UA00049892    (0)   :  0.055 0.133 0.134 0.146 0.119 0.054 0.129 0.079 0.150 
381 UA00021989    (0)   :  0.016 0.121 0.138 0.144 0.133 0.080 0.135 0.092 0.140 
382 UA00048968    (0)   :  0.019 0.124 0.140 0.118 0.140 0.083 0.141 0.097 0.137 
383 UA00013174    (0)   :  0.031 0.114 0.136 0.135 0.145 0.080 0.124 0.089 0.146 
384 UA00033992    (0)   :  0.140 0.115 0.122 0.103 0.127 0.068 0.129 0.085 0.111 
385 UA00015801    (0)   :  0.010 0.107 0.154 0.164 0.146 0.060 0.109 0.063 0.186 
386 UA00063303    (0)   :  0.164 0.130 0.107 0.121 0.100 0.069 0.106 0.087 0.116 
387 UA00050206    (0)   :  0.012 0.152 0.114 0.198 0.110 0.048 0.152 0.092 0.123 
388 UA00014458    (0)   :  0.067 0.119 0.127 0.134 0.125 0.079 0.127 0.094 0.128 
389 UA00007204    (0)   :  0.032 0.166 0.114 0.166 0.110 0.049 0.117 0.087 0.159 
390 UA00063212    (0)   :  0.156 0.116 0.102 0.123 0.092 0.099 0.122 0.103 0.087 
391 UA00013340    (0)   :  0.065 0.128 0.137 0.117 0.136 0.068 0.130 0.095 0.125 
392 UA00062743    (0)   :  0.017 0.122 0.130 0.115 0.144 0.110 0.137 0.107 0.117 
393 UA00063189    (0)   :  0.052 0.067 0.073 0.067 0.078 0.299 0.076 0.218 0.069 
394 UA00035432    (0)   :  0.021 0.138 0.129 0.159 0.124 0.060 0.151 0.088 0.129 
395 UA00007958    (0)   :  0.019 0.132 0.135 0.131 0.141 0.076 0.140 0.089 0.137 
396 UA00013634    (0)   :  0.015 0.120 0.135 0.124 0.147 0.091 0.137 0.094 0.137 
397 UA00048175    (0)   :  0.009 0.106 0.146 0.162 0.150 0.065 0.106 0.068 0.188 
398 UA00003202    (0)   :  0.026 0.135 0.139 0.129 0.130 0.072 0.146 0.096 0.127 
399 UA00035090    (0)   :  0.028 0.126 0.136 0.130 0.125 0.092 0.133 0.105 0.126 
400 UA00064679    (0)   :  0.039 0.096 0.105 0.095 0.107 0.199 0.102 0.161 0.097 
401 UA00039518    (0)   :  0.030 0.129 0.136 0.132 0.136 0.070 0.134 0.086 0.146 
402 UA00058268    (0)   :  0.027 0.123 0.142 0.129 0.140 0.078 0.136 0.097 0.128 
403 UA00049456    (0)   :  0.145 0.123 0.113 0.116 0.114 0.067 0.125 0.085 0.112 
404 UA00049550    (0)   :  0.018 0.136 0.124 0.154 0.112 0.093 0.145 0.109 0.110 
405 UA00048342    (0)   :  0.073 0.124 0.130 0.114 0.129 0.079 0.131 0.100 0.121 
406 UA00063493    (0)   :  0.015 0.129 0.148 0.140 0.137 0.067 0.140 0.088 0.136 
407 UA00058261    (0)   :  0.021 0.113 0.128 0.122 0.139 0.114 0.124 0.106 0.132 
408 UA00014663    (0)   :  0.028 0.121 0.150 0.117 0.140 0.087 0.139 0.098 0.121 
409 UA00048817    (0)   :  0.164 0.103 0.122 0.100 0.120 0.072 0.119 0.084 0.117 
410 UA00049381    (0)   :  0.019 0.108 0.135 0.140 0.144 0.090 0.127 0.090 0.147 
411 UA00035901    (0)   :  0.028 0.102 0.115 0.094 0.113 0.186 0.111 0.156 0.095 
412 UA00013301    (0)   :  0.033 0.149 0.110 0.176 0.105 0.073 0.148 0.097 0.110 
413 UA00047926    (0)   :  0.055 0.111 0.130 0.122 0.135 0.100 0.121 0.101 0.126 
414 UA00007272    (0)   :  0.030 0.116 0.120 0.109 0.136 0.125 0.128 0.117 0.118 
415 UA00016041    (0)   :  0.041 0.144 0.132 0.139 0.122 0.064 0.144 0.091 0.122 
416 UA00013502    (0)   :  0.014 0.124 0.132 0.141 0.134 0.086 0.131 0.091 0.146 
417 UA00002390    (0)   :  0.073 0.125 0.132 0.111 0.140 0.075 0.127 0.095 0.122 
418 UA00034907    (0)   :  0.018 0.128 0.138 0.118 0.133 0.090 0.141 0.110 0.123 
419 UA00048821    (0)   :  0.077 0.113 0.122 0.107 0.124 0.112 0.115 0.113 0.117 
420 UA00002136    (0)   :  0.071 0.134 0.126 0.124 0.114 0.074 0.145 0.096 0.115 
421 UA00011790    (0)   :  0.034 0.126 0.127 0.118 0.142 0.096 0.134 0.097 0.127 
422 UA00021586    (0)   :  0.149 0.111 0.113 0.109 0.115 0.078 0.112 0.093 0.121 
423 UA00033270    (0)   :  0.029 0.127 0.135 0.120 0.133 0.087 0.133 0.106 0.130 
424 UA00048073    (0)   :  0.031 0.138 0.136 0.126 0.131 0.077 0.131 0.098 0.133 
425 UA00048856    (0)   :  0.026 0.127 0.125 0.123 0.132 0.105 0.124 0.107 0.130 
426 UA00049713    (0)   :  0.026 0.115 0.144 0.137 0.141 0.078 0.120 0.085 0.154 
427 UA00046885    (0)   :  0.032 0.135 0.133 0.128 0.137 0.070 0.137 0.094 0.133 
428 UA00034893    (0)   :  0.021 0.128 0.144 0.142 0.137 0.063 0.127 0.084 0.153 
429 UA00048011    (0)   :  0.013 0.116 0.139 0.135 0.137 0.095 0.123 0.100 0.142 
430 UA00015786    (0)   :  0.052 0.106 0.112 0.103 0.112 0.156 0.115 0.141 0.103 
431 UA00013162    (0)   :  0.022 0.123 0.126 0.110 0.145 0.107 0.144 0.110 0.113 
432 UA00049512    (0)   :  0.037 0.132 0.130 0.127 0.127 0.082 0.135 0.106 0.124 
433 UA00004046    (0)   :  0.015 0.117 0.134 0.140 0.151 0.083 0.130 0.086 0.145 
434 UA00048881    (0)   :  0.107 0.105 0.110 0.089 0.115 0.133 0.112 0.127 0.101 
435 UA00046610    (0)   :  0.101 0.109 0.124 0.104 0.126 0.094 0.123 0.105 0.112 
436 UA00033282    (0)   :  0.031 0.130 0.131 0.120 0.129 0.096 0.132 0.112 0.120 
437 UA00047561    (0)   :  0.021 0.118 0.143 0.130 0.147 0.084 0.132 0.091 0.133 
438 UA00013777    (0)   :  0.017 0.119 0.125 0.107 0.133 0.138 0.122 0.125 0.114 
439 UA00062849    (0)   :  0.029 0.149 0.115 0.180 0.116 0.054 0.140 0.093 0.125 
440 UA00049786    (0)   :  0.016 0.106 0.135 0.149 0.140 0.091 0.113 0.081 0.168 
441 UA00033246    (0)   :  0.016 0.167 0.108 0.203 0.105 0.039 0.157 0.080 0.125 
442 UA00045302    (0)   :  0.029 0.128 0.143 0.123 0.138 0.071 0.145 0.096 0.127 
443 UA00048637    (0)   :  0.022 0.110 0.133 0.147 0.143 0.087 0.119 0.088 0.151 
444 UA00049832    (0)   :  0.094 0.142 0.114 0.149 0.115 0.056 0.118 0.086 0.127 
445 UA00022023    (0)   :  0.064 0.126 0.133 0.108 0.137 0.085 0.132 0.096 0.118 
446 UA00050192    (0)   :  0.111 0.121 0.129 0.100 0.128 0.075 0.121 0.097 0.117 
447 UA00050413    (0)   :  0.021 0.133 0.130 0.130 0.133 0.083 0.133 0.103 0.132 
448 UA00013445    (0)   :  0.013 0.126 0.136 0.135 0.148 0.077 0.136 0.092 0.136 
449 UA00035496    (0)   :  0.026 0.116 0.119 0.104 0.114 0.154 0.120 0.141 0.107 
450 UA00003333    (0)   :  0.060 0.097 0.104 0.085 0.105 0.194 0.101 0.160 0.093 
451 UA00064008    (0)   :  0.018 0.098 0.113 0.097 0.118 0.185 0.112 0.152 0.107 
452 UA00003427    (0)   :  0.130 0.113 0.124 0.104 0.117 0.085 0.119 0.100 0.107 
453 UA00028092    (0)   :  0.202 0.091 0.097 0.091 0.097 0.115 0.100 0.112 0.094 
454    pc003    (0)   :  0.074 0.043 0.044 0.039 0.043 0.402 0.044 0.270 0.041 
455 UA00034440    (0)   :  0.024 0.140 0.123 0.155 0.120 0.076 0.145 0.099 0.118 
456 UA00026062    (0)   :  0.031 0.119 0.135 0.127 0.149 0.085 0.132 0.088 0.135 
