

----------------------------------------------------
STRUCTURE by Pritchard, Stephens and Donnelly (2000)
     and Falush, Stephens and Pritchard (2003)
       Code by Pritchard, Falush and Hubisz
             Version 2.3.4 (Jul 2012)
----------------------------------------------------



Command line arguments:   structure -K 10 -o outputfile_K10_10 
Input File:    Puma_SNP_genotypes_cut_AZ_final_HWEonly.str

Run parameters:
   536 individuals
   22 loci
   10 populations assumed
   100000 Burn-in period
   500000 Reps


--------------------------------------------
Overall proportion of membership of the
sample in each of the 10 clusters

Inferred Clusters
  1      2      3      4      5      6      7      8      9     10    
0.101  0.102  0.081  0.102  0.101  0.102  0.102  0.106  0.102  0.102  

--------------------------------------------

Allele-freq. divergence among pops (Net nucleotide distance),
computed using point estimates of P.

      1       2       3       4       5       6       7       8       9      10      
 1      -    0.0002  0.0758  0.0002  0.0003  0.0006  0.0012  0.0313  0.0018  0.0005  
 2   0.0002     -    0.0727  0.0005  0.0007  0.0001  0.0006  0.0301  0.0010  0.0001  
 3   0.0758  0.0727     -    0.0786  0.0787  0.0716  0.0702  0.0848  0.0747  0.0727  
 4   0.0002  0.0005  0.0786     -    0.0001  0.0010  0.0016  0.0328  0.0018  0.0007  
 5   0.0003  0.0007  0.0787  0.0001     -    0.0012  0.0020  0.0342  0.0019  0.0010  
 6   0.0006  0.0001  0.0716  0.0010  0.0012     -    0.0005  0.0300  0.0006  0.0000  
 7   0.0012  0.0006  0.0702  0.0016  0.0020  0.0005     -    0.0229  0.0017  0.0006  
 8   0.0313  0.0301  0.0848  0.0328  0.0342  0.0300  0.0229     -    0.0355  0.0300  
 9   0.0018  0.0010  0.0747  0.0018  0.0019  0.0006  0.0017  0.0355     -    0.0008  
10   0.0005  0.0001  0.0727  0.0007  0.0010  0.0000  0.0006  0.0300  0.0008     -    

Average distances (expected heterozygosity) between individuals in same cluster:
cluster  1  : 0.3778 
cluster  2  : 0.3789 
cluster  3  : 0.2433 
cluster  4  : 0.3752 
cluster  5  : 0.3764 
cluster  6  : 0.3783 
cluster  7  : 0.3724 
cluster  8  : 0.2867 
cluster  9  : 0.3751 
cluster 10  : 0.3789 

--------------------------------------------
Estimated Ln Prob of Data   = -14100.1
Mean value of ln likelihood = -12251.7
Variance of ln likelihood   = 3696.9
Mean value of alpha         = 0.0793

Mean value of Fst_1         = 0.0582
Mean value of Fst_2         = 0.0369
Mean value of Fst_3         = 0.4009
Mean value of Fst_4         = 0.0696
Mean value of Fst_5         = 0.0560
Mean value of Fst_6         = 0.0554
Mean value of Fst_7         = 0.0967
Mean value of Fst_8         = 0.2743
Mean value of Fst_9         = 0.0865
Mean value of Fst_10         = 0.0450


Inferred ancestry of individuals:
        Label (%Miss) :  Inferred clusters
  1 UA00063336   (13)   :  0.090 0.098 0.251 0.084 0.091 0.091 0.082 0.036 0.085 0.092 
  2 UA00048914    (9)   :  0.115 0.117 0.040 0.098 0.113 0.114 0.102 0.099 0.086 0.116 
  3 UA00014769   (13)   :  0.126 0.091 0.017 0.161 0.193 0.085 0.088 0.021 0.134 0.084 
  4 UA00008132   (13)   :  0.111 0.123 0.056 0.114 0.118 0.112 0.101 0.043 0.098 0.122 
  5 UA00030462   (13)   :  0.107 0.109 0.035 0.094 0.103 0.114 0.111 0.122 0.093 0.111 
  6 UA00034866   (13)   :  0.112 0.125 0.012 0.103 0.109 0.117 0.106 0.084 0.099 0.132 
  7 UA00034800    (9)   :  0.055 0.054 0.527 0.051 0.056 0.056 0.051 0.048 0.047 0.056 
  8  Puco006    (9)   :  0.035 0.034 0.024 0.032 0.032 0.038 0.121 0.621 0.029 0.035 
  9 UA00048874    (4)   :  0.080 0.090 0.320 0.069 0.080 0.079 0.072 0.058 0.069 0.083 
 10 UA00049060    (9)   :  0.119 0.110 0.034 0.121 0.146 0.106 0.104 0.026 0.124 0.110 
 11 UA00033413    (9)   :  0.089 0.108 0.015 0.104 0.079 0.122 0.128 0.074 0.167 0.114 
 12  Puco021    (9)   :  0.081 0.094 0.055 0.090 0.070 0.127 0.131 0.064 0.188 0.099 
 13  Puco026    (9)   :  0.117 0.114 0.039 0.104 0.113 0.120 0.114 0.031 0.137 0.111 
 14  Puco008    (9)   :  0.095 0.103 0.107 0.085 0.090 0.102 0.100 0.137 0.079 0.102 
 15   M01301    (9)   :  0.093 0.098 0.011 0.109 0.101 0.118 0.108 0.102 0.145 0.114 
 16   M06306    (9)   :  0.092 0.098 0.233 0.078 0.088 0.105 0.091 0.025 0.096 0.095 
 17 UA00032185    (9)   :  0.107 0.120 0.042 0.110 0.116 0.113 0.105 0.063 0.111 0.113 
 18 UA00030792    (9)   :  0.009 0.009 0.917 0.009 0.009 0.010 0.009 0.010 0.009 0.009 
 19 UA00031647    (9)   :  0.112 0.114 0.106 0.089 0.099 0.117 0.099 0.062 0.086 0.115 
 20 UA00031979    (9)   :  0.115 0.122 0.025 0.102 0.119 0.123 0.106 0.054 0.115 0.119 
 21  Puco016    (9)   :  0.118 0.111 0.016 0.106 0.102 0.111 0.111 0.123 0.087 0.114 
 22  Puco010    (9)   :  0.106 0.117 0.029 0.119 0.113 0.121 0.098 0.048 0.124 0.126 
 23    M1035    (9)   :  0.120 0.126 0.058 0.118 0.120 0.112 0.097 0.024 0.103 0.120 
 24 UA00034601    (9)   :  0.111 0.117 0.041 0.096 0.103 0.117 0.118 0.065 0.119 0.113 
 25 UA00050388    (9)   :  0.113 0.123 0.041 0.102 0.108 0.121 0.105 0.060 0.106 0.122 
 26 UA00048699    (9)   :  0.091 0.091 0.019 0.093 0.090 0.088 0.115 0.248 0.076 0.090 
 27 UA00064058    (9)   :  0.126 0.120 0.038 0.129 0.119 0.114 0.104 0.024 0.112 0.115 
 28 UA00033981    (9)   :  0.089 0.104 0.030 0.100 0.069 0.127 0.129 0.076 0.160 0.115 
 29   F05033    (9)   :  0.117 0.110 0.019 0.117 0.135 0.114 0.107 0.036 0.136 0.109 
 30 UA00048520    (4)   :  0.100 0.110 0.102 0.088 0.100 0.110 0.104 0.065 0.121 0.102 
 31 UA00048422    (4)   :  0.022 0.023 0.800 0.022 0.021 0.024 0.023 0.018 0.024 0.024 
 32    PucoB    (4)   :  0.114 0.109 0.028 0.090 0.097 0.127 0.125 0.031 0.173 0.106 
 33 UA00047393    (4)   :  0.117 0.116 0.085 0.119 0.136 0.102 0.091 0.027 0.098 0.110 
 34 UA00064521    (4)   :  0.109 0.117 0.023 0.092 0.101 0.115 0.113 0.123 0.092 0.115 
 35 UA00003043    (4)   :  0.119 0.115 0.013 0.113 0.121 0.106 0.100 0.104 0.091 0.118 
 36 UA00063025    (4)   :  0.093 0.111 0.120 0.081 0.092 0.104 0.100 0.103 0.090 0.106 
 37 UA00063826    (4)   :  0.100 0.121 0.028 0.102 0.100 0.127 0.111 0.045 0.137 0.128 
 38   F07407    (4)   :  0.084 0.094 0.140 0.081 0.079 0.112 0.112 0.048 0.156 0.095 
 39 UA00021658    (4)   :  0.120 0.124 0.028 0.115 0.127 0.117 0.105 0.037 0.110 0.117 
 40 UA00003794    (4)   :  0.092 0.099 0.115 0.086 0.091 0.112 0.112 0.045 0.157 0.090 
 41 UA00041322    (4)   :  0.123 0.130 0.037 0.095 0.113 0.125 0.105 0.048 0.097 0.128 
 42 UA00063316    (4)   :  0.113 0.124 0.055 0.098 0.101 0.121 0.106 0.062 0.099 0.121 
 43 UA00047705    (4)   :  0.114 0.116 0.027 0.096 0.110 0.124 0.115 0.051 0.134 0.113 
 44 UA00033904    (4)   :  0.093 0.092 0.250 0.072 0.090 0.097 0.090 0.032 0.097 0.087 
 45 UA00048100    (4)   :  0.115 0.115 0.014 0.108 0.108 0.124 0.115 0.048 0.145 0.107 
 46 UA00032212    (4)   :  0.093 0.104 0.148 0.092 0.095 0.103 0.094 0.080 0.088 0.104 
 47 UA00031574    (4)   :  0.020 0.022 0.800 0.020 0.020 0.022 0.022 0.029 0.023 0.022 
 48 UA00031228    (4)   :  0.013 0.013 0.884 0.012 0.012 0.013 0.013 0.016 0.012 0.013 
 49 UA00047707    (4)   :  0.138 0.116 0.009 0.147 0.160 0.102 0.093 0.022 0.104 0.109 
 50 UA00030906    (4)   :  0.009 0.009 0.912 0.009 0.009 0.009 0.010 0.014 0.009 0.009 
 51 UA00041567    (4)   :  0.092 0.112 0.036 0.102 0.087 0.123 0.111 0.076 0.140 0.121 
 52 UA00007624    (4)   :  0.117 0.107 0.012 0.125 0.146 0.111 0.105 0.041 0.132 0.104 
 53 UA00034514    (4)   :  0.129 0.120 0.024 0.129 0.114 0.114 0.110 0.039 0.103 0.119 
 54 UA00030480    (4)   :  0.126 0.123 0.082 0.100 0.109 0.128 0.099 0.022 0.089 0.122 
 55  Puco012    (4)   :  0.122 0.127 0.021 0.125 0.116 0.113 0.108 0.041 0.103 0.122 
 56 UA00038677    (9)   :  0.106 0.114 0.062 0.093 0.101 0.111 0.107 0.089 0.104 0.113 
 57 UA00048275    (4)   :  0.116 0.122 0.017 0.099 0.097 0.133 0.120 0.044 0.136 0.117 
 58 UA00064055    (4)   :  0.133 0.120 0.023 0.132 0.116 0.116 0.104 0.035 0.099 0.123 
 59  Puco009    (4)   :  0.111 0.105 0.013 0.105 0.109 0.109 0.109 0.133 0.092 0.114 
 60 UA00064561    (4)   :  0.133 0.098 0.013 0.171 0.181 0.079 0.088 0.046 0.106 0.084 
 61 UA00003479    (4)   :  0.126 0.122 0.021 0.129 0.117 0.111 0.104 0.049 0.103 0.120 
 62 UA00063747    (4)   :  0.121 0.118 0.010 0.127 0.119 0.108 0.110 0.045 0.128 0.113 
 63 UA00002558    (4)   :  0.100 0.115 0.015 0.099 0.102 0.109 0.108 0.135 0.097 0.119 
 64 UA00048410    (4)   :  0.117 0.107 0.011 0.122 0.134 0.093 0.105 0.115 0.097 0.098 
 65 UA00012249    (4)   :  0.130 0.117 0.013 0.142 0.125 0.102 0.107 0.063 0.095 0.106 
 66 UA00033818    (4)   :  0.053 0.059 0.499 0.052 0.056 0.056 0.057 0.048 0.061 0.060 
 67  Puco020    (4)   :  0.113 0.111 0.093 0.123 0.117 0.101 0.093 0.047 0.092 0.109 
 68 UA00002545    (9)   :  0.134 0.111 0.050 0.144 0.133 0.103 0.097 0.025 0.098 0.105 
 69 UA00048508    (4)   :  0.120 0.124 0.017 0.127 0.127 0.113 0.102 0.032 0.111 0.126 
 70 UA00064100    (4)   :  0.125 0.129 0.027 0.109 0.120 0.120 0.103 0.031 0.107 0.128 
 71 UA00014585    (4)   :  0.123 0.126 0.027 0.127 0.109 0.111 0.102 0.045 0.102 0.128 
 72 UA00063698    (4)   :  0.078 0.082 0.063 0.078 0.074 0.082 0.109 0.270 0.084 0.081 
 73 UA00049753    (4)   :  0.097 0.094 0.277 0.077 0.086 0.098 0.081 0.019 0.077 0.095 
 74 UA00049037    (4)   :  0.126 0.126 0.037 0.129 0.119 0.107 0.101 0.027 0.110 0.118 
 75 UA00034941    (4)   :  0.118 0.121 0.036 0.102 0.098 0.133 0.119 0.048 0.107 0.120 
 76 UA00008083    (4)   :  0.060 0.062 0.030 0.064 0.057 0.062 0.116 0.427 0.060 0.061 
 77 UA00015084    (4)   :  0.080 0.089 0.088 0.072 0.074 0.088 0.104 0.239 0.082 0.085 
 78 UA00041010    (9)   :  0.051 0.047 0.232 0.048 0.043 0.056 0.101 0.337 0.039 0.047 
 79 UA00035261    (4)   :  0.099 0.112 0.127 0.090 0.094 0.103 0.100 0.074 0.099 0.102 
 80 UA00035431    (4)   :  0.110 0.118 0.010 0.112 0.107 0.124 0.103 0.063 0.120 0.132 
 81 UA00045274    (0)   :  0.110 0.117 0.045 0.092 0.103 0.111 0.110 0.068 0.131 0.113 
 82 UA00028200    (4)   :  0.077 0.083 0.287 0.069 0.073 0.084 0.087 0.075 0.081 0.083 
 83 UA00064559    (0)   :  0.017 0.017 0.850 0.016 0.016 0.017 0.017 0.015 0.017 0.018 
 84 UA00040808    (0)   :  0.096 0.090 0.201 0.083 0.086 0.097 0.090 0.090 0.076 0.092 
 85 UA00049156    (0)   :  0.087 0.092 0.213 0.076 0.084 0.096 0.090 0.090 0.082 0.090 
 86 UA00003952    (4)   :  0.062 0.062 0.019 0.060 0.054 0.064 0.115 0.455 0.049 0.060 
 87 UA00063954    (0)   :  0.116 0.126 0.068 0.100 0.120 0.118 0.100 0.025 0.107 0.119 
 88 UA00062934    (0)   :  0.113 0.116 0.089 0.092 0.105 0.118 0.100 0.043 0.109 0.116 
 89 UA00033829    (0)   :  0.037 0.040 0.525 0.036 0.036 0.039 0.054 0.158 0.034 0.039 
 90 UA00064351    (4)   :  0.085 0.104 0.021 0.091 0.080 0.128 0.118 0.098 0.157 0.118 
 91 UA00003697    (4)   :  0.064 0.064 0.043 0.057 0.058 0.066 0.114 0.414 0.055 0.065 
 92 UA00063438    (4)   :  0.106 0.114 0.119 0.092 0.102 0.109 0.096 0.061 0.087 0.115 
 93 UA00007608    (0)   :  0.094 0.103 0.130 0.079 0.091 0.106 0.102 0.110 0.085 0.099 
 94 UA00019683    (4)   :  0.065 0.069 0.331 0.065 0.061 0.086 0.085 0.042 0.122 0.075 
 95 UA00007781    (0)   :  0.120 0.121 0.022 0.100 0.108 0.120 0.114 0.045 0.128 0.122 
 96 UA00002915    (0)   :  0.096 0.098 0.242 0.087 0.084 0.092 0.084 0.050 0.074 0.092 
 97  Puco031    (4)   :  0.126 0.125 0.025 0.116 0.127 0.116 0.107 0.036 0.094 0.129 
 98 UA00048280    (4)   :  0.113 0.121 0.018 0.099 0.096 0.125 0.115 0.061 0.127 0.125 
 99 UA00048589    (0)   :  0.101 0.114 0.038 0.091 0.100 0.121 0.120 0.050 0.166 0.100 
100 UA00034417    (0)   :  0.108 0.108 0.069 0.103 0.105 0.102 0.097 0.113 0.087 0.108 
101 UA00050411    (4)   :  0.137 0.117 0.010 0.148 0.142 0.106 0.100 0.022 0.110 0.108 
102  Puco029    (4)   :  0.118 0.116 0.016 0.111 0.127 0.114 0.110 0.029 0.153 0.107 
103   F03403    (4)   :  0.095 0.103 0.011 0.087 0.083 0.122 0.134 0.062 0.201 0.102 
104 UA00049904    (0)   :  0.105 0.120 0.089 0.092 0.101 0.115 0.103 0.044 0.109 0.123 
105 UA00035335    (0)   :  0.123 0.108 0.013 0.118 0.147 0.112 0.105 0.023 0.151 0.100 
106 UA00012611    (0)   :  0.126 0.133 0.021 0.110 0.114 0.126 0.105 0.023 0.110 0.132 
107 UA00050319    (0)   :  0.087 0.099 0.012 0.090 0.073 0.128 0.131 0.068 0.205 0.105 
108 UA00032068    (4)   :  0.126 0.125 0.060 0.102 0.115 0.124 0.101 0.020 0.105 0.123 
109 UA00032026    (4)   :  0.124 0.123 0.040 0.111 0.135 0.118 0.100 0.026 0.108 0.116 
110 UA00030476    (4)   :  0.086 0.097 0.040 0.080 0.073 0.128 0.133 0.055 0.215 0.094 
111 UA00046853    (0)   :  0.075 0.101 0.031 0.104 0.074 0.135 0.113 0.080 0.157 0.128 
112 UA00040156    (4)   :  0.009 0.009 0.918 0.009 0.009 0.009 0.009 0.010 0.009 0.009 
113 UA00030528    (4)   :  0.117 0.116 0.117 0.109 0.122 0.104 0.097 0.020 0.085 0.114 
114  Puco025    (4)   :  0.124 0.100 0.014 0.164 0.186 0.090 0.085 0.021 0.118 0.097 
115    pc016    (0)   :  0.009 0.009 0.921 0.008 0.008 0.009 0.009 0.010 0.009 0.009 
116 UA00030617    (4)   :  0.132 0.112 0.012 0.161 0.177 0.087 0.088 0.022 0.118 0.091 
117 UA00030585    (4)   :  0.016 0.016 0.844 0.016 0.016 0.018 0.018 0.020 0.019 0.017 
118 UA00032060    (4)   :  0.107 0.117 0.122 0.090 0.105 0.115 0.096 0.031 0.108 0.110 
119    pc007    (0)   :  0.091 0.102 0.035 0.112 0.094 0.124 0.114 0.066 0.147 0.113 
120 UA00030798    (4)   :  0.025 0.025 0.793 0.023 0.024 0.025 0.023 0.014 0.023 0.026 
121 UA00030778    (4)   :  0.135 0.124 0.009 0.141 0.138 0.108 0.097 0.018 0.108 0.122 
122 UA00039674    (4)   :  0.014 0.014 0.879 0.014 0.014 0.014 0.013 0.012 0.013 0.014 
123 UA00032241    (4)   :  0.112 0.101 0.010 0.133 0.157 0.108 0.099 0.040 0.128 0.112 
124 UA00011624    (0)   :  0.127 0.119 0.015 0.127 0.120 0.120 0.105 0.032 0.119 0.117 
125 UA00033779    (4)   :  0.084 0.100 0.016 0.102 0.080 0.127 0.118 0.076 0.176 0.121 
126 UA00049402    (4)   :  0.125 0.113 0.027 0.128 0.097 0.115 0.114 0.087 0.089 0.107 
127 UA00033653    (0)   :  0.075 0.096 0.013 0.099 0.070 0.132 0.117 0.087 0.190 0.122 
128 UA00047738    (0)   :  0.109 0.120 0.032 0.103 0.116 0.119 0.102 0.066 0.112 0.122 
129 UA00047502    (4)   :  0.114 0.113 0.036 0.103 0.105 0.114 0.109 0.102 0.090 0.114 
130 UA00012014    (4)   :  0.128 0.128 0.021 0.121 0.124 0.115 0.107 0.031 0.104 0.119 
131 UA00040729    (0)   :  0.107 0.104 0.024 0.107 0.119 0.121 0.114 0.038 0.163 0.103 
132 UA00030392    (4)   :  0.128 0.108 0.021 0.155 0.166 0.095 0.093 0.023 0.115 0.096 
133 UA00050033    (0)   :  0.121 0.118 0.036 0.128 0.128 0.107 0.107 0.035 0.106 0.114 
134 UA00012152    (0)   :  0.073 0.069 0.010 0.081 0.081 0.064 0.114 0.384 0.060 0.065 
135 UA00050406    (0)   :  0.126 0.129 0.025 0.109 0.121 0.124 0.103 0.033 0.102 0.127 
136 UA00047973    (0)   :  0.115 0.129 0.019 0.108 0.113 0.119 0.108 0.039 0.121 0.130 
137 UA00008051    (0)   :  0.106 0.113 0.053 0.106 0.119 0.111 0.098 0.073 0.104 0.117 
138 UA00047337    (4)   :  0.107 0.105 0.113 0.106 0.119 0.106 0.096 0.034 0.116 0.098 
139 UA00041604    (4)   :  0.107 0.119 0.046 0.108 0.116 0.110 0.098 0.077 0.100 0.119 
140 UA00031704    (4)   :  0.139 0.121 0.014 0.142 0.124 0.113 0.100 0.016 0.111 0.120 
141 UA00040423    (4)   :  0.127 0.124 0.049 0.110 0.118 0.121 0.105 0.025 0.101 0.119 
142 UA00049433    (0)   :  0.127 0.116 0.035 0.116 0.105 0.118 0.108 0.058 0.096 0.121 
143 UA00034816    (0)   :  0.117 0.099 0.021 0.154 0.166 0.085 0.093 0.075 0.104 0.086 
144 UA00050214    (0)   :  0.139 0.093 0.014 0.183 0.209 0.071 0.082 0.016 0.112 0.082 
145 UA00041073    (0)   :  0.111 0.112 0.042 0.125 0.117 0.108 0.100 0.066 0.101 0.117 
146 UA00030318    (4)   :  0.122 0.112 0.016 0.136 0.136 0.108 0.099 0.048 0.110 0.111 
147 UA00046845    (0)   :  0.119 0.108 0.030 0.140 0.136 0.093 0.099 0.079 0.097 0.098 
148 UA00063946    (0)   :  0.075 0.093 0.023 0.088 0.062 0.127 0.140 0.078 0.208 0.106 
149 UA00031374    (4)   :  0.122 0.121 0.025 0.114 0.127 0.114 0.101 0.046 0.113 0.117 
150    M1136    (4)   :  0.092 0.083 0.308 0.099 0.105 0.072 0.068 0.023 0.070 0.079 
151 UA00034299    (0)   :  0.138 0.090 0.019 0.175 0.197 0.081 0.082 0.021 0.114 0.083 
152 UA00002387    (4)   :  0.136 0.120 0.011 0.135 0.130 0.111 0.102 0.042 0.098 0.116 
153 UA00021855    (0)   :  0.106 0.118 0.025 0.112 0.108 0.125 0.099 0.055 0.117 0.135 
154 UA00014500    (0)   :  0.129 0.125 0.032 0.119 0.114 0.122 0.107 0.021 0.104 0.126 
155 UA00050419    (4)   :  0.140 0.093 0.012 0.189 0.208 0.067 0.080 0.024 0.112 0.075 
156 UA00031854    (4)   :  0.111 0.119 0.026 0.115 0.115 0.114 0.104 0.068 0.106 0.122 
157    pc011    (4)   :  0.140 0.115 0.013 0.163 0.132 0.102 0.100 0.028 0.103 0.104 
158 UA00033004    (0)   :  0.124 0.121 0.040 0.130 0.117 0.112 0.101 0.033 0.101 0.119 
159 UA00046510    (0)   :  0.114 0.114 0.016 0.120 0.126 0.105 0.101 0.098 0.095 0.110 
160 UA00048747    (0)   :  0.125 0.122 0.017 0.136 0.137 0.101 0.098 0.045 0.102 0.117 
161 UA00014293    (0)   :  0.140 0.117 0.016 0.159 0.122 0.105 0.102 0.028 0.097 0.115 
162 UA00047686    (0)   :  0.117 0.111 0.024 0.102 0.112 0.114 0.102 0.120 0.088 0.110 
163 UA00033783    (4)   :  0.067 0.080 0.274 0.068 0.068 0.081 0.086 0.098 0.101 0.078 
164 UA00042609    (4)   :  0.107 0.099 0.030 0.095 0.093 0.102 0.107 0.192 0.081 0.094 
165 UA00031169    (4)   :  0.142 0.104 0.019 0.174 0.172 0.087 0.085 0.018 0.106 0.095 
166 UA00035181    (0)   :  0.122 0.122 0.008 0.112 0.109 0.125 0.116 0.029 0.133 0.124 
167 UA00050133    (0)   :  0.122 0.125 0.025 0.125 0.125 0.113 0.103 0.038 0.104 0.122 
168  Puco011    (4)   :  0.138 0.110 0.024 0.153 0.124 0.108 0.097 0.034 0.102 0.111 
169 UA00041476    (0)   :  0.119 0.112 0.045 0.125 0.132 0.104 0.095 0.059 0.097 0.111 
170 UA00046702    (0)   :  0.132 0.109 0.017 0.173 0.155 0.089 0.096 0.022 0.111 0.097 
171 UA00019940    (0)   :  0.118 0.119 0.023 0.118 0.130 0.118 0.099 0.051 0.106 0.119 
172 UA00049813    (0)   :  0.101 0.114 0.028 0.115 0.105 0.131 0.099 0.054 0.120 0.134 
173 UA00064165    (0)   :  0.086 0.088 0.028 0.076 0.081 0.088 0.110 0.281 0.073 0.090 
174 UA00064421    (0)   :  0.096 0.103 0.011 0.094 0.105 0.095 0.108 0.209 0.079 0.101 
175 UA00064569    (4)   :  0.128 0.106 0.009 0.150 0.169 0.094 0.095 0.030 0.119 0.099 
176 UA00003996    (0)   :  0.108 0.109 0.027 0.125 0.117 0.097 0.107 0.112 0.096 0.103 
177 UA00064491    (4)   :  0.125 0.099 0.014 0.159 0.174 0.088 0.093 0.046 0.109 0.093 
178 UA00011899    (0)   :  0.124 0.130 0.031 0.115 0.117 0.118 0.098 0.031 0.102 0.134 
179  Puco015    (4)   :  0.114 0.111 0.071 0.120 0.122 0.110 0.098 0.036 0.105 0.112 
180 UA00047929    (4)   :  0.111 0.105 0.018 0.124 0.132 0.112 0.106 0.037 0.151 0.103 
181 UA00056669    (0)   :  0.120 0.131 0.014 0.117 0.117 0.120 0.104 0.051 0.101 0.126 
182 UA00050176    (0)   :  0.121 0.123 0.038 0.113 0.109 0.115 0.105 0.060 0.098 0.119 
183  Puco014    (4)   :  0.117 0.114 0.023 0.111 0.094 0.123 0.117 0.059 0.120 0.122 
184 UA00019608    (0)   :  0.131 0.123 0.019 0.126 0.123 0.107 0.102 0.050 0.098 0.121 
185 UA00064333    (0)   :  0.139 0.116 0.017 0.129 0.133 0.112 0.101 0.032 0.100 0.122 
186  Puco013    (4)   :  0.115 0.119 0.020 0.109 0.106 0.110 0.111 0.110 0.087 0.113 
187 UA00016092    (0)   :  0.133 0.113 0.010 0.163 0.165 0.090 0.092 0.019 0.120 0.095 
188 UA00019060    (0)   :  0.054 0.058 0.095 0.052 0.052 0.055 0.109 0.423 0.047 0.056 
189 UA00063532    (0)   :  0.113 0.122 0.041 0.120 0.111 0.113 0.109 0.051 0.107 0.114 
190 UA00064117    (0)   :  0.084 0.080 0.140 0.081 0.073 0.084 0.100 0.209 0.070 0.080 
191 UA00011969    (0)   :  0.114 0.122 0.031 0.110 0.112 0.115 0.103 0.057 0.106 0.128 
192 UA00034586    (4)   :  0.111 0.124 0.014 0.115 0.133 0.116 0.108 0.035 0.123 0.121 
193 UA00030736    (4)   :  0.128 0.130 0.026 0.123 0.120 0.118 0.104 0.024 0.101 0.127 
194 UA00048493    (0)   :  0.117 0.126 0.046 0.121 0.123 0.112 0.104 0.033 0.103 0.116 
195 UA00040466    (0)   :  0.046 0.044 0.016 0.044 0.039 0.046 0.118 0.561 0.043 0.043 
196 UA00047659    (0)   :  0.126 0.130 0.012 0.107 0.120 0.124 0.111 0.034 0.107 0.129 
197 UA00042002    (4)   :  0.103 0.109 0.115 0.094 0.098 0.110 0.105 0.044 0.117 0.103 
198 UA00062606    (0)   :  0.121 0.116 0.024 0.106 0.107 0.115 0.112 0.086 0.103 0.111 
199 UA00030615    (4)   :  0.034 0.036 0.012 0.036 0.035 0.036 0.123 0.624 0.029 0.036 
200 UA00048899    (0)   :  0.123 0.136 0.022 0.113 0.116 0.123 0.107 0.034 0.101 0.126 
201 UA00047725    (0)   :  0.012 0.012 0.011 0.013 0.012 0.013 0.120 0.783 0.012 0.012 
202 UA00030866    (4)   :  0.132 0.124 0.016 0.112 0.102 0.127 0.123 0.040 0.101 0.123 
203 UA00034564    (0)   :  0.137 0.124 0.018 0.112 0.118 0.134 0.105 0.033 0.095 0.122 
204 UA00046520    (0)   :  0.086 0.099 0.014 0.101 0.082 0.128 0.117 0.070 0.180 0.121 
205 UA00035027    (0)   :  0.118 0.123 0.028 0.102 0.102 0.123 0.119 0.061 0.106 0.118 
206 UA00035421    (0)   :  0.113 0.098 0.018 0.103 0.092 0.100 0.110 0.184 0.087 0.096 
207 UA00062740    (4)   :  0.127 0.121 0.035 0.097 0.094 0.129 0.118 0.070 0.091 0.117 
208 UA00012360    (0)   :  0.025 0.026 0.012 0.027 0.028 0.025 0.119 0.687 0.024 0.027 
209 UA00050203    (0)   :  0.118 0.123 0.026 0.114 0.127 0.116 0.106 0.033 0.118 0.119 
210 UA00040534    (4)   :  0.078 0.079 0.129 0.071 0.071 0.080 0.099 0.251 0.060 0.082 
211 UA00031261    (4)   :  0.070 0.063 0.068 0.059 0.053 0.081 0.115 0.377 0.050 0.065 
212 UA00031917    (4)   :  0.095 0.083 0.091 0.075 0.069 0.102 0.110 0.220 0.071 0.084 
213 UA00040798    (4)   :  0.070 0.080 0.048 0.079 0.070 0.082 0.113 0.299 0.074 0.084 
214 UA00030598    (4)   :  0.088 0.091 0.051 0.088 0.077 0.089 0.113 0.230 0.079 0.095 
215 UA00050385    (0)   :  0.127 0.125 0.022 0.115 0.111 0.120 0.109 0.055 0.094 0.124 
216 UA00058283    (0)   :  0.023 0.023 0.030 0.022 0.021 0.024 0.116 0.698 0.021 0.022 
217 UA00042297    (4)   :  0.060 0.069 0.378 0.067 0.056 0.070 0.070 0.101 0.061 0.069 
218 UA00015415    (4)   :  0.025 0.024 0.013 0.024 0.024 0.025 0.119 0.700 0.021 0.025 
219 UA00035531    (0)   :  0.049 0.049 0.061 0.047 0.047 0.049 0.114 0.497 0.040 0.048 
220 UA00048683    (0)   :  0.063 0.060 0.016 0.061 0.057 0.063 0.114 0.453 0.055 0.058 
221 UA00046734    (4)   :  0.026 0.025 0.015 0.024 0.025 0.027 0.119 0.691 0.022 0.026 
222   pcRF01    (0)   :  0.145 0.103 0.008 0.180 0.170 0.085 0.085 0.019 0.112 0.093 
223 UA00007223    (0)   :  0.125 0.110 0.035 0.104 0.092 0.119 0.115 0.104 0.086 0.111 
224 UA00013841    (0)   :  0.115 0.114 0.057 0.095 0.122 0.123 0.104 0.028 0.136 0.107 
225 UA00014196    (0)   :  0.070 0.064 0.035 0.068 0.057 0.068 0.116 0.402 0.060 0.061 
226 UA00034635    (0)   :  0.125 0.128 0.015 0.121 0.115 0.115 0.115 0.033 0.105 0.128 
227 UA00047371    (0)   :  0.102 0.115 0.127 0.091 0.095 0.113 0.099 0.043 0.099 0.116 
228 UA00063544    (0)   :  0.106 0.108 0.116 0.094 0.105 0.109 0.099 0.046 0.109 0.109 
229 UA00064246    (0)   :  0.101 0.106 0.066 0.093 0.093 0.101 0.106 0.124 0.106 0.106 
230 UA00064328    (0)   :  0.108 0.112 0.041 0.095 0.100 0.111 0.104 0.124 0.088 0.117 
231 UA00002952    (0)   :  0.111 0.108 0.081 0.096 0.090 0.109 0.112 0.102 0.087 0.105 
232 UA00064079    (0)   :  0.112 0.116 0.087 0.109 0.120 0.107 0.092 0.054 0.090 0.113 
233 UA00046793    (0)   :  0.099 0.098 0.112 0.094 0.089 0.096 0.104 0.127 0.086 0.095 
234 UA00034769    (0)   :  0.074 0.078 0.319 0.071 0.061 0.079 0.085 0.071 0.083 0.078 
235 UA00034949    (0)   :  0.117 0.105 0.034 0.104 0.094 0.122 0.111 0.117 0.087 0.110 
236 UA00063753    (0)   :  0.083 0.108 0.041 0.094 0.073 0.122 0.125 0.099 0.145 0.109 
237 UA00015713    (0)   :  0.103 0.113 0.074 0.098 0.096 0.121 0.113 0.042 0.129 0.111 
238 UA00003494    (0)   :  0.127 0.101 0.064 0.130 0.103 0.107 0.101 0.073 0.086 0.108 
239 UA00056767    (0)   :  0.075 0.103 0.009 0.108 0.077 0.127 0.119 0.081 0.179 0.123 
240 UA00014461    (0)   :  0.108 0.108 0.051 0.110 0.098 0.108 0.110 0.108 0.097 0.102 
241 UA00034669    (0)   :  0.085 0.089 0.067 0.067 0.077 0.088 0.105 0.256 0.073 0.091 
242 UA00048164    (0)   :  0.115 0.111 0.015 0.099 0.104 0.108 0.109 0.142 0.092 0.106 
243 UA00007974    (0)   :  0.094 0.112 0.035 0.091 0.095 0.124 0.122 0.053 0.167 0.108 
244 UA00016166    (0)   :  0.107 0.101 0.178 0.101 0.116 0.094 0.082 0.033 0.085 0.102 
245 UA00015653    (0)   :  0.102 0.109 0.128 0.081 0.089 0.105 0.099 0.105 0.080 0.103 
246 UA00063882    (0)   :  0.088 0.089 0.074 0.081 0.084 0.087 0.108 0.229 0.073 0.087 
247 UA00049027    (0)   :  0.095 0.105 0.126 0.093 0.101 0.106 0.096 0.075 0.099 0.104 
248 UA00018878    (0)   :  0.095 0.106 0.133 0.083 0.096 0.115 0.108 0.036 0.133 0.096 
249 UA00038796    (0)   :  0.102 0.107 0.019 0.085 0.092 0.110 0.116 0.170 0.094 0.104 
250 UA00013465    (0)   :  0.051 0.053 0.024 0.048 0.048 0.053 0.113 0.512 0.045 0.053 
251 UA00014604    (0)   :  0.098 0.107 0.042 0.085 0.094 0.106 0.107 0.157 0.094 0.110 
252 UA00041913    (0)   :  0.078 0.094 0.151 0.097 0.072 0.108 0.101 0.067 0.120 0.111 
253 UA00021632    (0)   :  0.079 0.083 0.326 0.070 0.079 0.079 0.072 0.057 0.070 0.085 
254 UA00064027    (0)   :  0.112 0.123 0.058 0.092 0.106 0.118 0.105 0.076 0.088 0.122 
255 UA00015023    (0)   :  0.115 0.111 0.023 0.135 0.133 0.101 0.102 0.069 0.104 0.108 
256 UA00050243    (0)   :  0.108 0.116 0.136 0.099 0.099 0.110 0.096 0.037 0.085 0.114 
257 UA00048298    (0)   :  0.121 0.116 0.036 0.125 0.120 0.112 0.099 0.051 0.101 0.119 
258 UA00050437    (0)   :  0.107 0.114 0.025 0.101 0.110 0.106 0.105 0.132 0.089 0.111 
259 UA00014262    (0)   :  0.122 0.120 0.061 0.104 0.111 0.117 0.098 0.044 0.105 0.119 
260 UA00049129    (0)   :  0.106 0.114 0.045 0.113 0.109 0.113 0.108 0.046 0.130 0.116 
261 UA00014740    (0)   :  0.106 0.111 0.044 0.100 0.105 0.119 0.116 0.058 0.125 0.116 
262 UA00049612    (0)   :  0.039 0.042 0.608 0.040 0.039 0.042 0.045 0.062 0.043 0.042 
263 UA00014635    (0)   :  0.094 0.099 0.013 0.102 0.103 0.122 0.117 0.064 0.173 0.114 
264 UA00014673    (0)   :  0.097 0.104 0.062 0.085 0.100 0.111 0.105 0.140 0.097 0.100 
265 UA00033608    (0)   :  0.074 0.081 0.304 0.074 0.066 0.085 0.081 0.063 0.087 0.086 
266 UA00064540    (0)   :  0.101 0.108 0.024 0.088 0.084 0.116 0.127 0.084 0.159 0.108 
267 UA00050256    (0)   :  0.109 0.117 0.097 0.099 0.100 0.110 0.101 0.073 0.084 0.110 
268 UA00015274    (0)   :  0.123 0.118 0.019 0.121 0.130 0.115 0.100 0.051 0.105 0.117 
269 UA00062993    (0)   :  0.109 0.120 0.011 0.099 0.108 0.129 0.109 0.064 0.120 0.131 
270 UA00038364    (0)   :  0.104 0.124 0.051 0.099 0.105 0.118 0.105 0.059 0.112 0.124 
271 UA00014446    (0)   :  0.126 0.133 0.011 0.111 0.127 0.122 0.101 0.031 0.106 0.133 
272 UA00063545    (0)   :  0.070 0.074 0.341 0.062 0.066 0.077 0.077 0.105 0.058 0.072 
273 UA00040054    (0)   :  0.130 0.118 0.026 0.117 0.138 0.117 0.098 0.022 0.120 0.113 
274 UA00058447    (0)   :  0.115 0.125 0.025 0.099 0.107 0.127 0.116 0.035 0.135 0.117 
275 UA00046835    (0)   :  0.108 0.114 0.024 0.110 0.106 0.122 0.113 0.043 0.141 0.118 
276 UA00014608    (0)   :  0.116 0.130 0.018 0.099 0.116 0.125 0.110 0.042 0.115 0.128 
277    pc012    (0)   :  0.116 0.119 0.034 0.102 0.118 0.115 0.104 0.070 0.102 0.121 
278    pc002    (0)   :  0.085 0.094 0.273 0.076 0.089 0.088 0.077 0.053 0.073 0.093 
279 UA00033690    (0)   :  0.084 0.093 0.095 0.077 0.081 0.120 0.127 0.058 0.180 0.084 
280 UA00013688    (0)   :  0.113 0.129 0.026 0.108 0.112 0.120 0.108 0.059 0.105 0.121 
281 UA00063666    (0)   :  0.071 0.097 0.054 0.090 0.067 0.129 0.125 0.071 0.188 0.109 
282 UA00063292    (0)   :  0.078 0.100 0.013 0.094 0.075 0.127 0.136 0.073 0.204 0.101 
283    pc001    (0)   :  0.117 0.123 0.020 0.103 0.121 0.121 0.106 0.053 0.109 0.127 
284    pc008    (0)   :  0.110 0.115 0.022 0.105 0.110 0.124 0.110 0.048 0.140 0.116 
285 UA00034316    (0)   :  0.091 0.090 0.144 0.092 0.102 0.083 0.093 0.148 0.073 0.085 
286 UA00013046    (0)   :  0.117 0.104 0.018 0.136 0.160 0.102 0.093 0.033 0.133 0.105 
287 UA00050241    (0)   :  0.084 0.107 0.015 0.105 0.104 0.131 0.117 0.053 0.167 0.118 
288 UA00048599    (0)   :  0.113 0.119 0.013 0.102 0.094 0.129 0.123 0.040 0.144 0.122 
289 UA00046649    (0)   :  0.093 0.099 0.182 0.094 0.101 0.105 0.092 0.034 0.104 0.095 
290 UA00015674    (0)   :  0.064 0.078 0.351 0.062 0.063 0.082 0.080 0.054 0.091 0.075 
291 UA00013177    (0)   :  0.094 0.104 0.065 0.097 0.094 0.111 0.105 0.091 0.126 0.113 
292 UA00012814    (0)   :  0.124 0.123 0.021 0.122 0.118 0.116 0.102 0.044 0.107 0.122 
293 UA00034654    (0)   :  0.127 0.127 0.013 0.113 0.130 0.117 0.106 0.026 0.117 0.122 
294 UA00046743    (0)   :  0.105 0.102 0.016 0.104 0.113 0.122 0.115 0.053 0.174 0.097 
295 UA00014854    (0)   :  0.092 0.099 0.058 0.080 0.091 0.123 0.127 0.045 0.197 0.088 
296 UA00013729    (0)   :  0.126 0.111 0.023 0.134 0.167 0.101 0.095 0.034 0.111 0.099 
297 UA00063483    (0)   :  0.113 0.119 0.016 0.113 0.096 0.130 0.105 0.045 0.124 0.139 
298 UA00039326    (0)   :  0.106 0.113 0.064 0.094 0.107 0.118 0.114 0.038 0.144 0.102 
299 UA00014742    (0)   :  0.088 0.117 0.020 0.110 0.089 0.129 0.113 0.059 0.144 0.132 
300 UA00049597    (0)   :  0.081 0.086 0.237 0.071 0.082 0.105 0.099 0.026 0.131 0.082 
301 UA00048067    (0)   :  0.104 0.117 0.047 0.094 0.096 0.126 0.113 0.062 0.125 0.116 
302 UA00012918    (0)   :  0.081 0.093 0.095 0.069 0.073 0.119 0.132 0.052 0.205 0.080 
303 UA00013487    (0)   :  0.148 0.105 0.013 0.177 0.169 0.091 0.084 0.013 0.111 0.090 
304 UA00046759    (0)   :  0.106 0.110 0.053 0.097 0.104 0.112 0.105 0.111 0.095 0.108 
305 UA00050164    (0)   :  0.057 0.058 0.536 0.056 0.059 0.052 0.048 0.027 0.052 0.055 
306 UA00049839    (0)   :  0.089 0.100 0.016 0.116 0.089 0.140 0.100 0.074 0.131 0.145 
307 UA00048444    (0)   :  0.057 0.088 0.053 0.091 0.053 0.133 0.119 0.093 0.194 0.118 
308 UA00063857    (0)   :  0.111 0.115 0.025 0.115 0.113 0.122 0.111 0.033 0.140 0.116 
309 UA00014921    (0)   :  0.081 0.090 0.298 0.077 0.078 0.094 0.077 0.026 0.087 0.093 
310 UA00048895    (0)   :  0.079 0.084 0.322 0.074 0.078 0.081 0.076 0.040 0.086 0.080 
311 UA00014556    (0)   :  0.115 0.123 0.018 0.096 0.110 0.119 0.109 0.093 0.098 0.120 
312    pc009    (0)   :  0.071 0.097 0.014 0.104 0.070 0.136 0.118 0.079 0.188 0.123 
313 UA00014959    (0)   :  0.086 0.088 0.241 0.074 0.085 0.100 0.092 0.033 0.121 0.081 
314 UA00020709    (0)   :  0.110 0.115 0.043 0.100 0.113 0.120 0.116 0.039 0.139 0.104 
315 UA00013126    (0)   :  0.012 0.013 0.884 0.012 0.012 0.013 0.013 0.014 0.013 0.013 
316 UA00013695    (0)   :  0.024 0.024 0.795 0.022 0.024 0.026 0.022 0.015 0.024 0.023 
317 UA00049344    (0)   :  0.086 0.088 0.284 0.074 0.087 0.093 0.078 0.036 0.079 0.096 
318 UA00047614    (0)   :  0.036 0.037 0.614 0.034 0.036 0.040 0.044 0.085 0.034 0.039 
319 UA00014221    (0)   :  0.089 0.106 0.007 0.101 0.090 0.136 0.116 0.060 0.171 0.123 
320 UA00014346    (0)   :  0.089 0.108 0.029 0.095 0.089 0.132 0.121 0.063 0.152 0.121 
321 UA00014245    (0)   :  0.094 0.091 0.149 0.078 0.093 0.107 0.110 0.036 0.159 0.083 
322 UA00014696    (0)   :  0.017 0.017 0.854 0.016 0.016 0.016 0.017 0.018 0.015 0.015 
323 UA00006991    (0)   :  0.120 0.129 0.014 0.112 0.122 0.119 0.107 0.043 0.101 0.134 
324 UA00048948    (0)   :  0.118 0.124 0.021 0.116 0.119 0.121 0.103 0.048 0.102 0.127 
325 UA00002239    (0)   :  0.128 0.125 0.021 0.114 0.121 0.116 0.104 0.050 0.098 0.123 
326 UA00063459    (0)   :  0.084 0.097 0.018 0.085 0.079 0.129 0.136 0.063 0.208 0.100 
327 UA00048356    (0)   :  0.101 0.123 0.026 0.097 0.097 0.121 0.109 0.084 0.117 0.125 
328 UA00063940    (0)   :  0.115 0.117 0.029 0.121 0.134 0.103 0.095 0.069 0.096 0.120 
329 UA00048130    (0)   :  0.096 0.112 0.015 0.104 0.088 0.135 0.109 0.062 0.143 0.136 
330 UA00048903    (0)   :  0.130 0.097 0.010 0.158 0.192 0.084 0.090 0.025 0.123 0.092 
331 UA00064643    (0)   :  0.117 0.121 0.032 0.118 0.134 0.113 0.096 0.043 0.115 0.112 
332 UA00050233    (0)   :  0.108 0.121 0.017 0.119 0.122 0.110 0.108 0.065 0.114 0.116 
333 UA00012507    (0)   :  0.116 0.119 0.013 0.111 0.112 0.115 0.109 0.088 0.095 0.122 
334 UA00064416    (0)   :  0.138 0.116 0.015 0.153 0.153 0.095 0.094 0.024 0.103 0.108 
335 UA00034724    (0)   :  0.110 0.118 0.016 0.128 0.122 0.115 0.105 0.049 0.113 0.125 
336 UA00002621    (0)   :  0.120 0.116 0.014 0.128 0.131 0.114 0.100 0.037 0.122 0.118 
337 UA00033203    (0)   :  0.140 0.109 0.029 0.160 0.154 0.096 0.090 0.022 0.101 0.099 
338 UA00011996    (0)   :  0.128 0.138 0.026 0.104 0.112 0.123 0.106 0.023 0.104 0.136 
339 UA00014408    (0)   :  0.097 0.100 0.018 0.093 0.102 0.091 0.110 0.208 0.083 0.096 
340 UA00049502    (0)   :  0.109 0.118 0.014 0.105 0.100 0.125 0.102 0.085 0.110 0.132 
341 UA00062695    (0)   :  0.100 0.118 0.048 0.098 0.093 0.120 0.110 0.063 0.133 0.118 
342 UA00014072    (0)   :  0.090 0.110 0.026 0.119 0.082 0.130 0.111 0.068 0.136 0.130 
343 UA00003334    (0)   :  0.111 0.102 0.020 0.124 0.146 0.106 0.104 0.037 0.140 0.111 
344 UA00013835    (0)   :  0.110 0.126 0.029 0.099 0.117 0.122 0.111 0.038 0.126 0.124 
345 UA00046760    (0)   :  0.099 0.105 0.128 0.098 0.094 0.113 0.096 0.042 0.107 0.118 
346 UA00014241    (0)   :  0.124 0.119 0.014 0.128 0.115 0.116 0.104 0.038 0.125 0.116 
347 UA00049585    (0)   :  0.101 0.117 0.017 0.121 0.094 0.133 0.108 0.049 0.129 0.131 
348 UA00013409    (0)   :  0.075 0.097 0.026 0.096 0.071 0.126 0.111 0.140 0.137 0.121 
349 UA00047548    (0)   :  0.126 0.132 0.022 0.116 0.124 0.120 0.101 0.020 0.106 0.133 
350 UA00049038    (0)   :  0.081 0.093 0.226 0.081 0.080 0.093 0.086 0.079 0.085 0.096 
351 UA00047612    (0)   :  0.123 0.123 0.015 0.114 0.123 0.124 0.105 0.042 0.102 0.129 
352 UA00014822    (0)   :  0.100 0.099 0.158 0.082 0.086 0.108 0.101 0.084 0.083 0.099 
353 UA00035299    (0)   :  0.123 0.122 0.026 0.130 0.148 0.104 0.096 0.029 0.109 0.114 
354 UA00012804    (0)   :  0.089 0.102 0.233 0.081 0.092 0.095 0.088 0.041 0.081 0.099 
355 UA00049578    (0)   :  0.109 0.123 0.018 0.106 0.113 0.114 0.106 0.084 0.105 0.121 
356 UA00047672    (0)   :  0.143 0.104 0.013 0.159 0.164 0.094 0.091 0.026 0.102 0.104 
357 UA00043961    (0)   :  0.042 0.044 0.592 0.043 0.042 0.045 0.044 0.057 0.046 0.047 
358 UA00064575    (0)   :  0.093 0.109 0.024 0.102 0.086 0.112 0.109 0.142 0.102 0.120 
359 UA00014732    (0)   :  0.118 0.126 0.013 0.124 0.132 0.112 0.098 0.048 0.108 0.120 
360 UA00050181    (0)   :  0.134 0.127 0.008 0.112 0.118 0.124 0.110 0.033 0.099 0.135 
361 UA00033369    (0)   :  0.109 0.112 0.136 0.097 0.104 0.110 0.098 0.042 0.090 0.103 
362 UA00011982    (0)   :  0.142 0.087 0.010 0.191 0.217 0.066 0.080 0.012 0.118 0.075 
363 UA00014590    (0)   :  0.119 0.116 0.058 0.128 0.131 0.105 0.097 0.036 0.099 0.111 
364 UA00047743    (0)   :  0.137 0.117 0.013 0.134 0.147 0.112 0.098 0.018 0.102 0.122 
365 UA00046621    (0)   :  0.133 0.118 0.013 0.146 0.144 0.107 0.091 0.016 0.114 0.119 
366 UA00050422    (0)   :  0.116 0.121 0.016 0.114 0.125 0.115 0.102 0.069 0.099 0.124 
367 UA00002760    (0)   :  0.112 0.123 0.043 0.117 0.109 0.117 0.106 0.039 0.112 0.122 
368 UA00012999    (0)   :  0.116 0.124 0.060 0.118 0.130 0.111 0.097 0.024 0.103 0.116 
369 UA00063838    (0)   :  0.121 0.105 0.013 0.137 0.159 0.102 0.098 0.035 0.122 0.108 
370 UA00003729    (0)   :  0.089 0.100 0.104 0.085 0.090 0.106 0.101 0.123 0.107 0.094 
371 UA00015348    (0)   :  0.079 0.102 0.037 0.106 0.078 0.131 0.113 0.083 0.142 0.129 
372 UA00019058    (0)   :  0.088 0.100 0.024 0.091 0.076 0.122 0.119 0.101 0.168 0.110 
373 UA00049549    (0)   :  0.069 0.086 0.064 0.086 0.058 0.123 0.133 0.075 0.208 0.099 
374 UA00014334    (0)   :  0.131 0.122 0.022 0.117 0.114 0.122 0.106 0.049 0.103 0.114 
375 UA00014350    (0)   :  0.148 0.084 0.008 0.212 0.231 0.053 0.073 0.009 0.116 0.065 
376 UA00049227    (0)   :  0.117 0.118 0.090 0.098 0.101 0.120 0.101 0.056 0.083 0.114 
377 UA00014051    (0)   :  0.124 0.120 0.012 0.130 0.126 0.099 0.108 0.077 0.098 0.105 
378 UA00034381    (0)   :  0.112 0.111 0.019 0.124 0.122 0.113 0.099 0.072 0.108 0.120 
379 UA00002354    (0)   :  0.136 0.109 0.012 0.168 0.162 0.091 0.092 0.018 0.114 0.099 
380 UA00049892    (0)   :  0.109 0.102 0.045 0.128 0.141 0.105 0.097 0.038 0.131 0.105 
381 UA00021989    (0)   :  0.122 0.115 0.012 0.140 0.129 0.110 0.093 0.046 0.113 0.121 
382 UA00048968    (0)   :  0.128 0.127 0.015 0.128 0.121 0.118 0.109 0.033 0.101 0.121 
383 UA00013174    (0)   :  0.130 0.109 0.025 0.141 0.144 0.097 0.104 0.034 0.108 0.107 
384 UA00033992    (0)   :  0.122 0.112 0.113 0.108 0.114 0.109 0.092 0.024 0.089 0.117 
385 UA00015801    (0)   :  0.143 0.093 0.008 0.188 0.213 0.067 0.080 0.014 0.116 0.078 
386 UA00063303    (0)   :  0.088 0.102 0.129 0.089 0.093 0.109 0.106 0.060 0.132 0.092 
387 UA00050206    (0)   :  0.074 0.101 0.009 0.113 0.076 0.136 0.111 0.083 0.159 0.138 
388 UA00014458    (0)   :  0.109 0.111 0.055 0.120 0.119 0.108 0.103 0.055 0.105 0.115 
389 UA00007204    (0)   :  0.100 0.102 0.025 0.096 0.108 0.126 0.122 0.046 0.180 0.095 
390 UA00063212    (0)   :  0.070 0.090 0.137 0.096 0.065 0.110 0.097 0.123 0.101 0.110 
391 UA00013340    (0)   :  0.117 0.130 0.050 0.105 0.119 0.122 0.100 0.028 0.102 0.127 
392 UA00062743    (0)   :  0.140 0.120 0.013 0.124 0.113 0.123 0.105 0.045 0.093 0.123 
393 UA00063189    (0)   :  0.069 0.067 0.042 0.070 0.065 0.064 0.111 0.385 0.059 0.068 
394 UA00035432    (0)   :  0.100 0.109 0.016 0.126 0.107 0.129 0.100 0.051 0.127 0.134 
395 UA00007958    (0)   :  0.133 0.118 0.014 0.139 0.117 0.116 0.113 0.024 0.106 0.119 
396 UA00013634    (0)   :  0.142 0.119 0.012 0.143 0.124 0.116 0.100 0.032 0.094 0.118 
397 UA00048175    (0)   :  0.143 0.094 0.007 0.197 0.201 0.066 0.084 0.019 0.115 0.075 
398 UA00003202    (0)   :  0.125 0.119 0.020 0.122 0.101 0.123 0.111 0.041 0.109 0.129 
399 UA00035090    (0)   :  0.106 0.111 0.022 0.116 0.120 0.114 0.102 0.072 0.113 0.123 
400 UA00064679    (0)   :  0.094 0.097 0.031 0.099 0.094 0.089 0.108 0.211 0.083 0.094 
401 UA00039518    (0)   :  0.129 0.121 0.025 0.134 0.132 0.105 0.097 0.026 0.118 0.112 
402 UA00058268    (0)   :  0.122 0.117 0.021 0.132 0.131 0.109 0.101 0.038 0.105 0.124 
403 UA00049456    (0)   :  0.098 0.111 0.121 0.099 0.096 0.107 0.101 0.047 0.112 0.108 
404 UA00049550    (0)   :  0.086 0.108 0.014 0.108 0.086 0.126 0.110 0.109 0.124 0.130 
405 UA00048342    (0)   :  0.108 0.112 0.054 0.110 0.116 0.120 0.097 0.049 0.111 0.123 
406 UA00063493    (0)   :  0.114 0.119 0.011 0.126 0.133 0.121 0.093 0.036 0.117 0.129 
407 UA00058261    (0)   :  0.129 0.108 0.017 0.144 0.128 0.099 0.099 0.075 0.104 0.099 
408 UA00014663    (0)   :  0.122 0.131 0.021 0.120 0.126 0.116 0.099 0.041 0.098 0.127 
409 UA00048817    (0)   :  0.115 0.107 0.146 0.108 0.114 0.098 0.090 0.031 0.094 0.097 
410 UA00049381    (0)   :  0.137 0.113 0.015 0.157 0.135 0.097 0.097 0.040 0.106 0.103 
411 UA00035901    (0)   :  0.103 0.103 0.021 0.088 0.095 0.098 0.110 0.186 0.087 0.110 
412 UA00013301    (0)   :  0.076 0.098 0.027 0.104 0.071 0.130 0.112 0.100 0.148 0.132 
413 UA00047926    (0)   :  0.126 0.109 0.044 0.135 0.132 0.098 0.095 0.062 0.094 0.105 
414 UA00007272    (0)   :  0.133 0.112 0.023 0.114 0.106 0.114 0.113 0.072 0.104 0.108 
415 UA00016041    (0)   :  0.103 0.110 0.031 0.115 0.104 0.129 0.103 0.050 0.126 0.128 
416 UA00013502    (0)   :  0.119 0.112 0.011 0.142 0.134 0.105 0.100 0.052 0.115 0.110 
417 UA00002390    (0)   :  0.122 0.123 0.056 0.113 0.120 0.114 0.099 0.029 0.100 0.125 
418 UA00034907    (0)   :  0.124 0.129 0.013 0.109 0.112 0.122 0.109 0.050 0.102 0.129 
419 UA00048821    (0)   :  0.108 0.112 0.057 0.105 0.110 0.109 0.099 0.087 0.101 0.112 
420 UA00002136    (0)   :  0.097 0.112 0.053 0.109 0.085 0.125 0.110 0.062 0.117 0.130 
421 UA00011790    (0)   :  0.132 0.117 0.027 0.143 0.111 0.113 0.109 0.036 0.095 0.117 
422 UA00021586    (0)   :  0.105 0.109 0.126 0.103 0.109 0.103 0.092 0.049 0.099 0.106 
