

----------------------------------------------------
STRUCTURE by Pritchard, Stephens and Donnelly (2000)
     and Falush, Stephens and Pritchard (2003)
       Code by Pritchard, Falush and Hubisz
             Version 2.3.4 (Jul 2012)
----------------------------------------------------



Command line arguments:   structure -K 7 -o outputfile_K7_4 
Input File:    Puma_SNP_genotypes_cut_AZ_final_HWEonly.str

Run parameters:
   536 individuals
   22 loci
   7 populations assumed
   100000 Burn-in period
   500000 Reps


--------------------------------------------
Overall proportion of membership of the
sample in each of the 7 clusters

Inferred Clusters
  1      2      3      4      5      6      7    
0.145  0.146  0.145  0.147  0.126  0.144  0.145  

--------------------------------------------

Allele-freq. divergence among pops (Net nucleotide distance),
computed using point estimates of P.

      1       2       3       4       5       6       7      
 1      -    0.0020  0.0003  0.0132  0.0590  0.0411  0.0009  
 2   0.0020     -    0.0026  0.0055  0.0628  0.0500  0.0033  
 3   0.0003  0.0026     -    0.0156  0.0647  0.0441  0.0001  
 4   0.0132  0.0055  0.0156     -    0.0679  0.0662  0.0173  
 5   0.0590  0.0628  0.0647  0.0679     -    0.0800  0.0683  
 6   0.0411  0.0500  0.0441  0.0662  0.0800     -    0.0465  
 7   0.0009  0.0033  0.0001  0.0173  0.0683  0.0465     -    

Average distances (expected heterozygosity) between individuals in same cluster:
cluster  1  : 0.3796 
cluster  2  : 0.3772 
cluster  3  : 0.3758 
cluster  4  : 0.3590 
cluster  5  : 0.2785 
cluster  6  : 0.2637 
cluster  7  : 0.3739 

--------------------------------------------
Estimated Ln Prob of Data   = -13454.7
Mean value of ln likelihood = -12316.4
Variance of ln likelihood   = 2276.7
Mean value of alpha         = 0.1738

Mean value of Fst_1         = 0.0071
Mean value of Fst_2         = 0.0757
Mean value of Fst_3         = 0.0331
Mean value of Fst_4         = 0.1378
Mean value of Fst_5         = 0.3151
Mean value of Fst_6         = 0.2863
Mean value of Fst_7         = 0.0503


Inferred ancestry of individuals:
        Label (%Miss) :  Inferred clusters
  1 UA00063336   (13)   :  0.133 0.103 0.119 0.091 0.383 0.056 0.114 
  2 UA00048914    (9)   :  0.176 0.130 0.166 0.088 0.098 0.181 0.160 
  3 UA00014769   (13)   :  0.129 0.204 0.183 0.192 0.045 0.019 0.226 
  4 UA00008132   (13)   :  0.189 0.159 0.173 0.126 0.108 0.073 0.172 
  5 UA00030462   (13)   :  0.153 0.122 0.139 0.102 0.086 0.270 0.129 
  6 UA00034866   (13)   :  0.204 0.149 0.178 0.122 0.029 0.151 0.166 
  7 UA00034800    (9)   :  0.069 0.061 0.063 0.054 0.618 0.070 0.064 
  8  Puco006    (9)   :  0.061 0.046 0.057 0.036 0.059 0.684 0.056 
  9 UA00048874    (4)   :  0.115 0.079 0.099 0.057 0.473 0.083 0.094 
 10 UA00049060    (9)   :  0.180 0.169 0.184 0.150 0.089 0.039 0.189 
 11 UA00033413    (9)   :  0.101 0.230 0.102 0.369 0.035 0.057 0.104 
 12  Puco021    (9)   :  0.078 0.220 0.073 0.405 0.126 0.030 0.067 
 13  Puco026    (9)   :  0.174 0.177 0.157 0.211 0.096 0.031 0.155 
 14  Puco008    (9)   :  0.142 0.101 0.130 0.076 0.228 0.202 0.122 
 15   M01301    (9)   :  0.110 0.207 0.113 0.319 0.027 0.112 0.112 
 16   M06306    (9)   :  0.110 0.104 0.099 0.125 0.442 0.030 0.091 
 17 UA00032185    (9)   :  0.170 0.158 0.160 0.163 0.092 0.106 0.152 
 18 UA00030792    (9)   :  0.020 0.020 0.020 0.020 0.876 0.024 0.020 
 19 UA00031647    (9)   :  0.171 0.112 0.149 0.086 0.232 0.114 0.136 
 20 UA00031979    (9)   :  0.188 0.160 0.175 0.139 0.066 0.094 0.178 
 21  Puco016    (9)   :  0.171 0.124 0.172 0.077 0.037 0.255 0.164 
 22  Puco010    (9)   :  0.161 0.192 0.153 0.228 0.062 0.056 0.149 
 23    M1035    (9)   :  0.215 0.151 0.193 0.105 0.124 0.032 0.181 
 24 UA00034601    (9)   :  0.165 0.144 0.150 0.162 0.106 0.135 0.138 
 25 UA00050388    (9)   :  0.192 0.154 0.165 0.145 0.103 0.089 0.152 
 26 UA00048699    (9)   :  0.137 0.102 0.134 0.070 0.039 0.390 0.129 
 27 UA00064058    (9)   :  0.194 0.164 0.196 0.128 0.080 0.033 0.204 
 28 UA00033981    (9)   :  0.096 0.211 0.090 0.373 0.074 0.069 0.088 
 29   F05033    (9)   :  0.161 0.187 0.176 0.215 0.045 0.040 0.176 
 30 UA00048520    (4)   :  0.132 0.143 0.120 0.175 0.216 0.103 0.112 
 31 UA00048422    (4)   :  0.035 0.037 0.034 0.043 0.786 0.030 0.033 
 32    PucoB    (4)   :  0.152 0.217 0.141 0.265 0.063 0.024 0.138 
 33 UA00047393    (4)   :  0.172 0.147 0.174 0.092 0.188 0.044 0.183 
 34 UA00064521    (4)   :  0.170 0.129 0.156 0.116 0.055 0.237 0.136 
 35 UA00003043    (4)   :  0.175 0.153 0.187 0.094 0.030 0.168 0.193 
 36 UA00063025    (4)   :  0.140 0.115 0.123 0.129 0.224 0.160 0.108 
 37 UA00063826    (4)   :  0.164 0.196 0.148 0.254 0.064 0.039 0.135 
 38   F07407    (4)   :  0.100 0.180 0.090 0.259 0.249 0.038 0.083 
 39 UA00021658    (4)   :  0.201 0.173 0.188 0.153 0.058 0.053 0.174 
 40 UA00003794    (4)   :  0.117 0.169 0.110 0.236 0.223 0.046 0.099 
 41 UA00041322    (4)   :  0.225 0.142 0.185 0.103 0.098 0.084 0.163 
 42 UA00063316    (4)   :  0.179 0.137 0.156 0.129 0.125 0.129 0.145 
 43 UA00047705    (4)   :  0.180 0.162 0.161 0.187 0.079 0.088 0.143 
 44 UA00033904    (4)   :  0.131 0.095 0.113 0.080 0.418 0.056 0.107 
 45 UA00048100    (4)   :  0.163 0.183 0.167 0.215 0.038 0.070 0.165 
 46 UA00032212    (4)   :  0.144 0.120 0.127 0.115 0.263 0.110 0.121 
 47 UA00031574    (4)   :  0.038 0.038 0.036 0.042 0.760 0.052 0.034 
 48 UA00031228    (4)   :  0.028 0.026 0.028 0.024 0.827 0.038 0.028 
 49 UA00047707    (4)   :  0.191 0.180 0.226 0.105 0.021 0.038 0.239 
 50 UA00030906    (4)   :  0.020 0.019 0.020 0.018 0.870 0.035 0.019 
 51 UA00041567    (4)   :  0.138 0.190 0.116 0.299 0.073 0.081 0.103 
 52 UA00007624    (4)   :  0.166 0.191 0.172 0.238 0.027 0.041 0.165 
 53 UA00034514    (4)   :  0.182 0.166 0.194 0.145 0.049 0.066 0.198 
 54 UA00030480    (4)   :  0.205 0.135 0.183 0.086 0.172 0.040 0.178 
 55  Puco012    (4)   :  0.201 0.159 0.197 0.128 0.047 0.079 0.189 
 56 UA00038677    (9)   :  0.149 0.135 0.134 0.147 0.148 0.164 0.123 
 57 UA00048275    (4)   :  0.159 0.195 0.146 0.271 0.043 0.056 0.130 
 58 UA00064055    (4)   :  0.189 0.162 0.210 0.088 0.053 0.077 0.221 
 59  Puco009    (4)   :  0.165 0.137 0.163 0.098 0.032 0.237 0.168 
 60 UA00064561    (4)   :  0.157 0.179 0.220 0.089 0.029 0.079 0.249 
 61 UA00003479    (4)   :  0.172 0.166 0.204 0.115 0.041 0.092 0.211 
 62 UA00063747    (4)   :  0.156 0.198 0.177 0.187 0.022 0.067 0.193 
 63 UA00002558    (4)   :  0.163 0.150 0.141 0.153 0.036 0.224 0.134 
 64 UA00048410    (4)   :  0.165 0.142 0.176 0.088 0.024 0.221 0.184 
 65 UA00012249    (4)   :  0.177 0.149 0.219 0.085 0.027 0.115 0.228 
 66 UA00033818    (4)   :  0.079 0.078 0.073 0.084 0.553 0.069 0.064 
 67  Puco020    (4)   :  0.178 0.138 0.177 0.088 0.152 0.088 0.180 
 68 UA00002545    (9)   :  0.168 0.167 0.208 0.089 0.089 0.045 0.235 
 69 UA00048508    (4)   :  0.201 0.174 0.207 0.131 0.039 0.051 0.198 
 70 UA00064100    (4)   :  0.228 0.155 0.198 0.120 0.065 0.061 0.173 
 71 UA00014585    (4)   :  0.204 0.155 0.196 0.120 0.053 0.077 0.195 
 72 UA00063698    (4)   :  0.105 0.094 0.098 0.098 0.128 0.386 0.090 
 73 UA00049753    (4)   :  0.126 0.098 0.116 0.086 0.438 0.029 0.106 
 74 UA00049037    (4)   :  0.197 0.168 0.189 0.139 0.071 0.039 0.197 
 75 UA00034941    (4)   :  0.175 0.148 0.160 0.164 0.103 0.102 0.148 
 76 UA00008083    (4)   :  0.075 0.071 0.072 0.068 0.059 0.582 0.072 
 77 UA00015084    (4)   :  0.115 0.097 0.097 0.099 0.172 0.332 0.087 
 78 UA00041010    (9)   :  0.072 0.054 0.066 0.040 0.317 0.390 0.061 
 79 UA00035261    (4)   :  0.152 0.116 0.134 0.107 0.242 0.123 0.126 
 80 UA00035431    (4)   :  0.169 0.187 0.158 0.228 0.024 0.083 0.151 
 81 UA00045274    (0)   :  0.172 0.169 0.145 0.172 0.098 0.110 0.134 
 82 UA00028200    (4)   :  0.109 0.091 0.099 0.080 0.387 0.139 0.095 
 83 UA00064559    (0)   :  0.027 0.028 0.026 0.031 0.835 0.029 0.025 
 84 UA00040808    (0)   :  0.119 0.085 0.112 0.056 0.382 0.132 0.114 
 85 UA00049156    (0)   :  0.111 0.084 0.100 0.077 0.398 0.138 0.092 
 86 UA00003952    (4)   :  0.094 0.070 0.090 0.050 0.039 0.569 0.088 
 87 UA00063954    (0)   :  0.202 0.141 0.164 0.116 0.182 0.041 0.153 
 88 UA00062934    (0)   :  0.183 0.125 0.146 0.108 0.230 0.074 0.134 
 89 UA00033829    (0)   :  0.058 0.048 0.053 0.045 0.553 0.191 0.051 
 90 UA00064351    (4)   :  0.092 0.210 0.085 0.372 0.049 0.114 0.079 
 91 UA00003697    (4)   :  0.097 0.072 0.084 0.066 0.085 0.520 0.076 
 92 UA00063438    (4)   :  0.166 0.118 0.144 0.092 0.246 0.102 0.131 
 93 UA00007608    (0)   :  0.130 0.103 0.117 0.106 0.251 0.188 0.106 
 94 UA00019683    (4)   :  0.071 0.122 0.063 0.195 0.456 0.036 0.058 
 95 UA00007781    (0)   :  0.191 0.175 0.167 0.190 0.053 0.071 0.153 
 96 UA00002915    (0)   :  0.146 0.099 0.137 0.072 0.323 0.092 0.130 
 97  Puco031    (4)   :  0.198 0.158 0.207 0.096 0.057 0.073 0.211 
 98 UA00048280    (4)   :  0.156 0.178 0.145 0.250 0.045 0.096 0.129 
 99 UA00048589    (0)   :  0.147 0.197 0.133 0.236 0.099 0.054 0.134 
100 UA00034417    (0)   :  0.176 0.130 0.165 0.088 0.131 0.151 0.160 
101 UA00050411    (4)   :  0.179 0.169 0.220 0.120 0.023 0.041 0.249 
102  Puco029    (4)   :  0.159 0.205 0.169 0.230 0.041 0.019 0.177 
103   F03403    (4)   :  0.100 0.244 0.091 0.394 0.026 0.053 0.093 
104 UA00049904    (0)   :  0.164 0.146 0.140 0.185 0.187 0.059 0.119 
105 UA00035335    (0)   :  0.146 0.217 0.179 0.205 0.032 0.017 0.206 
106 UA00012611    (0)   :  0.220 0.175 0.196 0.134 0.049 0.037 0.189 
107 UA00050319    (0)   :  0.075 0.255 0.077 0.462 0.027 0.030 0.075 
108 UA00032068    (4)   :  0.197 0.152 0.180 0.118 0.140 0.031 0.182 
109 UA00032026    (4)   :  0.199 0.152 0.190 0.127 0.100 0.044 0.188 
110 UA00030476    (4)   :  0.082 0.232 0.071 0.432 0.089 0.025 0.069 
111 UA00046853    (0)   :  0.102 0.218 0.092 0.375 0.080 0.045 0.088 
112 UA00040156    (4)   :  0.020 0.019 0.020 0.019 0.878 0.024 0.019 
113 UA00030528    (4)   :  0.196 0.126 0.178 0.072 0.223 0.038 0.167 
114  Puco025    (4)   :  0.169 0.180 0.211 0.136 0.034 0.031 0.238 
115    pc016    (0)   :  0.020 0.019 0.019 0.018 0.882 0.025 0.019 
116 UA00030617    (4)   :  0.161 0.204 0.205 0.145 0.025 0.027 0.233 
117 UA00030585    (4)   :  0.031 0.034 0.030 0.044 0.793 0.039 0.029 
118 UA00032060    (4)   :  0.150 0.142 0.137 0.138 0.257 0.041 0.135 
119    pc007    (0)   :  0.130 0.203 0.117 0.317 0.072 0.050 0.110 
120 UA00030798    (4)   :  0.046 0.040 0.044 0.037 0.767 0.026 0.041 
121 UA00030778    (4)   :  0.214 0.175 0.223 0.105 0.022 0.029 0.234 
122 UA00039674    (4)   :  0.029 0.025 0.027 0.022 0.847 0.025 0.026 
123 UA00032241    (4)   :  0.158 0.201 0.161 0.266 0.024 0.029 0.160 
124 UA00011624    (0)   :  0.164 0.181 0.197 0.162 0.040 0.046 0.210 
125 UA00033779    (4)   :  0.083 0.239 0.080 0.442 0.034 0.045 0.077 
126 UA00049402    (4)   :  0.174 0.136 0.187 0.083 0.054 0.175 0.192 
127 UA00033653    (0)   :  0.065 0.252 0.061 0.499 0.028 0.039 0.057 
128 UA00047738    (0)   :  0.174 0.163 0.153 0.175 0.081 0.105 0.149 
129 UA00047502    (4)   :  0.169 0.125 0.157 0.082 0.077 0.240 0.148 
130 UA00012014    (4)   :  0.207 0.161 0.199 0.102 0.057 0.068 0.207 
131 UA00040729    (0)   :  0.146 0.199 0.148 0.262 0.061 0.038 0.146 
132 UA00030392    (4)   :  0.178 0.177 0.212 0.139 0.045 0.032 0.218 
133 UA00050033    (0)   :  0.169 0.171 0.177 0.182 0.075 0.044 0.182 
134 UA00012152    (0)   :  0.103 0.097 0.115 0.059 0.025 0.477 0.124 
135 UA00050406    (0)   :  0.207 0.156 0.202 0.131 0.058 0.056 0.188 
136 UA00047973    (0)   :  0.193 0.189 0.166 0.197 0.042 0.051 0.160 
137 UA00008051    (0)   :  0.155 0.150 0.150 0.137 0.128 0.124 0.156 
138 UA00047337    (4)   :  0.161 0.139 0.155 0.137 0.219 0.047 0.142 
139 UA00041604    (4)   :  0.186 0.145 0.163 0.126 0.107 0.111 0.162 
140 UA00031704    (4)   :  0.177 0.181 0.223 0.128 0.030 0.023 0.238 
141 UA00040423    (4)   :  0.183 0.157 0.188 0.118 0.114 0.043 0.196 
142 UA00049433    (0)   :  0.186 0.141 0.186 0.087 0.086 0.127 0.187 
143 UA00034816    (0)   :  0.158 0.168 0.199 0.101 0.041 0.112 0.220 
144 UA00050214    (0)   :  0.157 0.191 0.223 0.096 0.032 0.029 0.272 
145 UA00041073    (0)   :  0.170 0.163 0.172 0.140 0.078 0.105 0.172 
146 UA00030318    (4)   :  0.164 0.179 0.197 0.134 0.034 0.077 0.215 
147 UA00046845    (0)   :  0.173 0.145 0.200 0.090 0.056 0.134 0.203 
148 UA00063946    (0)   :  0.057 0.249 0.056 0.499 0.052 0.036 0.051 
149 UA00031374    (4)   :  0.185 0.172 0.188 0.133 0.051 0.082 0.189 
150    M1136    (4)   :  0.136 0.115 0.142 0.072 0.345 0.043 0.148 
151 UA00034299    (0)   :  0.144 0.187 0.223 0.100 0.040 0.041 0.264 
152 UA00002387    (4)   :  0.172 0.174 0.213 0.091 0.026 0.088 0.237 
153 UA00021855    (0)   :  0.173 0.177 0.160 0.207 0.062 0.070 0.151 
154 UA00014500    (0)   :  0.205 0.165 0.201 0.111 0.067 0.038 0.212 
155 UA00050419    (4)   :  0.139 0.192 0.217 0.115 0.026 0.040 0.271 
156 UA00031854    (4)   :  0.182 0.166 0.174 0.150 0.051 0.111 0.166 
157    pc011    (4)   :  0.172 0.167 0.223 0.097 0.029 0.054 0.257 
158 UA00033004    (0)   :  0.188 0.155 0.206 0.092 0.086 0.059 0.214 
159 UA00046510    (0)   :  0.184 0.147 0.187 0.097 0.036 0.165 0.183 
160 UA00048747    (0)   :  0.186 0.165 0.215 0.093 0.038 0.080 0.224 
161 UA00014293    (0)   :  0.175 0.172 0.221 0.088 0.033 0.055 0.256 
162 UA00047686    (0)   :  0.181 0.129 0.164 0.081 0.067 0.211 0.167 
163 UA00033783    (4)   :  0.083 0.117 0.079 0.160 0.354 0.132 0.074 
164 UA00042609    (4)   :  0.135 0.115 0.142 0.074 0.074 0.299 0.161 
165 UA00031169    (4)   :  0.160 0.190 0.227 0.092 0.039 0.034 0.258 
166 UA00035181    (0)   :  0.175 0.200 0.173 0.212 0.020 0.034 0.186 
167 UA00050133    (0)   :  0.192 0.168 0.196 0.122 0.053 0.067 0.202 
168  Puco011    (4)   :  0.169 0.160 0.218 0.089 0.051 0.065 0.249 
169 UA00041476    (0)   :  0.180 0.164 0.189 0.099 0.079 0.107 0.183 
170 UA00046702    (0)   :  0.178 0.177 0.226 0.104 0.033 0.037 0.245 
171 UA00019940    (0)   :  0.172 0.171 0.182 0.129 0.063 0.084 0.198 
172 UA00049813    (0)   :  0.145 0.194 0.143 0.248 0.067 0.050 0.152 
173 UA00064165    (0)   :  0.125 0.099 0.110 0.081 0.063 0.417 0.104 
174 UA00064421    (0)   :  0.156 0.123 0.155 0.084 0.024 0.310 0.149 
175 UA00064569    (4)   :  0.177 0.183 0.205 0.156 0.023 0.041 0.216 
176 UA00003996    (0)   :  0.169 0.135 0.182 0.089 0.054 0.188 0.184 
177 UA00064491    (4)   :  0.161 0.174 0.199 0.142 0.031 0.079 0.214 
178 UA00011899    (0)   :  0.209 0.164 0.201 0.128 0.063 0.041 0.193 
179  Puco015    (4)   :  0.179 0.142 0.187 0.106 0.145 0.058 0.183 
180 UA00047929    (4)   :  0.153 0.201 0.150 0.275 0.039 0.026 0.156 
181 UA00056669    (0)   :  0.207 0.157 0.198 0.115 0.037 0.093 0.192 
182 UA00050176    (0)   :  0.197 0.144 0.191 0.107 0.077 0.107 0.177 
183  Puco014    (4)   :  0.165 0.169 0.156 0.210 0.059 0.092 0.149 
184 UA00019608    (0)   :  0.183 0.166 0.202 0.091 0.042 0.099 0.217 
185 UA00064333    (0)   :  0.189 0.169 0.211 0.095 0.043 0.063 0.231 
186  Puco013    (4)   :  0.176 0.139 0.168 0.098 0.048 0.198 0.173 
187 UA00016092    (0)   :  0.165 0.180 0.225 0.132 0.022 0.028 0.248 
188 UA00019060    (0)   :  0.091 0.074 0.081 0.058 0.144 0.475 0.077 
189 UA00063532    (0)   :  0.188 0.158 0.176 0.151 0.082 0.080 0.165 
190 UA00064117    (0)   :  0.111 0.090 0.105 0.071 0.246 0.274 0.103 
191 UA00011969    (0)   :  0.193 0.154 0.174 0.148 0.071 0.095 0.165 
192 UA00034586    (4)   :  0.174 0.192 0.168 0.221 0.035 0.037 0.173 
193 UA00030736    (4)   :  0.211 0.168 0.203 0.109 0.059 0.043 0.206 
194 UA00048493    (0)   :  0.212 0.157 0.192 0.116 0.087 0.053 0.183 
195 UA00040466    (0)   :  0.065 0.052 0.064 0.048 0.033 0.678 0.060 
196 UA00047659    (0)   :  0.224 0.166 0.198 0.134 0.032 0.061 0.184 
197 UA00042002    (4)   :  0.153 0.134 0.139 0.147 0.239 0.063 0.125 
198 UA00062606    (0)   :  0.167 0.138 0.173 0.104 0.063 0.176 0.179 
199 UA00030615    (4)   :  0.065 0.055 0.060 0.048 0.027 0.688 0.056 
200 UA00048899    (0)   :  0.215 0.163 0.199 0.124 0.050 0.063 0.186 
201 UA00047725    (0)   :  0.024 0.022 0.024 0.022 0.025 0.860 0.023 
202 UA00030866    (4)   :  0.191 0.145 0.200 0.114 0.046 0.106 0.198 
203 UA00034564    (0)   :  0.208 0.154 0.212 0.094 0.046 0.075 0.210 
204 UA00046520    (0)   :  0.084 0.244 0.079 0.444 0.030 0.039 0.079 
205 UA00035027    (0)   :  0.180 0.153 0.162 0.151 0.077 0.120 0.157 
206 UA00035421    (0)   :  0.128 0.114 0.150 0.072 0.038 0.345 0.153 
207 UA00062740    (4)   :  0.169 0.127 0.164 0.108 0.104 0.169 0.159 
208 UA00012360    (0)   :  0.056 0.047 0.053 0.039 0.029 0.724 0.052 
209 UA00050203    (0)   :  0.182 0.177 0.178 0.186 0.057 0.048 0.171 
210 UA00040534    (4)   :  0.107 0.079 0.099 0.061 0.219 0.344 0.091 
211 UA00031261    (4)   :  0.077 0.060 0.074 0.045 0.130 0.543 0.070 
212 UA00031917    (4)   :  0.108 0.076 0.101 0.054 0.220 0.348 0.094 
213 UA00040798    (4)   :  0.105 0.103 0.097 0.115 0.091 0.395 0.093 
214 UA00030598    (4)   :  0.143 0.113 0.124 0.101 0.089 0.319 0.111 
215 UA00050385    (0)   :  0.203 0.144 0.205 0.094 0.051 0.104 0.200 
216 UA00058283    (0)   :  0.042 0.038 0.040 0.038 0.062 0.743 0.038 
217 UA00042297    (4)   :  0.098 0.093 0.089 0.097 0.398 0.142 0.083 
218 UA00015415    (4)   :  0.041 0.036 0.042 0.029 0.028 0.780 0.043 
219 UA00035531    (0)   :  0.072 0.058 0.071 0.042 0.106 0.585 0.066 
220 UA00048683    (0)   :  0.084 0.071 0.084 0.057 0.036 0.584 0.085 
221 UA00046734    (4)   :  0.048 0.043 0.046 0.036 0.038 0.742 0.047 
222   pcRF01    (0)   :  0.134 0.204 0.228 0.092 0.018 0.038 0.286 
223 UA00007223    (0)   :  0.156 0.120 0.164 0.080 0.087 0.227 0.166 
224 UA00013841    (0)   :  0.172 0.151 0.167 0.131 0.162 0.038 0.178 
225 UA00014196    (0)   :  0.085 0.064 0.078 0.046 0.070 0.577 0.080 
226 UA00034635    (0)   :  0.203 0.175 0.194 0.135 0.037 0.059 0.197 
227 UA00047371    (0)   :  0.167 0.137 0.132 0.143 0.238 0.068 0.115 
228 UA00063544    (0)   :  0.141 0.144 0.131 0.159 0.236 0.065 0.124 
229 UA00064246    (0)   :  0.138 0.148 0.130 0.151 0.113 0.189 0.129 
230 UA00064328    (0)   :  0.173 0.128 0.151 0.095 0.105 0.205 0.143 
231 UA00002952    (0)   :  0.148 0.112 0.135 0.090 0.159 0.229 0.127 
232 UA00064079    (0)   :  0.191 0.143 0.161 0.110 0.156 0.079 0.160 
233 UA00046793    (0)   :  0.142 0.104 0.139 0.070 0.172 0.238 0.135 
234 UA00034769    (0)   :  0.084 0.092 0.077 0.123 0.451 0.101 0.073 
235 UA00034949    (0)   :  0.164 0.118 0.167 0.072 0.073 0.244 0.162 
236 UA00063753    (0)   :  0.105 0.187 0.091 0.316 0.103 0.113 0.085 
237 UA00015713    (0)   :  0.150 0.161 0.133 0.210 0.177 0.048 0.122 
238 UA00003494    (0)   :  0.158 0.142 0.186 0.077 0.104 0.138 0.194 
239 UA00056767    (0)   :  0.082 0.257 0.077 0.453 0.019 0.033 0.080 
240 UA00014461    (0)   :  0.153 0.124 0.158 0.101 0.098 0.212 0.154 
241 UA00034669    (0)   :  0.130 0.096 0.111 0.084 0.132 0.345 0.101 
242 UA00048164    (0)   :  0.156 0.141 0.158 0.116 0.033 0.231 0.166 
243 UA00007974    (0)   :  0.133 0.195 0.117 0.311 0.090 0.057 0.097 
244 UA00016166    (0)   :  0.155 0.126 0.142 0.075 0.287 0.058 0.157 
245 UA00015653    (0)   :  0.144 0.096 0.127 0.077 0.267 0.176 0.113 
246 UA00063882    (0)   :  0.133 0.092 0.126 0.072 0.117 0.346 0.114 
247 UA00049027    (0)   :  0.141 0.120 0.119 0.123 0.278 0.105 0.114 
248 UA00018878    (0)   :  0.140 0.146 0.114 0.168 0.288 0.044 0.100 
249 UA00038796    (0)   :  0.146 0.111 0.132 0.107 0.052 0.330 0.122 
250 UA00013465    (0)   :  0.079 0.065 0.073 0.060 0.051 0.602 0.070 
251 UA00014604    (0)   :  0.156 0.128 0.133 0.134 0.103 0.230 0.116 
252 UA00041913    (0)   :  0.091 0.146 0.084 0.243 0.285 0.069 0.081 
253 UA00021632    (0)   :  0.098 0.080 0.086 0.067 0.499 0.086 0.085 
254 UA00064027    (0)   :  0.206 0.127 0.170 0.093 0.139 0.122 0.143 
255 UA00015023    (0)   :  0.175 0.155 0.194 0.102 0.047 0.135 0.192 
256 UA00050243    (0)   :  0.173 0.115 0.155 0.085 0.263 0.067 0.143 
257 UA00048298    (0)   :  0.173 0.162 0.182 0.130 0.082 0.082 0.189 
258 UA00050437    (0)   :  0.181 0.127 0.158 0.093 0.061 0.231 0.150 
259 UA00014262    (0)   :  0.191 0.135 0.169 0.107 0.156 0.075 0.166 
260 UA00049129    (0)   :  0.154 0.179 0.147 0.226 0.098 0.049 0.146 
261 UA00014740    (0)   :  0.143 0.171 0.135 0.233 0.097 0.096 0.126 
262 UA00049612    (0)   :  0.056 0.057 0.053 0.063 0.636 0.085 0.051 
263 UA00014635    (0)   :  0.104 0.232 0.101 0.407 0.027 0.036 0.093 
264 UA00014673    (0)   :  0.149 0.116 0.126 0.113 0.165 0.213 0.118 
265 UA00033608    (0)   :  0.095 0.104 0.084 0.125 0.428 0.086 0.078 
266 UA00064540    (0)   :  0.109 0.215 0.096 0.338 0.051 0.099 0.092 
267 UA00050256    (0)   :  0.179 0.113 0.149 0.082 0.188 0.157 0.132 
268 UA00015274    (0)   :  0.184 0.163 0.201 0.116 0.046 0.088 0.202 
269 UA00062993    (0)   :  0.179 0.180 0.161 0.225 0.026 0.089 0.140 
270 UA00038364    (0)   :  0.175 0.159 0.148 0.173 0.126 0.088 0.132 
271 UA00014446    (0)   :  0.228 0.169 0.201 0.145 0.030 0.045 0.183 
272 UA00063545    (0)   :  0.088 0.068 0.081 0.056 0.476 0.156 0.074 
273 UA00040054    (0)   :  0.183 0.170 0.204 0.118 0.073 0.035 0.218 
274 UA00058447    (0)   :  0.176 0.187 0.164 0.215 0.061 0.048 0.149 
275 UA00046835    (0)   :  0.155 0.191 0.151 0.266 0.049 0.050 0.138 
276 UA00014608    (0)   :  0.204 0.176 0.185 0.161 0.043 0.071 0.160 
277    pc012    (0)   :  0.184 0.153 0.170 0.143 0.078 0.119 0.152 
278    pc002    (0)   :  0.132 0.096 0.112 0.084 0.390 0.083 0.104 
279 UA00033690    (0)   :  0.091 0.184 0.077 0.319 0.211 0.049 0.068 
280 UA00013688    (0)   :  0.192 0.163 0.169 0.137 0.065 0.109 0.165 
281 UA00063666    (0)   :  0.075 0.230 0.065 0.439 0.106 0.023 0.063 
282 UA00063292    (0)   :  0.071 0.253 0.066 0.486 0.031 0.031 0.063 
283    pc001    (0)   :  0.193 0.158 0.180 0.151 0.052 0.094 0.172 
284    pc008    (0)   :  0.163 0.185 0.152 0.232 0.058 0.063 0.146 
285 UA00034316    (0)   :  0.147 0.113 0.137 0.073 0.206 0.193 0.131 
286 UA00013046    (0)   :  0.136 0.203 0.169 0.243 0.040 0.027 0.183 
287 UA00050241    (0)   :  0.125 0.225 0.115 0.366 0.037 0.022 0.109 
288 UA00048599    (0)   :  0.160 0.211 0.142 0.287 0.030 0.037 0.133 
289 UA00046649    (0)   :  0.131 0.111 0.114 0.110 0.377 0.046 0.111 
290 UA00015674    (0)   :  0.077 0.097 0.070 0.139 0.486 0.069 0.062 
291 UA00013177    (0)   :  0.118 0.170 0.110 0.248 0.127 0.119 0.108 
292 UA00012814    (0)   :  0.188 0.159 0.197 0.122 0.052 0.081 0.201 
293 UA00034654    (0)   :  0.199 0.177 0.191 0.169 0.034 0.038 0.191 
294 UA00046743    (0)   :  0.112 0.220 0.122 0.334 0.039 0.045 0.127 
295 UA00014854    (0)   :  0.108 0.208 0.097 0.308 0.158 0.023 0.097 
296 UA00013729    (0)   :  0.185 0.174 0.196 0.113 0.054 0.057 0.222 
297 UA00063483    (0)   :  0.169 0.186 0.157 0.261 0.044 0.033 0.150 
298 UA00039326    (0)   :  0.157 0.167 0.147 0.194 0.151 0.046 0.138 
299 UA00014742    (0)   :  0.140 0.214 0.121 0.336 0.045 0.030 0.114 
300 UA00049597    (0)   :  0.093 0.119 0.084 0.163 0.440 0.021 0.080 
301 UA00048067    (0)   :  0.143 0.172 0.125 0.250 0.117 0.083 0.111 
302 UA00012918    (0)   :  0.072 0.197 0.066 0.360 0.222 0.023 0.059 
303 UA00013487    (0)   :  0.131 0.206 0.227 0.089 0.026 0.024 0.296 
304 UA00046759    (0)   :  0.158 0.132 0.128 0.127 0.131 0.196 0.128 
305 UA00050164    (0)   :  0.084 0.069 0.081 0.047 0.586 0.047 0.085 
306 UA00049839    (0)   :  0.125 0.207 0.127 0.320 0.038 0.057 0.126 
307 UA00048444    (0)   :  0.047 0.244 0.044 0.494 0.094 0.035 0.043 
308 UA00063857    (0)   :  0.156 0.190 0.154 0.261 0.058 0.024 0.156 
309 UA00014921    (0)   :  0.108 0.102 0.096 0.125 0.453 0.026 0.090 
310 UA00048895    (0)   :  0.112 0.103 0.105 0.114 0.420 0.053 0.093 
311 UA00014556    (0)   :  0.186 0.144 0.167 0.128 0.048 0.173 0.153 
312    pc009    (0)   :  0.065 0.253 0.066 0.493 0.033 0.020 0.069 
313 UA00014959    (0)   :  0.090 0.106 0.088 0.135 0.460 0.035 0.085 
314 UA00020709    (0)   :  0.180 0.161 0.162 0.157 0.124 0.054 0.162 
315 UA00013126    (0)   :  0.027 0.027 0.026 0.031 0.833 0.030 0.026 
316 UA00013695    (0)   :  0.043 0.039 0.041 0.038 0.771 0.030 0.038 
317 UA00049344    (0)   :  0.117 0.089 0.103 0.081 0.462 0.056 0.093 
318 UA00047614    (0)   :  0.053 0.044 0.047 0.044 0.655 0.113 0.044 
319 UA00014221    (0)   :  0.110 0.242 0.105 0.392 0.017 0.028 0.105 
320 UA00014346    (0)   :  0.112 0.214 0.101 0.353 0.066 0.063 0.092 
321 UA00014245    (0)   :  0.113 0.158 0.105 0.204 0.284 0.034 0.103 
322 UA00014696    (0)   :  0.036 0.030 0.034 0.025 0.796 0.046 0.034 
323 UA00006991    (0)   :  0.219 0.159 0.195 0.107 0.036 0.085 0.197 
324 UA00048948    (0)   :  0.221 0.165 0.188 0.130 0.047 0.073 0.176 
325 UA00002239    (0)   :  0.206 0.148 0.206 0.090 0.052 0.090 0.208 
326 UA00063459    (0)   :  0.085 0.249 0.079 0.446 0.046 0.023 0.073 
327 UA00048356    (0)   :  0.163 0.168 0.137 0.205 0.064 0.136 0.126 
328 UA00063940    (0)   :  0.196 0.160 0.184 0.111 0.056 0.114 0.178 
329 UA00048130    (0)   :  0.133 0.206 0.117 0.347 0.036 0.051 0.111 
330 UA00048903    (0)   :  0.150 0.189 0.200 0.188 0.023 0.028 0.222 
331 UA00064643    (0)   :  0.170 0.173 0.175 0.157 0.072 0.072 0.181 
332 UA00050233    (0)   :  0.178 0.175 0.170 0.170 0.039 0.100 0.168 
333 UA00012507    (0)   :  0.201 0.140 0.181 0.096 0.030 0.179 0.173 
334 UA00064416    (0)   :  0.165 0.197 0.212 0.106 0.033 0.043 0.245 
335 UA00034724    (0)   :  0.179 0.182 0.174 0.191 0.037 0.064 0.174 
336 UA00002621    (0)   :  0.170 0.189 0.174 0.215 0.033 0.039 0.180 
337 UA00033203    (0)   :  0.143 0.197 0.215 0.095 0.053 0.042 0.255 
338 UA00011996    (0)   :  0.214 0.159 0.195 0.146 0.069 0.034 0.182 
339 UA00014408    (0)   :  0.165 0.118 0.157 0.080 0.044 0.287 0.148 
340 UA00049502    (0)   :  0.181 0.163 0.164 0.178 0.035 0.133 0.144 
341 UA00062695    (0)   :  0.141 0.188 0.122 0.256 0.103 0.079 0.111 
342 UA00014072    (0)   :  0.128 0.216 0.116 0.321 0.060 0.053 0.107 
343 UA00003334    (0)   :  0.136 0.199 0.148 0.294 0.041 0.030 0.153 
344 UA00013835    (0)   :  0.193 0.175 0.164 0.191 0.072 0.055 0.150 
345 UA00046760    (0)   :  0.156 0.151 0.133 0.186 0.208 0.042 0.125 
346 UA00014241    (0)   :  0.181 0.172 0.189 0.180 0.032 0.055 0.192 
347 UA00049585    (0)   :  0.171 0.204 0.154 0.267 0.040 0.025 0.141 
348 UA00013409    (0)   :  0.090 0.194 0.084 0.321 0.056 0.173 0.083 
349 UA00047548    (0)   :  0.205 0.172 0.206 0.140 0.047 0.027 0.203 
350 UA00049038    (0)   :  0.119 0.111 0.106 0.126 0.333 0.105 0.100 
351 UA00047612    (0)   :  0.206 0.160 0.199 0.149 0.035 0.067 0.184 
352 UA00014822    (0)   :  0.124 0.098 0.117 0.096 0.302 0.162 0.102 
353 UA00035299    (0)   :  0.179 0.175 0.201 0.128 0.056 0.053 0.207 
354 UA00012804    (0)   :  0.144 0.115 0.115 0.103 0.350 0.066 0.108 
355 UA00049578    (0)   :  0.184 0.157 0.160 0.155 0.043 0.150 0.151 
356 UA00047672    (0)   :  0.155 0.188 0.222 0.086 0.031 0.050 0.268 
357 UA00043961    (0)   :  0.062 0.062 0.058 0.072 0.617 0.075 0.055 
358 UA00064575    (0)   :  0.139 0.157 0.127 0.199 0.053 0.214 0.110 
359 UA00014732    (0)   :  0.208 0.180 0.197 0.119 0.030 0.074 0.193 
360 UA00050181    (0)   :  0.206 0.159 0.218 0.106 0.022 0.073 0.217 
361 UA00033369    (0)   :  0.161 0.118 0.149 0.083 0.255 0.084 0.151 
362 UA00011982    (0)   :  0.144 0.200 0.228 0.105 0.023 0.022 0.278 
363 UA00014590    (0)   :  0.182 0.156 0.193 0.097 0.111 0.070 0.190 
364 UA00047743    (0)   :  0.182 0.181 0.220 0.102 0.033 0.032 0.250 
365 UA00046621    (0)   :  0.175 0.182 0.228 0.114 0.029 0.023 0.249 
366 UA00050422    (0)   :  0.191 0.155 0.181 0.125 0.038 0.135 0.175 
367 UA00002760    (0)   :  0.166 0.176 0.164 0.182 0.099 0.045 0.167 
368 UA00012999    (0)   :  0.208 0.152 0.184 0.106 0.121 0.039 0.190 
369 UA00063838    (0)   :  0.160 0.193 0.174 0.207 0.033 0.048 0.186 
370 UA00003729    (0)   :  0.126 0.128 0.113 0.156 0.193 0.184 0.100 
371 UA00015348    (0)   :  0.112 0.207 0.100 0.348 0.079 0.067 0.087 
372 UA00019058    (0)   :  0.100 0.221 0.091 0.343 0.051 0.108 0.087 
373 UA00049549    (0)   :  0.055 0.236 0.051 0.463 0.123 0.024 0.048 
374 UA00014334    (0)   :  0.185 0.150 0.196 0.098 0.055 0.112 0.204 
375 UA00014350    (0)   :  0.117 0.200 0.244 0.096 0.019 0.018 0.306 
376 UA00049227    (0)   :  0.177 0.118 0.166 0.090 0.187 0.109 0.153 
377 UA00014051    (0)   :  0.169 0.158 0.195 0.088 0.026 0.160 0.204 
378 UA00034381    (0)   :  0.170 0.168 0.177 0.161 0.043 0.107 0.173 
379 UA00002354    (0)   :  0.141 0.199 0.218 0.108 0.027 0.031 0.277 
380 UA00049892    (0)   :  0.125 0.192 0.145 0.247 0.098 0.028 0.165 
381 UA00021989    (0)   :  0.161 0.185 0.189 0.165 0.027 0.065 0.208 
382 UA00048968    (0)   :  0.192 0.177 0.197 0.129 0.034 0.062 0.208 
383 UA00013174    (0)   :  0.174 0.166 0.210 0.107 0.052 0.068 0.222 
384 UA00033992    (0)   :  0.186 0.136 0.178 0.089 0.196 0.039 0.176 
385 UA00015801    (0)   :  0.159 0.195 0.223 0.124 0.018 0.021 0.261 
386 UA00063303    (0)   :  0.119 0.147 0.109 0.186 0.263 0.071 0.106 
387 UA00050206    (0)   :  0.091 0.242 0.086 0.438 0.020 0.038 0.084 
388 UA00014458    (0)   :  0.161 0.169 0.161 0.175 0.100 0.076 0.157 
389 UA00007204    (0)   :  0.122 0.209 0.126 0.325 0.063 0.034 0.120 
390 UA00063212    (0)   :  0.110 0.148 0.094 0.203 0.209 0.146 0.089 
391 UA00013340    (0)   :  0.204 0.160 0.175 0.144 0.112 0.040 0.166 
392 UA00062743    (0)   :  0.182 0.153 0.213 0.086 0.029 0.108 0.228 
393 UA00063189    (0)   :  0.103 0.083 0.103 0.067 0.071 0.476 0.098 
394 UA00035432    (0)   :  0.148 0.204 0.157 0.256 0.035 0.035 0.165 
395 UA00007958    (0)   :  0.178 0.176 0.207 0.148 0.033 0.039 0.219 
396 UA00013634    (0)   :  0.189 0.161 0.226 0.094 0.026 0.061 0.243 
397 UA00048175    (0)   :  0.135 0.194 0.232 0.092 0.016 0.040 0.290 
398 UA00003202    (0)   :  0.179 0.172 0.191 0.183 0.044 0.047 0.185 
399 UA00035090    (0)   :  0.147 0.181 0.147 0.208 0.051 0.112 0.154 
400 UA00064679    (0)   :  0.134 0.117 0.137 0.090 0.061 0.325 0.136 
401 UA00039518    (0)   :  0.163 0.186 0.196 0.152 0.048 0.040 0.215 
402 UA00058268    (0)   :  0.196 0.170 0.201 0.133 0.047 0.057 0.196 
403 UA00049456    (0)   :  0.138 0.149 0.126 0.181 0.226 0.058 0.123 
404 UA00049550    (0)   :  0.132 0.197 0.123 0.272 0.031 0.128 0.118 
405 UA00048342    (0)   :  0.172 0.160 0.155 0.163 0.134 0.066 0.149 
406 UA00063493    (0)   :  0.168 0.195 0.185 0.191 0.027 0.035 0.199 
407 UA00058261    (0)   :  0.158 0.160 0.194 0.095 0.035 0.147 0.212 
408 UA00014663    (0)   :  0.214 0.166 0.201 0.101 0.050 0.077 0.190 
409 UA00048817    (0)   :  0.159 0.136 0.166 0.086 0.214 0.063 0.175 
410 UA00049381    (0)   :  0.164 0.170 0.223 0.096 0.030 0.076 0.240 
411 UA00035901    (0)   :  0.158 0.129 0.143 0.102 0.051 0.276 0.142 
412 UA00013301    (0)   :  0.095 0.210 0.087 0.366 0.055 0.098 0.087 
413 UA00047926    (0)   :  0.158 0.163 0.185 0.090 0.084 0.109 0.210 
414 UA00007272    (0)   :  0.169 0.134 0.178 0.082 0.057 0.193 0.187 
415 UA00016041    (0)   :  0.144 0.195 0.142 0.248 0.077 0.049 0.146 
416 UA00013502    (0)   :  0.154 0.181 0.186 0.171 0.025 0.079 0.204 
417 UA00002390    (0)   :  0.211 0.146 0.190 0.103 0.117 0.052 0.181 
418 UA00034907    (0)   :  0.207 0.162 0.189 0.147 0.033 0.085 0.177 
419 UA00048821    (0)   :  0.168 0.137 0.154 0.110 0.140 0.135 0.157 
420 UA00002136    (0)   :  0.144 0.158 0.131 0.216 0.145 0.083 0.122 
421 UA00011790    (0)   :  0.181 0.155 0.210 0.101 0.054 0.077 0.223 
422 UA00021586    (0)   :  0.160 0.134 0.150 0.116 0.213 0.078 0.150 
423 UA00033270    (0)   :  0.194 0.166 0.185 0.148 0.051 0.080 0.175 
424 UA00048073    (0)   :  0.175 0.183 0.169 0.184 0.055 0.064 0.171 
425 UA00048856    (0)   :  0.175 0.152 0.178 0.142 0.047 0.132 0.174 
426 UA00049713    (0)   :  0.157 0.182 0.205 0.107 0.044 0.065 0.240 
427 UA00046885    (0)   :  0.187 0.183 0.179 0.178 0.055 0.047 0.171 
428 UA00034893    (0)   :  0.159 0.196 0.187 0.180 0.038 0.037 0.202 
429 UA00048011    (0)   :  0.178 0.172 0.197 0.129 0.022 0.099 0.202 
430 UA00015786    (0)   :  0.157 0.131 0.150 0.103 0.087 0.223 0.148 
431 UA00013162    (0)   :  0.185 0.148 0.207 0.084 0.044 0.114 0.220 
432 UA00049512    (0)   :  0.165 0.172 0.155 0.206 0.065 0.091 0.146 
433 UA00004046    (0)   :  0.180 0.162 0.231 0.099 0.026 0.049 0.254 
434 UA00048881    (0)   :  0.144 0.112 0.135 0.098 0.168 0.215 0.128 
435 UA00046610    (0)   :  0.183 0.132 0.174 0.093 0.147 0.110 0.161 
436 UA00033282    (0)   :  0.185 0.156 0.169 0.149 0.064 0.110 0.166 
437 UA00047561    (0)   :  0.197 0.168 0.226 0.096 0.037 0.051 0.224 
438 UA00013777    (0)   :  0.181 0.135 0.184 0.096 0.032 0.187 0.185 
439 UA00062849    (0)   :  0.128 0.215 0.114 0.348 0.047 0.047 0.102 
440 UA00049786    (0)   :  0.148 0.175 0.228 0.089 0.024 0.079 0.255 
441 UA00033246    (0)   :  0.074 0.253 0.070 0.480 0.029 0.024 0.070 
442 UA00045302    (0)   :  0.207 0.166 0.200 0.131 0.057 0.041 0.198 
443 UA00048637    (0)   :  0.160 0.172 0.219 0.096 0.034 0.074 0.245 
444 UA00049832    (0)   :  0.132 0.175 0.120 0.249 0.163 0.042 0.119 
445 UA00022023    (0)   :  0.208 0.142 0.196 0.098 0.114 0.058 0.184 
446 UA00050192    (0)   :  0.198 0.132 0.174 0.094 0.186 0.053 0.164 
447 UA00050413    (0)   :  0.186 0.171 0.178 0.174 0.042 0.076 0.173 
448 UA00013445    (0)   :  0.208 0.167 0.223 0.123 0.023 0.034 0.221 
449 UA00035496    (0)   :  0.161 0.142 0.144 0.123 0.047 0.242 0.140 
450 UA00003333    (0)   :  0.150 0.113 0.139 0.082 0.099 0.283 0.133 
451 UA00064008    (0)   :  0.164 0.125 0.161 0.091 0.033 0.271 0.155 
452 UA00003427    (0)   :  0.170 0.133 0.158 0.116 0.189 0.089 0.145 
453 UA00028092    (0)   :  0.132 0.111 0.123 0.110 0.260 0.153 0.113 
454    pc003    (0)   :  0.062 0.055 0.059 0.049 0.111 0.606 0.058 
455 UA00034440    (0)   :  0.137 0.203 0.131 0.279 0.040 0.084 0.125 
456 UA00026062    (0)   :  0.170 0.174 0.221 0.083 0.052 0.048 0.252 
457 UA00014347    (0)   :  0.182 0.156 0.161 0.144 0.078 0.130 0.149 
458 UA00021516    (0)   :  0.181 0.173 0.226 0.105 0.038 0.042 0.235 
459 UA00049347    (0)   :  0.134 0.114 0.143 0.085 0.041 0.344 0.137 
460 UA00063436    (0)   :  0.091 0.125 0.082 0.178 0.049 0.392 0.082 
461 UA00047790    (0)   :  0.202 0.152 0.222 0.099 0.042 0.063 0.220 
462 UA00045714    (0)   :  0.149 0.117 0.143 0.086 0.118 0.252 0.134 
463 UA00038979    (0)   :  0.116 0.188 0.110 0.288 0.142 0.056 0.101 
464 UA00016123    (0)   :  0.172 0.136 0.188 0.094 0.088 0.136 0.186 
465 UA00034765    (0)   :  0.061 0.054 0.061 0.038 0.024 0.698 0.064 
466 UA00063815    (0)   :  0.085 0.071 0.077 0.078 0.121 0.499 0.070 
467 UA00034795    (0)   :  0.129 0.209 0.126 0.295 0.051 0.068 0.122 
468 UA00004000    (0)   :  0.077 0.061 0.075 0.056 0.039 0.623 0.069 
469 UA00049367    (0)   :  0.149 0.190 0.141 0.225 0.029 0.125 0.140 
470 UA00034457    (0)   :  0.183 0.165 0.210 0.132 0.054 0.041 0.215 
471 UA00050015    (0)   :  0.151 0.176 0.133 0.226 0.090 0.094 0.130 
472 UA00021373    (0)   :  0.201 0.161 0.186 0.138 0.055 0.071 0.188 
473 UA00050232    (0)   :  0.079 0.061 0.073 0.057 0.110 0.550 0.070 
474 UA00038724    (0)   :  0.176 0.157 0.155 0.186 0.136 0.048 0.144 
475 UA00007824    (0)   :  0.179 0.137 0.189 0.085 0.108 0.108 0.194 
476 UA00048754    (0)   :  0.185 0.136 0.203 0.091 0.024 0.155 0.206 
477 UA00014271    (0)   :  0.182 0.156 0.187 0.151 0.087 0.057 0.180 
478 UA00013756    (0)   :  0.117 0.157 0.103 0.226 0.118 0.185 0.094 
479 UA00014385    (0)   :  0.139 0.110 0.132 0.078 0.133 0.275 0.133 
480 UA00049609    (0)   :  0.143 0.203 0.136 0.277 0.046 0.059 0.136 
481 UA00003748    (0)   :  0.150 0.108 0.150 0.076 0.033 0.338 0.145 
482 UA00063952    (0)   :  0.158 0.120 0.158 0.101 0.027 0.279 0.156 
483 UA00058348    (0)   :  0.096 0.087 0.090 0.088 0.025 0.526 0.087 
484 UA00014922    (0)   :  0.056 0.051 0.055 0.049 0.051 0.684 0.054 
485 UA00003820    (0)   :  0.186 0.145 0.210 0.096 0.024 0.122 0.218 
486 UA00013693    (0)   :  0.173 0.132 0.168 0.102 0.095 0.165 0.164 
487 UA00047713    (0)   :  0.075 0.066 0.081 0.047 0.028 0.623 0.080 
488 UA00034891    (0)   :  0.120 0.104 0.115 0.113 0.052 0.390 0.106 
489 UA00049223    (0)   :  0.140 0.121 0.139 0.111 0.042 0.314 0.134 
490 UA00064399    (0)   :  0.052 0.037 0.050 0.029 0.228 0.557 0.048 
491 UA00013336    (0)   :  0.056 0.047 0.050 0.045 0.085 0.672 0.045 
492 UA00035291    (0)   :  0.063 0.050 0.064 0.037 0.056 0.666 0.064 
493 UA00003945    (0)   :  0.074 0.069 0.074 0.060 0.062 0.586 0.074 
494 UA00014518    (0)   :  0.111 0.091 0.119 0.062 0.053 0.447 0.116 
495 UA00013583    (0)   :  0.090 0.077 0.083 0.082 0.411 0.179 0.077 
496 UA00011510    (0)   :  0.120 0.095 0.113 0.079 0.082 0.398 0.113 
497 UA00046860    (0)   :  0.151 0.122 0.153 0.086 0.071 0.262 0.157 
498 UA00048853    (0)   :  0.133 0.101 0.121 0.078 0.151 0.300 0.116 
499 UA00012151    (0)   :  0.069 0.052 0.065 0.039 0.040 0.670 0.065 
500 UA00063930    (0)   :  0.081 0.102 0.071 0.141 0.406 0.129 0.069 
501 UA00013453    (0)   :  0.136 0.128 0.130 0.106 0.127 0.241 0.131 
502 UA00039299    (0)   :  0.045 0.040 0.044 0.036 0.046 0.748 0.041 
503 UA00014280    (0)   :  0.034 0.031 0.034 0.032 0.021 0.817 0.032 
504 UA00014200    (0)   :  0.100 0.083 0.107 0.052 0.038 0.509 0.111 
505 UA00040612    (0)   :  0.051 0.043 0.048 0.035 0.112 0.664 0.046 
506 UA00062679    (0)   :  0.048 0.042 0.045 0.038 0.066 0.719 0.042 
507 UA00034481    (0)   :  0.073 0.061 0.073 0.050 0.035 0.639 0.069 
508 UA00011880    (0)   :  0.096 0.152 0.080 0.239 0.283 0.079 0.070 
509 UA00013421    (0)   :  0.046 0.037 0.046 0.028 0.143 0.655 0.045 
510 UA00048051    (0)   :  0.033 0.029 0.031 0.026 0.032 0.818 0.031 
511 UA00063370    (0)   :  0.040 0.033 0.036 0.030 0.114 0.712 0.035 
512 UA00014716    (0)   :  0.049 0.043 0.047 0.038 0.067 0.712 0.044 
513 UA00033426    (0)   :  0.101 0.092 0.106 0.055 0.154 0.380 0.113 
514 UA00015190    (0)   :  0.054 0.043 0.048 0.035 0.194 0.577 0.048 
515 UA00013730    (0)   :  0.197 0.171 0.185 0.153 0.069 0.042 0.184 
516 UA00047644    (4)   :  0.113 0.079 0.101 0.062 0.123 0.427 0.094 
517 UA00031933    (9)   :  0.192 0.152 0.210 0.106 0.047 0.088 0.205 
518 UA00031541    (9)   :  0.115 0.100 0.112 0.091 0.113 0.360 0.109 
519   PCO-60    (4)   :  0.167 0.162 0.173 0.150 0.036 0.143 0.169 
520 UA00030495    (4)   :  0.171 0.147 0.153 0.132 0.108 0.136 0.153 
521 UA00031133    (4)   :  0.068 0.257 0.064 0.488 0.034 0.027 0.062 
522 UA00032049    (4)   :  0.172 0.123 0.148 0.098 0.246 0.079 0.133 
523 UA00030599    (4)   :  0.082 0.226 0.070 0.394 0.087 0.072 0.069 
524 UA00030250    (4)   :  0.192 0.184 0.209 0.110 0.030 0.044 0.231 
525 UA00049385    (4)   :  0.140 0.177 0.121 0.259 0.098 0.100 0.105 
526 UA00031816    (4)   :  0.073 0.261 0.064 0.474 0.034 0.034 0.059 
527 UA00030275    (4)   :  0.183 0.150 0.189 0.110 0.101 0.079 0.188 
528 UA00041861    (4)   :  0.190 0.144 0.199 0.111 0.077 0.087 0.192 
529 UA00041433    (4)   :  0.208 0.174 0.211 0.140 0.026 0.038 0.202 
530  PCO-114    (4)   :  0.183 0.151 0.210 0.094 0.033 0.105 0.223 
531 UA00031529    (4)   :  0.183 0.174 0.180 0.176 0.041 0.073 0.173 
532 UA00039719    (4)   :  0.160 0.169 0.188 0.146 0.039 0.090 0.208 
533  PCO-442    (4)   :  0.176 0.182 0.223 0.105 0.026 0.036 0.253 
534   PCO-58    (0)   :  0.174 0.164 0.214 0.079 0.053 0.077 0.239 
535 UA00048673    (4)   :  0.202 0.150 0.178 0.136 0.045 0.122 0.166 
536   PCO-63    (4)   :  0.158 0.202 0.163 0.208 0.028 0.068 0.173 


Estimated Allele Frequencies in each cluster
First column gives estimated ancestral frequencies


Locus 1 : PP01 
2 alleles
0.0% missing data
   1   (0.592) 0.592 0.586 0.603 0.547 0.912 0.325 0.612 
   2   (0.408) 0.408 0.414 0.397 0.453 0.088 0.675 0.388 

Locus 2 : PP02 
2 alleles
0.0% missing data
   1   (0.918) 0.919 0.907 0.921 0.891 0.992 0.969 0.924 
