

----------------------------------------------------
STRUCTURE by Pritchard, Stephens and Donnelly (2000)
     and Falush, Stephens and Pritchard (2003)
       Code by Pritchard, Falush and Hubisz
             Version 2.3.4 (Jul 2012)
----------------------------------------------------



Command line arguments:   structure -K 10 -o outputfile_K10_9 
Input File:    Puma_SNP_genotypes_cut_AZ_final_HWEonly.str

Run parameters:
   536 individuals
   22 loci
   10 populations assumed
   100000 Burn-in period
   500000 Reps


--------------------------------------------
Overall proportion of membership of the
sample in each of the 10 clusters

Inferred Clusters
  1      2      3      4      5      6      7      8      9     10    
0.101  0.103  0.101  0.101  0.104  0.103  0.101  0.101  0.082  0.102  

--------------------------------------------

Allele-freq. divergence among pops (Net nucleotide distance),
computed using point estimates of P.

      1       2       3       4       5       6       7       8       9      10      
 1      -    0.0021  0.0004  0.0006  0.0080  0.0023  0.0002  0.0003  0.0721  0.0012  
 2   0.0021     -    0.0025  0.0026  0.0031  0.0002  0.0021  0.0022  0.0758  0.0045  
 3   0.0004  0.0025     -    0.0001  0.0100  0.0030  0.0001  0.0001  0.0776  0.0015  
 4   0.0006  0.0026  0.0001     -    0.0106  0.0033  0.0003  0.0001  0.0785  0.0020  
 5   0.0080  0.0031  0.0100  0.0106     -    0.0022  0.0088  0.0095  0.0727  0.0107  
 6   0.0023  0.0002  0.0030  0.0033  0.0022     -    0.0024  0.0028  0.0740  0.0044  
 7   0.0002  0.0021  0.0001  0.0003  0.0088  0.0024     -    0.0002  0.0756  0.0015  
 8   0.0003  0.0022  0.0001  0.0001  0.0095  0.0028  0.0002     -    0.0767  0.0021  
 9   0.0721  0.0758  0.0776  0.0785  0.0727  0.0740  0.0756  0.0767     -    0.0745  
10   0.0012  0.0045  0.0015  0.0020  0.0107  0.0044  0.0015  0.0021  0.0745     -    

Average distances (expected heterozygosity) between individuals in same cluster:
cluster  1  : 0.3792 
cluster  2  : 0.3634 
cluster  3  : 0.3769 
cluster  4  : 0.3777 
cluster  5  : 0.3444 
cluster  6  : 0.3632 
cluster  7  : 0.3784 
cluster  8  : 0.3773 
cluster  9  : 0.2412 
cluster 10  : 0.3748 

--------------------------------------------
Estimated Ln Prob of Data   = -14050.1
Mean value of ln likelihood = -12254.2
Variance of ln likelihood   = 3591.8
Mean value of alpha         = 0.0848

Mean value of Fst_1         = 0.0220
Mean value of Fst_2         = 0.1451
Mean value of Fst_3         = 0.0665
Mean value of Fst_4         = 0.0602
Mean value of Fst_5         = 0.1802
Mean value of Fst_6         = 0.1387
Mean value of Fst_7         = 0.0417
Mean value of Fst_8         = 0.0499
Mean value of Fst_9         = 0.4078
Mean value of Fst_10         = 0.0868


Inferred ancestry of individuals:
        Label (%Miss) :  Inferred clusters
  1 UA00063336   (13)   :  0.102 0.068 0.087 0.089 0.056 0.067 0.093 0.096 0.256 0.085 
  2 UA00048914    (9)   :  0.128 0.097 0.109 0.111 0.100 0.101 0.110 0.114 0.041 0.089 
  3 UA00014769   (13)   :  0.062 0.148 0.147 0.157 0.050 0.121 0.098 0.107 0.018 0.093 
  4 UA00008132   (13)   :  0.129 0.091 0.112 0.115 0.073 0.090 0.119 0.116 0.058 0.094 
  5 UA00030462   (13)   :  0.123 0.102 0.103 0.103 0.119 0.104 0.110 0.109 0.036 0.092 
  6 UA00034866   (13)   :  0.132 0.097 0.108 0.114 0.098 0.096 0.124 0.118 0.013 0.100 
  7 UA00034800    (9)   :  0.056 0.052 0.052 0.055 0.049 0.052 0.055 0.052 0.527 0.050 
  8  Puco006    (9)   :  0.039 0.204 0.036 0.034 0.341 0.215 0.035 0.037 0.027 0.033 
  9 UA00048874    (4)   :  0.092 0.068 0.074 0.078 0.064 0.064 0.080 0.084 0.327 0.070 
 10 UA00049060    (9)   :  0.110 0.112 0.124 0.131 0.064 0.094 0.104 0.113 0.036 0.112 
 11 UA00033413    (9)   :  0.098 0.095 0.105 0.089 0.114 0.111 0.104 0.091 0.016 0.176 
 12  Puco021    (9)   :  0.093 0.087 0.105 0.083 0.102 0.099 0.089 0.081 0.057 0.205 
 13  Puco026    (9)   :  0.122 0.094 0.118 0.117 0.066 0.081 0.102 0.114 0.040 0.146 
 14  Puco008    (9)   :  0.111 0.092 0.096 0.095 0.113 0.101 0.101 0.100 0.106 0.084 
 15   M01301    (9)   :  0.095 0.107 0.106 0.099 0.127 0.119 0.103 0.088 0.012 0.145 
 16   M06306    (9)   :  0.098 0.070 0.090 0.094 0.056 0.066 0.083 0.093 0.240 0.112 
 17 UA00032185    (9)   :  0.121 0.092 0.107 0.110 0.095 0.098 0.116 0.110 0.045 0.105 
 18 UA00030792    (9)   :  0.010 0.010 0.009 0.010 0.010 0.010 0.010 0.010 0.912 0.010 
 19 UA00031647    (9)   :  0.123 0.082 0.104 0.106 0.079 0.082 0.106 0.113 0.110 0.094 
 20 UA00031979    (9)   :  0.125 0.101 0.113 0.110 0.083 0.087 0.111 0.124 0.026 0.121 
 21  Puco016    (9)   :  0.112 0.106 0.109 0.116 0.112 0.103 0.108 0.124 0.016 0.095 
 22  Puco010    (9)   :  0.121 0.088 0.112 0.109 0.098 0.103 0.122 0.105 0.029 0.113 
 23    M1035    (9)   :  0.130 0.084 0.110 0.116 0.065 0.085 0.132 0.120 0.062 0.095 
 24 UA00034601    (9)   :  0.118 0.093 0.112 0.116 0.087 0.089 0.104 0.114 0.044 0.123 
 25 UA00050388    (9)   :  0.137 0.088 0.108 0.114 0.082 0.086 0.114 0.117 0.044 0.110 
 26 UA00048699    (9)   :  0.090 0.142 0.087 0.093 0.166 0.133 0.092 0.098 0.021 0.078 
 27 UA00064058    (9)   :  0.116 0.097 0.120 0.125 0.058 0.083 0.117 0.132 0.042 0.111 
 28 UA00033981    (9)   :  0.096 0.094 0.103 0.083 0.115 0.105 0.109 0.088 0.032 0.175 
 29   F05033    (9)   :  0.110 0.100 0.120 0.121 0.071 0.096 0.115 0.117 0.020 0.130 
 30 UA00048520    (4)   :  0.109 0.091 0.098 0.101 0.087 0.086 0.099 0.101 0.101 0.127 
 31 UA00048422    (4)   :  0.024 0.021 0.024 0.022 0.023 0.023 0.025 0.024 0.788 0.026 
 32    PucoB    (4)   :  0.112 0.099 0.110 0.121 0.072 0.079 0.090 0.108 0.029 0.180 
 33 UA00047393    (4)   :  0.113 0.093 0.114 0.128 0.059 0.089 0.118 0.111 0.092 0.084 
 34 UA00064521    (4)   :  0.119 0.105 0.102 0.110 0.117 0.095 0.106 0.116 0.025 0.105 
 35 UA00003043    (4)   :  0.115 0.112 0.115 0.115 0.102 0.106 0.116 0.116 0.014 0.090 
 36 UA00063025    (4)   :  0.118 0.087 0.095 0.093 0.104 0.091 0.101 0.097 0.121 0.094 
 37 UA00063826    (4)   :  0.124 0.082 0.112 0.099 0.087 0.095 0.125 0.107 0.030 0.140 
 38   F07407    (4)   :  0.102 0.079 0.095 0.089 0.080 0.076 0.085 0.090 0.139 0.164 
 39 UA00021658    (4)   :  0.126 0.090 0.119 0.120 0.073 0.089 0.125 0.123 0.030 0.105 
 40 UA00003794    (4)   :  0.103 0.091 0.103 0.102 0.075 0.076 0.083 0.095 0.110 0.162 
 41 UA00041322    (4)   :  0.146 0.081 0.111 0.116 0.079 0.082 0.123 0.124 0.038 0.100 
 42 UA00063316    (4)   :  0.136 0.081 0.106 0.109 0.083 0.092 0.118 0.117 0.057 0.101 
 43 UA00047705    (4)   :  0.124 0.098 0.108 0.113 0.083 0.082 0.106 0.118 0.027 0.142 
 44 UA00033904    (4)   :  0.097 0.082 0.087 0.089 0.057 0.063 0.082 0.092 0.256 0.095 
 45 UA00048100    (4)   :  0.115 0.094 0.119 0.114 0.080 0.093 0.115 0.114 0.015 0.142 
 46 UA00032212    (4)   :  0.109 0.084 0.092 0.090 0.093 0.092 0.105 0.098 0.144 0.091 
 47 UA00031574    (4)   :  0.023 0.024 0.022 0.021 0.026 0.025 0.022 0.022 0.791 0.024 
 48 UA00031228    (4)   :  0.014 0.014 0.013 0.013 0.015 0.014 0.013 0.014 0.877 0.013 
 49 UA00047707    (4)   :  0.108 0.123 0.128 0.135 0.056 0.095 0.123 0.133 0.009 0.090 
 50 UA00030906    (4)   :  0.010 0.011 0.010 0.010 0.013 0.011 0.010 0.010 0.906 0.010 
 51 UA00041567    (4)   :  0.111 0.088 0.101 0.088 0.117 0.109 0.113 0.093 0.036 0.145 
 52 UA00007624    (4)   :  0.101 0.108 0.130 0.118 0.072 0.110 0.112 0.110 0.013 0.127 
 53 UA00034514    (4)   :  0.117 0.092 0.124 0.117 0.075 0.092 0.123 0.128 0.025 0.107 
 54 UA00030480    (4)   :  0.127 0.076 0.118 0.117 0.055 0.075 0.113 0.132 0.090 0.097 
 55  Puco012    (4)   :  0.136 0.088 0.115 0.118 0.074 0.093 0.130 0.120 0.022 0.105 
 56 UA00038677    (9)   :  0.124 0.091 0.100 0.100 0.102 0.096 0.113 0.104 0.065 0.105 
 57 UA00048275    (4)   :  0.123 0.089 0.120 0.105 0.081 0.091 0.109 0.112 0.017 0.154 
 58 UA00064055    (4)   :  0.119 0.088 0.122 0.124 0.064 0.089 0.129 0.133 0.025 0.106 
 59  Puco009    (4)   :  0.119 0.110 0.106 0.109 0.119 0.109 0.113 0.108 0.013 0.093 
 60 UA00064561    (4)   :  0.072 0.144 0.137 0.146 0.062 0.122 0.110 0.128 0.014 0.065 
 61 UA00003479    (4)   :  0.118 0.093 0.111 0.122 0.080 0.094 0.129 0.124 0.021 0.108 
 62 UA00063747    (4)   :  0.108 0.106 0.116 0.126 0.076 0.096 0.120 0.119 0.011 0.123 
 63 UA00002558    (4)   :  0.120 0.107 0.096 0.103 0.130 0.112 0.111 0.105 0.016 0.100 
 64 UA00048410    (4)   :  0.106 0.124 0.112 0.120 0.107 0.117 0.109 0.115 0.011 0.080 
 65 UA00012249    (4)   :  0.098 0.119 0.122 0.127 0.077 0.094 0.115 0.139 0.013 0.097 
 66 UA00033818    (4)   :  0.062 0.055 0.057 0.055 0.054 0.053 0.054 0.055 0.491 0.064 
 67  Puco020    (4)   :  0.114 0.092 0.105 0.114 0.072 0.089 0.114 0.114 0.097 0.088 
 68 UA00002545    (9)   :  0.098 0.109 0.121 0.132 0.057 0.089 0.121 0.130 0.053 0.090 
 69 UA00048508    (4)   :  0.129 0.093 0.119 0.121 0.071 0.089 0.124 0.132 0.018 0.105 
 70 UA00064100    (4)   :  0.138 0.084 0.115 0.123 0.068 0.084 0.126 0.129 0.029 0.105 
 71 UA00014585    (4)   :  0.119 0.087 0.120 0.114 0.076 0.094 0.128 0.128 0.027 0.106 
 72 UA00063698    (4)   :  0.088 0.132 0.078 0.073 0.186 0.137 0.083 0.079 0.064 0.081 
 73 UA00049753    (4)   :  0.106 0.058 0.088 0.091 0.048 0.059 0.090 0.098 0.278 0.085 
 74 UA00049037    (4)   :  0.119 0.094 0.122 0.120 0.067 0.084 0.125 0.127 0.038 0.104 
 75 UA00034941    (4)   :  0.124 0.086 0.125 0.116 0.075 0.087 0.111 0.114 0.037 0.126 
 76 UA00008083    (4)   :  0.064 0.169 0.060 0.059 0.261 0.179 0.062 0.057 0.031 0.058 
 77 UA00015084    (4)   :  0.093 0.122 0.081 0.078 0.165 0.121 0.082 0.084 0.089 0.085 
 78 UA00041010    (9)   :  0.053 0.120 0.050 0.046 0.197 0.137 0.050 0.050 0.254 0.043 
 79 UA00035261    (4)   :  0.114 0.088 0.097 0.099 0.085 0.084 0.100 0.103 0.131 0.099 
 80 UA00035431    (4)   :  0.123 0.089 0.113 0.108 0.101 0.098 0.123 0.109 0.011 0.125 
 81 UA00045274    (0)   :  0.125 0.093 0.102 0.111 0.092 0.086 0.104 0.107 0.046 0.134 
 82 UA00028200    (4)   :  0.090 0.073 0.078 0.079 0.080 0.069 0.081 0.079 0.290 0.081 
 83 UA00064559    (0)   :  0.019 0.016 0.018 0.018 0.018 0.017 0.017 0.017 0.841 0.020 
 84 UA00040808    (0)   :  0.095 0.082 0.087 0.093 0.086 0.088 0.085 0.096 0.208 0.080 
 85 UA00049156    (0)   :  0.098 0.078 0.086 0.088 0.088 0.084 0.087 0.092 0.217 0.082 
 86 UA00003952    (4)   :  0.061 0.189 0.060 0.059 0.260 0.173 0.060 0.064 0.020 0.054 
 87 UA00063954    (0)   :  0.137 0.085 0.107 0.116 0.065 0.076 0.114 0.115 0.072 0.113 
 88 UA00062934    (0)   :  0.129 0.085 0.105 0.107 0.072 0.077 0.110 0.116 0.091 0.108 
 89 UA00033829    (0)   :  0.041 0.074 0.039 0.038 0.103 0.072 0.043 0.040 0.513 0.038 
 90 UA00064351    (4)   :  0.100 0.095 0.096 0.086 0.128 0.114 0.106 0.088 0.023 0.163 
 91 UA00003697    (4)   :  0.074 0.161 0.061 0.062 0.243 0.170 0.062 0.064 0.044 0.059 
 92 UA00063438    (4)   :  0.127 0.077 0.095 0.106 0.082 0.082 0.111 0.111 0.119 0.089 
 93 UA00007608    (0)   :  0.115 0.089 0.088 0.094 0.103 0.089 0.094 0.100 0.134 0.093 
 94 UA00019683    (4)   :  0.074 0.067 0.074 0.069 0.065 0.065 0.065 0.067 0.329 0.126 
 95 UA00007781    (0)   :  0.131 0.092 0.112 0.119 0.074 0.083 0.116 0.117 0.023 0.132 
 96 UA00002915    (0)   :  0.102 0.068 0.086 0.090 0.066 0.070 0.094 0.096 0.246 0.081 
 97  Puco031    (4)   :  0.127 0.098 0.118 0.128 0.067 0.090 0.122 0.128 0.026 0.096 
 98 UA00048280    (4)   :  0.128 0.088 0.120 0.107 0.091 0.086 0.109 0.114 0.019 0.138 
 99 UA00048589    (0)   :  0.111 0.094 0.115 0.107 0.076 0.087 0.092 0.108 0.040 0.171 
100 UA00034417    (0)   :  0.117 0.103 0.100 0.106 0.100 0.097 0.103 0.113 0.073 0.089 
101 UA00050411    (4)   :  0.102 0.108 0.133 0.136 0.057 0.090 0.121 0.140 0.010 0.103 
102  Puco029    (4)   :  0.107 0.110 0.118 0.125 0.071 0.087 0.099 0.114 0.017 0.153 
103   F03403    (4)   :  0.099 0.099 0.101 0.104 0.095 0.092 0.088 0.091 0.012 0.219 
104 UA00049904    (0)   :  0.122 0.077 0.102 0.106 0.079 0.086 0.115 0.106 0.089 0.116 
105 UA00035335    (0)   :  0.099 0.119 0.120 0.143 0.059 0.098 0.103 0.112 0.014 0.134 
106 UA00012611    (0)   :  0.138 0.085 0.115 0.126 0.067 0.074 0.129 0.130 0.022 0.114 
107 UA00050319    (0)   :  0.093 0.094 0.105 0.091 0.102 0.103 0.095 0.085 0.013 0.219 
108 UA00032068    (4)   :  0.136 0.076 0.114 0.117 0.060 0.083 0.121 0.120 0.064 0.111 
109 UA00032026    (4)   :  0.122 0.095 0.119 0.132 0.063 0.085 0.119 0.117 0.041 0.106 
110 UA00030476    (4)   :  0.098 0.092 0.109 0.091 0.091 0.086 0.079 0.085 0.040 0.230 
111 UA00046853    (0)   :  0.088 0.090 0.095 0.076 0.141 0.127 0.109 0.083 0.032 0.159 
112 UA00040156    (4)   :  0.010 0.010 0.009 0.009 0.010 0.010 0.010 0.009 0.913 0.010 
113 UA00030528    (4)   :  0.131 0.074 0.110 0.121 0.052 0.075 0.114 0.116 0.121 0.087 
114  Puco025    (4)   :  0.086 0.133 0.140 0.146 0.050 0.107 0.118 0.118 0.015 0.087 
115    pc016    (0)   :  0.009 0.009 0.009 0.009 0.010 0.009 0.009 0.009 0.916 0.009 
116 UA00030617    (4)   :  0.086 0.137 0.134 0.149 0.052 0.113 0.120 0.118 0.012 0.078 
117 UA00030585    (4)   :  0.018 0.019 0.017 0.017 0.020 0.019 0.018 0.017 0.836 0.019 
118 UA00032060    (4)   :  0.122 0.076 0.102 0.108 0.065 0.076 0.105 0.105 0.129 0.112 
119    pc007    (0)   :  0.100 0.096 0.107 0.095 0.098 0.106 0.111 0.094 0.036 0.157 
120 UA00030798    (4)   :  0.028 0.021 0.025 0.027 0.021 0.022 0.026 0.026 0.779 0.025 
121 UA00030778    (4)   :  0.116 0.107 0.127 0.136 0.059 0.084 0.124 0.140 0.009 0.099 
122 UA00039674    (4)   :  0.016 0.013 0.014 0.014 0.013 0.014 0.016 0.015 0.871 0.014 
123 UA00032241    (4)   :  0.093 0.116 0.129 0.126 0.074 0.121 0.112 0.105 0.011 0.112 
124 UA00011624    (0)   :  0.107 0.094 0.127 0.118 0.072 0.093 0.122 0.128 0.016 0.124 
125 UA00033779    (4)   :  0.100 0.091 0.104 0.088 0.118 0.114 0.102 0.083 0.017 0.184 
126 UA00049402    (4)   :  0.106 0.100 0.116 0.117 0.087 0.099 0.112 0.132 0.028 0.103 
127 UA00033653    (0)   :  0.084 0.089 0.098 0.078 0.138 0.121 0.101 0.075 0.014 0.201 
128 UA00047738    (0)   :  0.129 0.088 0.108 0.110 0.094 0.098 0.119 0.108 0.033 0.113 
129 UA00047502    (4)   :  0.120 0.093 0.107 0.114 0.102 0.103 0.116 0.111 0.039 0.093 
130 UA00012014    (4)   :  0.131 0.092 0.123 0.125 0.068 0.085 0.129 0.126 0.024 0.097 
131 UA00040729    (0)   :  0.103 0.109 0.118 0.124 0.073 0.090 0.090 0.107 0.025 0.161 
132 UA00030392    (4)   :  0.093 0.117 0.139 0.136 0.057 0.108 0.121 0.123 0.023 0.083 
133 UA00050033    (0)   :  0.111 0.098 0.118 0.118 0.077 0.100 0.122 0.109 0.038 0.109 
134 UA00012152    (0)   :  0.065 0.174 0.072 0.075 0.227 0.169 0.071 0.080 0.011 0.057 
135 UA00050406    (0)   :  0.135 0.086 0.123 0.122 0.069 0.084 0.122 0.125 0.027 0.107 
136 UA00047973    (0)   :  0.131 0.086 0.110 0.120 0.081 0.087 0.125 0.118 0.020 0.123 
137 UA00008051    (0)   :  0.113 0.098 0.112 0.112 0.098 0.107 0.113 0.102 0.054 0.092 
138 UA00047337    (4)   :  0.107 0.088 0.108 0.114 0.065 0.082 0.105 0.111 0.113 0.107 
139 UA00041604    (4)   :  0.125 0.098 0.105 0.110 0.100 0.100 0.117 0.108 0.046 0.091 
140 UA00031704    (4)   :  0.115 0.095 0.129 0.128 0.055 0.085 0.128 0.138 0.015 0.112 
141 UA00040423    (4)   :  0.124 0.083 0.121 0.114 0.062 0.084 0.125 0.125 0.052 0.108 
142 UA00049433    (0)   :  0.123 0.087 0.116 0.118 0.081 0.091 0.120 0.131 0.038 0.096 
143 UA00034816    (0)   :  0.081 0.135 0.124 0.129 0.080 0.121 0.111 0.122 0.021 0.077 
144 UA00050214    (0)   :  0.061 0.152 0.154 0.160 0.043 0.122 0.107 0.120 0.015 0.066 
145 UA00041073    (0)   :  0.114 0.097 0.112 0.110 0.095 0.106 0.124 0.109 0.042 0.092 
146 UA00030318    (4)   :  0.108 0.107 0.122 0.124 0.073 0.103 0.120 0.126 0.017 0.100 
147 UA00046845    (0)   :  0.097 0.116 0.124 0.124 0.079 0.104 0.112 0.126 0.031 0.088 
148 UA00063946    (0)   :  0.085 0.094 0.100 0.080 0.119 0.109 0.085 0.077 0.023 0.229 
149 UA00031374    (4)   :  0.126 0.093 0.117 0.124 0.076 0.093 0.126 0.116 0.025 0.103 
150    M1136    (4)   :  0.082 0.076 0.087 0.097 0.045 0.071 0.085 0.084 0.312 0.060 
151 UA00034299    (0)   :  0.066 0.148 0.140 0.158 0.048 0.120 0.110 0.119 0.020 0.071 
152 UA00002387    (4)   :  0.117 0.102 0.117 0.126 0.071 0.092 0.128 0.135 0.012 0.099 
153 UA00021855    (0)   :  0.120 0.087 0.114 0.099 0.105 0.102 0.125 0.107 0.026 0.115 
154 UA00014500    (0)   :  0.129 0.084 0.118 0.135 0.061 0.075 0.124 0.131 0.034 0.109 
155 UA00050419    (4)   :  0.056 0.157 0.150 0.158 0.046 0.129 0.107 0.123 0.013 0.063 
156 UA00031854    (4)   :  0.125 0.095 0.107 0.113 0.085 0.099 0.121 0.121 0.026 0.108 
157    pc011    (4)   :  0.094 0.118 0.131 0.134 0.059 0.087 0.122 0.145 0.013 0.096 
158 UA00033004    (0)   :  0.116 0.092 0.119 0.124 0.063 0.084 0.131 0.130 0.042 0.099 
159 UA00046510    (0)   :  0.116 0.114 0.109 0.118 0.097 0.106 0.112 0.123 0.017 0.089 
160 UA00048747    (0)   :  0.112 0.105 0.123 0.130 0.068 0.097 0.128 0.130 0.018 0.090 
161 UA00014293    (0)   :  0.100 0.107 0.127 0.137 0.060 0.089 0.127 0.141 0.016 0.097 
162 UA00047686    (0)   :  0.124 0.106 0.102 0.108 0.113 0.106 0.112 0.116 0.025 0.088 
163 UA00033783    (4)   :  0.081 0.078 0.076 0.071 0.095 0.080 0.073 0.072 0.272 0.101 
164 UA00042609    (4)   :  0.097 0.119 0.100 0.100 0.142 0.123 0.095 0.105 0.032 0.086 
165 UA00031169    (4)   :  0.082 0.140 0.137 0.148 0.049 0.110 0.115 0.127 0.021 0.072 
166 UA00035181    (0)   :  0.119 0.095 0.113 0.129 0.067 0.084 0.119 0.126 0.008 0.140 
167 UA00050133    (0)   :  0.126 0.091 0.117 0.123 0.072 0.089 0.123 0.130 0.026 0.103 
168  Puco011    (4)   :  0.095 0.114 0.131 0.134 0.062 0.092 0.111 0.141 0.026 0.096 
169 UA00041476    (0)   :  0.120 0.095 0.114 0.120 0.078 0.100 0.121 0.118 0.047 0.086 
170 UA00046702    (0)   :  0.083 0.125 0.135 0.142 0.052 0.098 0.121 0.139 0.018 0.088 
171 UA00019940    (0)   :  0.119 0.104 0.117 0.126 0.084 0.103 0.121 0.111 0.024 0.092 
172 UA00049813    (0)   :  0.108 0.092 0.109 0.097 0.117 0.113 0.114 0.102 0.027 0.121 
173 UA00064165    (0)   :  0.098 0.133 0.081 0.081 0.182 0.146 0.090 0.087 0.028 0.074 
174 UA00064421    (0)   :  0.107 0.131 0.093 0.098 0.148 0.127 0.100 0.105 0.011 0.079 
175 UA00064569    (4)   :  0.090 0.124 0.138 0.137 0.057 0.114 0.114 0.121 0.010 0.094 
176 UA00003996    (0)   :  0.100 0.121 0.108 0.112 0.097 0.109 0.115 0.121 0.028 0.089 
177 UA00064491    (4)   :  0.083 0.130 0.136 0.140 0.070 0.117 0.111 0.119 0.015 0.079 
178 UA00011899    (0)   :  0.136 0.082 0.113 0.111 0.078 0.092 0.133 0.120 0.031 0.104 
179  Puco015    (4)   :  0.117 0.094 0.110 0.116 0.067 0.086 0.118 0.121 0.073 0.099 
180 UA00047929    (4)   :  0.096 0.105 0.129 0.122 0.076 0.106 0.105 0.104 0.019 0.139 
181 UA00056669    (0)   :  0.135 0.091 0.113 0.118 0.080 0.096 0.130 0.124 0.015 0.097 
182 UA00050176    (0)   :  0.126 0.081 0.112 0.107 0.086 0.092 0.130 0.121 0.040 0.106 
183  Puco014    (4)   :  0.116 0.089 0.116 0.108 0.092 0.094 0.117 0.112 0.024 0.131 
184 UA00019608    (0)   :  0.122 0.095 0.118 0.126 0.074 0.092 0.127 0.130 0.020 0.096 
185 UA00064333    (0)   :  0.121 0.090 0.119 0.127 0.066 0.097 0.130 0.131 0.018 0.101 
186  Puco013    (4)   :  0.122 0.105 0.108 0.110 0.107 0.103 0.116 0.112 0.021 0.095 
187 UA00016092    (0)   :  0.087 0.124 0.137 0.146 0.052 0.107 0.117 0.129 0.011 0.089 
188 UA00019060    (0)   :  0.063 0.149 0.057 0.053 0.234 0.177 0.060 0.059 0.097 0.049 
189 UA00063532    (0)   :  0.116 0.091 0.115 0.110 0.077 0.095 0.124 0.119 0.041 0.113 
190 UA00064117    (0)   :  0.086 0.108 0.081 0.077 0.144 0.123 0.085 0.084 0.139 0.073 
191 UA00011969    (0)   :  0.130 0.086 0.115 0.112 0.085 0.093 0.122 0.119 0.032 0.106 
192 UA00034586    (4)   :  0.120 0.096 0.121 0.120 0.076 0.097 0.124 0.112 0.015 0.120 
193 UA00030736    (4)   :  0.135 0.081 0.118 0.126 0.061 0.083 0.138 0.127 0.027 0.104 
194 UA00048493    (0)   :  0.125 0.090 0.116 0.117 0.067 0.086 0.122 0.125 0.047 0.105 
195 UA00040466    (0)   :  0.047 0.199 0.044 0.044 0.313 0.200 0.045 0.049 0.016 0.044 
196 UA00047659    (0)   :  0.137 0.089 0.120 0.126 0.070 0.080 0.121 0.128 0.013 0.115 
197 UA00042002    (4)   :  0.111 0.086 0.101 0.097 0.073 0.077 0.097 0.112 0.120 0.125 
198 UA00062606    (0)   :  0.116 0.099 0.112 0.114 0.096 0.101 0.115 0.120 0.025 0.102 
199 UA00030615    (4)   :  0.040 0.208 0.036 0.035 0.341 0.218 0.039 0.038 0.013 0.032 
200 UA00048899    (0)   :  0.139 0.083 0.118 0.116 0.071 0.083 0.129 0.128 0.023 0.111 
201 UA00047725    (0)   :  0.013 0.246 0.013 0.013 0.417 0.248 0.013 0.013 0.012 0.013 
202 UA00030866    (4)   :  0.121 0.079 0.133 0.129 0.069 0.087 0.116 0.130 0.017 0.118 
203 UA00034564    (0)   :  0.129 0.083 0.127 0.131 0.060 0.087 0.122 0.135 0.020 0.106 
204 UA00046520    (0)   :  0.096 0.090 0.105 0.091 0.111 0.117 0.102 0.084 0.015 0.191 
205 UA00035027    (0)   :  0.125 0.091 0.118 0.111 0.085 0.091 0.115 0.116 0.030 0.117 
206 UA00035421    (0)   :  0.098 0.117 0.102 0.100 0.140 0.127 0.099 0.106 0.018 0.092 
207 UA00062740    (4)   :  0.118 0.089 0.126 0.120 0.080 0.089 0.103 0.120 0.037 0.118 
208 UA00012360    (0)   :  0.027 0.230 0.027 0.027 0.367 0.227 0.028 0.029 0.013 0.025 
209 UA00050203    (0)   :  0.123 0.091 0.117 0.121 0.067 0.091 0.119 0.124 0.027 0.121 
210 UA00040534    (4)   :  0.089 0.114 0.078 0.075 0.164 0.124 0.080 0.078 0.132 0.066 
211 UA00031261    (4)   :  0.069 0.145 0.069 0.060 0.232 0.159 0.066 0.067 0.073 0.060 
212 UA00031917    (4)   :  0.089 0.108 0.086 0.082 0.157 0.124 0.082 0.089 0.100 0.082 
213 UA00040798    (4)   :  0.080 0.135 0.076 0.070 0.201 0.156 0.087 0.071 0.049 0.075 
214 UA00030598    (4)   :  0.096 0.116 0.087 0.086 0.152 0.129 0.095 0.095 0.058 0.086 
215 UA00050385    (0)   :  0.128 0.087 0.116 0.120 0.078 0.090 0.125 0.131 0.023 0.102 
216 UA00058283    (0)   :  0.024 0.221 0.023 0.023 0.374 0.229 0.024 0.024 0.033 0.024 
217 UA00042297    (4)   :  0.063 0.068 0.062 0.055 0.093 0.083 0.073 0.063 0.375 0.065 
218 UA00015415    (4)   :  0.025 0.228 0.025 0.024 0.382 0.231 0.023 0.025 0.013 0.024 
219 UA00035531    (0)   :  0.053 0.180 0.046 0.047 0.285 0.181 0.048 0.051 0.066 0.043 
220 UA00048683    (0)   :  0.061 0.175 0.058 0.060 0.270 0.185 0.060 0.062 0.016 0.054 
221 UA00046734    (4)   :  0.027 0.226 0.025 0.026 0.374 0.224 0.028 0.027 0.016 0.025 
222   pcRF01    (0)   :  0.074 0.145 0.132 0.156 0.048 0.107 0.120 0.135 0.009 0.075 
223 UA00007223    (0)   :  0.111 0.096 0.115 0.108 0.099 0.100 0.107 0.119 0.038 0.106 
224 UA00013841    (0)   :  0.114 0.108 0.113 0.119 0.064 0.077 0.094 0.118 0.056 0.137 
225 UA00014196    (0)   :  0.070 0.162 0.062 0.063 0.248 0.175 0.061 0.068 0.038 0.055 
226 UA00034635    (0)   :  0.126 0.087 0.118 0.126 0.073 0.091 0.132 0.122 0.015 0.109 
227 UA00047371    (0)   :  0.127 0.071 0.104 0.099 0.071 0.077 0.118 0.101 0.130 0.103 
228 UA00063544    (0)   :  0.115 0.082 0.103 0.103 0.079 0.085 0.105 0.101 0.116 0.111 
229 UA00064246    (0)   :  0.113 0.100 0.094 0.093 0.118 0.104 0.105 0.099 0.068 0.106 
230 UA00064328    (0)   :  0.121 0.098 0.105 0.102 0.118 0.105 0.113 0.109 0.044 0.086 
231 UA00002952    (0)   :  0.112 0.092 0.110 0.103 0.101 0.097 0.099 0.109 0.082 0.095 
232 UA00064079    (0)   :  0.124 0.089 0.110 0.111 0.075 0.090 0.118 0.106 0.089 0.087 
233 UA00046793    (0)   :  0.101 0.097 0.091 0.097 0.114 0.102 0.101 0.104 0.110 0.083 
234 UA00034769    (0)   :  0.077 0.067 0.074 0.069 0.080 0.077 0.076 0.070 0.325 0.086 
235 UA00034949    (0)   :  0.113 0.097 0.116 0.111 0.106 0.099 0.108 0.116 0.035 0.099 
236 UA00063753    (0)   :  0.099 0.094 0.097 0.084 0.127 0.111 0.102 0.088 0.043 0.154 
237 UA00015713    (0)   :  0.121 0.081 0.107 0.100 0.080 0.087 0.107 0.106 0.076 0.135 
238 UA00003494    (0)   :  0.104 0.087 0.115 0.110 0.081 0.097 0.112 0.129 0.066 0.099 
239 UA00056767    (0)   :  0.089 0.092 0.103 0.085 0.131 0.121 0.112 0.076 0.009 0.183 
240 UA00014461    (0)   :  0.110 0.104 0.105 0.107 0.098 0.102 0.110 0.114 0.053 0.096 
241 UA00034669    (0)   :  0.098 0.132 0.080 0.082 0.172 0.126 0.082 0.083 0.068 0.077 
242 UA00048164    (0)   :  0.115 0.115 0.099 0.110 0.125 0.107 0.106 0.113 0.015 0.096 
243 UA00007974    (0)   :  0.119 0.093 0.106 0.105 0.089 0.077 0.093 0.104 0.036 0.177 
244 UA00016166    (0)   :  0.101 0.087 0.101 0.111 0.061 0.079 0.101 0.104 0.180 0.074 
245 UA00015653    (0)   :  0.109 0.090 0.092 0.103 0.098 0.087 0.097 0.102 0.131 0.091 
246 UA00063882    (0)   :  0.091 0.127 0.085 0.086 0.161 0.120 0.085 0.093 0.076 0.076 
247 UA00049027    (0)   :  0.112 0.090 0.098 0.098 0.089 0.087 0.100 0.100 0.126 0.101 
248 UA00018878    (0)   :  0.117 0.086 0.095 0.101 0.069 0.068 0.089 0.101 0.136 0.139 
249 UA00038796    (0)   :  0.107 0.118 0.097 0.100 0.146 0.113 0.098 0.103 0.019 0.098 
250 UA00013465    (0)   :  0.056 0.181 0.051 0.050 0.294 0.191 0.051 0.051 0.025 0.050 
251 UA00014604    (0)   :  0.115 0.109 0.093 0.100 0.131 0.110 0.102 0.101 0.043 0.096 
252 UA00041913    (0)   :  0.088 0.081 0.095 0.077 0.106 0.099 0.100 0.079 0.148 0.127 
253 UA00021632    (0)   :  0.091 0.065 0.075 0.081 0.067 0.067 0.082 0.078 0.322 0.072 
254 UA00064027    (0)   :  0.134 0.083 0.101 0.110 0.091 0.087 0.116 0.120 0.060 0.098 
255 UA00015023    (0)   :  0.114 0.111 0.110 0.124 0.081 0.105 0.119 0.120 0.024 0.092 
256 UA00050243    (0)   :  0.128 0.073 0.099 0.102 0.064 0.078 0.115 0.112 0.137 0.091 
257 UA00048298    (0)   :  0.115 0.095 0.117 0.114 0.085 0.102 0.124 0.113 0.037 0.097 
258 UA00050437    (0)   :  0.128 0.105 0.100 0.110 0.118 0.107 0.114 0.109 0.026 0.082 
259 UA00014262    (0)   :  0.126 0.086 0.113 0.111 0.072 0.087 0.116 0.117 0.066 0.106 
260 UA00049129    (0)   :  0.112 0.090 0.112 0.110 0.085 0.094 0.113 0.107 0.049 0.129 
261 UA00014740    (0)   :  0.114 0.089 0.114 0.109 0.094 0.096 0.106 0.108 0.045 0.124 
262 UA00049612    (0)   :  0.043 0.047 0.043 0.039 0.056 0.049 0.042 0.044 0.594 0.044 
263 UA00014635    (0)   :  0.094 0.099 0.108 0.102 0.097 0.116 0.100 0.089 0.013 0.181 
264 UA00014673    (0)   :  0.112 0.111 0.095 0.096 0.122 0.100 0.094 0.098 0.065 0.106 
265 UA00033608    (0)   :  0.086 0.068 0.075 0.072 0.080 0.077 0.080 0.074 0.297 0.091 
266 UA00064540    (0)   :  0.107 0.095 0.108 0.095 0.103 0.103 0.095 0.092 0.024 0.177 
267 UA00050256    (0)   :  0.124 0.082 0.102 0.108 0.086 0.086 0.112 0.106 0.101 0.093 
268 UA00015274    (0)   :  0.119 0.107 0.120 0.120 0.076 0.096 0.115 0.123 0.020 0.105 
269 UA00062993    (0)   :  0.132 0.091 0.111 0.115 0.091 0.093 0.119 0.112 0.011 0.125 
270 UA00038364    (0)   :  0.128 0.087 0.110 0.106 0.090 0.088 0.117 0.107 0.053 0.114 
271 UA00014446    (0)   :  0.144 0.085 0.119 0.120 0.067 0.092 0.130 0.127 0.012 0.103 
272 UA00063545    (0)   :  0.082 0.074 0.068 0.069 0.091 0.079 0.071 0.072 0.330 0.064 
273 UA00040054    (0)   :  0.114 0.109 0.119 0.136 0.058 0.084 0.106 0.130 0.028 0.116 
274 UA00058447    (0)   :  0.128 0.089 0.113 0.120 0.075 0.077 0.111 0.118 0.027 0.143 
275 UA00046835    (0)   :  0.115 0.091 0.116 0.111 0.081 0.095 0.110 0.112 0.025 0.143 
276 UA00014608    (0)   :  0.134 0.087 0.116 0.117 0.078 0.086 0.123 0.124 0.019 0.117 
277    pc012    (0)   :  0.130 0.091 0.113 0.120 0.088 0.090 0.113 0.116 0.033 0.104 
278    pc002    (0)   :  0.100 0.068 0.082 0.082 0.069 0.073 0.091 0.087 0.271 0.076 
279 UA00033690    (0)   :  0.096 0.096 0.099 0.087 0.090 0.080 0.073 0.085 0.094 0.199 
280 UA00013688    (0)   :  0.133 0.093 0.113 0.117 0.085 0.091 0.115 0.115 0.029 0.109 
281 UA00063666    (0)   :  0.094 0.083 0.104 0.079 0.111 0.102 0.090 0.080 0.055 0.202 
282 UA00063292    (0)   :  0.090 0.093 0.105 0.086 0.114 0.107 0.088 0.082 0.013 0.222 
283    pc001    (0)   :  0.136 0.089 0.109 0.119 0.084 0.089 0.121 0.121 0.021 0.112 
284    pc008    (0)   :  0.119 0.099 0.115 0.106 0.088 0.089 0.108 0.111 0.022 0.142 
285 UA00034316    (0)   :  0.089 0.108 0.091 0.093 0.112 0.107 0.093 0.089 0.152 0.066 
286 UA00013046    (0)   :  0.090 0.116 0.130 0.132 0.072 0.115 0.108 0.106 0.018 0.114 
287 UA00050241    (0)   :  0.105 0.099 0.110 0.104 0.095 0.103 0.103 0.094 0.016 0.170 
288 UA00048599    (0)   :  0.123 0.089 0.117 0.113 0.082 0.087 0.108 0.109 0.014 0.158 
289 UA00046649    (0)   :  0.105 0.085 0.098 0.098 0.067 0.073 0.093 0.095 0.181 0.105 
290 UA00015674    (0)   :  0.078 0.065 0.074 0.067 0.071 0.064 0.068 0.067 0.344 0.100 
291 UA00013177    (0)   :  0.104 0.093 0.101 0.092 0.111 0.109 0.103 0.093 0.066 0.128 
292 UA00012814    (0)   :  0.125 0.092 0.117 0.115 0.075 0.088 0.125 0.133 0.022 0.106 
293 UA00034654    (0)   :  0.126 0.097 0.126 0.122 0.065 0.091 0.114 0.124 0.014 0.121 
294 UA00046743    (0)   :  0.094 0.110 0.116 0.117 0.085 0.097 0.088 0.098 0.017 0.177 
295 UA00014854    (0)   :  0.101 0.098 0.105 0.097 0.077 0.079 0.075 0.100 0.059 0.209 
296 UA00013729    (0)   :  0.104 0.121 0.126 0.142 0.066 0.102 0.116 0.112 0.024 0.089 
297 UA00063483    (0)   :  0.114 0.087 0.115 0.098 0.102 0.104 0.132 0.103 0.017 0.127 
298 UA00039326    (0)   :  0.114 0.091 0.109 0.108 0.073 0.083 0.098 0.113 0.064 0.146 
299 UA00014742    (0)   :  0.111 0.084 0.104 0.085 0.119 0.113 0.120 0.095 0.021 0.149 
300 UA00049597    (0)   :  0.088 0.084 0.089 0.082 0.060 0.060 0.069 0.089 0.240 0.139 
301 UA00048067    (0)   :  0.120 0.087 0.111 0.103 0.091 0.089 0.111 0.108 0.046 0.133 
302 UA00012918    (0)   :  0.090 0.094 0.101 0.085 0.082 0.079 0.066 0.086 0.097 0.220 
303 UA00013487    (0)   :  0.069 0.147 0.134 0.160 0.042 0.107 0.113 0.136 0.014 0.077 
304 UA00046759    (0)   :  0.120 0.095 0.103 0.105 0.109 0.103 0.109 0.103 0.057 0.096 
305 UA00050164    (0)   :  0.057 0.052 0.053 0.059 0.037 0.045 0.055 0.059 0.535 0.049 
306 UA00049839    (0)   :  0.090 0.097 0.101 0.080 0.144 0.132 0.119 0.084 0.017 0.135 
307 UA00048444    (0)   :  0.072 0.086 0.091 0.063 0.150 0.124 0.093 0.059 0.056 0.205 
308 UA00063857    (0)   :  0.108 0.094 0.121 0.113 0.076 0.099 0.113 0.109 0.025 0.142 
309 UA00014921    (0)   :  0.091 0.062 0.083 0.079 0.059 0.066 0.086 0.085 0.298 0.091 
310 UA00048895    (0)   :  0.089 0.064 0.082 0.076 0.060 0.065 0.081 0.080 0.315 0.087 
311 UA00014556    (0)   :  0.130 0.092 0.108 0.107 0.108 0.097 0.118 0.115 0.018 0.108 
312    pc009    (0)   :  0.080 0.092 0.101 0.073 0.143 0.129 0.099 0.071 0.014 0.198 
313 UA00014959    (0)   :  0.092 0.081 0.090 0.088 0.061 0.066 0.075 0.084 0.235 0.129 
314 UA00020709    (0)   :  0.118 0.105 0.111 0.112 0.074 0.078 0.096 0.117 0.045 0.143 
315 UA00013126    (0)   :  0.014 0.014 0.014 0.013 0.014 0.014 0.014 0.013 0.876 0.014 
316 UA00013695    (0)   :  0.027 0.023 0.025 0.026 0.021 0.021 0.025 0.026 0.781 0.026 
317 UA00049344    (0)   :  0.106 0.062 0.080 0.089 0.058 0.063 0.086 0.090 0.281 0.085 
318 UA00047614    (0)   :  0.040 0.050 0.038 0.037 0.064 0.052 0.038 0.038 0.608 0.037 
319 UA00014221    (0)   :  0.110 0.094 0.106 0.103 0.098 0.100 0.105 0.095 0.008 0.181 
320 UA00014346    (0)   :  0.116 0.082 0.104 0.100 0.098 0.094 0.113 0.097 0.030 0.167 
321 UA00014245    (0)   :  0.093 0.096 0.096 0.101 0.065 0.066 0.075 0.091 0.148 0.169 
322 UA00014696    (0)   :  0.017 0.017 0.016 0.017 0.017 0.017 0.016 0.017 0.849 0.016 
323 UA00006991    (0)   :  0.139 0.090 0.117 0.128 0.072 0.090 0.124 0.126 0.015 0.099 
324 UA00048948    (0)   :  0.138 0.086 0.112 0.115 0.082 0.096 0.128 0.125 0.021 0.098 
325 UA00002239    (0)   :  0.126 0.100 0.113 0.119 0.074 0.089 0.120 0.136 0.023 0.100 
326 UA00063459    (0)   :  0.096 0.096 0.107 0.097 0.095 0.088 0.083 0.088 0.019 0.231 
327 UA00048356    (0)   :  0.122 0.096 0.107 0.106 0.101 0.100 0.117 0.108 0.028 0.116 
328 UA00063940    (0)   :  0.120 0.100 0.116 0.120 0.087 0.107 0.118 0.113 0.031 0.088 
329 UA00048130    (0)   :  0.113 0.085 0.107 0.091 0.109 0.105 0.122 0.095 0.016 0.157 
330 UA00048903    (0)   :  0.077 0.128 0.145 0.147 0.058 0.125 0.110 0.113 0.011 0.085 
331 UA00064643    (0)   :  0.121 0.096 0.115 0.122 0.081 0.099 0.123 0.111 0.033 0.099 
332 UA00050233    (0)   :  0.119 0.098 0.118 0.112 0.094 0.102 0.120 0.115 0.017 0.105 
333 UA00012507    (0)   :  0.127 0.098 0.112 0.114 0.098 0.096 0.118 0.125 0.013 0.099 
334 UA00064416    (0)   :  0.101 0.121 0.125 0.146 0.059 0.098 0.124 0.124 0.016 0.086 
335 UA00034724    (0)   :  0.117 0.094 0.119 0.110 0.095 0.103 0.125 0.112 0.017 0.109 
336 UA00002621    (0)   :  0.112 0.099 0.130 0.121 0.075 0.101 0.120 0.116 0.015 0.111 
337 UA00033203    (0)   :  0.092 0.122 0.126 0.140 0.054 0.104 0.119 0.128 0.029 0.084 
338 UA00011996    (0)   :  0.142 0.075 0.115 0.124 0.065 0.077 0.138 0.127 0.027 0.110 
339 UA00014408    (0)   :  0.104 0.135 0.092 0.098 0.151 0.121 0.098 0.104 0.020 0.077 
340 UA00049502    (0)   :  0.125 0.092 0.109 0.097 0.110 0.107 0.122 0.107 0.016 0.115 
341 UA00062695    (0)   :  0.120 0.086 0.101 0.100 0.097 0.091 0.113 0.099 0.050 0.142 
342 UA00014072    (0)   :  0.098 0.091 0.105 0.083 0.124 0.117 0.121 0.090 0.026 0.144 
343 UA00003334    (0)   :  0.094 0.102 0.137 0.125 0.073 0.113 0.104 0.103 0.021 0.130 
344 UA00013835    (0)   :  0.136 0.085 0.108 0.118 0.076 0.082 0.120 0.117 0.031 0.128 
345 UA00046760    (0)   :  0.115 0.074 0.099 0.090 0.088 0.092 0.118 0.094 0.123 0.107 
346 UA00014241    (0)   :  0.111 0.097 0.122 0.125 0.072 0.093 0.116 0.122 0.016 0.125 
347 UA00049585    (0)   :  0.113 0.086 0.108 0.094 0.106 0.106 0.132 0.103 0.017 0.135 
348 UA00013409    (0)   :  0.086 0.104 0.089 0.071 0.165 0.134 0.105 0.078 0.028 0.140 
349 UA00047548    (0)   :  0.140 0.084 0.118 0.124 0.066 0.079 0.129 0.126 0.023 0.111 
350 UA00049038    (0)   :  0.095 0.078 0.085 0.081 0.090 0.082 0.091 0.086 0.225 0.088 
351 UA00047612    (0)   :  0.129 0.092 0.122 0.118 0.075 0.093 0.122 0.123 0.016 0.110 
352 UA00014822    (0)   :  0.108 0.082 0.098 0.092 0.090 0.081 0.098 0.099 0.159 0.094 
353 UA00035299    (0)   :  0.115 0.103 0.124 0.136 0.062 0.102 0.121 0.115 0.027 0.093 
354 UA00012804    (0)   :  0.113 0.068 0.089 0.089 0.061 0.071 0.099 0.094 0.235 0.082 
355 UA00049578    (0)   :  0.124 0.096 0.112 0.106 0.102 0.101 0.122 0.112 0.019 0.104 
356 UA00047672    (0)   :  0.090 0.131 0.131 0.148 0.053 0.107 0.114 0.130 0.014 0.083 
357 UA00043961    (0)   :  0.046 0.048 0.047 0.044 0.056 0.050 0.044 0.042 0.576 0.046 
358 UA00064575    (0)   :  0.101 0.103 0.099 0.086 0.149 0.125 0.109 0.091 0.024 0.113 
359 UA00014732    (0)   :  0.129 0.102 0.113 0.125 0.078 0.093 0.129 0.123 0.014 0.094 
360 UA00050181    (0)   :  0.133 0.082 0.122 0.127 0.067 0.083 0.134 0.136 0.009 0.108 
361 UA00033369    (0)   :  0.118 0.077 0.101 0.106 0.068 0.078 0.116 0.110 0.138 0.087 
362 UA00011982    (0)   :  0.051 0.167 0.150 0.172 0.038 0.126 0.109 0.118 0.011 0.059 
363 UA00014590    (0)   :  0.125 0.093 0.116 0.121 0.066 0.092 0.122 0.121 0.058 0.087 
364 UA00047743    (0)   :  0.113 0.106 0.126 0.137 0.055 0.094 0.122 0.134 0.014 0.098 
365 UA00046621    (0)   :  0.109 0.113 0.122 0.137 0.059 0.097 0.119 0.132 0.014 0.097 
366 UA00050422    (0)   :  0.129 0.097 0.113 0.120 0.091 0.100 0.122 0.116 0.016 0.096 
367 UA00002760    (0)   :  0.120 0.090 0.109 0.106 0.090 0.099 0.122 0.108 0.045 0.111 
368 UA00012999    (0)   :  0.121 0.090 0.123 0.125 0.055 0.089 0.123 0.121 0.063 0.089 
369 UA00063838    (0)   :  0.102 0.114 0.130 0.135 0.073 0.115 0.108 0.109 0.014 0.100 
370 UA00003729    (0)   :  0.114 0.099 0.092 0.088 0.112 0.095 0.094 0.095 0.103 0.109 
371 UA00015348    (0)   :  0.092 0.088 0.098 0.080 0.139 0.121 0.119 0.078 0.039 0.147 
372 UA00019058    (0)   :  0.101 0.102 0.100 0.098 0.117 0.104 0.096 0.085 0.026 0.172 
373 UA00049549    (0)   :  0.082 0.089 0.094 0.073 0.113 0.102 0.084 0.071 0.066 0.226 
374 UA00014334    (0)   :  0.125 0.090 0.123 0.124 0.076 0.090 0.117 0.127 0.022 0.106 
375 UA00014350    (0)   :  0.033 0.181 0.162 0.179 0.031 0.134 0.100 0.125 0.008 0.047 
376 UA00049227    (0)   :  0.126 0.074 0.114 0.113 0.072 0.082 0.108 0.117 0.095 0.099 
377 UA00014051    (0)   :  0.108 0.114 0.117 0.125 0.087 0.105 0.118 0.123 0.013 0.091 
378 UA00034381    (0)   :  0.108 0.104 0.117 0.112 0.095 0.109 0.121 0.114 0.020 0.100 
379 UA00002354    (0)   :  0.082 0.128 0.126 0.152 0.049 0.109 0.123 0.133 0.013 0.085 
380 UA00049892    (0)   :  0.089 0.109 0.120 0.122 0.084 0.113 0.108 0.098 0.046 0.111 
381 UA00021989    (0)   :  0.107 0.101 0.118 0.118 0.085 0.109 0.125 0.122 0.013 0.103 
382 UA00048968    (0)   :  0.128 0.089 0.121 0.123 0.068 0.088 0.128 0.127 0.015 0.111 
383 UA00013174    (0)   :  0.100 0.117 0.126 0.137 0.065 0.098 0.115 0.127 0.025 0.090 
384 UA00033992    (0)   :  0.123 0.074 0.108 0.109 0.061 0.077 0.117 0.121 0.115 0.095 
385 UA00015801    (0)   :  0.060 0.159 0.156 0.164 0.040 0.126 0.107 0.120 0.008 0.061 
386 UA00063303    (0)   :  0.099 0.092 0.100 0.091 0.083 0.081 0.090 0.094 0.130 0.139 
387 UA00050206    (0)   :  0.084 0.095 0.103 0.074 0.150 0.129 0.111 0.075 0.009 0.169 
388 UA00014458    (0)   :  0.110 0.094 0.114 0.111 0.089 0.101 0.114 0.107 0.054 0.107 
389 UA00007204    (0)   :  0.098 0.104 0.116 0.112 0.082 0.090 0.089 0.100 0.025 0.184 
390 UA00063212    (0)   :  0.082 0.091 0.080 0.069 0.146 0.118 0.097 0.075 0.131 0.112 
391 UA00013340    (0)   :  0.141 0.077 0.109 0.116 0.068 0.083 0.127 0.123 0.054 0.101 
392 UA00062743    (0)   :  0.118 0.092 0.126 0.122 0.072 0.088 0.118 0.142 0.014 0.106 
393 UA00063189    (0)   :  0.070 0.163 0.070 0.070 0.220 0.160 0.071 0.071 0.043 0.062 
394 UA00035432    (0)   :  0.102 0.100 0.113 0.096 0.107 0.116 0.126 0.098 0.016 0.126 
395 UA00007958    (0)   :  0.114 0.091 0.132 0.126 0.064 0.087 0.125 0.132 0.015 0.114 
396 UA00013634    (0)   :  0.108 0.103 0.136 0.129 0.059 0.090 0.116 0.145 0.012 0.102 
397 UA00048175    (0)   :  0.052 0.163 0.153 0.162 0.043 0.121 0.104 0.133 0.008 0.061 
398 UA00003202    (0)   :  0.117 0.085 0.118 0.104 0.089 0.103 0.132 0.118 0.021 0.115 
399 UA00035090    (0)   :  0.107 0.104 0.112 0.109 0.111 0.114 0.110 0.103 0.022 0.108 
400 UA00064679    (0)   :  0.096 0.128 0.094 0.095 0.147 0.128 0.095 0.100 0.032 0.085 
401 UA00039518    (0)   :  0.110 0.105 0.122 0.131 0.061 0.093 0.117 0.125 0.026 0.108 
402 UA00058268    (0)   :  0.128 0.097 0.116 0.123 0.073 0.096 0.130 0.120 0.022 0.096 
403 UA00049456    (0)   :  0.108 0.079 0.099 0.099 0.080 0.089 0.111 0.097 0.125 0.114 
404 UA00049550    (0)   :  0.095 0.099 0.100 0.082 0.147 0.131 0.113 0.089 0.014 0.129 
405 UA00048342    (0)   :  0.127 0.089 0.105 0.111 0.090 0.091 0.113 0.109 0.058 0.107 
406 UA00063493    (0)   :  0.111 0.099 0.119 0.120 0.090 0.112 0.127 0.111 0.012 0.100 
407 UA00058261    (0)   :  0.100 0.108 0.119 0.120 0.087 0.108 0.118 0.127 0.018 0.094 
408 UA00014663    (0)   :  0.138 0.092 0.112 0.121 0.077 0.091 0.128 0.125 0.022 0.093 
409 UA00048817    (0)   :  0.109 0.081 0.107 0.115 0.059 0.084 0.109 0.106 0.146 0.083 
410 UA00049381    (0)   :  0.090 0.119 0.131 0.131 0.066 0.097 0.120 0.140 0.016 0.090 
411 UA00035901    (0)   :  0.116 0.117 0.092 0.097 0.146 0.116 0.103 0.103 0.022 0.087 
412 UA00013301    (0)   :  0.088 0.094 0.097 0.072 0.145 0.124 0.114 0.079 0.028 0.159 
413 UA00047926    (0)   :  0.105 0.109 0.117 0.125 0.077 0.099 0.121 0.115 0.048 0.083 
414 UA00007272    (0)   :  0.120 0.092 0.117 0.119 0.089 0.099 0.117 0.121 0.024 0.102 
415 UA00016041    (0)   :  0.113 0.091 0.106 0.102 0.109 0.106 0.119 0.101 0.032 0.121 
416 UA00013502    (0)   :  0.101 0.113 0.128 0.124 0.082 0.107 0.116 0.117 0.012 0.102 
417 UA00002390    (0)   :  0.137 0.082 0.109 0.117 0.066 0.083 0.126 0.124 0.058 0.097 
418 UA00034907    (0)   :  0.134 0.086 0.118 0.118 0.083 0.089 0.120 0.129 0.014 0.109 
419 UA00048821    (0)   :  0.119 0.100 0.100 0.106 0.096 0.101 0.111 0.108 0.057 0.102 
420 UA00002136    (0)   :  0.109 0.084 0.104 0.095 0.112 0.104 0.122 0.094 0.055 0.121 
421 UA00011790    (0)   :  0.108 0.091 0.134 0.121 0.066 0.084 0.124 0.134 0.027 0.111 
422 UA00021586    (0)   :  0.114 0.088 0.102 0.107 0.071 0.089 0.101 0.108 0.124 0.096 
