

----------------------------------------------------
STRUCTURE by Pritchard, Stephens and Donnelly (2000)
     and Falush, Stephens and Pritchard (2003)
       Code by Pritchard, Falush and Hubisz
             Version 2.3.4 (Jul 2012)
----------------------------------------------------



Command line arguments:   structure -K 8 -o outputfile_K8_5 
Input File:    Puma_SNP_genotypes_cut_AZ_final_HWEonly.str

Run parameters:
   536 individuals
   22 loci
   8 populations assumed
   100000 Burn-in period
   500000 Reps


--------------------------------------------
Overall proportion of membership of the
sample in each of the 8 clusters

Inferred Clusters
  1      2      3      4      5      6      7      8    
0.128  0.128  0.128  0.107  0.128  0.127  0.127  0.126  

--------------------------------------------

Allele-freq. divergence among pops (Net nucleotide distance),
computed using point estimates of P.

      1       2       3       4       5       6       7       8      
 1      -    0.0140  0.0005  0.0676  0.0004  0.0125  0.0020  0.0012  
 2   0.0140     -    0.0181  0.0660  0.0129  0.0001  0.0118  0.0094  
 3   0.0005  0.0181     -    0.0696  0.0015  0.0165  0.0039  0.0030  
 4   0.0676  0.0660  0.0696     -    0.0699  0.0642  0.0699  0.0618  
 5   0.0004  0.0129  0.0015  0.0699     -    0.0117  0.0007  0.0009  
 6   0.0125  0.0001  0.0165  0.0642  0.0117     -    0.0109  0.0081  
 7   0.0020  0.0118  0.0039  0.0699  0.0007  0.0109     -    0.0011  
 8   0.0012  0.0094  0.0030  0.0618  0.0009  0.0081  0.0011     -    

Average distances (expected heterozygosity) between individuals in same cluster:
cluster  1  : 0.3749 
cluster  2  : 0.3400 
cluster  3  : 0.3740 
cluster  4  : 0.2652 
cluster  5  : 0.3776 
cluster  6  : 0.3437 
cluster  7  : 0.3778 
cluster  8  : 0.3797 

--------------------------------------------
Estimated Ln Prob of Data   = -13411.7
Mean value of ln likelihood = -12279.1
Variance of ln likelihood   = 2265.1
Mean value of alpha         = 0.1338

Mean value of Fst_1         = 0.0777
Mean value of Fst_2         = 0.1906
Mean value of Fst_3         = 0.1062
Mean value of Fst_4         = 0.3452
Mean value of Fst_5         = 0.0880
Mean value of Fst_6         = 0.1597
Mean value of Fst_7         = 0.0636
Mean value of Fst_8         = 0.0000


Inferred ancestry of individuals:
        Label (%Miss) :  Inferred clusters
  1 UA00063336   (13)   :  0.096 0.074 0.095 0.340 0.097 0.077 0.105 0.117 
  2 UA00048914    (9)   :  0.118 0.141 0.102 0.074 0.122 0.144 0.141 0.158 
  3 UA00014769   (13)   :  0.168 0.092 0.227 0.030 0.171 0.067 0.163 0.081 
  4 UA00008132   (13)   :  0.131 0.102 0.123 0.085 0.132 0.107 0.152 0.170 
  5 UA00030462   (13)   :  0.107 0.171 0.110 0.064 0.115 0.169 0.122 0.142 
  6 UA00034866   (13)   :  0.132 0.131 0.113 0.022 0.118 0.141 0.145 0.199 
  7 UA00034800    (9)   :  0.058 0.059 0.056 0.588 0.054 0.062 0.058 0.065 
  8  Puco006    (9)   :  0.041 0.379 0.035 0.045 0.045 0.353 0.048 0.053 
  9 UA00048874    (4)   :  0.075 0.079 0.069 0.431 0.076 0.081 0.089 0.100 
 10 UA00049060    (9)   :  0.161 0.092 0.159 0.063 0.145 0.091 0.150 0.140 
 11 UA00033413    (9)   :  0.175 0.084 0.220 0.026 0.184 0.098 0.106 0.108 
 12  Puco021    (9)   :  0.180 0.074 0.246 0.089 0.169 0.079 0.083 0.079 
 13  Puco026    (9)   :  0.162 0.087 0.185 0.068 0.146 0.086 0.133 0.135 
 14  Puco008    (9)   :  0.094 0.149 0.085 0.183 0.096 0.146 0.113 0.135 
 15   M01301    (9)   :  0.170 0.114 0.179 0.020 0.172 0.124 0.102 0.118 
 16   M06306    (9)   :  0.104 0.058 0.118 0.369 0.099 0.061 0.095 0.095 
 17 UA00032185    (9)   :  0.143 0.105 0.136 0.072 0.131 0.123 0.133 0.159 
 18 UA00030792    (9)   :  0.015 0.017 0.015 0.890 0.015 0.016 0.015 0.016 
 19 UA00031647    (9)   :  0.108 0.111 0.102 0.183 0.119 0.109 0.129 0.139 
 20 UA00031979    (9)   :  0.138 0.111 0.148 0.047 0.142 0.108 0.154 0.151 
 21  Puco016    (9)   :  0.116 0.174 0.089 0.029 0.144 0.173 0.146 0.129 
 22  Puco010    (9)   :  0.149 0.089 0.160 0.045 0.142 0.103 0.137 0.175 
 23    M1035    (9)   :  0.140 0.082 0.111 0.093 0.128 0.095 0.154 0.196 
 24 UA00034601    (9)   :  0.137 0.125 0.143 0.080 0.141 0.121 0.129 0.125 
 25 UA00050388    (9)   :  0.133 0.105 0.132 0.075 0.122 0.115 0.137 0.181 
 26 UA00048699    (9)   :  0.099 0.236 0.075 0.032 0.110 0.227 0.114 0.107 
 27 UA00064058    (9)   :  0.147 0.100 0.133 0.063 0.151 0.096 0.164 0.146 
 28 UA00033981    (9)   :  0.169 0.093 0.215 0.054 0.164 0.103 0.098 0.103 
 29   F05033    (9)   :  0.173 0.096 0.179 0.033 0.160 0.094 0.135 0.130 
 30 UA00048520    (4)   :  0.136 0.102 0.150 0.169 0.117 0.102 0.106 0.118 
 31 UA00048422    (4)   :  0.033 0.027 0.034 0.786 0.029 0.028 0.029 0.034 
 32    PucoB    (4)   :  0.174 0.090 0.218 0.046 0.173 0.079 0.120 0.101 
 33 UA00047393    (4)   :  0.123 0.088 0.134 0.152 0.126 0.091 0.145 0.141 
 34 UA00064521    (4)   :  0.111 0.177 0.119 0.042 0.131 0.154 0.127 0.140 
 35 UA00003043    (4)   :  0.125 0.147 0.117 0.023 0.134 0.146 0.159 0.151 
 36 UA00063025    (4)   :  0.110 0.127 0.104 0.186 0.099 0.131 0.110 0.134 
 37 UA00063826    (4)   :  0.150 0.083 0.166 0.045 0.144 0.101 0.133 0.177 
 38   F07407    (4)   :  0.141 0.070 0.178 0.201 0.138 0.075 0.090 0.106 
 39 UA00021658    (4)   :  0.149 0.093 0.140 0.043 0.139 0.102 0.155 0.180 
 40 UA00003794    (4)   :  0.152 0.086 0.191 0.167 0.131 0.078 0.100 0.095 
 41 UA00041322    (4)   :  0.131 0.101 0.111 0.072 0.121 0.114 0.149 0.201 
 42 UA00063316    (4)   :  0.126 0.115 0.114 0.095 0.127 0.121 0.139 0.163 
 43 UA00047705    (4)   :  0.154 0.107 0.167 0.055 0.139 0.110 0.126 0.142 
 44 UA00033904    (4)   :  0.095 0.070 0.094 0.362 0.096 0.068 0.103 0.113 
 45 UA00048100    (4)   :  0.166 0.098 0.168 0.027 0.165 0.101 0.140 0.135 
 46 UA00032212    (4)   :  0.114 0.099 0.101 0.209 0.101 0.110 0.116 0.150 
 47 UA00031574    (4)   :  0.032 0.037 0.032 0.771 0.029 0.037 0.029 0.033 
 48 UA00031228    (4)   :  0.021 0.025 0.019 0.846 0.021 0.025 0.021 0.022 
 49 UA00047707    (4)   :  0.148 0.101 0.153 0.016 0.162 0.088 0.192 0.141 
 50 UA00030906    (4)   :  0.015 0.021 0.015 0.883 0.015 0.021 0.015 0.016 
 51 UA00041567    (4)   :  0.150 0.093 0.169 0.054 0.156 0.113 0.116 0.150 
 52 UA00007624    (4)   :  0.175 0.099 0.188 0.020 0.158 0.098 0.137 0.124 
 53 UA00034514    (4)   :  0.152 0.109 0.122 0.037 0.148 0.107 0.164 0.161 
 54 UA00030480    (4)   :  0.115 0.085 0.112 0.144 0.152 0.084 0.166 0.142 
 55  Puco012    (4)   :  0.147 0.103 0.115 0.034 0.134 0.116 0.160 0.192 
 56 UA00038677    (9)   :  0.125 0.129 0.118 0.109 0.111 0.131 0.119 0.157 
 57 UA00048275    (4)   :  0.153 0.098 0.201 0.030 0.167 0.097 0.133 0.121 
 58 UA00064055    (4)   :  0.140 0.109 0.109 0.042 0.160 0.105 0.183 0.153 
 59  Puco009    (4)   :  0.122 0.167 0.108 0.023 0.122 0.165 0.138 0.154 
 60 UA00064561    (4)   :  0.157 0.113 0.166 0.022 0.160 0.100 0.178 0.105 
 61 UA00003479    (4)   :  0.147 0.116 0.118 0.032 0.155 0.115 0.166 0.152 
 62 UA00063747    (4)   :  0.158 0.111 0.162 0.017 0.175 0.096 0.152 0.130 
 63 UA00002558    (4)   :  0.124 0.159 0.120 0.027 0.115 0.167 0.123 0.167 
 64 UA00048410    (4)   :  0.131 0.163 0.117 0.019 0.128 0.164 0.154 0.124 
 65 UA00012249    (4)   :  0.144 0.134 0.107 0.021 0.168 0.119 0.186 0.119 
 66 UA00033818    (4)   :  0.071 0.065 0.073 0.528 0.062 0.065 0.062 0.075 
 67  Puco020    (4)   :  0.129 0.101 0.110 0.126 0.121 0.107 0.142 0.164 
 68 UA00002545    (9)   :  0.141 0.097 0.132 0.075 0.163 0.078 0.194 0.119 
 69 UA00048508    (4)   :  0.151 0.100 0.128 0.030 0.151 0.108 0.170 0.162 
 70 UA00064100    (4)   :  0.140 0.102 0.132 0.050 0.140 0.109 0.156 0.171 
 71 UA00014585    (4)   :  0.145 0.109 0.106 0.040 0.145 0.112 0.162 0.181 
 72 UA00063698    (4)   :  0.097 0.222 0.078 0.098 0.080 0.223 0.087 0.116 
 73 UA00049753    (4)   :  0.089 0.058 0.088 0.388 0.098 0.063 0.105 0.110 
 74 UA00049037    (4)   :  0.144 0.094 0.131 0.055 0.148 0.091 0.168 0.169 
 75 UA00034941    (4)   :  0.140 0.112 0.141 0.070 0.148 0.111 0.144 0.134 
 76 UA00008083    (4)   :  0.067 0.312 0.062 0.048 0.064 0.303 0.067 0.078 
 77 UA00015084    (4)   :  0.094 0.202 0.089 0.134 0.083 0.196 0.083 0.119 
 78 UA00041010    (9)   :  0.046 0.217 0.042 0.304 0.051 0.217 0.061 0.062 
 79 UA00035261    (4)   :  0.113 0.109 0.109 0.201 0.110 0.111 0.115 0.133 
 80 UA00035431    (4)   :  0.156 0.107 0.150 0.017 0.142 0.117 0.137 0.175 
 81 UA00045274    (0)   :  0.143 0.119 0.152 0.076 0.136 0.112 0.118 0.144 
 82 UA00028200    (4)   :  0.085 0.107 0.081 0.352 0.084 0.100 0.090 0.102 
 83 UA00064559    (0)   :  0.024 0.023 0.025 0.839 0.022 0.023 0.022 0.024 
 84 UA00040808    (0)   :  0.084 0.105 0.077 0.340 0.087 0.106 0.104 0.096 
 85 UA00049156    (0)   :  0.089 0.108 0.078 0.343 0.081 0.107 0.090 0.104 
 86 UA00003952    (4)   :  0.062 0.325 0.055 0.030 0.080 0.300 0.078 0.069 
 87 UA00063954    (0)   :  0.128 0.081 0.136 0.133 0.118 0.089 0.142 0.173 
 88 UA00062934    (0)   :  0.126 0.089 0.114 0.170 0.115 0.098 0.128 0.159 
 89 UA00033829    (0)   :  0.045 0.117 0.042 0.543 0.040 0.113 0.044 0.056 
 90 UA00064351    (4)   :  0.173 0.107 0.209 0.037 0.164 0.114 0.092 0.105 
 91 UA00003697    (4)   :  0.069 0.299 0.061 0.068 0.063 0.281 0.072 0.087 
 92 UA00063438    (4)   :  0.108 0.097 0.099 0.193 0.105 0.105 0.125 0.168 
 93 UA00007608    (0)   :  0.099 0.141 0.102 0.207 0.096 0.133 0.103 0.118 
 94 UA00019683    (4)   :  0.114 0.059 0.144 0.401 0.093 0.058 0.065 0.066 
 95 UA00007781    (0)   :  0.158 0.106 0.161 0.039 0.147 0.103 0.132 0.154 
 96 UA00002915    (0)   :  0.098 0.091 0.076 0.296 0.094 0.097 0.111 0.137 
 97  Puco031    (4)   :  0.131 0.109 0.129 0.044 0.164 0.101 0.179 0.141 
 98 UA00048280    (4)   :  0.155 0.117 0.175 0.033 0.142 0.112 0.131 0.136 
 99 UA00048589    (0)   :  0.164 0.089 0.197 0.071 0.157 0.085 0.117 0.119 
100 UA00034417    (0)   :  0.111 0.143 0.109 0.109 0.119 0.128 0.136 0.146 
101 UA00050411    (4)   :  0.164 0.103 0.138 0.017 0.172 0.089 0.190 0.126 
102  Puco029    (4)   :  0.174 0.085 0.196 0.028 0.164 0.083 0.143 0.128 
103   F03403    (4)   :  0.187 0.093 0.253 0.019 0.198 0.082 0.087 0.081 
104 UA00049904    (0)   :  0.134 0.086 0.138 0.149 0.124 0.098 0.120 0.152 
105 UA00035335    (0)   :  0.168 0.085 0.217 0.023 0.176 0.070 0.156 0.106 
106 UA00012611    (0)   :  0.150 0.097 0.128 0.037 0.145 0.101 0.160 0.181 
107 UA00050319    (0)   :  0.197 0.078 0.268 0.020 0.199 0.079 0.084 0.074 
108 UA00032068    (4)   :  0.137 0.084 0.124 0.108 0.141 0.085 0.152 0.168 
109 UA00032026    (4)   :  0.144 0.089 0.141 0.077 0.143 0.092 0.153 0.162 
110 UA00030476    (4)   :  0.190 0.078 0.264 0.063 0.179 0.074 0.082 0.070 
111 UA00046853    (0)   :  0.172 0.073 0.194 0.055 0.174 0.102 0.102 0.127 
112 UA00040156    (4)   :  0.015 0.017 0.015 0.892 0.015 0.016 0.015 0.016 
113 UA00030528    (4)   :  0.107 0.078 0.112 0.196 0.117 0.086 0.149 0.155 
114  Puco025    (4)   :  0.170 0.094 0.179 0.025 0.156 0.082 0.171 0.123 
115    pc016    (0)   :  0.014 0.016 0.014 0.896 0.014 0.016 0.015 0.015 
116 UA00030617    (4)   :  0.158 0.093 0.184 0.019 0.164 0.079 0.184 0.119 
117 UA00030585    (4)   :  0.029 0.029 0.030 0.800 0.027 0.030 0.026 0.029 
118 UA00032060    (4)   :  0.125 0.078 0.134 0.208 0.115 0.081 0.120 0.138 
119    pc007    (0)   :  0.169 0.088 0.195 0.054 0.166 0.100 0.111 0.117 
120 UA00030798    (4)   :  0.034 0.026 0.033 0.772 0.033 0.028 0.035 0.038 
121 UA00030778    (4)   :  0.149 0.096 0.130 0.016 0.160 0.093 0.192 0.164 
122 UA00039674    (4)   :  0.020 0.019 0.019 0.857 0.020 0.020 0.022 0.023 
123 UA00032241    (4)   :  0.169 0.086 0.197 0.018 0.169 0.092 0.146 0.123 
124 UA00011624    (0)   :  0.166 0.094 0.149 0.028 0.158 0.093 0.168 0.143 
125 UA00033779    (4)   :  0.189 0.087 0.229 0.026 0.191 0.089 0.093 0.096 
126 UA00049402    (4)   :  0.133 0.147 0.088 0.043 0.156 0.142 0.164 0.126 
127 UA00033653    (0)   :  0.195 0.080 0.245 0.022 0.202 0.090 0.081 0.085 
128 UA00047738    (0)   :  0.145 0.102 0.144 0.056 0.123 0.119 0.131 0.178 
129 UA00047502    (4)   :  0.110 0.160 0.098 0.061 0.121 0.155 0.143 0.153 
130 UA00012014    (4)   :  0.132 0.099 0.119 0.042 0.152 0.100 0.179 0.177 
131 UA00040729    (0)   :  0.176 0.090 0.216 0.043 0.159 0.083 0.124 0.109 
132 UA00030392    (4)   :  0.157 0.093 0.165 0.035 0.149 0.089 0.182 0.131 
133 UA00050033    (0)   :  0.155 0.096 0.152 0.058 0.139 0.099 0.150 0.150 
134 UA00012152    (0)   :  0.088 0.267 0.073 0.019 0.092 0.273 0.096 0.092 
135 UA00050406    (0)   :  0.140 0.100 0.128 0.047 0.149 0.108 0.158 0.170 
136 UA00047973    (0)   :  0.150 0.098 0.144 0.031 0.152 0.104 0.141 0.179 
137 UA00008051    (0)   :  0.132 0.113 0.137 0.095 0.116 0.122 0.131 0.156 
138 UA00047337    (4)   :  0.138 0.087 0.131 0.180 0.117 0.089 0.124 0.135 
139 UA00041604    (4)   :  0.130 0.111 0.120 0.078 0.119 0.124 0.136 0.182 
140 UA00031704    (4)   :  0.165 0.094 0.132 0.023 0.175 0.087 0.191 0.132 
141 UA00040423    (4)   :  0.135 0.089 0.131 0.085 0.149 0.086 0.171 0.154 
142 UA00049433    (0)   :  0.126 0.125 0.108 0.066 0.149 0.123 0.163 0.139 
143 UA00034816    (0)   :  0.148 0.126 0.149 0.033 0.142 0.116 0.166 0.120 
144 UA00050214    (0)   :  0.154 0.099 0.188 0.024 0.167 0.072 0.198 0.100 
145 UA00041073    (0)   :  0.144 0.112 0.127 0.057 0.124 0.121 0.142 0.173 
146 UA00030318    (4)   :  0.155 0.112 0.149 0.027 0.158 0.103 0.160 0.136 
147 UA00046845    (0)   :  0.137 0.129 0.125 0.048 0.145 0.129 0.161 0.126 
148 UA00063946    (0)   :  0.201 0.078 0.285 0.037 0.189 0.080 0.071 0.059 
149 UA00031374    (4)   :  0.140 0.107 0.137 0.040 0.142 0.107 0.157 0.171 
150    M1136    (4)   :  0.093 0.069 0.104 0.336 0.100 0.068 0.122 0.108 
151 UA00034299    (0)   :  0.148 0.102 0.195 0.031 0.171 0.066 0.202 0.084 
152 UA00002387    (4)   :  0.140 0.111 0.126 0.019 0.160 0.107 0.191 0.146 
153 UA00021855    (0)   :  0.151 0.100 0.138 0.043 0.129 0.113 0.139 0.187 
154 UA00014500    (0)   :  0.143 0.098 0.118 0.056 0.164 0.093 0.175 0.153 
155 UA00050419    (4)   :  0.164 0.103 0.188 0.020 0.170 0.075 0.179 0.102 
156 UA00031854    (4)   :  0.141 0.124 0.125 0.040 0.139 0.126 0.145 0.159 
157    pc011    (4)   :  0.159 0.106 0.130 0.022 0.175 0.093 0.202 0.114 
158 UA00033004    (0)   :  0.137 0.100 0.124 0.068 0.149 0.093 0.175 0.154 
159 UA00046510    (0)   :  0.124 0.151 0.119 0.029 0.134 0.149 0.158 0.137 
160 UA00048747    (0)   :  0.148 0.108 0.126 0.029 0.156 0.106 0.174 0.154 
161 UA00014293    (0)   :  0.154 0.107 0.119 0.026 0.183 0.092 0.201 0.117 
162 UA00047686    (0)   :  0.109 0.161 0.109 0.051 0.124 0.154 0.145 0.147 
163 UA00033783    (4)   :  0.105 0.103 0.119 0.318 0.093 0.102 0.073 0.088 
164 UA00042609    (4)   :  0.105 0.202 0.094 0.057 0.122 0.180 0.137 0.104 
165 UA00031169    (4)   :  0.148 0.098 0.171 0.031 0.168 0.073 0.207 0.104 
166 UA00035181    (0)   :  0.164 0.099 0.167 0.014 0.183 0.090 0.146 0.137 
167 UA00050133    (0)   :  0.140 0.101 0.134 0.041 0.150 0.102 0.167 0.166 
168  Puco011    (4)   :  0.152 0.105 0.123 0.040 0.176 0.096 0.194 0.113 
169 UA00041476    (0)   :  0.129 0.110 0.126 0.066 0.128 0.119 0.157 0.164 
170 UA00046702    (0)   :  0.165 0.099 0.141 0.026 0.164 0.092 0.196 0.117 
171 UA00019940    (0)   :  0.141 0.107 0.148 0.044 0.134 0.113 0.152 0.161 
172 UA00049813    (0)   :  0.157 0.089 0.158 0.048 0.150 0.106 0.132 0.160 
173 UA00064165    (0)   :  0.093 0.234 0.081 0.048 0.088 0.234 0.099 0.122 
174 UA00064421    (0)   :  0.102 0.208 0.094 0.019 0.112 0.209 0.130 0.127 
175 UA00064569    (4)   :  0.168 0.097 0.182 0.017 0.157 0.090 0.166 0.123 
176 UA00003996    (0)   :  0.131 0.155 0.106 0.045 0.132 0.147 0.148 0.136 
177 UA00064491    (4)   :  0.160 0.112 0.165 0.023 0.155 0.103 0.157 0.125 
178 UA00011899    (0)   :  0.148 0.094 0.114 0.046 0.133 0.105 0.157 0.202 
179  Puco015    (4)   :  0.141 0.095 0.131 0.116 0.132 0.095 0.141 0.149 
180 UA00047929    (4)   :  0.178 0.090 0.199 0.028 0.162 0.086 0.129 0.128 
181 UA00056669    (0)   :  0.144 0.111 0.117 0.027 0.133 0.124 0.154 0.191 
182 UA00050176    (0)   :  0.138 0.115 0.099 0.059 0.126 0.124 0.152 0.188 
183  Puco014    (4)   :  0.157 0.105 0.144 0.042 0.138 0.118 0.138 0.158 
184 UA00019608    (0)   :  0.132 0.120 0.119 0.033 0.150 0.109 0.179 0.158 
185 UA00064333    (0)   :  0.143 0.098 0.129 0.032 0.153 0.097 0.180 0.168 
186  Puco013    (4)   :  0.125 0.150 0.097 0.036 0.130 0.153 0.144 0.165 
187 UA00016092    (0)   :  0.170 0.091 0.171 0.017 0.164 0.081 0.181 0.125 
188 UA00019060    (0)   :  0.060 0.274 0.056 0.127 0.060 0.271 0.070 0.081 
189 UA00063532    (0)   :  0.151 0.102 0.122 0.064 0.143 0.115 0.145 0.159 
190 UA00064117    (0)   :  0.086 0.174 0.074 0.203 0.082 0.177 0.093 0.111 
191 UA00011969    (0)   :  0.141 0.109 0.124 0.055 0.127 0.125 0.141 0.178 
192 UA00034586    (4)   :  0.162 0.090 0.182 0.026 0.153 0.095 0.146 0.146 
193 UA00030736    (4)   :  0.148 0.092 0.118 0.044 0.142 0.099 0.169 0.188 
194 UA00048493    (0)   :  0.147 0.094 0.123 0.069 0.133 0.103 0.160 0.171 
195 UA00040466    (0)   :  0.048 0.369 0.041 0.026 0.061 0.346 0.056 0.054 
196 UA00047659    (0)   :  0.144 0.105 0.132 0.023 0.158 0.110 0.155 0.173 
197 UA00042002    (4)   :  0.131 0.089 0.135 0.188 0.116 0.091 0.116 0.134 
198 UA00062606    (0)   :  0.129 0.141 0.116 0.046 0.147 0.134 0.151 0.137 
199 UA00030615    (4)   :  0.046 0.373 0.039 0.020 0.045 0.371 0.047 0.058 
200 UA00048899    (0)   :  0.143 0.107 0.123 0.037 0.147 0.104 0.159 0.180 
201 UA00047725    (0)   :  0.018 0.459 0.017 0.019 0.019 0.429 0.018 0.020 
202 UA00030866    (4)   :  0.135 0.120 0.112 0.031 0.181 0.112 0.176 0.133 
203 UA00034564    (0)   :  0.128 0.115 0.118 0.035 0.184 0.105 0.190 0.126 
204 UA00046520    (0)   :  0.187 0.087 0.227 0.024 0.191 0.092 0.094 0.098 
205 UA00035027    (0)   :  0.135 0.123 0.129 0.055 0.143 0.120 0.145 0.149 
206 UA00035421    (0)   :  0.108 0.206 0.087 0.029 0.126 0.197 0.138 0.109 
207 UA00062740    (4)   :  0.117 0.141 0.107 0.070 0.158 0.129 0.154 0.123 
208 UA00012360    (0)   :  0.038 0.403 0.035 0.022 0.039 0.379 0.040 0.044 
209 UA00050203    (0)   :  0.150 0.097 0.166 0.044 0.156 0.097 0.155 0.135 
210 UA00040534    (4)   :  0.074 0.204 0.068 0.183 0.075 0.198 0.092 0.105 
211 UA00031261    (4)   :  0.059 0.288 0.051 0.110 0.072 0.268 0.078 0.074 
212 UA00031917    (4)   :  0.077 0.200 0.068 0.177 0.095 0.189 0.105 0.089 
213 UA00040798    (4)   :  0.093 0.228 0.088 0.073 0.087 0.236 0.087 0.109 
214 UA00030598    (4)   :  0.097 0.201 0.084 0.076 0.101 0.213 0.109 0.119 
215 UA00050385    (0)   :  0.130 0.124 0.102 0.038 0.150 0.118 0.170 0.168 
216 UA00058283    (0)   :  0.034 0.402 0.030 0.049 0.032 0.380 0.032 0.040 
217 UA00042297    (4)   :  0.083 0.101 0.073 0.380 0.074 0.109 0.080 0.099 
218 UA00015415    (4)   :  0.030 0.421 0.028 0.022 0.036 0.393 0.036 0.034 
219 UA00035531    (0)   :  0.048 0.330 0.047 0.090 0.055 0.311 0.060 0.059 
220 UA00048683    (0)   :  0.068 0.321 0.060 0.027 0.068 0.313 0.072 0.072 
221 UA00046734    (4)   :  0.034 0.408 0.033 0.027 0.037 0.381 0.037 0.041 
222   pcRF01    (0)   :  0.152 0.104 0.173 0.014 0.185 0.072 0.202 0.098 
223 UA00007223    (0)   :  0.115 0.152 0.092 0.064 0.152 0.146 0.150 0.128 
224 UA00013841    (0)   :  0.142 0.085 0.170 0.118 0.137 0.076 0.150 0.122 
225 UA00014196    (0)   :  0.060 0.318 0.052 0.057 0.065 0.305 0.071 0.072 
226 UA00034635    (0)   :  0.155 0.097 0.123 0.026 0.132 0.111 0.160 0.196 
227 UA00047371    (0)   :  0.121 0.091 0.113 0.184 0.098 0.098 0.119 0.175 
228 UA00063544    (0)   :  0.129 0.083 0.133 0.180 0.116 0.093 0.125 0.141 
229 UA00064246    (0)   :  0.129 0.139 0.123 0.090 0.119 0.139 0.116 0.145 
230 UA00064328    (0)   :  0.119 0.145 0.097 0.075 0.108 0.153 0.136 0.168 
231 UA00002952    (0)   :  0.103 0.157 0.093 0.129 0.125 0.146 0.122 0.125 
232 UA00064079    (0)   :  0.128 0.097 0.122 0.125 0.110 0.107 0.134 0.177 
233 UA00046793    (0)   :  0.103 0.159 0.081 0.151 0.107 0.155 0.120 0.124 
234 UA00034769    (0)   :  0.088 0.085 0.093 0.398 0.080 0.089 0.077 0.090 
235 UA00034949    (0)   :  0.108 0.165 0.087 0.058 0.151 0.157 0.155 0.119 
236 UA00063753    (0)   :  0.161 0.103 0.189 0.072 0.138 0.116 0.101 0.120 
237 UA00015713    (0)   :  0.146 0.084 0.158 0.124 0.122 0.096 0.122 0.146 
238 UA00003494    (0)   :  0.131 0.127 0.092 0.088 0.137 0.127 0.163 0.135 
239 UA00056767    (0)   :  0.182 0.082 0.225 0.014 0.206 0.093 0.095 0.102 
240 UA00014461    (0)   :  0.120 0.156 0.098 0.082 0.126 0.152 0.131 0.136 
241 UA00034669    (0)   :  0.085 0.229 0.081 0.111 0.086 0.205 0.093 0.110 
242 UA00048164    (0)   :  0.115 0.182 0.118 0.026 0.135 0.163 0.136 0.124 
243 UA00007974    (0)   :  0.168 0.086 0.227 0.063 0.148 0.088 0.107 0.113 
244 UA00016166    (0)   :  0.098 0.082 0.114 0.254 0.113 0.077 0.135 0.128 
245 UA00015653    (0)   :  0.091 0.137 0.089 0.216 0.100 0.127 0.115 0.125 
246 UA00063882    (0)   :  0.090 0.215 0.077 0.101 0.100 0.203 0.103 0.111 
247 UA00049027    (0)   :  0.117 0.102 0.114 0.214 0.098 0.107 0.105 0.143 
248 UA00018878    (0)   :  0.133 0.076 0.157 0.226 0.108 0.077 0.102 0.120 
249 UA00038796    (0)   :  0.110 0.209 0.107 0.036 0.121 0.189 0.112 0.115 
250 UA00013465    (0)   :  0.062 0.325 0.055 0.040 0.057 0.318 0.065 0.078 
251 UA00014604    (0)   :  0.120 0.160 0.115 0.075 0.099 0.159 0.114 0.157 
252 UA00041913    (0)   :  0.137 0.084 0.140 0.232 0.110 0.096 0.090 0.110 
253 UA00021632    (0)   :  0.076 0.078 0.075 0.443 0.069 0.081 0.079 0.099 
254 UA00064027    (0)   :  0.115 0.119 0.103 0.110 0.111 0.129 0.135 0.177 
255 UA00015023    (0)   :  0.138 0.129 0.124 0.037 0.134 0.129 0.154 0.156 
256 UA00050243    (0)   :  0.109 0.088 0.091 0.220 0.106 0.095 0.132 0.159 
257 UA00048298    (0)   :  0.153 0.106 0.126 0.061 0.129 0.112 0.146 0.167 
258 UA00050437    (0)   :  0.121 0.156 0.101 0.044 0.106 0.164 0.128 0.180 
259 UA00014262    (0)   :  0.134 0.092 0.117 0.120 0.130 0.101 0.146 0.160 
260 UA00049129    (0)   :  0.160 0.089 0.163 0.070 0.147 0.100 0.130 0.142 
261 UA00014740    (0)   :  0.147 0.109 0.169 0.074 0.146 0.104 0.126 0.125 
262 UA00049612    (0)   :  0.051 0.063 0.052 0.622 0.047 0.063 0.048 0.055 
263 UA00014635    (0)   :  0.189 0.089 0.231 0.020 0.192 0.086 0.098 0.095 
264 UA00014673    (0)   :  0.114 0.155 0.113 0.121 0.101 0.149 0.108 0.139 
265 UA00033608    (0)   :  0.096 0.077 0.100 0.372 0.086 0.084 0.085 0.101 
266 UA00064540    (0)   :  0.161 0.109 0.213 0.038 0.167 0.107 0.099 0.106 
267 UA00050256    (0)   :  0.110 0.124 0.094 0.149 0.106 0.129 0.125 0.164 
268 UA00015274    (0)   :  0.137 0.119 0.143 0.035 0.151 0.110 0.165 0.140 
269 UA00062993    (0)   :  0.151 0.111 0.163 0.019 0.145 0.118 0.134 0.160 
270 UA00038364    (0)   :  0.139 0.097 0.135 0.091 0.128 0.111 0.127 0.172 
271 UA00014446    (0)   :  0.150 0.096 0.132 0.022 0.141 0.111 0.159 0.189 
272 UA00063545    (0)   :  0.064 0.108 0.061 0.436 0.066 0.105 0.076 0.083 
273 UA00040054    (0)   :  0.143 0.090 0.170 0.054 0.161 0.078 0.182 0.122 
274 UA00058447    (0)   :  0.156 0.094 0.185 0.044 0.157 0.093 0.134 0.138 
275 UA00046835    (0)   :  0.169 0.093 0.181 0.037 0.161 0.096 0.130 0.133 
276 UA00014608    (0)   :  0.146 0.110 0.137 0.031 0.143 0.114 0.144 0.174 
277    pc012    (0)   :  0.132 0.121 0.132 0.060 0.133 0.123 0.139 0.161 
278    pc002    (0)   :  0.086 0.080 0.092 0.355 0.085 0.088 0.100 0.114 
279 UA00033690    (0)   :  0.161 0.080 0.226 0.146 0.138 0.076 0.085 0.089 
280 UA00013688    (0)   :  0.137 0.121 0.133 0.050 0.136 0.123 0.144 0.158 
281 UA00063666    (0)   :  0.180 0.069 0.260 0.079 0.181 0.079 0.081 0.071 
282 UA00063292    (0)   :  0.194 0.077 0.290 0.022 0.198 0.077 0.080 0.061 
283    pc001    (0)   :  0.144 0.112 0.140 0.038 0.139 0.114 0.147 0.165 
284    pc008    (0)   :  0.162 0.093 0.172 0.040 0.147 0.100 0.135 0.152 
285 UA00034316    (0)   :  0.097 0.142 0.090 0.189 0.095 0.151 0.113 0.123 
286 UA00013046    (0)   :  0.170 0.093 0.211 0.030 0.158 0.082 0.142 0.113 
287 UA00050241    (0)   :  0.184 0.077 0.226 0.027 0.174 0.088 0.109 0.115 
288 UA00048599    (0)   :  0.165 0.095 0.192 0.022 0.164 0.095 0.128 0.139 
289 UA00046649    (0)   :  0.114 0.068 0.112 0.299 0.097 0.076 0.106 0.126 
290 UA00015674    (0)   :  0.096 0.068 0.105 0.432 0.078 0.073 0.067 0.081 
291 UA00013177    (0)   :  0.145 0.110 0.163 0.095 0.135 0.117 0.109 0.125 
292 UA00012814    (0)   :  0.146 0.109 0.124 0.038 0.147 0.110 0.164 0.162 
293 UA00034654    (0)   :  0.158 0.095 0.167 0.025 0.154 0.093 0.159 0.149 
294 UA00046743    (0)   :  0.186 0.092 0.230 0.028 0.184 0.084 0.105 0.090 
295 UA00014854    (0)   :  0.175 0.072 0.239 0.109 0.157 0.067 0.097 0.085 
296 UA00013729    (0)   :  0.150 0.098 0.158 0.040 0.143 0.094 0.169 0.149 
297 UA00063483    (0)   :  0.163 0.089 0.152 0.030 0.141 0.106 0.145 0.173 
298 UA00039326    (0)   :  0.155 0.081 0.174 0.111 0.141 0.080 0.129 0.129 
299 UA00014742    (0)   :  0.158 0.076 0.189 0.033 0.172 0.099 0.125 0.148 
300 UA00049597    (0)   :  0.113 0.055 0.146 0.356 0.102 0.055 0.087 0.087 
301 UA00048067    (0)   :  0.149 0.104 0.170 0.083 0.128 0.106 0.120 0.140 
302 UA00012918    (0)   :  0.172 0.067 0.251 0.154 0.158 0.062 0.077 0.060 
303 UA00013487    (0)   :  0.158 0.099 0.177 0.021 0.190 0.061 0.211 0.084 
304 UA00046759    (0)   :  0.122 0.139 0.119 0.094 0.105 0.144 0.123 0.155 
305 UA00050164    (0)   :  0.059 0.052 0.059 0.577 0.064 0.049 0.072 0.067 
306 UA00049839    (0)   :  0.168 0.090 0.161 0.028 0.157 0.115 0.124 0.156 
307 UA00048444    (0)   :  0.191 0.072 0.254 0.078 0.186 0.087 0.069 0.064 
308 UA00063857    (0)   :  0.171 0.086 0.184 0.043 0.162 0.092 0.132 0.129 
309 UA00014921    (0)   :  0.100 0.058 0.102 0.386 0.085 0.066 0.092 0.111 
310 UA00048895    (0)   :  0.099 0.068 0.094 0.367 0.085 0.078 0.090 0.118 
311 UA00014556    (0)   :  0.125 0.142 0.119 0.034 0.130 0.139 0.145 0.167 
312    pc009    (0)   :  0.203 0.071 0.250 0.024 0.200 0.088 0.085 0.080 
313 UA00014959    (0)   :  0.111 0.060 0.136 0.378 0.092 0.060 0.084 0.079 
314 UA00020709    (0)   :  0.153 0.091 0.167 0.088 0.135 0.091 0.133 0.142 
315 UA00013126    (0)   :  0.022 0.022 0.023 0.847 0.021 0.022 0.021 0.022 
316 UA00013695    (0)   :  0.033 0.028 0.033 0.780 0.032 0.028 0.032 0.033 
317 UA00049344    (0)   :  0.082 0.066 0.085 0.409 0.081 0.072 0.095 0.110 
318 UA00047614    (0)   :  0.041 0.077 0.042 0.641 0.039 0.072 0.041 0.046 
319 UA00014221    (0)   :  0.187 0.082 0.217 0.013 0.195 0.092 0.104 0.110 
320 UA00014346    (0)   :  0.167 0.094 0.213 0.050 0.168 0.099 0.101 0.108 
321 UA00014245    (0)   :  0.149 0.073 0.186 0.221 0.131 0.063 0.092 0.085 
322 UA00014696    (0)   :  0.024 0.029 0.022 0.820 0.026 0.029 0.026 0.025 
323 UA00006991    (0)   :  0.136 0.110 0.121 0.027 0.144 0.115 0.163 0.184 
324 UA00048948    (0)   :  0.141 0.102 0.123 0.036 0.128 0.119 0.155 0.196 
325 UA00002239    (0)   :  0.129 0.115 0.120 0.041 0.151 0.113 0.175 0.156 
326 UA00063459    (0)   :  0.200 0.074 0.271 0.034 0.183 0.077 0.082 0.079 
327 UA00048356    (0)   :  0.143 0.126 0.137 0.046 0.124 0.130 0.129 0.164 
328 UA00063940    (0)   :  0.130 0.116 0.127 0.043 0.126 0.125 0.152 0.181 
329 UA00048130    (0)   :  0.168 0.092 0.184 0.027 0.163 0.108 0.122 0.137 
330 UA00048903    (0)   :  0.176 0.098 0.184 0.017 0.162 0.084 0.160 0.119 
331 UA00064643    (0)   :  0.147 0.091 0.160 0.054 0.140 0.101 0.148 0.159 
332 UA00050233    (0)   :  0.152 0.108 0.145 0.029 0.145 0.116 0.146 0.159 
333 UA00012507    (0)   :  0.125 0.144 0.109 0.023 0.142 0.150 0.158 0.150 
334 UA00064416    (0)   :  0.142 0.102 0.156 0.025 0.167 0.083 0.192 0.132 
335 UA00034724    (0)   :  0.164 0.100 0.140 0.027 0.139 0.111 0.146 0.173 
336 UA00002621    (0)   :  0.164 0.097 0.168 0.023 0.157 0.097 0.145 0.150 
337 UA00033203    (0)   :  0.139 0.098 0.166 0.044 0.166 0.073 0.202 0.111 
338 UA00011996    (0)   :  0.142 0.087 0.123 0.051 0.150 0.101 0.158 0.186 
339 UA00014408    (0)   :  0.110 0.204 0.095 0.033 0.111 0.193 0.121 0.133 
340 UA00049502    (0)   :  0.140 0.124 0.123 0.025 0.124 0.143 0.137 0.182 
341 UA00062695    (0)   :  0.148 0.095 0.174 0.078 0.150 0.102 0.114 0.140 
342 UA00014072    (0)   :  0.163 0.090 0.164 0.043 0.161 0.109 0.122 0.148 
343 UA00003334    (0)   :  0.183 0.090 0.202 0.031 0.167 0.088 0.130 0.110 
344 UA00013835    (0)   :  0.150 0.089 0.165 0.053 0.143 0.096 0.137 0.167 
345 UA00046760    (0)   :  0.135 0.080 0.128 0.164 0.115 0.097 0.118 0.163 
346 UA00014241    (0)   :  0.166 0.102 0.149 0.024 0.152 0.102 0.159 0.146 
347 UA00049585    (0)   :  0.160 0.083 0.168 0.028 0.147 0.109 0.138 0.168 
348 UA00013409    (0)   :  0.153 0.129 0.175 0.045 0.150 0.142 0.094 0.111 
349 UA00047548    (0)   :  0.143 0.087 0.133 0.037 0.162 0.094 0.171 0.172 
350 UA00049038    (0)   :  0.107 0.096 0.100 0.286 0.088 0.106 0.094 0.124 
351 UA00047612    (0)   :  0.148 0.107 0.137 0.027 0.145 0.113 0.157 0.166 
352 UA00014822    (0)   :  0.094 0.122 0.096 0.250 0.100 0.116 0.108 0.114 
353 UA00035299    (0)   :  0.146 0.099 0.158 0.044 0.147 0.091 0.172 0.143 
354 UA00012804    (0)   :  0.099 0.079 0.099 0.303 0.092 0.083 0.105 0.140 
355 UA00049578    (0)   :  0.140 0.128 0.127 0.031 0.121 0.141 0.134 0.178 
356 UA00047672    (0)   :  0.132 0.107 0.170 0.023 0.179 0.075 0.215 0.099 
357 UA00043961    (0)   :  0.058 0.062 0.055 0.599 0.049 0.062 0.052 0.065 
358 UA00064575    (0)   :  0.135 0.150 0.125 0.038 0.115 0.162 0.113 0.163 
359 UA00014732    (0)   :  0.149 0.108 0.137 0.023 0.142 0.109 0.159 0.173 
360 UA00050181    (0)   :  0.137 0.111 0.109 0.016 0.171 0.106 0.189 0.162 
361 UA00033369    (0)   :  0.105 0.091 0.101 0.215 0.114 0.091 0.141 0.141 
362 UA00011982    (0)   :  0.159 0.094 0.210 0.017 0.172 0.063 0.210 0.075 
363 UA00014590    (0)   :  0.131 0.097 0.122 0.089 0.132 0.098 0.162 0.169 
364 UA00047743    (0)   :  0.139 0.092 0.162 0.024 0.171 0.075 0.204 0.134 
365 UA00046621    (0)   :  0.149 0.092 0.156 0.023 0.179 0.076 0.199 0.127 
366 UA00050422    (0)   :  0.137 0.125 0.129 0.027 0.129 0.135 0.143 0.175 
367 UA00002760    (0)   :  0.156 0.086 0.140 0.071 0.133 0.097 0.146 0.171 
368 UA00012999    (0)   :  0.138 0.090 0.128 0.094 0.124 0.090 0.158 0.177 
369 UA00063838    (0)   :  0.163 0.097 0.189 0.024 0.153 0.097 0.141 0.136 
370 UA00003729    (0)   :  0.117 0.138 0.126 0.153 0.102 0.133 0.099 0.131 
371 UA00015348    (0)   :  0.166 0.088 0.181 0.061 0.158 0.113 0.101 0.133 
372 UA00019058    (0)   :  0.168 0.112 0.204 0.039 0.179 0.108 0.089 0.101 
373 UA00049549    (0)   :  0.191 0.066 0.269 0.091 0.184 0.074 0.066 0.059 
374 UA00014334    (0)   :  0.140 0.117 0.116 0.042 0.163 0.113 0.176 0.133 
375 UA00014350    (0)   :  0.154 0.098 0.224 0.013 0.183 0.053 0.222 0.053 
376 UA00049227    (0)   :  0.109 0.108 0.095 0.155 0.138 0.109 0.147 0.138 
377 UA00014051    (0)   :  0.133 0.138 0.119 0.021 0.148 0.132 0.178 0.131 
378 UA00034381    (0)   :  0.155 0.114 0.131 0.031 0.137 0.123 0.142 0.167 
379 UA00002354    (0)   :  0.164 0.097 0.167 0.021 0.171 0.069 0.199 0.112 
380 UA00049892    (0)   :  0.163 0.081 0.192 0.075 0.153 0.084 0.132 0.119 
381 UA00021989    (0)   :  0.159 0.104 0.147 0.020 0.153 0.108 0.155 0.154 
382 UA00048968    (0)   :  0.148 0.101 0.126 0.025 0.149 0.103 0.177 0.171 
383 UA00013174    (0)   :  0.154 0.105 0.141 0.042 0.158 0.089 0.183 0.127 
384 UA00033992    (0)   :  0.126 0.083 0.098 0.163 0.123 0.089 0.145 0.172 
385 UA00015801    (0)   :  0.164 0.092 0.204 0.013 0.168 0.069 0.197 0.093 
386 UA00063303    (0)   :  0.137 0.087 0.156 0.204 0.120 0.088 0.099 0.111 
387 UA00050206    (0)   :  0.180 0.086 0.211 0.015 0.190 0.106 0.103 0.110 
388 UA00014458    (0)   :  0.147 0.100 0.150 0.083 0.139 0.108 0.133 0.140 
389 UA00007204    (0)   :  0.189 0.082 0.226 0.044 0.167 0.082 0.110 0.099 
390 UA00063212    (0)   :  0.124 0.110 0.121 0.173 0.112 0.132 0.096 0.132 
391 UA00013340    (0)   :  0.141 0.086 0.122 0.084 0.128 0.098 0.147 0.193 
392 UA00062743    (0)   :  0.136 0.128 0.104 0.022 0.186 0.114 0.192 0.118 
393 UA00063189    (0)   :  0.079 0.275 0.065 0.060 0.078 0.265 0.085 0.094 
394 UA00035432    (0)   :  0.169 0.094 0.161 0.026 0.159 0.104 0.140 0.146 
395 UA00007958    (0)   :  0.166 0.099 0.130 0.025 0.158 0.096 0.181 0.146 
396 UA00013634    (0)   :  0.145 0.113 0.119 0.020 0.185 0.105 0.195 0.119 
397 UA00048175    (0)   :  0.156 0.100 0.195 0.012 0.181 0.070 0.213 0.073 
398 UA00003202    (0)   :  0.166 0.100 0.126 0.032 0.136 0.108 0.151 0.182 
399 UA00035090    (0)   :  0.148 0.112 0.153 0.038 0.144 0.121 0.132 0.152 
400 UA00064679    (0)   :  0.111 0.204 0.096 0.048 0.109 0.203 0.116 0.113 
401 UA00039518    (0)   :  0.156 0.096 0.152 0.039 0.170 0.080 0.175 0.132 
402 UA00058268    (0)   :  0.140 0.097 0.143 0.035 0.136 0.111 0.156 0.182 
403 UA00049456    (0)   :  0.138 0.086 0.141 0.174 0.112 0.093 0.114 0.144 
404 UA00049550    (0)   :  0.152 0.115 0.159 0.023 0.154 0.133 0.116 0.150 
405 UA00048342    (0)   :  0.141 0.091 0.141 0.095 0.115 0.107 0.134 0.177 
406 UA00063493    (0)   :  0.158 0.087 0.159 0.019 0.148 0.098 0.160 0.171 
407 UA00058261    (0)   :  0.141 0.137 0.120 0.027 0.146 0.129 0.167 0.132 
408 UA00014663    (0)   :  0.129 0.099 0.126 0.038 0.135 0.111 0.170 0.192 
409 UA00048817    (0)   :  0.114 0.083 0.119 0.196 0.125 0.085 0.152 0.127 
410 UA00049381    (0)   :  0.157 0.112 0.126 0.025 0.169 0.102 0.188 0.120 
411 UA00035901    (0)   :  0.107 0.187 0.100 0.038 0.109 0.184 0.126 0.147 
412 UA00013301    (0)   :  0.163 0.101 0.192 0.044 0.163 0.118 0.099 0.119 
413 UA00047926    (0)   :  0.129 0.117 0.129 0.067 0.139 0.104 0.168 0.146 
414 UA00007272    (0)   :  0.123 0.140 0.111 0.043 0.150 0.135 0.164 0.134 
415 UA00016041    (0)   :  0.162 0.085 0.163 0.055 0.143 0.107 0.128 0.157 
416 UA00013502    (0)   :  0.158 0.110 0.157 0.018 0.152 0.102 0.163 0.139 
417 UA00002390    (0)   :  0.136 0.092 0.115 0.091 0.126 0.103 0.149 0.189 
418 UA00034907    (0)   :  0.143 0.111 0.125 0.024 0.139 0.124 0.154 0.180 
419 UA00048821    (0)   :  0.126 0.122 0.117 0.103 0.118 0.125 0.129 0.159 
420 UA00002136    (0)   :  0.151 0.098 0.136 0.099 0.114 0.116 0.123 0.163 
421 UA00011790    (0)   :  0.143 0.112 0.106 0.043 0.168 0.108 0.179 0.140 
422 UA00021586    (0)   :  0.124 0.090 0.123 0.177 0.118 0.096 0.128 0.145 
423 UA00033270    (0)   :  0.152 0.109 0.129 0.037 0.132 0.117 0.152 0.173 
424 UA00048073    (0)   :  0.158 0.101 0.140 0.039 0.145 0.107 0.141 0.169 
425 UA00048856    (0)   :  0.145 0.129 0.135 0.036 0.157 0.123 0.150 0.125 
426 UA00049713    (0)   :  0.152 0.108 0.167 0.034 0.151 0.093 0.164 0.131 
427 UA00046885    (0)   :  0.148 0.097 0.137 0.040 0.149 0.102 0.154 0.173 
428 UA00034893    (0)   :  0.158 0.092 0.181 0.027 0.157 0.090 0.156 0.140 
429 UA00048011    (0)   :  0.160 0.108 0.137 0.017 0.138 0.121 0.156 0.163 
430 UA00015786    (0)   :  0.123 0.157 0.096 0.065 0.109 0.165 0.125 0.161 
431 UA00013162    (0)   :  0.131 0.123 0.108 0.031 0.187 0.105 0.197 0.117 
432 UA00049512    (0)   :  0.154 0.108 0.150 0.051 0.137 0.111 0.135 0.154 
433 UA00004046    (0)   :  0.166 0.106 0.119 0.020 0.176 0.096 0.205 0.112 
434 UA00048881    (0)   :  0.116 0.148 0.093 0.132 0.100 0.153 0.117 0.141 
435 UA00046610    (0)   :  0.126 0.106 0.102 0.121 0.120 0.119 0.143 0.165 
436 UA00033282    (0)   :  0.140 0.121 0.131 0.046 0.135 0.123 0.147 0.158 
437 UA00047561    (0)   :  0.149 0.096 0.132 0.029 0.160 0.098 0.193 0.143 
438 UA00013777    (0)   :  0.131 0.152 0.099 0.024 0.159 0.146 0.159 0.130 
439 UA00062849    (0)   :  0.165 0.082 0.187 0.035 0.183 0.103 0.111 0.133 
440 UA00049786    (0)   :  0.155 0.114 0.158 0.020 0.175 0.097 0.192 0.091 
441 UA00033246    (0)   :  0.195 0.074 0.235 0.022 0.190 0.094 0.091 0.099 
442 UA00045302    (0)   :  0.141 0.095 0.137 0.043 0.145 0.099 0.167 0.173 
443 UA00048637    (0)   :  0.160 0.118 0.143 0.027 0.160 0.098 0.174 0.121 
444 UA00049832    (0)   :  0.163 0.079 0.169 0.121 0.147 0.087 0.106 0.127 
445 UA00022023    (0)   :  0.130 0.096 0.106 0.087 0.156 0.096 0.168 0.160 
446 UA00050192    (0)   :  0.118 0.087 0.113 0.154 0.130 0.092 0.148 0.159 
447 UA00050413    (0)   :  0.160 0.104 0.138 0.029 0.143 0.112 0.145 0.169 
448 UA00013445    (0)   :  0.158 0.094 0.123 0.018 0.168 0.099 0.189 0.151 
449 UA00035496    (0)   :  0.121 0.169 0.114 0.035 0.123 0.164 0.122 0.151 
450 UA00003333    (0)   :  0.108 0.184 0.086 0.078 0.098 0.185 0.116 0.146 
451 UA00064008    (0)   :  0.115 0.187 0.100 0.023 0.115 0.188 0.132 0.141 
452 UA00003427    (0)   :  0.122 0.099 0.112 0.157 0.120 0.104 0.128 0.158 
453 UA00028092    (0)   :  0.109 0.118 0.091 0.224 0.092 0.126 0.105 0.134 
454    pc003    (0)   :  0.052 0.327 0.042 0.092 0.048 0.327 0.051 0.062 
455 UA00034440    (0)   :  0.158 0.103 0.162 0.031 0.161 0.112 0.122 0.150 
456 UA00026062    (0)   :  0.150 0.102 0.123 0.041 0.187 0.088 0.206 0.101 
457 UA00014347    (0)   :  0.129 0.126 0.140 0.059 0.137 0.119 0.133 0.156 
458 UA00021516    (0)   :  0.161 0.101 0.156 0.029 0.155 0.091 0.184 0.123 
459 UA00049347    (0)   :  0.110 0.205 0.087 0.032 0.102 0.209 0.118 0.138 
460 UA00063436    (0)   :  0.112 0.223 0.110 0.037 0.100 0.223 0.087 0.110 
461 UA00047790    (0)   :  0.141 0.105 0.105 0.031 0.164 0.106 0.191 0.156 
462 UA00045714    (0)   :  0.109 0.158 0.091 0.093 0.102 0.168 0.124 0.154 
463 UA00038979    (0)   :  0.156 0.089 0.196 0.113 0.152 0.085 0.102 0.107 
464 UA00016123    (0)   :  0.126 0.128 0.097 0.069 0.159 0.124 0.167 0.130 
465 UA00034765    (0)   :  0.045 0.381 0.043 0.019 0.048 0.360 0.052 0.053 
466 UA00063815    (0)   :  0.070 0.282 0.067 0.098 0.068 0.262 0.070 0.083 
467 UA00034795    (0)   :  0.163 0.092 0.168 0.039 0.163 0.110 0.118 0.147 
468 UA00004000    (0)   :  0.057 0.352 0.049 0.030 0.057 0.326 0.060 0.069 
469 UA00049367    (0)   :  0.154 0.126 0.141 0.022 0.147 0.127 0.125 0.157 
470 UA00034457    (0)   :  0.144 0.100 0.123 0.043 0.161 0.099 0.180 0.150 
471 UA00050015    (0)   :  0.142 0.111 0.151 0.068 0.138 0.111 0.128 0.151 
472 UA00021373    (0)   :  0.146 0.102 0.121 0.042 0.143 0.106 0.163 0.178 
473 UA00050232    (0)   :  0.060 0.304 0.054 0.095 0.069 0.281 0.067 0.069 
474 UA00038724    (0)   :  0.140 0.088 0.134 0.099 0.133 0.097 0.144 0.165 
475 UA00007824    (0)   :  0.130 0.114 0.106 0.085 0.147 0.108 0.171 0.139 
476 UA00048754    (0)   :  0.133 0.136 0.094 0.017 0.189 0.129 0.184 0.118 
477 UA00014271    (0)   :  0.147 0.102 0.129 0.066 0.142 0.106 0.154 0.154 
478 UA00013756    (0)   :  0.137 0.134 0.147 0.085 0.119 0.144 0.100 0.134 
479 UA00014385    (0)   :  0.104 0.179 0.087 0.110 0.101 0.180 0.115 0.125 
480 UA00049609    (0)   :  0.164 0.100 0.171 0.034 0.159 0.106 0.125 0.142 
481 UA00003748    (0)   :  0.102 0.210 0.084 0.026 0.141 0.196 0.136 0.106 
482 UA00063952    (0)   :  0.117 0.192 0.097 0.021 0.133 0.185 0.134 0.121 
483 UA00058348    (0)   :  0.079 0.298 0.069 0.019 0.078 0.287 0.077 0.093 
484 UA00014922    (0)   :  0.044 0.384 0.041 0.039 0.044 0.355 0.045 0.048 
485 UA00003820    (0)   :  0.137 0.129 0.108 0.018 0.185 0.120 0.187 0.117 
486 UA00013693    (0)   :  0.126 0.137 0.098 0.076 0.127 0.139 0.143 0.155 
487 UA00047713    (0)   :  0.054 0.347 0.052 0.023 0.065 0.327 0.071 0.061 
488 UA00034891    (0)   :  0.097 0.230 0.095 0.035 0.125 0.196 0.120 0.102 
489 UA00049223    (0)   :  0.109 0.212 0.097 0.032 0.106 0.208 0.112 0.123 
490 UA00064399    (0)   :  0.037 0.301 0.031 0.210 0.042 0.286 0.048 0.045 
491 UA00013336    (0)   :  0.042 0.366 0.036 0.070 0.039 0.352 0.042 0.052 
492 UA00035291    (0)   :  0.051 0.343 0.041 0.044 0.072 0.322 0.075 0.051 
493 UA00003945    (0)   :  0.066 0.314 0.051 0.050 0.060 0.306 0.070 0.082 
494 UA00014518    (0)   :  0.083 0.267 0.068 0.044 0.090 0.255 0.097 0.096 
495 UA00013583    (0)   :  0.081 0.124 0.075 0.354 0.072 0.120 0.078 0.097 
