

----------------------------------------------------
STRUCTURE by Pritchard, Stephens and Donnelly (2000)
     and Falush, Stephens and Pritchard (2003)
       Code by Pritchard, Falush and Hubisz
             Version 2.3.4 (Jul 2012)
----------------------------------------------------



Command line arguments:   structure -K 10 -o outputfile_K10_1 
Input File:    Puma_SNP_genotypes_cut_AZ_final_HWEonly.str

Run parameters:
   536 individuals
   22 loci
   10 populations assumed
   100000 Burn-in period
   500000 Reps


--------------------------------------------
Overall proportion of membership of the
sample in each of the 10 clusters

Inferred Clusters
  1      2      3      4      5      6      7      8      9     10    
0.081  0.101  0.102  0.101  0.102  0.102  0.102  0.106  0.101  0.101  

--------------------------------------------

Allele-freq. divergence among pops (Net nucleotide distance),
computed using point estimates of P.

      1       2       3       4       5       6       7       8       9      10      
 1      -    0.0732  0.0749  0.0719  0.0783  0.0747  0.0773  0.0934  0.0763  0.0734  
 2   0.0732     -    0.0005  0.0002  0.0008  0.0004  0.0003  0.0398  0.0003  0.0002  
 3   0.0749  0.0005     -    0.0002  0.0002  0.0000  0.0009  0.0448  0.0006  0.0012  
 4   0.0719  0.0002  0.0002     -    0.0006  0.0001  0.0007  0.0411  0.0005  0.0006  
 5   0.0783  0.0008  0.0002  0.0006     -    0.0002  0.0007  0.0483  0.0004  0.0014  
 6   0.0747  0.0004  0.0000  0.0001  0.0002     -    0.0007  0.0444  0.0005  0.0010  
 7   0.0773  0.0003  0.0009  0.0007  0.0007  0.0007     -    0.0432  0.0001  0.0003  
 8   0.0934  0.0398  0.0448  0.0411  0.0483  0.0444  0.0432     -    0.0437  0.0386  
 9   0.0763  0.0003  0.0006  0.0005  0.0004  0.0005  0.0001  0.0437     -    0.0004  
10   0.0734  0.0002  0.0012  0.0006  0.0014  0.0010  0.0003  0.0386  0.0004     -    

Average distances (expected heterozygosity) between individuals in same cluster:
cluster  1  : 0.2430 
cluster  2  : 0.3789 
cluster  3  : 0.3765 
cluster  4  : 0.3781 
cluster  5  : 0.3759 
cluster  6  : 0.3765 
cluster  7  : 0.3774 
cluster  8  : 0.2610 
cluster  9  : 0.3764 
cluster 10  : 0.3789 

--------------------------------------------
Estimated Ln Prob of Data   = -13904.0
Mean value of ln likelihood = -12248.8
Variance of ln likelihood   = 3310.5
Mean value of alpha         = 0.0807

Mean value of Fst_1         = 0.4012
Mean value of Fst_2         = 0.0364
Mean value of Fst_3         = 0.0733
Mean value of Fst_4         = 0.0442
Mean value of Fst_5         = 0.0950
Mean value of Fst_6         = 0.0793
Mean value of Fst_7         = 0.0648
Mean value of Fst_8         = 0.2915
Mean value of Fst_9         = 0.0738
Mean value of Fst_10         = 0.0312


Inferred ancestry of individuals:
        Label (%Miss) :  Inferred clusters
  1 UA00063336   (13)   :  0.255 0.094 0.086 0.095 0.076 0.085 0.087 0.034 0.089 0.097 
  2 UA00048914    (9)   :  0.040 0.118 0.096 0.115 0.092 0.094 0.104 0.111 0.106 0.124 
  3 UA00014769   (13)   :  0.017 0.085 0.113 0.087 0.190 0.117 0.143 0.009 0.169 0.071 
  4 UA00008132   (13)   :  0.056 0.128 0.105 0.120 0.100 0.104 0.115 0.038 0.113 0.120 
  5 UA00030462   (13)   :  0.035 0.109 0.100 0.108 0.089 0.095 0.101 0.137 0.103 0.121 
  6 UA00034866   (13)   :  0.012 0.132 0.111 0.124 0.087 0.105 0.108 0.086 0.105 0.130 
  7 UA00034800    (9)   :  0.520 0.055 0.052 0.056 0.049 0.053 0.055 0.050 0.055 0.055 
  8  Puco006    (9)   :  0.026 0.035 0.032 0.035 0.029 0.029 0.031 0.711 0.034 0.038 
  9 UA00048874    (4)   :  0.324 0.087 0.068 0.081 0.066 0.070 0.077 0.063 0.077 0.086 
 10 UA00049060    (9)   :  0.034 0.107 0.115 0.109 0.138 0.116 0.123 0.020 0.135 0.103 
 11 UA00033413    (9)   :  0.015 0.098 0.159 0.124 0.149 0.147 0.094 0.030 0.100 0.083 
 12  Puco021    (9)   :  0.055 0.083 0.171 0.116 0.159 0.143 0.089 0.015 0.104 0.065 
 13  Puco026    (9)   :  0.039 0.106 0.121 0.122 0.127 0.128 0.111 0.016 0.124 0.107 
 14  Puco008    (9)   :  0.106 0.103 0.084 0.100 0.074 0.085 0.096 0.150 0.089 0.112 
 15   M01301    (9)   :  0.011 0.100 0.133 0.123 0.138 0.132 0.098 0.073 0.107 0.085 
 16   M06306    (9)   :  0.234 0.091 0.094 0.095 0.094 0.099 0.087 0.016 0.097 0.092 
 17 UA00032185    (9)   :  0.042 0.123 0.112 0.117 0.111 0.110 0.109 0.055 0.108 0.112 
 18 UA00030792    (9)   :  0.916 0.009 0.009 0.009 0.009 0.009 0.009 0.010 0.009 0.009 
 19 UA00031647    (9)   :  0.106 0.113 0.094 0.113 0.090 0.093 0.104 0.067 0.099 0.122 
 20 UA00031979    (9)   :  0.025 0.114 0.109 0.117 0.114 0.115 0.108 0.053 0.117 0.127 
 21  Puco016    (9)   :  0.016 0.111 0.096 0.102 0.095 0.096 0.111 0.140 0.105 0.127 
 22  Puco010    (9)   :  0.028 0.122 0.123 0.127 0.114 0.125 0.114 0.027 0.111 0.108 
 23    M1035    (9)   :  0.061 0.129 0.103 0.122 0.105 0.109 0.118 0.017 0.110 0.126 
 24 UA00034601    (9)   :  0.043 0.109 0.114 0.111 0.107 0.113 0.104 0.063 0.116 0.120 
 25 UA00050388    (9)   :  0.043 0.121 0.106 0.124 0.096 0.110 0.114 0.055 0.105 0.126 
 26 UA00048699    (9)   :  0.020 0.092 0.082 0.084 0.074 0.081 0.093 0.292 0.085 0.097 
 27 UA00064058    (9)   :  0.040 0.115 0.109 0.110 0.115 0.118 0.127 0.018 0.123 0.125 
 28 UA00033981    (9)   :  0.030 0.103 0.146 0.126 0.141 0.154 0.093 0.033 0.097 0.078 
 29   F05033    (9)   :  0.019 0.104 0.125 0.112 0.135 0.123 0.119 0.021 0.133 0.109 
 30 UA00048520    (4)   :  0.098 0.103 0.113 0.110 0.112 0.108 0.091 0.058 0.103 0.104 
 31 UA00048422    (4)   :  0.797 0.023 0.024 0.025 0.023 0.025 0.022 0.017 0.023 0.022 
 32    PucoB    (4)   :  0.028 0.101 0.138 0.117 0.140 0.137 0.098 0.011 0.128 0.102 
 33 UA00047393    (4)   :  0.086 0.116 0.102 0.106 0.108 0.100 0.122 0.024 0.121 0.114 
 34 UA00064521    (4)   :  0.023 0.111 0.100 0.112 0.089 0.100 0.108 0.139 0.098 0.120 
 35 UA00003043    (4)   :  0.014 0.114 0.101 0.108 0.102 0.101 0.116 0.110 0.112 0.121 
 36 UA00063025    (4)   :  0.119 0.108 0.097 0.110 0.080 0.091 0.095 0.101 0.092 0.106 
 37 UA00063826    (4)   :  0.028 0.127 0.132 0.138 0.107 0.127 0.105 0.021 0.102 0.115 
 38   F07407    (4)   :  0.139 0.088 0.133 0.106 0.123 0.123 0.083 0.020 0.105 0.080 
 39 UA00021658    (4)   :  0.029 0.122 0.114 0.122 0.112 0.112 0.120 0.030 0.116 0.124 
 40 UA00003794    (4)   :  0.108 0.086 0.123 0.103 0.135 0.124 0.088 0.024 0.123 0.086 
 41 UA00041322    (4)   :  0.038 0.133 0.102 0.131 0.091 0.099 0.116 0.048 0.107 0.136 
 42 UA00063316    (4)   :  0.055 0.126 0.106 0.122 0.089 0.103 0.107 0.062 0.104 0.126 
 43 UA00047705    (4)   :  0.026 0.107 0.118 0.123 0.120 0.117 0.103 0.045 0.124 0.117 
 44 UA00033904    (4)   :  0.257 0.086 0.081 0.092 0.087 0.092 0.087 0.029 0.098 0.091 
 45 UA00048100    (4)   :  0.015 0.110 0.126 0.121 0.126 0.124 0.111 0.034 0.120 0.114 
 46 UA00032212    (4)   :  0.144 0.104 0.095 0.108 0.087 0.097 0.095 0.075 0.092 0.102 
 47 UA00031574    (4)   :  0.799 0.022 0.022 0.023 0.021 0.021 0.021 0.029 0.021 0.021 
 48 UA00031228    (4)   :  0.881 0.013 0.012 0.013 0.012 0.013 0.013 0.017 0.013 0.013 
 49 UA00047707    (4)   :  0.009 0.110 0.114 0.105 0.132 0.109 0.149 0.020 0.133 0.118 
 50 UA00030906    (4)   :  0.911 0.010 0.009 0.009 0.009 0.009 0.009 0.015 0.009 0.010 
 51 UA00041567    (4)   :  0.035 0.114 0.132 0.136 0.120 0.130 0.097 0.042 0.097 0.096 
 52 UA00007624    (4)   :  0.012 0.106 0.128 0.108 0.152 0.118 0.123 0.023 0.131 0.099 
 53 UA00034514    (4)   :  0.024 0.126 0.112 0.118 0.108 0.114 0.122 0.032 0.119 0.126 
 54 UA00030480    (4)   :  0.083 0.124 0.094 0.117 0.100 0.095 0.116 0.020 0.114 0.137 
 55  Puco012    (4)   :  0.022 0.129 0.116 0.124 0.101 0.112 0.117 0.038 0.108 0.131 
 56 UA00038677    (9)   :  0.062 0.117 0.105 0.117 0.089 0.106 0.103 0.087 0.101 0.113 
 57 UA00048275    (4)   :  0.017 0.113 0.131 0.127 0.129 0.122 0.109 0.025 0.115 0.112 
 58 UA00064055    (4)   :  0.023 0.127 0.107 0.105 0.104 0.106 0.131 0.038 0.117 0.142 
 59  Puco009    (4)   :  0.013 0.110 0.100 0.106 0.091 0.097 0.111 0.144 0.105 0.123 
 60 UA00064561    (4)   :  0.013 0.094 0.110 0.079 0.162 0.107 0.153 0.049 0.147 0.085 
 61 UA00003479    (4)   :  0.021 0.128 0.108 0.109 0.099 0.113 0.127 0.047 0.111 0.138 
 62 UA00063747    (4)   :  0.010 0.117 0.123 0.107 0.122 0.125 0.118 0.038 0.118 0.121 
 63 UA00002558    (4)   :  0.016 0.122 0.106 0.120 0.088 0.102 0.100 0.137 0.094 0.115 
 64 UA00048410    (4)   :  0.011 0.104 0.099 0.095 0.110 0.100 0.124 0.135 0.109 0.111 
 65 UA00012249    (4)   :  0.013 0.109 0.103 0.097 0.120 0.108 0.133 0.068 0.124 0.125 
 66 UA00033818    (4)   :  0.498 0.056 0.057 0.061 0.055 0.060 0.052 0.048 0.057 0.056 
 67  Puco020    (4)   :  0.094 0.115 0.101 0.108 0.096 0.099 0.116 0.050 0.106 0.114 
 68 UA00002545    (9)   :  0.050 0.109 0.098 0.095 0.119 0.108 0.145 0.024 0.122 0.129 
 69 UA00048508    (4)   :  0.018 0.130 0.115 0.120 0.106 0.111 0.124 0.027 0.119 0.130 
 70 UA00064100    (4)   :  0.027 0.129 0.112 0.128 0.103 0.106 0.116 0.029 0.116 0.134 
 71 UA00014585    (4)   :  0.026 0.127 0.106 0.119 0.103 0.113 0.128 0.040 0.105 0.133 
 72 UA00063698    (4)   :  0.064 0.082 0.080 0.086 0.066 0.076 0.078 0.299 0.077 0.091 
 73 UA00049753    (4)   :  0.272 0.094 0.084 0.096 0.085 0.081 0.087 0.014 0.085 0.102 
 74 UA00049037    (4)   :  0.038 0.122 0.113 0.117 0.112 0.110 0.126 0.020 0.118 0.125 
 75 UA00034941    (4)   :  0.038 0.113 0.114 0.125 0.105 0.114 0.106 0.045 0.115 0.126 
 76 UA00008083    (4)   :  0.030 0.064 0.059 0.062 0.051 0.060 0.059 0.493 0.056 0.065 
 77 UA00015084    (4)   :  0.089 0.089 0.082 0.089 0.070 0.078 0.077 0.261 0.077 0.088 
 78 UA00041010    (9)   :  0.246 0.052 0.048 0.051 0.042 0.043 0.047 0.366 0.050 0.055 
 79 UA00035261    (4)   :  0.133 0.106 0.095 0.109 0.085 0.095 0.092 0.075 0.098 0.113 
 80 UA00035431    (4)   :  0.010 0.127 0.124 0.129 0.110 0.123 0.106 0.046 0.104 0.123 
 81 UA00045274    (0)   :  0.045 0.109 0.110 0.117 0.110 0.113 0.101 0.063 0.118 0.114 
 82 UA00028200    (4)   :  0.289 0.083 0.076 0.082 0.071 0.078 0.071 0.082 0.076 0.092 
 83 UA00064559    (0)   :  0.847 0.018 0.018 0.018 0.017 0.018 0.017 0.015 0.017 0.018 
 84 UA00040808    (0)   :  0.203 0.091 0.082 0.091 0.082 0.079 0.092 0.092 0.091 0.097 
 85 UA00049156    (0)   :  0.211 0.092 0.086 0.097 0.071 0.080 0.084 0.093 0.086 0.099 
 86 UA00003952    (4)   :  0.019 0.058 0.054 0.054 0.049 0.054 0.058 0.532 0.057 0.065 
 87 UA00063954    (0)   :  0.069 0.119 0.106 0.123 0.108 0.102 0.112 0.021 0.119 0.121 
 88 UA00062934    (0)   :  0.091 0.114 0.103 0.116 0.098 0.099 0.104 0.042 0.112 0.120 
 89 UA00033829    (0)   :  0.516 0.041 0.038 0.041 0.034 0.039 0.036 0.175 0.038 0.042 
 90 UA00064351    (4)   :  0.021 0.101 0.143 0.129 0.135 0.141 0.093 0.063 0.091 0.082 
 91 UA00003697    (4)   :  0.043 0.066 0.058 0.064 0.051 0.058 0.063 0.468 0.060 0.068 
 92 UA00063438    (4)   :  0.119 0.118 0.094 0.112 0.083 0.090 0.104 0.059 0.099 0.122 
 93 UA00007608    (0)   :  0.129 0.101 0.090 0.101 0.079 0.087 0.087 0.125 0.093 0.106 
 94 UA00019683    (4)   :  0.323 0.063 0.104 0.081 0.102 0.096 0.066 0.021 0.083 0.059 
 95 UA00007781    (0)   :  0.022 0.118 0.123 0.120 0.115 0.117 0.106 0.036 0.121 0.122 
 96 UA00002915    (0)   :  0.243 0.099 0.081 0.093 0.068 0.082 0.093 0.051 0.081 0.108 
 97  Puco031    (4)   :  0.025 0.121 0.102 0.119 0.108 0.106 0.126 0.039 0.117 0.136 
 98 UA00048280    (4)   :  0.018 0.121 0.122 0.126 0.110 0.116 0.109 0.048 0.114 0.117 
 99 UA00048589    (0)   :  0.039 0.093 0.130 0.118 0.133 0.134 0.104 0.028 0.119 0.103 
100 UA00034417    (0)   :  0.069 0.111 0.092 0.104 0.088 0.092 0.107 0.123 0.097 0.116 
101 UA00050411    (4)   :  0.010 0.109 0.110 0.106 0.132 0.113 0.144 0.019 0.132 0.125 
102  Puco029    (4)   :  0.016 0.103 0.123 0.117 0.148 0.130 0.116 0.009 0.136 0.102 
103   F03403    (4)   :  0.011 0.087 0.158 0.114 0.162 0.151 0.087 0.028 0.122 0.080 
104 UA00049904    (0)   :  0.089 0.120 0.110 0.124 0.098 0.108 0.109 0.030 0.101 0.112 
105 UA00035335    (0)   :  0.013 0.104 0.126 0.105 0.158 0.128 0.124 0.008 0.133 0.102 
106 UA00012611    (0)   :  0.021 0.137 0.110 0.119 0.102 0.116 0.119 0.018 0.121 0.136 
107 UA00050319    (0)   :  0.012 0.084 0.179 0.119 0.171 0.151 0.087 0.015 0.111 0.071 
108 UA00032068    (4)   :  0.062 0.126 0.111 0.117 0.100 0.108 0.114 0.014 0.111 0.136 
109 UA00032026    (4)   :  0.040 0.119 0.109 0.118 0.119 0.107 0.122 0.021 0.126 0.118 
110 UA00030476    (4)   :  0.038 0.073 0.173 0.112 0.168 0.154 0.086 0.013 0.114 0.068 
111 UA00046853    (0)   :  0.031 0.107 0.148 0.141 0.145 0.156 0.090 0.022 0.090 0.071 
112 UA00040156    (4)   :  0.917 0.009 0.009 0.009 0.009 0.009 0.009 0.011 0.009 0.009 
113 UA00030528    (4)   :  0.120 0.116 0.097 0.110 0.096 0.094 0.115 0.021 0.106 0.125 
114  Puco025    (4)   :  0.014 0.099 0.117 0.096 0.157 0.112 0.149 0.016 0.150 0.089 
115    pc016    (0)   :  0.920 0.009 0.009 0.009 0.008 0.009 0.009 0.010 0.009 0.009 
116 UA00030617    (4)   :  0.012 0.100 0.117 0.093 0.162 0.118 0.150 0.014 0.143 0.092 
117 UA00030585    (4)   :  0.838 0.018 0.019 0.019 0.018 0.019 0.017 0.020 0.017 0.016 
118 UA00032060    (4)   :  0.124 0.111 0.103 0.118 0.096 0.106 0.104 0.022 0.102 0.113 
119    pc007    (0)   :  0.035 0.107 0.142 0.123 0.143 0.130 0.099 0.030 0.105 0.087 
120 UA00030798    (4)   :  0.790 0.025 0.025 0.026 0.022 0.025 0.024 0.013 0.025 0.026 
121 UA00030778    (4)   :  0.009 0.119 0.111 0.115 0.121 0.112 0.138 0.015 0.130 0.130 
122 UA00039674    (4)   :  0.877 0.015 0.013 0.014 0.013 0.014 0.014 0.012 0.014 0.015 
123 UA00032241    (4)   :  0.011 0.108 0.127 0.104 0.172 0.120 0.122 0.016 0.129 0.091 
124 UA00011624    (0)   :  0.016 0.113 0.110 0.114 0.128 0.125 0.123 0.022 0.124 0.125 
125 UA00033779    (4)   :  0.017 0.097 0.162 0.119 0.159 0.153 0.092 0.025 0.102 0.075 
126 UA00049402    (4)   :  0.026 0.112 0.098 0.094 0.099 0.111 0.124 0.097 0.111 0.125 
127 UA00033653    (0)   :  0.013 0.093 0.183 0.129 0.165 0.158 0.085 0.021 0.093 0.061 
128 UA00047738    (0)   :  0.031 0.120 0.108 0.129 0.108 0.110 0.107 0.055 0.114 0.118 
129 UA00047502    (4)   :  0.035 0.115 0.106 0.112 0.087 0.099 0.106 0.112 0.103 0.125 
130 UA00012014    (4)   :  0.022 0.131 0.113 0.115 0.102 0.108 0.127 0.030 0.113 0.138 
131 UA00040729    (0)   :  0.024 0.092 0.132 0.111 0.156 0.131 0.107 0.018 0.141 0.088 
132 UA00030392    (4)   :  0.023 0.110 0.117 0.100 0.153 0.109 0.139 0.016 0.136 0.097 
133 UA00050033    (0)   :  0.038 0.115 0.116 0.117 0.120 0.120 0.118 0.023 0.124 0.109 
134 UA00012152    (0)   :  0.011 0.068 0.063 0.064 0.067 0.062 0.076 0.442 0.072 0.076 
135 UA00050406    (0)   :  0.025 0.131 0.113 0.126 0.102 0.110 0.121 0.029 0.109 0.134 
136 UA00047973    (0)   :  0.018 0.125 0.119 0.130 0.109 0.121 0.115 0.027 0.111 0.125 
137 UA00008051    (0)   :  0.053 0.119 0.102 0.118 0.102 0.108 0.110 0.070 0.110 0.110 
138 UA00047337    (4)   :  0.115 0.103 0.107 0.104 0.111 0.107 0.106 0.028 0.117 0.102 
139 UA00041604    (4)   :  0.045 0.121 0.103 0.117 0.097 0.105 0.113 0.074 0.108 0.115 
140 UA00031704    (4)   :  0.014 0.122 0.113 0.109 0.118 0.121 0.137 0.011 0.121 0.134 
141 UA00040423    (4)   :  0.049 0.125 0.106 0.115 0.109 0.105 0.119 0.020 0.112 0.140 
142 UA00049433    (0)   :  0.035 0.119 0.106 0.107 0.098 0.108 0.117 0.063 0.114 0.132 
143 UA00034816    (0)   :  0.021 0.100 0.111 0.089 0.137 0.107 0.137 0.077 0.131 0.091 
144 UA00050214    (0)   :  0.014 0.086 0.114 0.075 0.176 0.111 0.165 0.015 0.164 0.080 
145 UA00041073    (0)   :  0.041 0.123 0.105 0.115 0.105 0.117 0.115 0.059 0.114 0.106 
146 UA00030318    (4)   :  0.016 0.114 0.110 0.103 0.124 0.112 0.126 0.044 0.127 0.122 
147 UA00046845    (0)   :  0.031 0.112 0.110 0.095 0.114 0.099 0.122 0.085 0.121 0.111 
148 UA00063946    (0)   :  0.022 0.078 0.188 0.118 0.176 0.157 0.085 0.018 0.105 0.053 
149 UA00031374    (4)   :  0.024 0.122 0.106 0.122 0.111 0.114 0.118 0.043 0.114 0.126 
150    M1136    (4)   :  0.305 0.082 0.078 0.082 0.083 0.078 0.093 0.024 0.090 0.084 
151 UA00034299    (0)   :  0.019 0.090 0.113 0.077 0.168 0.115 0.161 0.022 0.154 0.082 
152 UA00002387    (4)   :  0.011 0.124 0.100 0.098 0.113 0.116 0.136 0.044 0.117 0.141 
153 UA00021855    (0)   :  0.025 0.130 0.110 0.135 0.102 0.132 0.105 0.033 0.111 0.117 
154 UA00014500    (0)   :  0.033 0.128 0.106 0.116 0.104 0.116 0.123 0.018 0.120 0.137 
155 UA00050419    (4)   :  0.012 0.085 0.116 0.077 0.176 0.113 0.163 0.020 0.167 0.071 
156 UA00031854    (4)   :  0.027 0.124 0.112 0.118 0.102 0.109 0.112 0.066 0.107 0.122 
157    pc011    (4)   :  0.013 0.106 0.108 0.092 0.127 0.115 0.149 0.029 0.139 0.121 
158 UA00033004    (0)   :  0.041 0.113 0.105 0.111 0.109 0.105 0.131 0.033 0.120 0.133 
159 UA00046510    (0)   :  0.016 0.116 0.104 0.107 0.105 0.098 0.118 0.109 0.107 0.119 
160 UA00048747    (0)   :  0.017 0.117 0.103 0.104 0.118 0.107 0.134 0.045 0.124 0.130 
161 UA00014293    (0)   :  0.016 0.119 0.098 0.093 0.120 0.118 0.150 0.029 0.125 0.131 
162 UA00047686    (0)   :  0.024 0.113 0.097 0.105 0.092 0.095 0.113 0.131 0.108 0.124 
163 UA00033783    (4)   :  0.276 0.073 0.092 0.085 0.084 0.090 0.068 0.091 0.073 0.068 
164 UA00042609    (4)   :  0.030 0.100 0.086 0.088 0.088 0.087 0.103 0.210 0.095 0.113 
165 UA00031169    (4)   :  0.020 0.098 0.110 0.087 0.148 0.112 0.158 0.017 0.146 0.103 
166 UA00035181    (0)   :  0.008 0.119 0.121 0.117 0.123 0.129 0.115 0.016 0.122 0.131 
167 UA00050133    (0)   :  0.026 0.124 0.112 0.114 0.110 0.109 0.128 0.036 0.116 0.126 
168  Puco011    (4)   :  0.025 0.105 0.103 0.091 0.127 0.115 0.142 0.035 0.136 0.122 
169 UA00041476    (0)   :  0.046 0.120 0.108 0.107 0.107 0.105 0.122 0.060 0.109 0.116 
170 UA00046702    (0)   :  0.017 0.104 0.116 0.090 0.143 0.116 0.146 0.019 0.143 0.105 
171 UA00019940    (0)   :  0.023 0.119 0.104 0.120 0.116 0.113 0.121 0.047 0.123 0.114 
172 UA00049813    (0)   :  0.028 0.125 0.120 0.133 0.118 0.140 0.103 0.025 0.108 0.100 
173 UA00064165    (0)   :  0.029 0.093 0.079 0.089 0.071 0.079 0.082 0.309 0.079 0.090 
174 UA00064421    (0)   :  0.011 0.102 0.088 0.096 0.079 0.085 0.104 0.236 0.089 0.111 
175 UA00064569    (4)   :  0.009 0.105 0.120 0.098 0.160 0.110 0.141 0.022 0.138 0.097 
176 UA00003996    (0)   :  0.029 0.109 0.100 0.097 0.100 0.098 0.118 0.125 0.112 0.113 
177 UA00064491    (4)   :  0.014 0.098 0.119 0.096 0.146 0.110 0.138 0.044 0.141 0.093 
178 UA00011899    (0)   :  0.031 0.136 0.109 0.122 0.099 0.114 0.121 0.021 0.110 0.137 
179  Puco015    (4)   :  0.071 0.110 0.104 0.112 0.108 0.107 0.122 0.035 0.114 0.116 
180 UA00047929    (4)   :  0.018 0.100 0.128 0.111 0.154 0.128 0.117 0.014 0.142 0.088 
181 UA00056669    (0)   :  0.014 0.133 0.114 0.126 0.095 0.107 0.117 0.047 0.111 0.135 
182 UA00050176    (0)   :  0.039 0.128 0.105 0.120 0.093 0.108 0.113 0.058 0.106 0.130 
183  Puco014    (4)   :  0.024 0.119 0.121 0.128 0.107 0.119 0.106 0.044 0.113 0.119 
184 UA00019608    (0)   :  0.020 0.123 0.105 0.107 0.103 0.110 0.127 0.054 0.113 0.138 
185 UA00064333    (0)   :  0.018 0.125 0.107 0.105 0.114 0.112 0.131 0.031 0.119 0.137 
186  Puco013    (4)   :  0.021 0.119 0.100 0.110 0.089 0.101 0.109 0.121 0.102 0.129 
187 UA00016092    (0)   :  0.010 0.102 0.116 0.099 0.148 0.116 0.145 0.015 0.145 0.103 
188 UA00019060    (0)   :  0.097 0.064 0.055 0.060 0.046 0.053 0.053 0.462 0.050 0.060 
189 UA00063532    (0)   :  0.040 0.125 0.113 0.117 0.109 0.113 0.113 0.042 0.108 0.120 
190 UA00064117    (0)   :  0.132 0.084 0.077 0.082 0.069 0.075 0.080 0.230 0.082 0.089 
191 UA00011969    (0)   :  0.031 0.129 0.114 0.125 0.094 0.107 0.114 0.052 0.108 0.126 
192 UA00034586    (4)   :  0.014 0.118 0.124 0.126 0.130 0.120 0.112 0.017 0.121 0.117 
193 UA00030736    (4)   :  0.025 0.135 0.111 0.121 0.103 0.111 0.123 0.021 0.115 0.136 
194 UA00048493    (0)   :  0.045 0.122 0.112 0.120 0.104 0.108 0.120 0.029 0.114 0.126 
195 UA00040466    (0)   :  0.016 0.043 0.043 0.045 0.036 0.039 0.045 0.640 0.044 0.048 
196 UA00047659    (0)   :  0.013 0.124 0.110 0.123 0.104 0.113 0.120 0.031 0.126 0.137 
197 UA00042002    (4)   :  0.119 0.103 0.106 0.110 0.098 0.108 0.101 0.036 0.112 0.108 
198 UA00062606    (0)   :  0.025 0.114 0.099 0.112 0.102 0.102 0.115 0.093 0.115 0.124 
199 UA00030615    (4)   :  0.012 0.040 0.038 0.038 0.032 0.033 0.035 0.700 0.034 0.038 
200 UA00048899    (0)   :  0.022 0.138 0.105 0.127 0.096 0.109 0.117 0.032 0.113 0.142 
201 UA00047725    (0)   :  0.011 0.013 0.012 0.012 0.011 0.012 0.012 0.891 0.013 0.013 
202 UA00030866    (4)   :  0.016 0.113 0.111 0.113 0.108 0.115 0.120 0.042 0.118 0.143 
203 UA00034564    (0)   :  0.019 0.122 0.106 0.111 0.108 0.103 0.133 0.035 0.119 0.143 
204 UA00046520    (0)   :  0.015 0.098 0.167 0.122 0.151 0.151 0.090 0.021 0.106 0.078 
205 UA00035027    (0)   :  0.029 0.120 0.110 0.122 0.103 0.111 0.111 0.059 0.110 0.123 
206 UA00035421    (0)   :  0.018 0.098 0.094 0.089 0.089 0.087 0.107 0.208 0.096 0.115 
207 UA00062740    (4)   :  0.036 0.106 0.104 0.115 0.101 0.106 0.110 0.075 0.116 0.130 
208 UA00012360    (0)   :  0.013 0.026 0.025 0.027 0.024 0.024 0.028 0.781 0.025 0.028 
209 UA00050203    (0)   :  0.026 0.121 0.124 0.119 0.121 0.112 0.118 0.024 0.119 0.118 
210 UA00040534    (4)   :  0.127 0.083 0.071 0.084 0.062 0.068 0.075 0.269 0.075 0.085 
211 UA00031261    (4)   :  0.070 0.065 0.064 0.060 0.058 0.064 0.063 0.406 0.072 0.077 
212 UA00031917    (4)   :  0.095 0.085 0.081 0.081 0.075 0.076 0.085 0.230 0.092 0.099 
213 UA00040798    (4)   :  0.051 0.087 0.081 0.089 0.074 0.086 0.074 0.311 0.071 0.077 
214 UA00030598    (4)   :  0.054 0.098 0.086 0.097 0.076 0.085 0.085 0.239 0.083 0.097 
215 UA00050385    (0)   :  0.022 0.125 0.103 0.115 0.099 0.104 0.120 0.060 0.106 0.147 
216 UA00058283    (0)   :  0.031 0.022 0.023 0.024 0.021 0.022 0.022 0.791 0.022 0.023 
217 UA00042297    (4)   :  0.385 0.069 0.062 0.074 0.058 0.070 0.060 0.103 0.058 0.060 
218 UA00015415    (4)   :  0.013 0.025 0.023 0.024 0.022 0.023 0.023 0.796 0.025 0.026 
219 UA00035531    (0)   :  0.063 0.047 0.043 0.048 0.039 0.041 0.048 0.573 0.046 0.052 
220 UA00048683    (0)   :  0.016 0.062 0.059 0.061 0.052 0.054 0.060 0.512 0.058 0.065 
221 UA00046734    (4)   :  0.015 0.027 0.025 0.026 0.024 0.024 0.025 0.780 0.026 0.029 
222   pcRF01    (0)   :  0.008 0.103 0.107 0.079 0.151 0.119 0.159 0.020 0.145 0.109 
223 UA00007223    (0)   :  0.037 0.110 0.098 0.102 0.096 0.097 0.113 0.108 0.107 0.132 
224 UA00013841    (0)   :  0.057 0.099 0.105 0.116 0.129 0.119 0.112 0.019 0.130 0.114 
225 UA00014196    (0)   :  0.036 0.065 0.060 0.062 0.054 0.059 0.065 0.464 0.063 0.072 
226 UA00034635    (0)   :  0.015 0.130 0.111 0.128 0.100 0.126 0.115 0.027 0.115 0.133 
227 UA00047371    (0)   :  0.130 0.117 0.105 0.121 0.083 0.101 0.101 0.035 0.094 0.113 
228 UA00063544    (0)   :  0.116 0.108 0.105 0.114 0.106 0.105 0.099 0.034 0.110 0.103 
229 UA00064246    (0)   :  0.067 0.107 0.101 0.107 0.095 0.102 0.098 0.124 0.093 0.106 
230 UA00064328    (0)   :  0.042 0.116 0.097 0.113 0.084 0.099 0.102 0.129 0.098 0.120 
231 UA00002952    (0)   :  0.080 0.102 0.095 0.102 0.091 0.096 0.103 0.115 0.103 0.114 
232 UA00064079    (0)   :  0.088 0.121 0.101 0.115 0.095 0.091 0.111 0.052 0.111 0.115 
233 UA00046793    (0)   :  0.113 0.104 0.088 0.090 0.078 0.084 0.096 0.145 0.092 0.109 
234 UA00034769    (0)   :  0.324 0.077 0.081 0.081 0.076 0.085 0.070 0.063 0.072 0.071 
235 UA00034949    (0)   :  0.033 0.105 0.095 0.096 0.096 0.096 0.114 0.130 0.106 0.129 
236 UA00063753    (0)   :  0.043 0.099 0.133 0.124 0.124 0.137 0.089 0.067 0.102 0.082 
237 UA00015713    (0)   :  0.074 0.110 0.125 0.121 0.113 0.119 0.100 0.025 0.108 0.104 
238 UA00003494    (0)   :  0.065 0.113 0.098 0.091 0.097 0.100 0.123 0.078 0.112 0.123 
239 UA00056767    (0)   :  0.009 0.108 0.169 0.130 0.159 0.159 0.094 0.017 0.086 0.071 
240 UA00014461    (0)   :  0.054 0.109 0.100 0.099 0.091 0.097 0.109 0.119 0.102 0.118 
241 UA00034669    (0)   :  0.066 0.088 0.073 0.090 0.067 0.074 0.078 0.295 0.076 0.092 
242 UA00048164    (0)   :  0.015 0.114 0.097 0.103 0.090 0.101 0.106 0.154 0.103 0.117 
243 UA00007974    (0)   :  0.035 0.099 0.142 0.115 0.135 0.131 0.099 0.029 0.117 0.097 
244 UA00016166    (0)   :  0.174 0.105 0.087 0.097 0.093 0.090 0.112 0.034 0.104 0.105 
245 UA00015653    (0)   :  0.127 0.104 0.091 0.101 0.079 0.087 0.093 0.117 0.093 0.108 
246 UA00063882    (0)   :  0.076 0.089 0.077 0.084 0.069 0.073 0.087 0.272 0.080 0.095 
247 UA00049027    (0)   :  0.124 0.105 0.097 0.108 0.092 0.102 0.097 0.072 0.099 0.105 
248 UA00018878    (0)   :  0.130 0.094 0.111 0.113 0.107 0.112 0.093 0.025 0.115 0.099 
249 UA00038796    (0)   :  0.018 0.101 0.090 0.105 0.093 0.093 0.099 0.190 0.106 0.105 
250 UA00013465    (0)   :  0.025 0.054 0.050 0.054 0.045 0.050 0.050 0.572 0.048 0.053 
251 UA00014604    (0)   :  0.042 0.108 0.099 0.111 0.081 0.092 0.095 0.170 0.093 0.108 
252 UA00041913    (0)   :  0.147 0.100 0.117 0.112 0.109 0.131 0.082 0.038 0.090 0.076 
253 UA00021632    (0)   :  0.309 0.086 0.074 0.087 0.069 0.073 0.078 0.058 0.082 0.085 
254 UA00064027    (0)   :  0.059 0.124 0.100 0.117 0.086 0.096 0.111 0.080 0.100 0.129 
255 UA00015023    (0)   :  0.022 0.118 0.104 0.103 0.111 0.108 0.120 0.077 0.117 0.120 
256 UA00050243    (0)   :  0.139 0.118 0.096 0.111 0.083 0.090 0.099 0.036 0.102 0.125 
257 UA00048298    (0)   :  0.037 0.119 0.112 0.114 0.105 0.113 0.118 0.046 0.120 0.115 
258 UA00050437    (0)   :  0.025 0.118 0.095 0.112 0.087 0.090 0.104 0.151 0.102 0.117 
259 UA00014262    (0)   :  0.063 0.117 0.101 0.116 0.103 0.101 0.113 0.042 0.115 0.129 
260 UA00049129    (0)   :  0.044 0.111 0.121 0.119 0.128 0.126 0.108 0.027 0.116 0.101 
261 UA00014740    (0)   :  0.045 0.110 0.122 0.126 0.111 0.118 0.105 0.045 0.109 0.109 
262 UA00049612    (0)   :  0.602 0.044 0.043 0.044 0.041 0.043 0.040 0.064 0.039 0.041 
263 UA00014635    (0)   :  0.013 0.099 0.154 0.111 0.162 0.142 0.101 0.020 0.117 0.081 
264 UA00014673    (0)   :  0.062 0.102 0.091 0.101 0.092 0.097 0.095 0.155 0.101 0.103 
265 UA00033608    (0)   :  0.296 0.082 0.087 0.092 0.077 0.087 0.074 0.054 0.076 0.075 
266 UA00064540    (0)   :  0.024 0.100 0.144 0.119 0.134 0.132 0.095 0.057 0.104 0.092 
267 UA00050256    (0)   :  0.095 0.116 0.098 0.114 0.080 0.095 0.099 0.082 0.101 0.121 
268 UA00015274    (0)   :  0.020 0.116 0.103 0.113 0.113 0.107 0.128 0.056 0.119 0.125 
269 UA00062993    (0)   :  0.011 0.126 0.121 0.125 0.110 0.114 0.109 0.051 0.113 0.121 
270 UA00038364    (0)   :  0.051 0.121 0.110 0.126 0.105 0.113 0.108 0.046 0.104 0.115 
271 UA00014446    (0)   :  0.012 0.137 0.111 0.132 0.103 0.109 0.124 0.023 0.112 0.135 
272 UA00063545    (0)   :  0.339 0.074 0.064 0.069 0.060 0.062 0.068 0.118 0.068 0.078 
273 UA00040054    (0)   :  0.027 0.111 0.108 0.107 0.135 0.110 0.131 0.017 0.135 0.120 
274 UA00058447    (0)   :  0.026 0.116 0.121 0.130 0.114 0.119 0.113 0.024 0.117 0.120 
275 UA00046835    (0)   :  0.023 0.110 0.131 0.121 0.125 0.129 0.105 0.026 0.121 0.109 
276 UA00014608    (0)   :  0.018 0.131 0.115 0.128 0.100 0.108 0.118 0.038 0.110 0.134 
277    pc012    (0)   :  0.033 0.119 0.111 0.121 0.097 0.106 0.112 0.069 0.115 0.118 
278    pc002    (0)   :  0.272 0.097 0.076 0.095 0.076 0.071 0.083 0.055 0.082 0.094 
279 UA00033690    (0)   :  0.090 0.073 0.148 0.109 0.144 0.133 0.089 0.027 0.110 0.076 
280 UA00013688    (0)   :  0.027 0.122 0.110 0.123 0.104 0.105 0.112 0.061 0.109 0.127 
281 UA00063666    (0)   :  0.050 0.092 0.169 0.125 0.162 0.144 0.091 0.011 0.089 0.066 
282 UA00063292    (0)   :  0.013 0.082 0.181 0.119 0.187 0.150 0.092 0.016 0.099 0.061 
283    pc001    (0)   :  0.021 0.127 0.108 0.125 0.103 0.111 0.118 0.051 0.109 0.128 
284    pc008    (0)   :  0.022 0.106 0.124 0.124 0.125 0.128 0.103 0.033 0.123 0.112 
285 UA00034316    (0)   :  0.144 0.088 0.082 0.087 0.078 0.078 0.095 0.168 0.089 0.090 
286 UA00013046    (0)   :  0.018 0.102 0.127 0.109 0.160 0.118 0.122 0.013 0.140 0.090 
287 UA00050241    (0)   :  0.015 0.105 0.149 0.118 0.161 0.134 0.108 0.011 0.112 0.087 
288 UA00048599    (0)   :  0.014 0.111 0.135 0.124 0.125 0.132 0.102 0.018 0.127 0.112 
289 UA00046649    (0)   :  0.182 0.100 0.096 0.108 0.098 0.098 0.094 0.027 0.104 0.094 
290 UA00015674    (0)   :  0.341 0.070 0.093 0.082 0.077 0.082 0.066 0.044 0.076 0.068 
291 UA00013177    (0)   :  0.064 0.100 0.120 0.118 0.114 0.124 0.094 0.071 0.102 0.092 
292 UA00012814    (0)   :  0.020 0.125 0.111 0.114 0.107 0.107 0.127 0.040 0.111 0.137 
293 UA00034654    (0)   :  0.014 0.118 0.120 0.118 0.121 0.115 0.123 0.019 0.131 0.122 
294 UA00046743    (0)   :  0.016 0.089 0.147 0.111 0.158 0.139 0.105 0.024 0.129 0.084 
295 UA00014854    (0)   :  0.056 0.079 0.150 0.109 0.161 0.142 0.088 0.011 0.124 0.079 
296 UA00013729    (0)   :  0.023 0.110 0.111 0.103 0.136 0.107 0.134 0.033 0.135 0.108 
297 UA00063483    (0)   :  0.016 0.133 0.124 0.136 0.111 0.144 0.104 0.014 0.108 0.110 
298 UA00039326    (0)   :  0.062 0.102 0.121 0.117 0.124 0.119 0.105 0.023 0.117 0.111 
299 UA00014742    (0)   :  0.020 0.122 0.139 0.143 0.124 0.146 0.099 0.014 0.094 0.098 
300 UA00049597    (0)   :  0.236 0.077 0.106 0.094 0.112 0.106 0.084 0.011 0.100 0.076 
301 UA00048067    (0)   :  0.045 0.119 0.125 0.124 0.108 0.115 0.104 0.043 0.105 0.113 
302 UA00012918    (0)   :  0.094 0.064 0.159 0.106 0.166 0.138 0.082 0.011 0.115 0.064 
303 UA00013487    (0)   :  0.013 0.100 0.108 0.076 0.149 0.120 0.165 0.012 0.143 0.116 
304 UA00046759    (0)   :  0.055 0.113 0.101 0.119 0.086 0.102 0.101 0.114 0.098 0.111 
305 UA00050164    (0)   :  0.536 0.055 0.050 0.056 0.051 0.052 0.057 0.027 0.055 0.061 
306 UA00049839    (0)   :  0.017 0.120 0.127 0.142 0.119 0.160 0.097 0.030 0.100 0.089 
307 UA00048444    (0)   :  0.053 0.088 0.176 0.126 0.167 0.162 0.084 0.020 0.078 0.047 
308 UA00063857    (0)   :  0.024 0.109 0.129 0.114 0.138 0.129 0.115 0.012 0.123 0.106 
309 UA00014921    (0)   :  0.293 0.091 0.088 0.094 0.078 0.089 0.081 0.014 0.081 0.089 
310 UA00048895    (0)   :  0.329 0.083 0.081 0.086 0.073 0.082 0.075 0.033 0.079 0.079 
311 UA00014556    (0)   :  0.018 0.121 0.108 0.116 0.097 0.102 0.108 0.098 0.106 0.128 
312    pc009    (0)   :  0.014 0.093 0.174 0.126 0.171 0.169 0.093 0.011 0.091 0.057 
313 UA00014959    (0)   :  0.233 0.077 0.100 0.093 0.111 0.100 0.083 0.019 0.107 0.078 
314 UA00020709    (0)   :  0.044 0.104 0.116 0.115 0.126 0.122 0.109 0.029 0.123 0.111 
315 UA00013126    (0)   :  0.882 0.013 0.013 0.013 0.013 0.013 0.013 0.014 0.013 0.013 
316 UA00013695    (0)   :  0.794 0.024 0.024 0.024 0.023 0.024 0.024 0.015 0.025 0.025 
317 UA00049344    (0)   :  0.281 0.094 0.083 0.093 0.075 0.076 0.084 0.034 0.082 0.097 
318 UA00047614    (0)   :  0.611 0.038 0.037 0.040 0.034 0.038 0.036 0.091 0.038 0.039 
319 UA00014221    (0)   :  0.007 0.107 0.160 0.129 0.146 0.140 0.099 0.015 0.106 0.092 
320 UA00014346    (0)   :  0.029 0.113 0.144 0.127 0.132 0.125 0.096 0.030 0.105 0.099 
321 UA00014245    (0)   :  0.144 0.074 0.116 0.102 0.135 0.124 0.084 0.017 0.122 0.081 
322 UA00014696    (0)   :  0.856 0.016 0.015 0.015 0.015 0.015 0.016 0.019 0.016 0.017 
323 UA00006991    (0)   :  0.014 0.130 0.106 0.121 0.101 0.105 0.123 0.044 0.110 0.146 
324 UA00048948    (0)   :  0.021 0.131 0.115 0.128 0.098 0.108 0.120 0.043 0.104 0.132 
325 UA00002239    (0)   :  0.022 0.123 0.105 0.112 0.101 0.102 0.127 0.056 0.115 0.138 
326 UA00063459    (0)   :  0.018 0.081 0.172 0.118 0.173 0.146 0.096 0.011 0.109 0.076 
327 UA00048356    (0)   :  0.027 0.122 0.116 0.125 0.099 0.116 0.103 0.076 0.104 0.112 
328 UA00063940    (0)   :  0.029 0.114 0.108 0.117 0.106 0.104 0.120 0.073 0.115 0.115 
329 UA00048130    (0)   :  0.015 0.118 0.142 0.130 0.129 0.138 0.104 0.024 0.097 0.103 
330 UA00048903    (0)   :  0.010 0.100 0.124 0.092 0.172 0.113 0.144 0.014 0.148 0.084 
331 UA00064643    (0)   :  0.033 0.121 0.114 0.118 0.115 0.108 0.121 0.035 0.119 0.114 
332 UA00050233    (0)   :  0.017 0.121 0.117 0.119 0.115 0.112 0.117 0.055 0.115 0.112 
333 UA00012507    (0)   :  0.012 0.127 0.104 0.115 0.096 0.098 0.114 0.098 0.110 0.127 
334 UA00064416    (0)   :  0.015 0.121 0.111 0.092 0.126 0.116 0.146 0.023 0.126 0.125 
335 UA00034724    (0)   :  0.017 0.128 0.116 0.119 0.118 0.126 0.116 0.034 0.114 0.111 
336 UA00002621    (0)   :  0.014 0.116 0.122 0.113 0.137 0.126 0.121 0.021 0.130 0.100 
337 UA00033203    (0)   :  0.028 0.112 0.107 0.085 0.130 0.112 0.154 0.021 0.126 0.125 
338 UA00011996    (0)   :  0.027 0.136 0.110 0.130 0.101 0.116 0.118 0.015 0.105 0.142 
339 UA00014408    (0)   :  0.019 0.102 0.088 0.093 0.082 0.083 0.096 0.241 0.093 0.103 
340 UA00049502    (0)   :  0.014 0.132 0.112 0.125 0.090 0.117 0.108 0.073 0.106 0.123 
341 UA00062695    (0)   :  0.047 0.117 0.128 0.126 0.111 0.126 0.102 0.040 0.097 0.107 
342 UA00014072    (0)   :  0.026 0.119 0.139 0.136 0.125 0.147 0.095 0.027 0.098 0.088 
343 UA00003334    (0)   :  0.020 0.096 0.134 0.108 0.157 0.125 0.119 0.015 0.140 0.087 
344 UA00013835    (0)   :  0.029 0.123 0.123 0.122 0.112 0.110 0.116 0.026 0.112 0.127 
345 UA00046760    (0)   :  0.126 0.116 0.105 0.121 0.094 0.116 0.098 0.023 0.095 0.105 
346 UA00014241    (0)   :  0.015 0.118 0.119 0.113 0.119 0.116 0.125 0.029 0.125 0.121 
347 UA00049585    (0)   :  0.017 0.129 0.131 0.138 0.119 0.133 0.110 0.012 0.103 0.109 
348 UA00013409    (0)   :  0.027 0.105 0.137 0.123 0.121 0.140 0.085 0.106 0.084 0.072 
349 UA00047548    (0)   :  0.023 0.136 0.112 0.124 0.105 0.111 0.121 0.013 0.110 0.145 
350 UA00049038    (0)   :  0.217 0.095 0.087 0.098 0.077 0.092 0.083 0.078 0.083 0.089 
351 UA00047612    (0)   :  0.015 0.124 0.116 0.122 0.101 0.113 0.120 0.037 0.117 0.135 
352 UA00014822    (0)   :  0.156 0.102 0.093 0.098 0.081 0.087 0.088 0.090 0.099 0.106 
353 UA00035299    (0)   :  0.027 0.115 0.115 0.115 0.123 0.108 0.130 0.026 0.128 0.114 
354 UA00012804    (0)   :  0.229 0.106 0.086 0.104 0.075 0.083 0.088 0.037 0.085 0.107 
355 UA00049578    (0)   :  0.018 0.121 0.111 0.124 0.100 0.108 0.110 0.085 0.105 0.119 
356 UA00047672    (0)   :  0.013 0.104 0.104 0.086 0.135 0.112 0.163 0.028 0.138 0.117 
357 UA00043961    (0)   :  0.585 0.045 0.047 0.048 0.042 0.047 0.041 0.057 0.044 0.043 
358 UA00064575    (0)   :  0.024 0.114 0.107 0.126 0.094 0.123 0.092 0.130 0.093 0.097 
359 UA00014732    (0)   :  0.013 0.130 0.107 0.114 0.112 0.108 0.129 0.046 0.116 0.126 
360 UA00050181    (0)   :  0.008 0.134 0.106 0.114 0.102 0.112 0.122 0.032 0.117 0.151 
361 UA00033369    (0)   :  0.139 0.114 0.090 0.109 0.088 0.090 0.106 0.043 0.101 0.120 
362 UA00011982    (0)   :  0.011 0.080 0.114 0.072 0.186 0.109 0.176 0.011 0.170 0.071 
363 UA00014590    (0)   :  0.060 0.120 0.107 0.112 0.104 0.100 0.124 0.038 0.113 0.122 
364 UA00047743    (0)   :  0.013 0.123 0.110 0.099 0.124 0.110 0.147 0.015 0.125 0.134 
365 UA00046621    (0)   :  0.013 0.120 0.110 0.105 0.128 0.113 0.144 0.012 0.123 0.132 
366 UA00050422    (0)   :  0.016 0.121 0.110 0.119 0.101 0.102 0.119 0.074 0.116 0.124 
367 UA00002760    (0)   :  0.046 0.119 0.112 0.127 0.108 0.134 0.109 0.022 0.112 0.111 
368 UA00012999    (0)   :  0.061 0.119 0.107 0.122 0.106 0.105 0.124 0.021 0.114 0.121 
369 UA00063838    (0)   :  0.014 0.103 0.121 0.107 0.147 0.118 0.130 0.024 0.141 0.095 
370 UA00003729    (0)   :  0.102 0.098 0.102 0.104 0.092 0.098 0.089 0.127 0.093 0.096 
371 UA00015348    (0)   :  0.038 0.114 0.142 0.134 0.130 0.154 0.090 0.034 0.089 0.076 
372 UA00019058    (0)   :  0.024 0.096 0.150 0.117 0.138 0.136 0.084 0.069 0.104 0.083 
373 UA00049549    (0)   :  0.063 0.075 0.181 0.118 0.173 0.151 0.083 0.013 0.092 0.052 
374 UA00014334    (0)   :  0.022 0.122 0.103 0.113 0.104 0.104 0.124 0.051 0.119 0.137 
375 UA00014350    (0)   :  0.008 0.071 0.117 0.062 0.201 0.115 0.181 0.008 0.180 0.057 
376 UA00049227    (0)   :  0.092 0.113 0.098 0.111 0.087 0.098 0.113 0.056 0.105 0.126 
377 UA00014051    (0)   :  0.012 0.115 0.107 0.104 0.104 0.101 0.129 0.088 0.114 0.126 
378 UA00034381    (0)   :  0.020 0.120 0.111 0.116 0.115 0.111 0.117 0.063 0.117 0.109 
379 UA00002354    (0)   :  0.013 0.107 0.109 0.089 0.142 0.115 0.153 0.016 0.140 0.116 
380 UA00049892    (0)   :  0.046 0.100 0.125 0.107 0.150 0.125 0.119 0.014 0.133 0.082 
381 UA00021989    (0)   :  0.012 0.121 0.120 0.112 0.120 0.121 0.127 0.033 0.116 0.116 
382 UA00048968    (0)   :  0.014 0.128 0.113 0.116 0.107 0.115 0.121 0.029 0.116 0.140 
383 UA00013174    (0)   :  0.026 0.110 0.108 0.103 0.131 0.104 0.135 0.035 0.131 0.117 
384 UA00033992    (0)   :  0.114 0.120 0.098 0.110 0.089 0.100 0.114 0.020 0.106 0.129 
385 UA00015801    (0)   :  0.008 0.085 0.118 0.080 0.185 0.112 0.164 0.010 0.166 0.072 
386 UA00063303    (0)   :  0.127 0.090 0.116 0.106 0.120 0.111 0.092 0.044 0.107 0.087 
387 UA00050206    (0)   :  0.009 0.113 0.156 0.133 0.147 0.164 0.091 0.020 0.090 0.076 
388 UA00014458    (0)   :  0.053 0.117 0.110 0.115 0.116 0.114 0.114 0.044 0.110 0.106 
389 UA00007204    (0)   :  0.025 0.086 0.143 0.114 0.160 0.138 0.101 0.017 0.132 0.084 
390 UA00063212    (0)   :  0.130 0.097 0.101 0.119 0.096 0.126 0.077 0.098 0.078 0.078 
391 UA00013340    (0)   :  0.051 0.131 0.113 0.125 0.095 0.111 0.114 0.020 0.108 0.132 
392 UA00062743    (0)   :  0.013 0.119 0.105 0.100 0.108 0.110 0.131 0.051 0.119 0.143 
393 UA00063189    (0)   :  0.042 0.068 0.062 0.065 0.056 0.062 0.069 0.439 0.066 0.070 
394 UA00035432    (0)   :  0.016 0.124 0.126 0.124 0.128 0.142 0.116 0.019 0.107 0.098 
395 UA00007958    (0)   :  0.015 0.121 0.116 0.117 0.113 0.123 0.126 0.018 0.126 0.126 
396 UA00013634    (0)   :  0.012 0.115 0.102 0.096 0.125 0.117 0.141 0.033 0.126 0.133 
397 UA00048175    (0)   :  0.007 0.081 0.113 0.070 0.180 0.113 0.169 0.020 0.166 0.080 
398 UA00003202    (0)   :  0.021 0.130 0.117 0.123 0.103 0.133 0.114 0.021 0.113 0.125 
399 UA00035090    (0)   :  0.022 0.117 0.111 0.125 0.116 0.122 0.108 0.060 0.114 0.105 
400 UA00064679    (0)   :  0.032 0.096 0.089 0.088 0.085 0.086 0.096 0.234 0.093 0.101 
401 UA00039518    (0)   :  0.025 0.115 0.115 0.111 0.124 0.116 0.127 0.020 0.124 0.123 
402 UA00058268    (0)   :  0.021 0.126 0.114 0.119 0.111 0.109 0.125 0.032 0.121 0.123 
403 UA00049456    (0)   :  0.117 0.107 0.109 0.116 0.104 0.117 0.100 0.032 0.099 0.098 
404 UA00049550    (0)   :  0.014 0.114 0.127 0.136 0.117 0.142 0.095 0.075 0.093 0.086 
405 UA00048342    (0)   :  0.056 0.121 0.111 0.123 0.101 0.116 0.113 0.039 0.110 0.110 
406 UA00063493    (0)   :  0.012 0.123 0.118 0.124 0.120 0.132 0.122 0.016 0.124 0.109 
407 UA00058261    (0)   :  0.017 0.111 0.108 0.098 0.110 0.109 0.129 0.083 0.118 0.117 
408 UA00014663    (0)   :  0.021 0.138 0.107 0.127 0.099 0.099 0.125 0.041 0.108 0.134 
409 UA00048817    (0)   :  0.145 0.109 0.097 0.101 0.095 0.094 0.109 0.030 0.104 0.115 
410 UA00049381    (0)   :  0.015 0.105 0.110 0.093 0.128 0.118 0.139 0.042 0.134 0.116 
411 UA00035901    (0)   :  0.021 0.108 0.093 0.104 0.078 0.088 0.099 0.205 0.089 0.114 
412 UA00013301    (0)   :  0.027 0.109 0.145 0.135 0.129 0.154 0.089 0.053 0.085 0.075 
413 UA00047926    (0)   :  0.046 0.112 0.102 0.098 0.106 0.104 0.135 0.065 0.115 0.118 
414 UA00007272    (0)   :  0.022 0.111 0.100 0.105 0.104 0.101 0.121 0.083 0.115 0.136 
415 UA00016041    (0)   :  0.031 0.120 0.123 0.130 0.120 0.135 0.108 0.025 0.108 0.100 
416 UA00013502    (0)   :  0.011 0.111 0.118 0.110 0.131 0.114 0.128 0.043 0.127 0.106 
417 UA00002390    (0)   :  0.058 0.129 0.104 0.121 0.101 0.103 0.113 0.027 0.118 0.126 
418 UA00034907    (0)   :  0.013 0.130 0.112 0.124 0.098 0.112 0.115 0.047 0.111 0.138 
419 UA00048821    (0)   :  0.057 0.111 0.101 0.114 0.096 0.102 0.109 0.087 0.106 0.117 
420 UA00002136    (0)   :  0.052 0.127 0.112 0.132 0.099 0.142 0.100 0.036 0.102 0.098 
421 UA00011790    (0)   :  0.026 0.116 0.106 0.103 0.112 0.121 0.127 0.037 0.121 0.131 
422 UA00021586    (0)   :  0.125 0.108 0.099 0.110 0.097 0.099 0.104 0.045 0.104 0.109 
