

----------------------------------------------------
STRUCTURE by Pritchard, Stephens and Donnelly (2000)
     and Falush, Stephens and Pritchard (2003)
       Code by Pritchard, Falush and Hubisz
             Version 2.3.4 (Jul 2012)
----------------------------------------------------



Command line arguments:   structure -K 10 -o outputfile_K10_5 
Input File:    Puma_SNP_genotypes_cut_AZ_final_HWEonly.str

Run parameters:
   536 individuals
   22 loci
   10 populations assumed
   100000 Burn-in period
   500000 Reps


--------------------------------------------
Overall proportion of membership of the
sample in each of the 10 clusters

Inferred Clusters
  1      2      3      4      5      6      7      8      9     10    
0.081  0.101  0.102  0.103  0.102  0.102  0.101  0.101  0.106  0.102  

--------------------------------------------

Allele-freq. divergence among pops (Net nucleotide distance),
computed using point estimates of P.

      1       2       3       4       5       6       7       8       9      10      
 1      -    0.0725  0.0739  0.0772  0.0763  0.0859  0.0734  0.0725  0.0856  0.0775  
 2   0.0725     -    0.0021  0.0012  0.0008  0.0032  0.0000  0.0000  0.0267  0.0003  
 3   0.0739  0.0021     -    0.0015  0.0008  0.0027  0.0021  0.0021  0.0334  0.0024  
 4   0.0772  0.0012  0.0015     -    0.0008  0.0020  0.0013  0.0013  0.0259  0.0013  
 5   0.0763  0.0008  0.0008  0.0008     -    0.0012  0.0008  0.0008  0.0328  0.0006  
 6   0.0859  0.0032  0.0027  0.0020  0.0012     -    0.0033  0.0033  0.0409  0.0024  
 7   0.0734  0.0000  0.0021  0.0013  0.0008  0.0033     -    0.0000  0.0269  0.0002  
 8   0.0725  0.0000  0.0021  0.0013  0.0008  0.0033  0.0000     -    0.0266  0.0003  
 9   0.0856  0.0267  0.0334  0.0259  0.0328  0.0409  0.0269  0.0266     -    0.0294  
10   0.0775  0.0003  0.0024  0.0013  0.0006  0.0024  0.0002  0.0003  0.0294     -    

Average distances (expected heterozygosity) between individuals in same cluster:
cluster  1  : 0.2419 
cluster  2  : 0.3777 
cluster  3  : 0.3742 
cluster  4  : 0.3682 
cluster  5  : 0.3774 
cluster  6  : 0.3744 
cluster  7  : 0.3781 
cluster  8  : 0.3777 
cluster  9  : 0.2902 
cluster 10  : 0.3776 

--------------------------------------------
Estimated Ln Prob of Data   = -13945.3
Mean value of ln likelihood = -12286.8
Variance of ln likelihood   = 3316.9
Mean value of alpha         = 0.0834

Mean value of Fst_1         = 0.4061
Mean value of Fst_2         = 0.0009
Mean value of Fst_3         = 0.0697
Mean value of Fst_4         = 0.1437
Mean value of Fst_5         = 0.0724
Mean value of Fst_6         = 0.1114
Mean value of Fst_7         = 0.0154
Mean value of Fst_8         = 0.0000
Mean value of Fst_9         = 0.2476
Mean value of Fst_10         = 0.0595


Inferred ancestry of individuals:
        Label (%Miss) :  Inferred clusters
  1 UA00063336   (13)   :  0.256 0.105 0.084 0.069 0.086 0.067 0.099 0.104 0.045 0.084 
  2 UA00048914    (9)   :  0.041 0.130 0.093 0.083 0.098 0.074 0.123 0.134 0.108 0.115 
  3 UA00014769   (13)   :  0.018 0.062 0.080 0.185 0.137 0.270 0.061 0.061 0.022 0.105 
  4 UA00008132   (13)   :  0.058 0.130 0.101 0.086 0.105 0.097 0.126 0.134 0.053 0.110 
  5 UA00030462   (13)   :  0.035 0.123 0.094 0.091 0.096 0.072 0.123 0.119 0.139 0.108 
  6 UA00034866   (13)   :  0.012 0.141 0.109 0.077 0.107 0.070 0.137 0.148 0.088 0.110 
  7 UA00034800    (9)   :  0.521 0.057 0.050 0.050 0.051 0.052 0.055 0.062 0.052 0.051 
  8  Puco006    (9)   :  0.025 0.038 0.031 0.134 0.031 0.024 0.037 0.039 0.603 0.038 
  9 UA00048874    (4)   :  0.333 0.093 0.067 0.062 0.069 0.053 0.091 0.088 0.065 0.079 
 10 UA00049060    (9)   :  0.035 0.110 0.098 0.130 0.120 0.138 0.108 0.110 0.035 0.117 
 11 UA00033413    (9)   :  0.016 0.073 0.194 0.139 0.121 0.167 0.078 0.075 0.041 0.096 
 12  Puco021    (9)   :  0.057 0.062 0.200 0.152 0.138 0.155 0.066 0.060 0.024 0.087 
 13  Puco026    (9)   :  0.039 0.114 0.126 0.115 0.132 0.123 0.106 0.110 0.032 0.103 
 14  Puco008    (9)   :  0.106 0.114 0.086 0.080 0.089 0.061 0.109 0.115 0.147 0.092 
 15   M01301    (9)   :  0.011 0.085 0.152 0.139 0.117 0.156 0.087 0.081 0.075 0.096 
 16   M06306    (9)   :  0.248 0.090 0.098 0.084 0.099 0.083 0.090 0.092 0.028 0.089 
 17 UA00032185    (9)   :  0.042 0.125 0.114 0.097 0.102 0.102 0.120 0.126 0.067 0.104 
 18 UA00030792    (9)   :  0.914 0.010 0.010 0.009 0.010 0.009 0.010 0.010 0.010 0.009 
 19 UA00031647    (9)   :  0.112 0.125 0.092 0.076 0.095 0.062 0.124 0.127 0.076 0.112 
 20 UA00031979    (9)   :  0.026 0.116 0.109 0.102 0.119 0.105 0.121 0.124 0.065 0.112 
 21  Puco016    (9)   :  0.016 0.122 0.095 0.094 0.098 0.064 0.130 0.122 0.131 0.128 
 22  Puco010    (9)   :  0.029 0.116 0.130 0.102 0.113 0.130 0.114 0.118 0.043 0.105 
 23    M1035    (9)   :  0.059 0.143 0.102 0.081 0.103 0.088 0.137 0.143 0.037 0.107 
 24 UA00034601    (9)   :  0.043 0.118 0.112 0.100 0.115 0.090 0.115 0.120 0.075 0.113 
 25 UA00050388    (9)   :  0.043 0.137 0.112 0.084 0.111 0.083 0.124 0.134 0.066 0.108 
 26 UA00048699    (9)   :  0.020 0.101 0.078 0.114 0.083 0.060 0.102 0.100 0.241 0.100 
 27 UA00064058    (9)   :  0.040 0.123 0.110 0.099 0.113 0.103 0.128 0.128 0.037 0.119 
 28 UA00033981    (9)   :  0.032 0.076 0.195 0.133 0.123 0.143 0.082 0.074 0.043 0.099 
 29   F05033    (9)   :  0.020 0.110 0.123 0.127 0.120 0.139 0.104 0.109 0.037 0.111 
 30 UA00048520    (4)   :  0.102 0.102 0.115 0.103 0.114 0.104 0.099 0.101 0.067 0.093 
 31 UA00048422    (4)   :  0.791 0.024 0.026 0.023 0.024 0.024 0.023 0.024 0.018 0.023 
 32    PucoB    (4)   :  0.029 0.089 0.148 0.130 0.155 0.143 0.094 0.087 0.027 0.098 
 33 UA00047393    (4)   :  0.087 0.118 0.082 0.092 0.111 0.138 0.109 0.121 0.038 0.104 
 34 UA00064521    (4)   :  0.024 0.118 0.103 0.093 0.105 0.068 0.121 0.121 0.136 0.110 
 35 UA00003043    (4)   :  0.013 0.124 0.089 0.100 0.103 0.100 0.116 0.128 0.108 0.116 
 36 UA00063025    (4)   :  0.119 0.120 0.099 0.080 0.093 0.066 0.114 0.117 0.101 0.093 
 37 UA00063826    (4)   :  0.030 0.120 0.153 0.094 0.118 0.107 0.123 0.113 0.035 0.106 
 38   F07407    (4)   :  0.141 0.078 0.149 0.115 0.121 0.130 0.077 0.079 0.032 0.078 
 39 UA00021658    (4)   :  0.029 0.131 0.108 0.095 0.113 0.104 0.131 0.130 0.045 0.113 
 40 UA00003794    (4)   :  0.112 0.085 0.136 0.129 0.136 0.126 0.078 0.081 0.037 0.080 
 41 UA00041322    (4)   :  0.040 0.144 0.106 0.075 0.105 0.068 0.140 0.151 0.062 0.109 
 42 UA00063316    (4)   :  0.057 0.137 0.111 0.075 0.103 0.070 0.133 0.131 0.073 0.112 
 43 UA00047705    (4)   :  0.028 0.123 0.120 0.105 0.124 0.103 0.110 0.121 0.057 0.110 
 44 UA00033904    (4)   :  0.269 0.091 0.080 0.078 0.096 0.072 0.092 0.092 0.042 0.087 
 45 UA00048100    (4)   :  0.015 0.109 0.138 0.113 0.122 0.111 0.111 0.113 0.050 0.118 
 46 UA00032212    (4)   :  0.143 0.111 0.101 0.078 0.090 0.078 0.108 0.114 0.081 0.095 
 47 UA00031574    (4)   :  0.795 0.022 0.024 0.022 0.022 0.021 0.022 0.022 0.029 0.021 
 48 UA00031228    (4)   :  0.878 0.014 0.013 0.013 0.013 0.012 0.014 0.014 0.017 0.013 
 49 UA00047707    (4)   :  0.009 0.112 0.090 0.119 0.124 0.160 0.108 0.115 0.033 0.131 
 50 UA00030906    (4)   :  0.909 0.010 0.010 0.010 0.009 0.008 0.010 0.010 0.015 0.010 
 51 UA00041567    (4)   :  0.036 0.105 0.162 0.105 0.111 0.118 0.109 0.109 0.053 0.094 
 52 UA00007624    (4)   :  0.012 0.104 0.116 0.149 0.123 0.140 0.103 0.105 0.039 0.110 
 53 UA00034514    (4)   :  0.024 0.129 0.111 0.090 0.114 0.094 0.132 0.130 0.050 0.125 
 54 UA00030480    (4)   :  0.092 0.126 0.095 0.079 0.110 0.074 0.131 0.126 0.036 0.131 
 55  Puco012    (4)   :  0.021 0.141 0.106 0.079 0.112 0.085 0.139 0.143 0.055 0.120 
 56 UA00038677    (9)   :  0.064 0.124 0.103 0.089 0.101 0.081 0.117 0.126 0.097 0.097 
 57 UA00048275    (4)   :  0.017 0.112 0.163 0.104 0.128 0.103 0.106 0.108 0.039 0.120 
 58 UA00064055    (4)   :  0.024 0.130 0.099 0.081 0.117 0.090 0.135 0.134 0.050 0.139 
 59  Puco009    (4)   :  0.013 0.119 0.093 0.094 0.101 0.089 0.118 0.119 0.143 0.112 
 60 UA00064561    (4)   :  0.013 0.085 0.067 0.164 0.122 0.208 0.083 0.083 0.053 0.121 
 61 UA00003479    (4)   :  0.022 0.127 0.100 0.084 0.112 0.100 0.134 0.128 0.060 0.133 
 62 UA00063747    (4)   :  0.010 0.107 0.112 0.107 0.125 0.148 0.110 0.107 0.049 0.125 
 63 UA00002558    (4)   :  0.016 0.121 0.109 0.095 0.102 0.083 0.121 0.125 0.129 0.098 
 64 UA00048410    (4)   :  0.011 0.110 0.084 0.122 0.104 0.110 0.109 0.111 0.125 0.112 
 65 UA00012249    (4)   :  0.014 0.110 0.092 0.119 0.116 0.106 0.118 0.109 0.072 0.144 
 66 UA00033818    (4)   :  0.489 0.061 0.060 0.055 0.059 0.052 0.060 0.062 0.049 0.053 
 67  Puco020    (4)   :  0.090 0.130 0.089 0.083 0.100 0.094 0.122 0.127 0.061 0.103 
 68 UA00002545    (9)   :  0.051 0.100 0.080 0.112 0.115 0.151 0.106 0.100 0.037 0.148 
 69 UA00048508    (4)   :  0.018 0.135 0.110 0.099 0.109 0.099 0.134 0.132 0.042 0.122 
 70 UA00064100    (4)   :  0.028 0.145 0.104 0.078 0.111 0.077 0.146 0.149 0.045 0.118 
 71 UA00014585    (4)   :  0.027 0.129 0.107 0.084 0.109 0.081 0.137 0.133 0.058 0.135 
 72 UA00063698    (4)   :  0.061 0.094 0.081 0.102 0.078 0.056 0.089 0.093 0.268 0.077 
 73 UA00049753    (4)   :  0.281 0.100 0.084 0.057 0.084 0.061 0.102 0.106 0.026 0.098 
 74 UA00049037    (4)   :  0.037 0.126 0.104 0.095 0.115 0.111 0.128 0.123 0.042 0.119 
 75 UA00034941    (4)   :  0.039 0.122 0.128 0.082 0.120 0.080 0.122 0.122 0.057 0.128 
 76 UA00008083    (4)   :  0.030 0.063 0.056 0.121 0.057 0.049 0.065 0.066 0.434 0.059 
 77 UA00015084    (4)   :  0.088 0.100 0.087 0.095 0.081 0.056 0.093 0.100 0.225 0.075 
 78 UA00041010    (9)   :  0.248 0.054 0.045 0.084 0.045 0.031 0.056 0.055 0.333 0.050 
 79 UA00035261    (4)   :  0.129 0.115 0.099 0.084 0.095 0.074 0.109 0.116 0.083 0.096 
 80 UA00035431    (4)   :  0.010 0.126 0.133 0.095 0.112 0.110 0.118 0.129 0.057 0.110 
 81 UA00045274    (0)   :  0.045 0.120 0.114 0.096 0.124 0.099 0.115 0.116 0.074 0.098 
 82 UA00028200    (4)   :  0.296 0.088 0.077 0.064 0.081 0.054 0.089 0.088 0.088 0.075 
 83 UA00064559    (0)   :  0.844 0.018 0.019 0.017 0.018 0.016 0.017 0.018 0.016 0.017 
 84 UA00040808    (0)   :  0.213 0.103 0.073 0.076 0.082 0.065 0.100 0.098 0.096 0.095 
 85 UA00049156    (0)   :  0.212 0.106 0.082 0.072 0.084 0.058 0.100 0.104 0.095 0.088 
 86 UA00003952    (4)   :  0.020 0.065 0.059 0.130 0.055 0.042 0.067 0.064 0.429 0.068 
 87 UA00063954    (0)   :  0.072 0.133 0.107 0.081 0.116 0.085 0.124 0.134 0.038 0.109 
 88 UA00062934    (0)   :  0.091 0.127 0.101 0.079 0.109 0.076 0.124 0.130 0.057 0.105 
 89 UA00033829    (0)   :  0.516 0.044 0.040 0.055 0.036 0.030 0.044 0.047 0.150 0.038 
 90 UA00064351    (4)   :  0.022 0.077 0.181 0.137 0.120 0.139 0.082 0.080 0.067 0.096 
 91 UA00003697    (4)   :  0.044 0.077 0.060 0.110 0.059 0.043 0.072 0.076 0.396 0.063 
 92 UA00063438    (4)   :  0.124 0.128 0.095 0.070 0.092 0.070 0.122 0.128 0.071 0.099 
 93 UA00007608    (0)   :  0.130 0.111 0.097 0.081 0.091 0.061 0.109 0.111 0.122 0.087 
 94 UA00019683    (4)   :  0.329 0.052 0.117 0.099 0.098 0.104 0.056 0.054 0.028 0.064 
 95 UA00007781    (0)   :  0.023 0.130 0.117 0.095 0.127 0.099 0.123 0.125 0.053 0.109 
 96 UA00002915    (0)   :  0.236 0.114 0.086 0.057 0.082 0.050 0.112 0.114 0.059 0.092 
 97  Puco031    (4)   :  0.027 0.124 0.093 0.096 0.115 0.110 0.126 0.120 0.048 0.141 
 98 UA00048280    (4)   :  0.018 0.121 0.141 0.092 0.126 0.096 0.117 0.120 0.057 0.114 
 99 UA00048589    (0)   :  0.040 0.093 0.151 0.128 0.134 0.130 0.091 0.093 0.042 0.097 
100 UA00034417    (0)   :  0.072 0.119 0.088 0.095 0.096 0.079 0.111 0.121 0.114 0.106 
101 UA00050411    (4)   :  0.010 0.106 0.097 0.119 0.123 0.136 0.116 0.112 0.036 0.146 
102  Puco029    (4)   :  0.016 0.097 0.126 0.133 0.135 0.157 0.099 0.097 0.027 0.112 
103   F03403    (4)   :  0.012 0.064 0.176 0.150 0.157 0.182 0.067 0.063 0.037 0.093 
104 UA00049904    (0)   :  0.090 0.122 0.125 0.081 0.106 0.083 0.124 0.121 0.044 0.105 
105 UA00035335    (0)   :  0.014 0.082 0.105 0.142 0.139 0.210 0.081 0.084 0.021 0.122 
106 UA00012611    (0)   :  0.021 0.148 0.108 0.076 0.119 0.088 0.140 0.146 0.036 0.120 
107 UA00050319    (0)   :  0.012 0.055 0.206 0.161 0.146 0.192 0.058 0.057 0.025 0.089 
108 UA00032068    (4)   :  0.064 0.136 0.101 0.078 0.110 0.090 0.133 0.137 0.034 0.118 
109 UA00032026    (4)   :  0.041 0.124 0.095 0.098 0.118 0.112 0.124 0.125 0.038 0.125 
110 UA00030476    (4)   :  0.040 0.054 0.197 0.162 0.157 0.170 0.056 0.056 0.025 0.082 
111 UA00046853    (0)   :  0.033 0.072 0.209 0.134 0.107 0.163 0.082 0.070 0.031 0.098 
112 UA00040156    (4)   :  0.915 0.010 0.009 0.009 0.009 0.009 0.009 0.009 0.011 0.010 
113 UA00030528    (4)   :  0.120 0.134 0.084 0.071 0.098 0.091 0.128 0.132 0.034 0.108 
114  Puco025    (4)   :  0.015 0.096 0.082 0.152 0.122 0.206 0.088 0.094 0.030 0.115 
115    pc016    (0)   :  0.918 0.009 0.009 0.009 0.009 0.008 0.009 0.009 0.010 0.009 
116 UA00030617    (4)   :  0.012 0.087 0.081 0.157 0.131 0.215 0.085 0.087 0.025 0.120 
117 UA00030585    (4)   :  0.833 0.018 0.021 0.020 0.019 0.017 0.017 0.018 0.020 0.017 
118 UA00032060    (4)   :  0.128 0.116 0.104 0.087 0.103 0.095 0.115 0.116 0.038 0.099 
119    pc007    (0)   :  0.034 0.093 0.163 0.130 0.117 0.137 0.093 0.094 0.042 0.095 
120 UA00030798    (4)   :  0.783 0.028 0.026 0.020 0.025 0.023 0.027 0.027 0.016 0.025 
121 UA00030778    (4)   :  0.009 0.130 0.098 0.097 0.123 0.115 0.134 0.129 0.032 0.134 
122 UA00039674    (4)   :  0.871 0.016 0.014 0.012 0.014 0.013 0.016 0.016 0.013 0.015 
123 UA00032241    (4)   :  0.011 0.093 0.122 0.163 0.120 0.175 0.095 0.091 0.029 0.102 
124 UA00011624    (0)   :  0.016 0.114 0.116 0.104 0.122 0.130 0.115 0.112 0.040 0.130 
125 UA00033779    (4)   :  0.017 0.068 0.188 0.158 0.127 0.180 0.070 0.068 0.033 0.090 
126 UA00049402    (4)   :  0.027 0.118 0.099 0.092 0.106 0.070 0.128 0.119 0.099 0.142 
127 UA00033653    (0)   :  0.013 0.052 0.214 0.163 0.132 0.187 0.064 0.054 0.031 0.090 
128 UA00047738    (0)   :  0.032 0.126 0.116 0.095 0.111 0.101 0.115 0.131 0.069 0.105 
129 UA00047502    (4)   :  0.037 0.127 0.095 0.080 0.099 0.070 0.125 0.130 0.119 0.116 
130 UA00012014    (4)   :  0.023 0.136 0.096 0.081 0.113 0.097 0.139 0.138 0.047 0.130 
131 UA00040729    (0)   :  0.025 0.085 0.133 0.150 0.142 0.157 0.087 0.087 0.035 0.099 
132 UA00030392    (4)   :  0.022 0.106 0.091 0.145 0.118 0.164 0.104 0.105 0.030 0.114 
133 UA00050033    (0)   :  0.036 0.117 0.113 0.111 0.115 0.125 0.118 0.112 0.040 0.112 
134 UA00012152    (0)   :  0.011 0.069 0.057 0.130 0.066 0.073 0.073 0.070 0.372 0.077 
135 UA00050406    (0)   :  0.025 0.141 0.109 0.078 0.115 0.084 0.139 0.142 0.044 0.123 
136 UA00047973    (0)   :  0.019 0.136 0.123 0.086 0.118 0.106 0.127 0.131 0.041 0.113 
137 UA00008051    (0)   :  0.055 0.118 0.098 0.093 0.103 0.126 0.109 0.116 0.080 0.102 
138 UA00047337    (4)   :  0.110 0.112 0.102 0.101 0.110 0.101 0.108 0.113 0.043 0.101 
139 UA00041604    (4)   :  0.046 0.129 0.103 0.091 0.101 0.101 0.122 0.126 0.078 0.102 
140 UA00031704    (4)   :  0.014 0.124 0.104 0.100 0.122 0.120 0.127 0.117 0.030 0.143 
141 UA00040423    (4)   :  0.055 0.121 0.098 0.091 0.111 0.110 0.123 0.118 0.036 0.136 
142 UA00049433    (0)   :  0.038 0.129 0.094 0.084 0.109 0.083 0.130 0.124 0.075 0.134 
143 UA00034816    (0)   :  0.021 0.095 0.079 0.152 0.107 0.164 0.093 0.097 0.081 0.112 
144 UA00050214    (0)   :  0.014 0.066 0.057 0.178 0.130 0.279 0.062 0.065 0.026 0.123 
145 UA00041073    (0)   :  0.040 0.120 0.104 0.102 0.104 0.113 0.120 0.121 0.067 0.109 
146 UA00030318    (4)   :  0.017 0.111 0.096 0.114 0.114 0.144 0.112 0.112 0.054 0.125 
147 UA00046845    (0)   :  0.030 0.110 0.090 0.122 0.108 0.112 0.113 0.112 0.082 0.122 
148 UA00063946    (0)   :  0.023 0.041 0.219 0.173 0.151 0.194 0.048 0.041 0.026 0.085 
149 UA00031374    (4)   :  0.024 0.125 0.097 0.092 0.115 0.113 0.124 0.131 0.057 0.121 
150    M1136    (4)   :  0.309 0.081 0.061 0.082 0.085 0.105 0.081 0.081 0.031 0.085 
151 UA00034299    (0)   :  0.020 0.071 0.060 0.171 0.132 0.256 0.069 0.070 0.030 0.123 
152 UA00002387    (4)   :  0.012 0.114 0.086 0.093 0.118 0.131 0.126 0.114 0.054 0.151 
153 UA00021855    (0)   :  0.024 0.128 0.130 0.091 0.112 0.103 0.130 0.127 0.047 0.107 
154 UA00014500    (0)   :  0.034 0.132 0.103 0.081 0.116 0.087 0.143 0.136 0.035 0.133 
155 UA00050419    (4)   :  0.013 0.064 0.060 0.180 0.133 0.273 0.061 0.060 0.032 0.123 
156 UA00031854    (4)   :  0.026 0.135 0.109 0.090 0.106 0.085 0.130 0.131 0.075 0.112 
157    pc011    (4)   :  0.014 0.102 0.087 0.124 0.121 0.139 0.117 0.106 0.044 0.146 
158 UA00033004    (0)   :  0.041 0.133 0.093 0.089 0.109 0.105 0.128 0.127 0.049 0.125 
159 UA00046510    (0)   :  0.016 0.124 0.092 0.106 0.104 0.098 0.119 0.124 0.104 0.112 
160 UA00048747    (0)   :  0.017 0.122 0.087 0.102 0.115 0.124 0.123 0.119 0.060 0.131 
161 UA00014293    (0)   :  0.017 0.101 0.086 0.108 0.121 0.126 0.125 0.105 0.042 0.169 
162 UA00047686    (0)   :  0.025 0.125 0.083 0.091 0.100 0.084 0.119 0.125 0.137 0.112 
163 UA00033783    (4)   :  0.272 0.071 0.101 0.091 0.087 0.086 0.069 0.072 0.088 0.063 
164 UA00042609    (4)   :  0.032 0.099 0.075 0.100 0.089 0.082 0.104 0.097 0.207 0.115 
165 UA00031169    (4)   :  0.020 0.083 0.067 0.149 0.134 0.229 0.086 0.080 0.027 0.125 
166 UA00035181    (0)   :  0.008 0.117 0.123 0.106 0.132 0.117 0.125 0.112 0.033 0.125 
167 UA00050133    (0)   :  0.026 0.128 0.102 0.094 0.110 0.113 0.125 0.134 0.047 0.119 
168  Puco011    (4)   :  0.025 0.105 0.087 0.118 0.116 0.126 0.118 0.101 0.048 0.155 
169 UA00041476    (0)   :  0.045 0.128 0.091 0.094 0.106 0.116 0.117 0.128 0.066 0.110 
170 UA00046702    (0)   :  0.017 0.103 0.086 0.149 0.118 0.150 0.104 0.104 0.037 0.131 
171 UA00019940    (0)   :  0.023 0.121 0.101 0.101 0.110 0.142 0.115 0.116 0.059 0.112 
172 UA00049813    (0)   :  0.028 0.107 0.147 0.111 0.110 0.134 0.110 0.107 0.040 0.106 
173 UA00064165    (0)   :  0.029 0.100 0.074 0.105 0.077 0.059 0.093 0.099 0.277 0.085 
174 UA00064421    (0)   :  0.011 0.113 0.083 0.105 0.085 0.074 0.108 0.110 0.211 0.100 
175 UA00064569    (4)   :  0.010 0.105 0.095 0.156 0.120 0.163 0.097 0.104 0.037 0.114 
176 UA00003996    (0)   :  0.028 0.114 0.092 0.111 0.101 0.093 0.115 0.115 0.114 0.116 
177 UA00064491    (4)   :  0.014 0.096 0.085 0.151 0.118 0.190 0.091 0.093 0.052 0.110 
178 UA00011899    (0)   :  0.030 0.137 0.114 0.080 0.107 0.093 0.137 0.144 0.038 0.120 
179  Puco015    (4)   :  0.071 0.125 0.100 0.096 0.108 0.104 0.116 0.126 0.048 0.107 
180 UA00047929    (4)   :  0.018 0.086 0.121 0.153 0.134 0.166 0.095 0.092 0.032 0.103 
181 UA00056669    (0)   :  0.015 0.141 0.104 0.079 0.109 0.087 0.146 0.144 0.059 0.115 
182 UA00050176    (0)   :  0.037 0.145 0.103 0.074 0.103 0.077 0.139 0.138 0.070 0.114 
183  Puco014    (4)   :  0.023 0.124 0.134 0.091 0.115 0.090 0.124 0.125 0.059 0.115 
184 UA00019608    (0)   :  0.020 0.124 0.090 0.083 0.113 0.114 0.128 0.127 0.062 0.139 
185 UA00064333    (0)   :  0.019 0.125 0.087 0.091 0.111 0.131 0.127 0.126 0.046 0.138 
186  Puco013    (4)   :  0.021 0.128 0.094 0.082 0.098 0.073 0.134 0.131 0.120 0.118 
187 UA00016092    (0)   :  0.010 0.094 0.089 0.147 0.125 0.188 0.096 0.097 0.033 0.121 
188 UA00019060    (0)   :  0.098 0.063 0.055 0.111 0.050 0.042 0.060 0.064 0.405 0.052 
189 UA00063532    (0)   :  0.040 0.135 0.120 0.096 0.105 0.090 0.123 0.125 0.056 0.109 
190 UA00064117    (0)   :  0.139 0.093 0.075 0.083 0.073 0.059 0.090 0.090 0.215 0.082 
191 UA00011969    (0)   :  0.030 0.135 0.110 0.084 0.109 0.084 0.134 0.143 0.062 0.109 
192 UA00034586    (4)   :  0.014 0.124 0.126 0.114 0.119 0.129 0.113 0.117 0.035 0.110 
193 UA00030736    (4)   :  0.025 0.150 0.104 0.074 0.113 0.084 0.141 0.147 0.040 0.121 
194 UA00048493    (0)   :  0.045 0.134 0.107 0.095 0.107 0.086 0.129 0.137 0.048 0.112 
195 UA00040466    (0)   :  0.015 0.046 0.044 0.136 0.044 0.030 0.049 0.046 0.538 0.052 
196 UA00047659    (0)   :  0.013 0.145 0.111 0.079 0.118 0.083 0.138 0.145 0.048 0.121 
197 UA00042002    (4)   :  0.114 0.118 0.122 0.085 0.112 0.084 0.108 0.115 0.048 0.094 
198 UA00062606    (0)   :  0.025 0.117 0.096 0.097 0.104 0.089 0.122 0.121 0.103 0.126 
199 UA00030615    (4)   :  0.012 0.042 0.036 0.141 0.035 0.030 0.039 0.044 0.586 0.035 
200 UA00048899    (0)   :  0.022 0.153 0.112 0.073 0.109 0.077 0.140 0.146 0.047 0.122 
201 UA00047725    (0)   :  0.012 0.013 0.013 0.154 0.013 0.011 0.013 0.013 0.747 0.012 
202 UA00030866    (4)   :  0.018 0.118 0.118 0.081 0.123 0.073 0.127 0.123 0.054 0.166 
203 UA00034564    (0)   :  0.020 0.125 0.103 0.088 0.118 0.086 0.137 0.122 0.043 0.157 
204 UA00046520    (0)   :  0.014 0.069 0.177 0.158 0.134 0.175 0.072 0.071 0.031 0.097 
205 UA00035027    (0)   :  0.031 0.128 0.124 0.081 0.117 0.079 0.124 0.124 0.070 0.124 
206 UA00035421    (0)   :  0.018 0.101 0.083 0.100 0.097 0.074 0.103 0.101 0.203 0.121 
207 UA00062740    (4)   :  0.038 0.120 0.118 0.078 0.114 0.065 0.121 0.124 0.079 0.143 
208 UA00012360    (0)   :  0.013 0.031 0.026 0.148 0.026 0.026 0.031 0.031 0.641 0.028 
209 UA00050203    (0)   :  0.027 0.122 0.126 0.103 0.119 0.109 0.122 0.121 0.038 0.112 
210 UA00040534    (4)   :  0.130 0.093 0.068 0.086 0.069 0.048 0.088 0.091 0.246 0.081 
211 UA00031261    (4)   :  0.075 0.064 0.059 0.102 0.059 0.040 0.067 0.066 0.391 0.079 
212 UA00031917    (4)   :  0.102 0.087 0.074 0.091 0.076 0.050 0.095 0.089 0.237 0.100 
213 UA00040798    (4)   :  0.049 0.085 0.091 0.109 0.071 0.072 0.081 0.084 0.285 0.074 
214 UA00030598    (4)   :  0.053 0.107 0.095 0.097 0.083 0.056 0.101 0.104 0.214 0.091 
215 UA00050385    (0)   :  0.022 0.137 0.102 0.084 0.102 0.080 0.136 0.134 0.068 0.135 
216 UA00058283    (0)   :  0.032 0.026 0.025 0.143 0.024 0.019 0.026 0.027 0.657 0.022 
217 UA00042297    (4)   :  0.383 0.065 0.073 0.068 0.061 0.055 0.070 0.067 0.096 0.062 
218 UA00015415    (4)   :  0.013 0.025 0.024 0.146 0.024 0.019 0.025 0.026 0.673 0.025 
219 UA00035531    (0)   :  0.065 0.048 0.041 0.129 0.043 0.036 0.050 0.047 0.496 0.046 
220 UA00048683    (0)   :  0.015 0.064 0.051 0.125 0.054 0.047 0.063 0.065 0.456 0.060 
221 UA00046734    (4)   :  0.015 0.027 0.025 0.146 0.025 0.023 0.028 0.027 0.659 0.026 
222   pcRF01    (0)   :  0.008 0.078 0.061 0.135 0.136 0.254 0.085 0.077 0.028 0.138 
223 UA00007223    (0)   :  0.038 0.116 0.100 0.082 0.103 0.068 0.120 0.112 0.119 0.143 
224 UA00013841    (0)   :  0.062 0.101 0.106 0.117 0.128 0.134 0.103 0.102 0.036 0.112 
225 UA00014196    (0)   :  0.038 0.070 0.056 0.118 0.060 0.040 0.071 0.066 0.412 0.069 
226 UA00034635    (0)   :  0.015 0.138 0.117 0.079 0.117 0.095 0.135 0.138 0.041 0.125 
227 UA00047371    (0)   :  0.131 0.129 0.102 0.067 0.101 0.074 0.122 0.132 0.051 0.091 
228 UA00063544    (0)   :  0.118 0.114 0.111 0.091 0.104 0.096 0.108 0.112 0.048 0.098 
229 UA00064246    (0)   :  0.067 0.107 0.108 0.098 0.096 0.092 0.104 0.111 0.125 0.094 
230 UA00064328    (0)   :  0.041 0.127 0.096 0.083 0.096 0.072 0.124 0.126 0.131 0.103 
231 UA00002952    (0)   :  0.086 0.114 0.099 0.082 0.098 0.061 0.113 0.107 0.118 0.123 
232 UA00064079    (0)   :  0.088 0.133 0.087 0.087 0.099 0.103 0.117 0.128 0.061 0.098 
233 UA00046793    (0)   :  0.113 0.108 0.086 0.085 0.083 0.059 0.109 0.111 0.141 0.106 
234 UA00034769    (0)   :  0.322 0.078 0.095 0.071 0.078 0.065 0.076 0.077 0.066 0.073 
235 UA00034949    (0)   :  0.035 0.111 0.093 0.086 0.106 0.064 0.118 0.114 0.131 0.143 
236 UA00063753    (0)   :  0.043 0.085 0.177 0.120 0.117 0.121 0.087 0.085 0.070 0.094 
237 UA00015713    (0)   :  0.074 0.115 0.136 0.098 0.113 0.097 0.111 0.117 0.040 0.100 
238 UA00003494    (0)   :  0.063 0.113 0.090 0.087 0.104 0.084 0.122 0.117 0.084 0.138 
239 UA00056767    (0)   :  0.009 0.064 0.189 0.155 0.128 0.194 0.074 0.066 0.026 0.096 
240 UA00014461    (0)   :  0.054 0.117 0.098 0.097 0.096 0.070 0.120 0.114 0.117 0.117 
241 UA00034669    (0)   :  0.068 0.104 0.076 0.097 0.077 0.052 0.094 0.102 0.247 0.081 
242 UA00048164    (0)   :  0.015 0.110 0.092 0.106 0.101 0.088 0.115 0.107 0.154 0.112 
243 UA00007974    (0)   :  0.035 0.089 0.167 0.123 0.138 0.127 0.091 0.093 0.040 0.097 
244 UA00016166    (0)   :  0.189 0.101 0.072 0.079 0.097 0.123 0.099 0.101 0.043 0.096 
245 UA00015653    (0)   :  0.130 0.111 0.093 0.075 0.090 0.058 0.116 0.113 0.114 0.101 
246 UA00063882    (0)   :  0.076 0.098 0.079 0.103 0.079 0.055 0.098 0.100 0.223 0.089 
247 UA00049027    (0)   :  0.122 0.118 0.099 0.088 0.098 0.083 0.109 0.118 0.077 0.087 
248 UA00018878    (0)   :  0.139 0.102 0.113 0.095 0.120 0.102 0.096 0.106 0.038 0.089 
249 UA00038796    (0)   :  0.018 0.108 0.098 0.105 0.097 0.067 0.110 0.109 0.179 0.108 
250 UA00013465    (0)   :  0.024 0.061 0.051 0.126 0.047 0.039 0.055 0.058 0.487 0.050 
251 UA00014604    (0)   :  0.042 0.120 0.098 0.095 0.096 0.073 0.111 0.116 0.152 0.096 
252 UA00041913    (0)   :  0.144 0.085 0.143 0.103 0.104 0.112 0.089 0.083 0.048 0.089 
253 UA00021632    (0)   :  0.316 0.095 0.074 0.061 0.074 0.059 0.087 0.094 0.064 0.077 
254 UA00064027    (0)   :  0.060 0.142 0.099 0.076 0.095 0.063 0.133 0.142 0.088 0.103 
255 UA00015023    (0)   :  0.024 0.124 0.095 0.100 0.107 0.107 0.120 0.127 0.078 0.117 
256 UA00050243    (0)   :  0.134 0.134 0.093 0.063 0.095 0.063 0.128 0.133 0.050 0.106 
257 UA00048298    (0)   :  0.038 0.121 0.106 0.093 0.109 0.116 0.119 0.129 0.060 0.109 
258 UA00050437    (0)   :  0.025 0.131 0.089 0.086 0.096 0.076 0.122 0.134 0.139 0.101 
259 UA00014262    (0)   :  0.066 0.129 0.098 0.082 0.107 0.085 0.126 0.130 0.056 0.120 
260 UA00049129    (0)   :  0.046 0.112 0.129 0.109 0.122 0.115 0.108 0.110 0.043 0.105 
261 UA00014740    (0)   :  0.047 0.108 0.126 0.112 0.112 0.109 0.107 0.108 0.057 0.114 
262 UA00049612    (0)   :  0.597 0.044 0.046 0.045 0.042 0.040 0.040 0.044 0.062 0.041 
263 UA00014635    (0)   :  0.013 0.073 0.162 0.159 0.136 0.176 0.073 0.076 0.032 0.098 
264 UA00014673    (0)   :  0.064 0.111 0.094 0.098 0.099 0.076 0.109 0.109 0.147 0.093 
265 UA00033608    (0)   :  0.306 0.080 0.099 0.074 0.081 0.072 0.077 0.079 0.060 0.072 
266 UA00064540    (0)   :  0.023 0.090 0.156 0.127 0.130 0.135 0.087 0.088 0.066 0.097 
267 UA00050256    (0)   :  0.093 0.133 0.096 0.069 0.095 0.057 0.129 0.136 0.087 0.106 
268 UA00015274    (0)   :  0.020 0.121 0.101 0.109 0.114 0.115 0.115 0.121 0.061 0.125 
269 UA00062993    (0)   :  0.011 0.124 0.130 0.093 0.124 0.094 0.125 0.124 0.060 0.115 
270 UA00038364    (0)   :  0.052 0.126 0.122 0.088 0.112 0.092 0.121 0.127 0.061 0.098 
271 UA00014446    (0)   :  0.012 0.143 0.111 0.082 0.114 0.083 0.146 0.147 0.042 0.120 
272 UA00063545    (0)   :  0.338 0.081 0.062 0.065 0.064 0.047 0.078 0.080 0.111 0.073 
273 UA00040054    (0)   :  0.029 0.106 0.095 0.120 0.127 0.153 0.107 0.102 0.031 0.131 
274 UA00058447    (0)   :  0.027 0.120 0.134 0.096 0.128 0.104 0.117 0.125 0.039 0.110 
275 UA00046835    (0)   :  0.024 0.110 0.135 0.117 0.130 0.116 0.109 0.109 0.041 0.109 
276 UA00014608    (0)   :  0.018 0.140 0.118 0.080 0.120 0.079 0.136 0.141 0.053 0.116 
277    pc012    (0)   :  0.034 0.127 0.106 0.095 0.107 0.088 0.131 0.127 0.074 0.113 
278    pc002    (0)   :  0.274 0.100 0.076 0.067 0.076 0.063 0.096 0.102 0.060 0.085 
279 UA00033690    (0)   :  0.096 0.064 0.173 0.143 0.144 0.134 0.065 0.064 0.040 0.078 
280 UA00013688    (0)   :  0.028 0.137 0.109 0.083 0.109 0.086 0.127 0.135 0.071 0.115 
281 UA00063666    (0)   :  0.054 0.055 0.225 0.150 0.127 0.159 0.065 0.058 0.020 0.086 
282 UA00063292    (0)   :  0.013 0.048 0.226 0.168 0.145 0.180 0.056 0.051 0.025 0.086 
283    pc001    (0)   :  0.021 0.133 0.109 0.089 0.112 0.090 0.130 0.141 0.062 0.113 
284    pc008    (0)   :  0.021 0.113 0.133 0.112 0.124 0.118 0.113 0.114 0.049 0.103 
285 UA00034316    (0)   :  0.145 0.103 0.070 0.094 0.081 0.083 0.093 0.103 0.147 0.082 
286 UA00013046    (0)   :  0.018 0.089 0.109 0.145 0.123 0.204 0.089 0.087 0.028 0.108 
287 UA00050241    (0)   :  0.015 0.086 0.173 0.141 0.130 0.150 0.091 0.088 0.025 0.101 
288 UA00048599    (0)   :  0.013 0.109 0.138 0.113 0.139 0.116 0.112 0.113 0.035 0.112 
289 UA00046649    (0)   :  0.185 0.103 0.092 0.090 0.102 0.095 0.098 0.102 0.043 0.091 
290 UA00015674    (0)   :  0.344 0.072 0.093 0.079 0.086 0.071 0.068 0.073 0.049 0.065 
291 UA00013177    (0)   :  0.067 0.094 0.133 0.113 0.111 0.120 0.093 0.099 0.078 0.093 
292 UA00012814    (0)   :  0.021 0.134 0.107 0.086 0.109 0.096 0.133 0.132 0.057 0.125 
293 UA00034654    (0)   :  0.014 0.130 0.110 0.102 0.122 0.113 0.126 0.128 0.037 0.119 
294 UA00046743    (0)   :  0.017 0.073 0.146 0.159 0.140 0.184 0.073 0.075 0.037 0.096 
295 UA00014854    (0)   :  0.062 0.065 0.169 0.154 0.151 0.163 0.064 0.063 0.026 0.083 
296 UA00013729    (0)   :  0.024 0.108 0.082 0.123 0.117 0.171 0.102 0.109 0.046 0.118 
297 UA00063483    (0)   :  0.016 0.115 0.147 0.094 0.117 0.112 0.136 0.121 0.028 0.113 
298 UA00039326    (0)   :  0.065 0.104 0.136 0.109 0.126 0.115 0.102 0.104 0.039 0.100 
299 UA00014742    (0)   :  0.020 0.098 0.190 0.116 0.110 0.131 0.110 0.099 0.026 0.100 
300 UA00049597    (0)   :  0.253 0.065 0.124 0.108 0.111 0.109 0.066 0.065 0.023 0.078 
301 UA00048067    (0)   :  0.046 0.116 0.142 0.099 0.119 0.095 0.115 0.114 0.056 0.098 
302 UA00012918    (0)   :  0.102 0.046 0.188 0.161 0.151 0.159 0.046 0.047 0.022 0.077 
303 UA00013487    (0)   :  0.013 0.064 0.055 0.141 0.135 0.273 0.080 0.065 0.020 0.152 
304 UA00046759    (0)   :  0.058 0.119 0.101 0.088 0.100 0.084 0.115 0.117 0.119 0.099 
305 UA00050164    (0)   :  0.546 0.057 0.044 0.045 0.053 0.053 0.057 0.057 0.032 0.056 
306 UA00049839    (0)   :  0.017 0.090 0.166 0.124 0.108 0.153 0.106 0.088 0.041 0.107 
307 UA00048444    (0)   :  0.054 0.037 0.243 0.161 0.126 0.176 0.057 0.039 0.024 0.084 
308 UA00063857    (0)   :  0.024 0.109 0.141 0.127 0.122 0.128 0.105 0.103 0.028 0.113 
309 UA00014921    (0)   :  0.287 0.095 0.096 0.068 0.087 0.074 0.092 0.095 0.027 0.079 
310 UA00048895    (0)   :  0.312 0.090 0.081 0.070 0.084 0.071 0.084 0.090 0.045 0.072 
311 UA00014556    (0)   :  0.019 0.129 0.110 0.091 0.104 0.077 0.123 0.129 0.104 0.116 
312    pc009    (0)   :  0.014 0.047 0.219 0.168 0.131 0.201 0.064 0.044 0.018 0.095 
313 UA00014959    (0)   :  0.235 0.077 0.107 0.105 0.107 0.105 0.077 0.076 0.031 0.080 
314 UA00020709    (0)   :  0.045 0.110 0.120 0.115 0.128 0.117 0.108 0.110 0.043 0.104 
315 UA00013126    (0)   :  0.879 0.013 0.014 0.014 0.014 0.013 0.013 0.013 0.014 0.013 
316 UA00013695    (0)   :  0.788 0.025 0.025 0.023 0.025 0.022 0.025 0.026 0.017 0.024 
317 UA00049344    (0)   :  0.287 0.102 0.084 0.061 0.082 0.058 0.097 0.102 0.043 0.084 
318 UA00047614    (0)   :  0.607 0.042 0.035 0.042 0.039 0.030 0.042 0.042 0.085 0.036 
319 UA00014221    (0)   :  0.008 0.082 0.170 0.138 0.130 0.169 0.090 0.083 0.025 0.104 
320 UA00014346    (0)   :  0.029 0.103 0.162 0.119 0.130 0.127 0.097 0.099 0.041 0.093 
321 UA00014245    (0)   :  0.151 0.071 0.126 0.134 0.137 0.132 0.067 0.069 0.031 0.082 
322 UA00014696    (0)   :  0.853 0.017 0.015 0.016 0.016 0.014 0.017 0.017 0.019 0.017 
323 UA00006991    (0)   :  0.016 0.147 0.098 0.079 0.105 0.089 0.141 0.144 0.057 0.124 
324 UA00048948    (0)   :  0.022 0.147 0.114 0.082 0.106 0.085 0.133 0.149 0.054 0.110 
325 UA00002239    (0)   :  0.022 0.134 0.098 0.093 0.108 0.094 0.133 0.129 0.065 0.124 
326 UA00063459    (0)   :  0.019 0.058 0.199 0.165 0.151 0.184 0.058 0.057 0.020 0.089 
327 UA00048356    (0)   :  0.027 0.131 0.121 0.085 0.113 0.091 0.123 0.127 0.082 0.100 
328 UA00063940    (0)   :  0.029 0.129 0.093 0.102 0.109 0.116 0.117 0.124 0.075 0.107 
329 UA00048130    (0)   :  0.015 0.106 0.161 0.114 0.122 0.131 0.111 0.104 0.036 0.101 
330 UA00048903    (0)   :  0.011 0.080 0.085 0.164 0.126 0.224 0.082 0.079 0.030 0.118 
331 UA00064643    (0)   :  0.034 0.119 0.108 0.101 0.113 0.135 0.111 0.116 0.050 0.112 
332 UA00050233    (0)   :  0.017 0.124 0.118 0.108 0.112 0.115 0.113 0.123 0.065 0.107 
333 UA00012507    (0)   :  0.013 0.136 0.101 0.091 0.102 0.074 0.131 0.135 0.096 0.122 
334 UA00064416    (0)   :  0.016 0.101 0.078 0.111 0.131 0.194 0.104 0.100 0.031 0.134 
335 UA00034724    (0)   :  0.016 0.124 0.125 0.102 0.108 0.112 0.128 0.125 0.052 0.108 
336 UA00002621    (0)   :  0.014 0.109 0.113 0.128 0.121 0.138 0.112 0.115 0.040 0.111 
337 UA00033203    (0)   :  0.030 0.086 0.065 0.116 0.130 0.225 0.094 0.085 0.031 0.138 
338 UA00011996    (0)   :  0.027 0.145 0.116 0.070 0.114 0.080 0.145 0.149 0.032 0.121 
339 UA00014408    (0)   :  0.020 0.110 0.081 0.108 0.094 0.073 0.109 0.110 0.200 0.095 
340 UA00049502    (0)   :  0.015 0.128 0.118 0.093 0.112 0.090 0.135 0.132 0.077 0.102 
341 UA00062695    (0)   :  0.051 0.111 0.144 0.102 0.118 0.108 0.107 0.107 0.053 0.099 
342 UA00014072    (0)   :  0.026 0.095 0.160 0.115 0.121 0.141 0.104 0.097 0.040 0.101 
343 UA00003334    (0)   :  0.020 0.087 0.121 0.164 0.128 0.170 0.090 0.085 0.030 0.105 
344 UA00013835    (0)   :  0.030 0.132 0.130 0.090 0.119 0.090 0.127 0.131 0.042 0.109 
345 UA00046760    (0)   :  0.118 0.121 0.119 0.083 0.098 0.093 0.117 0.117 0.039 0.095 
346 UA00014241    (0)   :  0.015 0.122 0.119 0.107 0.116 0.104 0.119 0.127 0.048 0.124 
347 UA00049585    (0)   :  0.017 0.118 0.154 0.103 0.118 0.118 0.126 0.114 0.026 0.107 
348 UA00013409    (0)   :  0.026 0.072 0.176 0.137 0.105 0.139 0.081 0.073 0.104 0.088 
349 UA00047548    (0)   :  0.024 0.137 0.112 0.081 0.117 0.088 0.142 0.140 0.030 0.131 
350 UA00049038    (0)   :  0.213 0.101 0.095 0.078 0.086 0.070 0.098 0.098 0.078 0.083 
351 UA00047612    (0)   :  0.015 0.140 0.109 0.094 0.115 0.087 0.138 0.137 0.048 0.116 
352 UA00014822    (0)   :  0.163 0.107 0.093 0.073 0.094 0.062 0.103 0.110 0.094 0.101 
353 UA00035299    (0)   :  0.027 0.114 0.090 0.112 0.115 0.155 0.114 0.113 0.040 0.120 
354 UA00012804    (0)   :  0.236 0.111 0.087 0.064 0.089 0.065 0.108 0.107 0.048 0.084 
355 UA00049578    (0)   :  0.018 0.135 0.109 0.090 0.112 0.085 0.123 0.137 0.085 0.105 
356 UA00047672    (0)   :  0.014 0.080 0.065 0.137 0.127 0.228 0.092 0.080 0.032 0.144 
357 UA00043961    (0)   :  0.580 0.046 0.050 0.048 0.042 0.043 0.044 0.046 0.056 0.043 
358 UA00064575    (0)   :  0.024 0.107 0.135 0.105 0.098 0.093 0.108 0.105 0.123 0.101 
359 UA00014732    (0)   :  0.013 0.132 0.100 0.099 0.110 0.115 0.122 0.136 0.057 0.116 
360 UA00050181    (0)   :  0.009 0.141 0.104 0.077 0.115 0.080 0.142 0.138 0.046 0.147 
361 UA00033369    (0)   :  0.141 0.119 0.085 0.072 0.095 0.079 0.118 0.125 0.055 0.110 
362 UA00011982    (0)   :  0.011 0.058 0.054 0.193 0.133 0.300 0.057 0.058 0.020 0.118 
363 UA00014590    (0)   :  0.058 0.128 0.090 0.086 0.108 0.115 0.122 0.130 0.052 0.110 
364 UA00047743    (0)   :  0.014 0.105 0.082 0.108 0.124 0.188 0.109 0.106 0.028 0.136 
365 UA00046621    (0)   :  0.014 0.108 0.089 0.113 0.126 0.163 0.112 0.107 0.024 0.143 
366 UA00050422    (0)   :  0.016 0.136 0.098 0.092 0.106 0.096 0.126 0.140 0.077 0.112 
367 UA00002760    (0)   :  0.046 0.120 0.126 0.093 0.111 0.109 0.123 0.121 0.038 0.112 
368 UA00012999    (0)   :  0.061 0.129 0.090 0.094 0.109 0.115 0.125 0.130 0.038 0.109 
369 UA00063838    (0)   :  0.014 0.101 0.106 0.135 0.121 0.178 0.097 0.103 0.039 0.106 
370 UA00003729    (0)   :  0.102 0.107 0.107 0.096 0.098 0.079 0.100 0.104 0.121 0.086 
371 UA00015348    (0)   :  0.038 0.086 0.180 0.128 0.116 0.140 0.091 0.083 0.045 0.094 
372 UA00019058    (0)   :  0.026 0.072 0.157 0.136 0.133 0.169 0.070 0.072 0.074 0.092 
373 UA00049549    (0)   :  0.061 0.038 0.224 0.165 0.143 0.187 0.046 0.036 0.019 0.081 
374 UA00014334    (0)   :  0.023 0.126 0.096 0.094 0.110 0.087 0.132 0.123 0.062 0.146 
375 UA00014350    (0)   :  0.008 0.037 0.042 0.207 0.139 0.345 0.037 0.036 0.018 0.129 
376 UA00049227    (0)   :  0.096 0.128 0.103 0.070 0.099 0.060 0.128 0.124 0.064 0.128 
377 UA00014051    (0)   :  0.013 0.113 0.088 0.107 0.110 0.113 0.115 0.117 0.092 0.133 
378 UA00034381    (0)   :  0.020 0.122 0.106 0.104 0.110 0.112 0.121 0.125 0.071 0.110 
379 UA00002354    (0)   :  0.013 0.083 0.068 0.127 0.129 0.246 0.088 0.079 0.026 0.141 
380 UA00049892    (0)   :  0.045 0.086 0.118 0.143 0.117 0.194 0.086 0.081 0.030 0.100 
381 UA00021989    (0)   :  0.012 0.114 0.109 0.109 0.116 0.148 0.115 0.111 0.046 0.119 
382 UA00048968    (0)   :  0.015 0.135 0.107 0.085 0.117 0.100 0.130 0.134 0.044 0.132 
383 UA00013174    (0)   :  0.026 0.110 0.089 0.122 0.113 0.145 0.110 0.107 0.047 0.131 
384 UA00033992    (0)   :  0.112 0.135 0.094 0.068 0.099 0.081 0.130 0.133 0.036 0.112 
385 UA00015801    (0)   :  0.008 0.068 0.064 0.187 0.132 0.271 0.064 0.065 0.024 0.117 
386 UA00063303    (0)   :  0.132 0.089 0.127 0.113 0.112 0.117 0.082 0.089 0.053 0.086 
387 UA00050206    (0)   :  0.009 0.066 0.203 0.143 0.118 0.176 0.088 0.066 0.028 0.103 
388 UA00014458    (0)   :  0.052 0.114 0.117 0.109 0.107 0.115 0.110 0.117 0.057 0.101 
389 UA00007204    (0)   :  0.026 0.078 0.153 0.157 0.148 0.152 0.079 0.077 0.032 0.097 
390 UA00063212    (0)   :  0.134 0.080 0.144 0.102 0.087 0.101 0.087 0.080 0.098 0.086 
391 UA00013340    (0)   :  0.049 0.146 0.106 0.075 0.111 0.083 0.138 0.149 0.038 0.105 
392 UA00062743    (0)   :  0.014 0.116 0.100 0.094 0.116 0.085 0.134 0.117 0.058 0.166 
393 UA00063189    (0)   :  0.043 0.075 0.066 0.123 0.063 0.052 0.074 0.077 0.356 0.071 
394 UA00035432    (0)   :  0.017 0.098 0.149 0.122 0.116 0.147 0.112 0.097 0.030 0.112 
395 UA00007958    (0)   :  0.015 0.125 0.113 0.092 0.119 0.102 0.132 0.123 0.041 0.138 
396 UA00013634    (0)   :  0.012 0.109 0.092 0.113 0.119 0.113 0.124 0.115 0.045 0.158 
397 UA00048175    (0)   :  0.008 0.057 0.055 0.187 0.136 0.275 0.065 0.054 0.030 0.134 
398 UA00003202    (0)   :  0.020 0.128 0.130 0.084 0.120 0.096 0.137 0.129 0.040 0.117 
399 UA00035090    (0)   :  0.022 0.104 0.125 0.114 0.111 0.142 0.101 0.104 0.070 0.107 
400 UA00064679    (0)   :  0.032 0.100 0.085 0.108 0.088 0.075 0.105 0.103 0.206 0.099 
401 UA00039518    (0)   :  0.025 0.110 0.101 0.107 0.127 0.147 0.114 0.107 0.034 0.125 
402 UA00058268    (0)   :  0.021 0.137 0.103 0.098 0.111 0.115 0.128 0.132 0.044 0.110 
403 UA00049456    (0)   :  0.120 0.110 0.123 0.096 0.104 0.099 0.103 0.107 0.046 0.092 
404 UA00049550    (0)   :  0.014 0.089 0.167 0.118 0.102 0.135 0.101 0.093 0.081 0.100 
405 UA00048342    (0)   :  0.055 0.125 0.114 0.092 0.107 0.101 0.122 0.127 0.054 0.103 
406 UA00063493    (0)   :  0.012 0.116 0.120 0.107 0.117 0.157 0.116 0.113 0.031 0.112 
407 UA00058261    (0)   :  0.017 0.110 0.084 0.105 0.114 0.124 0.109 0.111 0.094 0.132 
408 UA00014663    (0)   :  0.021 0.139 0.102 0.086 0.109 0.103 0.131 0.142 0.053 0.114 
409 UA00048817    (0)   :  0.150 0.111 0.081 0.081 0.098 0.104 0.108 0.111 0.043 0.112 
410 UA00049381    (0)   :  0.016 0.104 0.089 0.122 0.119 0.142 0.108 0.104 0.056 0.140 
411 UA00035901    (0)   :  0.022 0.115 0.089 0.096 0.088 0.072 0.115 0.118 0.187 0.097 
412 UA00013301    (0)   :  0.027 0.076 0.195 0.133 0.108 0.150 0.085 0.074 0.057 0.096 
413 UA00047926    (0)   :  0.046 0.110 0.079 0.101 0.111 0.149 0.104 0.107 0.073 0.120 
414 UA00007272    (0)   :  0.025 0.119 0.087 0.095 0.108 0.088 0.123 0.116 0.095 0.144 
415 UA00016041    (0)   :  0.032 0.111 0.149 0.110 0.109 0.127 0.112 0.109 0.039 0.102 
416 UA00013502    (0)   :  0.012 0.109 0.101 0.123 0.118 0.152 0.107 0.103 0.057 0.117 
417 UA00002390    (0)   :  0.057 0.147 0.096 0.077 0.104 0.086 0.136 0.148 0.044 0.106 
418 UA00034907    (0)   :  0.014 0.139 0.120 0.078 0.112 0.076 0.139 0.145 0.057 0.121 
419 UA00048821    (0)   :  0.057 0.124 0.099 0.090 0.098 0.094 0.115 0.125 0.094 0.103 
420 UA00002136    (0)   :  0.054 0.112 0.145 0.093 0.110 0.098 0.119 0.113 0.051 0.106 
421 UA00011790    (0)   :  0.028 0.118 0.104 0.091 0.118 0.084 0.131 0.121 0.053 0.153 
422 UA00021586    (0)   :  0.124 0.113 0.095 0.088 0.102 0.092 0.112 0.113 0.056 0.104 
