

----------------------------------------------------
STRUCTURE by Pritchard, Stephens and Donnelly (2000)
     and Falush, Stephens and Pritchard (2003)
       Code by Pritchard, Falush and Hubisz
             Version 2.3.4 (Jul 2012)
----------------------------------------------------



Command line arguments:   structure -K 3 -o outputfile_K3_8 
Input File:    Puma_SNP_genotypes_cut_AZ_final_HWEonly.str

Run parameters:
   536 individuals
   22 loci
   3 populations assumed
   100000 Burn-in period
   500000 Reps


--------------------------------------------
Overall proportion of membership of the
sample in each of the 3 clusters

Inferred Clusters
  1      2      3    
0.337  0.329  0.335  

--------------------------------------------

Allele-freq. divergence among pops (Net nucleotide distance),
computed using point estimates of P.

      1       2       3      
 1      -    0.0517  0.0394  
 2   0.0517     -    0.0540  
 3   0.0394  0.0540     -    

Average distances (expected heterozygosity) between individuals in same cluster:
cluster  1  : 0.3531 
cluster  2  : 0.3133 
cluster  3  : 0.3563 

--------------------------------------------
Estimated Ln Prob of Data   = -12857.5
Mean value of ln likelihood = -12505.9
Variance of ln likelihood   = 703.3
Mean value of alpha         = 0.6496

Mean value of Fst_1         = 0.1078
Mean value of Fst_2         = 0.2136
Mean value of Fst_3         = 0.0918


Inferred ancestry of individuals:
        Label (%Miss) :  Inferred clusters
  1 UA00063336   (13)   :  0.246 0.456 0.297 
  2 UA00048914    (9)   :  0.340 0.457 0.203 
  3 UA00014769   (13)   :  0.390 0.089 0.521 
  4 UA00008132   (13)   :  0.377 0.291 0.332 
  5 UA00030462   (13)   :  0.247 0.517 0.236 
  6 UA00034866   (13)   :  0.353 0.292 0.355 
  7 UA00034800    (9)   :  0.137 0.647 0.217 
  8  Puco006    (9)   :  0.196 0.689 0.115 
  9 UA00048874    (4)   :  0.193 0.645 0.162 
 10 UA00049060    (9)   :  0.402 0.176 0.423 
 11 UA00033413    (9)   :  0.228 0.147 0.625 
 12  Puco021    (9)   :  0.119 0.163 0.718 
 13  Puco026    (9)   :  0.271 0.162 0.567 
 14  Puco008    (9)   :  0.203 0.622 0.175 
 15   M01301    (9)   :  0.248 0.171 0.581 
 16   M06306    (9)   :  0.163 0.331 0.506 
 17 UA00032185    (9)   :  0.317 0.298 0.386 
 18 UA00030792    (9)   :  0.079 0.803 0.118 
 19 UA00031647    (9)   :  0.230 0.535 0.234 
 20 UA00031979    (9)   :  0.330 0.299 0.371 
 21  Puco016    (9)   :  0.514 0.337 0.149 
 22  Puco010    (9)   :  0.257 0.217 0.526 
 23    M1035    (9)   :  0.416 0.238 0.346 
 24 UA00034601    (9)   :  0.238 0.351 0.411 
 25 UA00050388    (9)   :  0.245 0.360 0.395 
 26 UA00048699    (9)   :  0.474 0.374 0.152 
 27 UA00064058    (9)   :  0.482 0.171 0.347 
 28 UA00033981    (9)   :  0.141 0.205 0.654 
 29   F05033    (9)   :  0.362 0.137 0.501 
 30 UA00048520    (4)   :  0.190 0.403 0.406 
 31 UA00048422    (4)   :  0.093 0.670 0.237 
 32    PucoB    (4)   :  0.243 0.116 0.641 
 33 UA00047393    (4)   :  0.379 0.324 0.296 
 34 UA00064521    (4)   :  0.284 0.421 0.295 
 35 UA00003043    (4)   :  0.571 0.234 0.195 
 36 UA00063025    (4)   :  0.145 0.535 0.320 
 37 UA00063826    (4)   :  0.213 0.175 0.612 
 38   F07407    (4)   :  0.129 0.261 0.609 
 39 UA00021658    (4)   :  0.370 0.191 0.439 
 40 UA00003794    (4)   :  0.169 0.255 0.576 
 41 UA00041322    (4)   :  0.297 0.398 0.305 
 42 UA00063316    (4)   :  0.235 0.434 0.331 
 43 UA00047705    (4)   :  0.224 0.284 0.492 
 44 UA00033904    (4)   :  0.221 0.540 0.239 
 45 UA00048100    (4)   :  0.364 0.183 0.453 
 46 UA00032212    (4)   :  0.217 0.479 0.304 
 47 UA00031574    (4)   :  0.092 0.725 0.183 
 48 UA00031228    (4)   :  0.104 0.775 0.121 
 49 UA00047707    (4)   :  0.705 0.099 0.196 
 50 UA00030906    (4)   :  0.064 0.856 0.080 
 51 UA00041567    (4)   :  0.184 0.260 0.557 
 52 UA00007624    (4)   :  0.335 0.108 0.557 
 53 UA00034514    (4)   :  0.465 0.189 0.346 
 54 UA00030480    (4)   :  0.424 0.341 0.234 
 55  Puco012    (4)   :  0.480 0.227 0.293 
 56 UA00038677    (9)   :  0.197 0.471 0.332 
 57 UA00048275    (4)   :  0.214 0.185 0.601 
 58 UA00064055    (4)   :  0.639 0.219 0.143 
 59  Puco009    (4)   :  0.469 0.310 0.222 
 60 UA00064561    (4)   :  0.714 0.143 0.143 
 61 UA00003479    (4)   :  0.557 0.208 0.236 
 62 UA00063747    (4)   :  0.540 0.119 0.340 
 63 UA00002558    (4)   :  0.303 0.318 0.379 
 64 UA00048410    (4)   :  0.639 0.197 0.164 
 65 UA00012249    (4)   :  0.724 0.159 0.117 
 66 UA00033818    (4)   :  0.134 0.571 0.295 
 67  Puco020    (4)   :  0.434 0.373 0.193 
 68 UA00002545    (9)   :  0.649 0.203 0.148 
 69 UA00048508    (4)   :  0.544 0.145 0.312 
 70 UA00064100    (4)   :  0.370 0.261 0.369 
 71 UA00014585    (4)   :  0.504 0.222 0.273 
 72 UA00063698    (4)   :  0.173 0.612 0.215 
 73 UA00049753    (4)   :  0.200 0.426 0.375 
 74 UA00049037    (4)   :  0.452 0.178 0.370 
 75 UA00034941    (4)   :  0.200 0.356 0.444 
 76 UA00008083    (4)   :  0.221 0.606 0.173 
 77 UA00015084    (4)   :  0.141 0.646 0.212 
 78 UA00041010    (9)   :  0.139 0.768 0.092 
 79 UA00035261    (4)   :  0.245 0.470 0.285 
 80 UA00035431    (4)   :  0.316 0.155 0.529 
 81 UA00045274    (0)   :  0.228 0.348 0.423 
 82 UA00028200    (4)   :  0.160 0.639 0.201 
 83 UA00064559    (0)   :  0.082 0.723 0.195 
 84 UA00040808    (0)   :  0.250 0.620 0.130 
 85 UA00049156    (0)   :  0.159 0.636 0.205 
 86 UA00003952    (4)   :  0.351 0.515 0.134 
 87 UA00063954    (0)   :  0.255 0.321 0.424 
 88 UA00062934    (0)   :  0.225 0.458 0.317 
 89 UA00033829    (0)   :  0.102 0.755 0.143 
 90 UA00064351    (4)   :  0.135 0.257 0.608 
 91 UA00003697    (4)   :  0.157 0.671 0.171 
 92 UA00063438    (4)   :  0.218 0.538 0.244 
 93 UA00007608    (0)   :  0.148 0.590 0.261 
 94 UA00019683    (4)   :  0.110 0.290 0.600 
 95 UA00007781    (0)   :  0.290 0.227 0.483 
 96 UA00002915    (0)   :  0.269 0.550 0.182 
 97  Puco031    (4)   :  0.571 0.209 0.220 
 98 UA00048280    (4)   :  0.170 0.256 0.574 
 99 UA00048589    (0)   :  0.249 0.227 0.524 
100 UA00034417    (0)   :  0.376 0.419 0.206 
101 UA00050411    (4)   :  0.675 0.095 0.230 
102  Puco029    (4)   :  0.296 0.085 0.619 
103   F03403    (4)   :  0.219 0.118 0.663 
104 UA00049904    (0)   :  0.152 0.313 0.536 
105 UA00035335    (0)   :  0.395 0.080 0.524 
106 UA00012611    (0)   :  0.413 0.175 0.413 
107 UA00050319    (0)   :  0.171 0.095 0.735 
108 UA00032068    (4)   :  0.348 0.253 0.399 
109 UA00032026    (4)   :  0.387 0.222 0.391 
110 UA00030476    (4)   :  0.110 0.134 0.755 
111 UA00046853    (0)   :  0.140 0.193 0.667 
112 UA00040156    (4)   :  0.074 0.805 0.121 
113 UA00030528    (4)   :  0.429 0.383 0.188 
114  Puco025    (4)   :  0.552 0.109 0.339 
115    pc016    (0)   :  0.076 0.819 0.105 
116 UA00030617    (4)   :  0.580 0.086 0.335 
117 UA00030585    (4)   :  0.087 0.684 0.229 
118 UA00032060    (4)   :  0.209 0.292 0.500 
119    pc007    (0)   :  0.215 0.170 0.616 
120 UA00030798    (4)   :  0.139 0.644 0.217 
121 UA00030778    (4)   :  0.687 0.093 0.220 
122 UA00039674    (4)   :  0.096 0.785 0.119 
123 UA00032241    (4)   :  0.310 0.087 0.603 
124 UA00011624    (0)   :  0.483 0.155 0.362 
125 UA00033779    (4)   :  0.159 0.129 0.713 
126 UA00049402    (4)   :  0.564 0.298 0.138 
127 UA00033653    (0)   :  0.126 0.124 0.750 
128 UA00047738    (0)   :  0.236 0.348 0.416 
129 UA00047502    (4)   :  0.357 0.480 0.162 
130 UA00012014    (4)   :  0.536 0.237 0.227 
131 UA00040729    (0)   :  0.256 0.136 0.608 
132 UA00030392    (4)   :  0.529 0.117 0.354 
133 UA00050033    (0)   :  0.353 0.165 0.482 
134 UA00012152    (0)   :  0.560 0.291 0.149 
135 UA00050406    (0)   :  0.400 0.204 0.396 
136 UA00047973    (0)   :  0.347 0.157 0.496 
137 UA00008051    (0)   :  0.238 0.431 0.331 
138 UA00047337    (4)   :  0.279 0.277 0.444 
139 UA00041604    (4)   :  0.282 0.378 0.340 
140 UA00031704    (4)   :  0.615 0.090 0.294 
141 UA00040423    (4)   :  0.435 0.267 0.298 
142 UA00049433    (0)   :  0.458 0.375 0.167 
143 UA00034816    (0)   :  0.603 0.197 0.200 
144 UA00050214    (0)   :  0.683 0.110 0.207 
145 UA00041073    (0)   :  0.389 0.293 0.317 
146 UA00030318    (4)   :  0.551 0.162 0.287 
147 UA00046845    (0)   :  0.601 0.236 0.164 
148 UA00063946    (0)   :  0.108 0.134 0.758 
149 UA00031374    (4)   :  0.450 0.234 0.316 
150    M1136    (4)   :  0.378 0.392 0.230 
151 UA00034299    (0)   :  0.689 0.133 0.178 
152 UA00002387    (4)   :  0.713 0.160 0.127 
153 UA00021855    (0)   :  0.230 0.244 0.526 
154 UA00014500    (0)   :  0.530 0.186 0.284 
155 UA00050419    (4)   :  0.662 0.107 0.230 
156 UA00031854    (4)   :  0.399 0.240 0.361 
157    pc011    (4)   :  0.734 0.121 0.146 
158 UA00033004    (0)   :  0.557 0.246 0.197 
159 UA00046510    (0)   :  0.539 0.251 0.210 
160 UA00048747    (0)   :  0.652 0.188 0.160 
161 UA00014293    (0)   :  0.750 0.135 0.116 
162 UA00047686    (0)   :  0.387 0.441 0.173 
163 UA00033783    (4)   :  0.134 0.530 0.336 
164 UA00042609    (4)   :  0.416 0.433 0.151 
165 UA00031169    (4)   :  0.736 0.121 0.143 
166 UA00035181    (0)   :  0.448 0.087 0.466 
167 UA00050133    (0)   :  0.533 0.202 0.265 
168  Puco011    (4)   :  0.701 0.167 0.132 
169 UA00041476    (0)   :  0.504 0.312 0.184 
170 UA00046702    (0)   :  0.710 0.108 0.182 
171 UA00019940    (0)   :  0.386 0.263 0.351 
172 UA00049813    (0)   :  0.240 0.184 0.576 
173 UA00064165    (0)   :  0.232 0.567 0.201 
174 UA00064421    (0)   :  0.524 0.274 0.202 
175 UA00064569    (4)   :  0.526 0.100 0.374 
176 UA00003996    (0)   :  0.564 0.266 0.170 
177 UA00064491    (4)   :  0.551 0.148 0.301 
178 UA00011899    (0)   :  0.455 0.183 0.362 
179  Puco015    (4)   :  0.428 0.286 0.286 
180 UA00047929    (4)   :  0.253 0.097 0.651 
181 UA00056669    (0)   :  0.497 0.219 0.284 
182 UA00050176    (0)   :  0.423 0.335 0.242 
183  Puco014    (4)   :  0.254 0.285 0.461 
184 UA00019608    (0)   :  0.625 0.218 0.157 
185 UA00064333    (0)   :  0.612 0.210 0.178 
186  Puco013    (4)   :  0.472 0.314 0.214 
187 UA00016092    (0)   :  0.617 0.086 0.296 
188 UA00019060    (0)   :  0.196 0.669 0.135 
189 UA00063532    (0)   :  0.407 0.245 0.349 
190 UA00064117    (0)   :  0.200 0.648 0.152 
191 UA00011969    (0)   :  0.321 0.278 0.401 
192 UA00034586    (4)   :  0.339 0.126 0.535 
193 UA00030736    (4)   :  0.521 0.189 0.289 
194 UA00048493    (0)   :  0.459 0.229 0.311 
195 UA00040466    (0)   :  0.233 0.613 0.154 
196 UA00047659    (0)   :  0.413 0.184 0.403 
197 UA00042002    (4)   :  0.229 0.366 0.405 
198 UA00062606    (0)   :  0.441 0.326 0.234 
199 UA00030615    (4)   :  0.259 0.560 0.181 
200 UA00048899    (0)   :  0.421 0.226 0.353 
201 UA00047725    (0)   :  0.106 0.797 0.097 
202 UA00030866    (4)   :  0.439 0.291 0.270 
203 UA00034564    (0)   :  0.572 0.233 0.195 
204 UA00046520    (0)   :  0.156 0.116 0.728 
205 UA00035027    (0)   :  0.275 0.333 0.392 
206 UA00035421    (0)   :  0.518 0.349 0.133 
207 UA00062740    (4)   :  0.232 0.503 0.265 
208 UA00012360    (0)   :  0.232 0.603 0.165 
209 UA00050203    (0)   :  0.397 0.164 0.439 
210 UA00040534    (4)   :  0.154 0.715 0.131 
211 UA00031261    (4)   :  0.139 0.766 0.095 
212 UA00031917    (4)   :  0.160 0.734 0.106 
213 UA00040798    (4)   :  0.216 0.523 0.261 
214 UA00030598    (4)   :  0.283 0.478 0.240 
215 UA00050385    (0)   :  0.542 0.270 0.188 
216 UA00058283    (0)   :  0.129 0.737 0.134 
217 UA00042297    (4)   :  0.165 0.600 0.235 
218 UA00015415    (4)   :  0.214 0.677 0.109 
219 UA00035531    (0)   :  0.233 0.654 0.113 
220 UA00048683    (0)   :  0.341 0.496 0.164 
221 UA00046734    (4)   :  0.188 0.673 0.139 
222   pcRF01    (0)   :  0.797 0.089 0.115 
223 UA00007223    (0)   :  0.392 0.457 0.151 
224 UA00013841    (0)   :  0.312 0.270 0.418 
225 UA00014196    (0)   :  0.251 0.639 0.111 
226 UA00034635    (0)   :  0.476 0.184 0.340 
227 UA00047371    (0)   :  0.152 0.447 0.400 
228 UA00063544    (0)   :  0.204 0.379 0.417 
229 UA00064246    (0)   :  0.271 0.413 0.315 
230 UA00064328    (0)   :  0.277 0.502 0.221 
231 UA00002952    (0)   :  0.247 0.561 0.192 
232 UA00064079    (0)   :  0.286 0.395 0.319 
233 UA00046793    (0)   :  0.319 0.540 0.142 
234 UA00034769    (0)   :  0.130 0.542 0.327 
235 UA00034949    (0)   :  0.420 0.470 0.110 
236 UA00063753    (0)   :  0.120 0.344 0.536 
237 UA00015713    (0)   :  0.177 0.280 0.544 
238 UA00003494    (0)   :  0.518 0.376 0.105 
239 UA00056767    (0)   :  0.179 0.085 0.736 
240 UA00014461    (0)   :  0.388 0.403 0.209 
241 UA00034669    (0)   :  0.158 0.633 0.209 
242 UA00048164    (0)   :  0.443 0.284 0.273 
243 UA00007974    (0)   :  0.138 0.223 0.639 
244 UA00016166    (0)   :  0.335 0.482 0.183 
245 UA00015653    (0)   :  0.170 0.632 0.198 
246 UA00063882    (0)   :  0.290 0.547 0.163 
247 UA00049027    (0)   :  0.173 0.467 0.360 
248 UA00018878    (0)   :  0.137 0.327 0.536 
249 UA00038796    (0)   :  0.226 0.509 0.265 
250 UA00013465    (0)   :  0.168 0.660 0.172 
251 UA00014604    (0)   :  0.174 0.474 0.352 
252 UA00041913    (0)   :  0.126 0.363 0.511 
253 UA00021632    (0)   :  0.144 0.634 0.222 
254 UA00064027    (0)   :  0.266 0.477 0.257 
255 UA00015023    (0)   :  0.559 0.247 0.194 
256 UA00050243    (0)   :  0.292 0.466 0.242 
257 UA00048298    (0)   :  0.414 0.267 0.318 
258 UA00050437    (0)   :  0.354 0.424 0.222 
259 UA00014262    (0)   :  0.334 0.388 0.278 
260 UA00049129    (0)   :  0.266 0.196 0.538 
261 UA00014740    (0)   :  0.227 0.266 0.508 
262 UA00049612    (0)   :  0.115 0.675 0.210 
263 UA00014635    (0)   :  0.172 0.100 0.728 
264 UA00014673    (0)   :  0.181 0.547 0.272 
265 UA00033608    (0)   :  0.143 0.528 0.329 
266 UA00064540    (0)   :  0.163 0.227 0.610 
267 UA00050256    (0)   :  0.243 0.556 0.200 
268 UA00015274    (0)   :  0.509 0.214 0.276 
269 UA00062993    (0)   :  0.235 0.176 0.590 
270 UA00038364    (0)   :  0.230 0.329 0.440 
271 UA00014446    (0)   :  0.412 0.154 0.434 
272 UA00063545    (0)   :  0.135 0.717 0.147 
273 UA00040054    (0)   :  0.506 0.174 0.320 
274 UA00058447    (0)   :  0.265 0.182 0.553 
275 UA00046835    (0)   :  0.277 0.154 0.569 
276 UA00014608    (0)   :  0.300 0.212 0.488 
277    pc012    (0)   :  0.273 0.328 0.398 
278    pc002    (0)   :  0.175 0.549 0.276 
279 UA00033690    (0)   :  0.093 0.300 0.607 
280 UA00013688    (0)   :  0.337 0.276 0.388 
281 UA00063666    (0)   :  0.099 0.141 0.760 
282 UA00063292    (0)   :  0.152 0.105 0.743 
283    pc001    (0)   :  0.379 0.236 0.385 
284    pc008    (0)   :  0.254 0.205 0.540 
285 UA00034316    (0)   :  0.309 0.531 0.161 
286 UA00013046    (0)   :  0.318 0.105 0.577 
287 UA00050241    (0)   :  0.162 0.087 0.751 
288 UA00048599    (0)   :  0.214 0.113 0.673 
289 UA00046649    (0)   :  0.210 0.392 0.398 
290 UA00015674    (0)   :  0.108 0.498 0.394 
291 UA00013177    (0)   :  0.169 0.381 0.450 
292 UA00012814    (0)   :  0.494 0.219 0.286 
293 UA00034654    (0)   :  0.399 0.130 0.470 
294 UA00046743    (0)   :  0.255 0.125 0.620 
295 UA00014854    (0)   :  0.147 0.160 0.692 
296 UA00013729    (0)   :  0.531 0.196 0.274 
297 UA00063483    (0)   :  0.199 0.138 0.663 
298 UA00039326    (0)   :  0.263 0.252 0.485 
299 UA00014742    (0)   :  0.189 0.126 0.685 
300 UA00049597    (0)   :  0.144 0.279 0.577 
301 UA00048067    (0)   :  0.138 0.304 0.557 
302 UA00012918    (0)   :  0.104 0.183 0.713 
303 UA00013487    (0)   :  0.785 0.093 0.122 
304 UA00046759    (0)   :  0.204 0.512 0.285 
305 UA00050164    (0)   :  0.223 0.625 0.152 
306 UA00049839    (0)   :  0.211 0.162 0.626 
307 UA00048444    (0)   :  0.085 0.177 0.738 
308 UA00063857    (0)   :  0.238 0.102 0.660 
309 UA00014921    (0)   :  0.153 0.326 0.521 
310 UA00048895    (0)   :  0.168 0.424 0.409 
311 UA00014556    (0)   :  0.274 0.392 0.334 
312    pc009    (0)   :  0.123 0.080 0.796 
313 UA00014959    (0)   :  0.159 0.331 0.510 
314 UA00020709    (0)   :  0.319 0.252 0.429 
315 UA00013126    (0)   :  0.093 0.703 0.204 
316 UA00013695    (0)   :  0.139 0.628 0.233 
317 UA00049344    (0)   :  0.150 0.555 0.295 
318 UA00047614    (0)   :  0.087 0.782 0.131 
319 UA00014221    (0)   :  0.189 0.074 0.737 
320 UA00014346    (0)   :  0.151 0.189 0.660 
321 UA00014245    (0)   :  0.178 0.249 0.572 
322 UA00014696    (0)   :  0.131 0.768 0.101 
323 UA00006991    (0)   :  0.524 0.229 0.247 
324 UA00048948    (0)   :  0.403 0.229 0.368 
325 UA00002239    (0)   :  0.558 0.253 0.190 
326 UA00063459    (0)   :  0.115 0.100 0.784 
327 UA00048356    (0)   :  0.181 0.310 0.510 
328 UA00063940    (0)   :  0.423 0.298 0.279 
329 UA00048130    (0)   :  0.175 0.137 0.689 
330 UA00048903    (0)   :  0.474 0.085 0.441 
331 UA00064643    (0)   :  0.383 0.258 0.359 
332 UA00050233    (0)   :  0.433 0.199 0.368 
333 UA00012507    (0)   :  0.534 0.252 0.213 
334 UA00064416    (0)   :  0.685 0.134 0.181 
335 UA00034724    (0)   :  0.408 0.168 0.425 
336 UA00002621    (0)   :  0.351 0.114 0.536 
337 UA00033203    (0)   :  0.684 0.175 0.142 
338 UA00011996    (0)   :  0.327 0.194 0.479 
339 UA00014408    (0)   :  0.463 0.348 0.189 
340 UA00049502    (0)   :  0.255 0.264 0.481 
341 UA00062695    (0)   :  0.191 0.289 0.520 
342 UA00014072    (0)   :  0.204 0.190 0.606 
343 UA00003334    (0)   :  0.277 0.102 0.620 
344 UA00013835    (0)   :  0.255 0.235 0.510 
345 UA00046760    (0)   :  0.194 0.287 0.519 
346 UA00014241    (0)   :  0.464 0.139 0.398 
347 UA00049585    (0)   :  0.234 0.107 0.659 
348 UA00013409    (0)   :  0.171 0.312 0.517 
349 UA00047548    (0)   :  0.476 0.134 0.390 
350 UA00049038    (0)   :  0.160 0.497 0.343 
351 UA00047612    (0)   :  0.375 0.171 0.454 
352 UA00014822    (0)   :  0.144 0.633 0.224 
353 UA00035299    (0)   :  0.497 0.181 0.322 
354 UA00012804    (0)   :  0.188 0.488 0.324 
355 UA00049578    (0)   :  0.339 0.290 0.371 
356 UA00047672    (0)   :  0.757 0.141 0.103 
357 UA00043961    (0)   :  0.122 0.619 0.260 
358 UA00064575    (0)   :  0.209 0.361 0.430 
359 UA00014732    (0)   :  0.544 0.168 0.288 
360 UA00050181    (0)   :  0.607 0.158 0.235 
361 UA00033369    (0)   :  0.315 0.484 0.201 
362 UA00011982    (0)   :  0.712 0.079 0.209 
363 UA00014590    (0)   :  0.481 0.317 0.202 
364 UA00047743    (0)   :  0.646 0.130 0.224 
365 UA00046621    (0)   :  0.658 0.094 0.249 
366 UA00050422    (0)   :  0.430 0.272 0.298 
367 UA00002760    (0)   :  0.313 0.204 0.483 
368 UA00012999    (0)   :  0.418 0.244 0.338 
369 UA00063838    (0)   :  0.380 0.138 0.481 
370 UA00003729    (0)   :  0.154 0.508 0.339 
371 UA00015348    (0)   :  0.161 0.223 0.616 
372 UA00019058    (0)   :  0.191 0.217 0.592 
373 UA00049549    (0)   :  0.092 0.130 0.778 
374 UA00014334    (0)   :  0.530 0.270 0.200 
375 UA00014350    (0)   :  0.781 0.064 0.155 
376 UA00049227    (0)   :  0.283 0.491 0.226 
377 UA00014051    (0)   :  0.693 0.176 0.131 
378 UA00034381    (0)   :  0.398 0.233 0.369 
379 UA00002354    (0)   :  0.703 0.109 0.188 
380 UA00049892    (0)   :  0.245 0.145 0.611 
381 UA00021989    (0)   :  0.526 0.137 0.337 
382 UA00048968    (0)   :  0.563 0.170 0.267 
383 UA00013174    (0)   :  0.615 0.175 0.210 
384 UA00033992    (0)   :  0.423 0.334 0.243 
385 UA00015801    (0)   :  0.663 0.067 0.271 
386 UA00063303    (0)   :  0.190 0.347 0.463 
387 UA00050206    (0)   :  0.150 0.093 0.757 
388 UA00014458    (0)   :  0.333 0.261 0.406 
389 UA00007204    (0)   :  0.212 0.130 0.658 
390 UA00063212    (0)   :  0.143 0.483 0.374 
391 UA00013340    (0)   :  0.297 0.229 0.474 
392 UA00062743    (0)   :  0.703 0.181 0.116 
393 UA00063189    (0)   :  0.328 0.504 0.168 
394 UA00035432    (0)   :  0.310 0.111 0.578 
395 UA00007958    (0)   :  0.533 0.129 0.339 
396 UA00013634    (0)   :  0.725 0.132 0.143 
397 UA00048175    (0)   :  0.806 0.077 0.117 
398 UA00003202    (0)   :  0.379 0.175 0.446 
399 UA00035090    (0)   :  0.308 0.252 0.441 
400 UA00064679    (0)   :  0.400 0.388 0.212 
401 UA00039518    (0)   :  0.526 0.135 0.338 
402 UA00058268    (0)   :  0.447 0.187 0.367 
403 UA00049456    (0)   :  0.202 0.319 0.479 
404 UA00049550    (0)   :  0.268 0.205 0.528 
405 UA00048342    (0)   :  0.215 0.308 0.477 
406 UA00063493    (0)   :  0.417 0.110 0.473 
407 UA00058261    (0)   :  0.632 0.214 0.154 
408 UA00014663    (0)   :  0.505 0.251 0.245 
409 UA00048817    (0)   :  0.418 0.380 0.202 
410 UA00049381    (0)   :  0.687 0.147 0.166 
411 UA00035901    (0)   :  0.290 0.450 0.260 
412 UA00013301    (0)   :  0.158 0.244 0.599 
413 UA00047926    (0)   :  0.539 0.302 0.160 
414 UA00007272    (0)   :  0.531 0.342 0.126 
415 UA00016041    (0)   :  0.227 0.190 0.583 
416 UA00013502    (0)   :  0.520 0.133 0.347 
417 UA00002390    (0)   :  0.394 0.319 0.287 
418 UA00034907    (0)   :  0.347 0.220 0.433 
419 UA00048821    (0)   :  0.301 0.437 0.262 
420 UA00002136    (0)   :  0.155 0.355 0.490 
421 UA00011790    (0)   :  0.593 0.213 0.194 
422 UA00021586    (0)   :  0.312 0.365 0.323 
423 UA00033270    (0)   :  0.397 0.225 0.378 
424 UA00048073    (0)   :  0.322 0.201 0.477 
425 UA00048856    (0)   :  0.419 0.250 0.331 
426 UA00049713    (0)   :  0.571 0.190 0.239 
427 UA00046885    (0)   :  0.355 0.170 0.475 
428 UA00034893    (0)   :  0.398 0.129 0.473 
429 UA00048011    (0)   :  0.569 0.154 0.277 
430 UA00015786    (0)   :  0.332 0.432 0.235 
431 UA00013162    (0)   :  0.628 0.270 0.102 
432 UA00049512    (0)   :  0.255 0.237 0.508 
433 UA00004046    (0)   :  0.753 0.108 0.139 
434 UA00048881    (0)   :  0.226 0.563 0.211 
435 UA00046610    (0)   :  0.379 0.411 0.210 
436 UA00033282    (0)   :  0.314 0.266 0.420 
437 UA00047561    (0)   :  0.671 0.152 0.177 
438 UA00013777    (0)   :  0.581 0.240 0.179 
439 UA00062849    (0)   :  0.202 0.147 0.651 
440 UA00049786    (0)   :  0.767 0.122 0.112 
441 UA00033246    (0)   :  0.130 0.088 0.782 
442 UA00045302    (0)   :  0.386 0.177 0.437 
443 UA00048637    (0)   :  0.686 0.152 0.163 
444 UA00049832    (0)   :  0.195 0.216 0.589 
445 UA00022023    (0)   :  0.434 0.309 0.257 
446 UA00050192    (0)   :  0.337 0.373 0.290 
447 UA00050413    (0)   :  0.385 0.194 0.421 
448 UA00013445    (0)   :  0.642 0.098 0.260 
449 UA00035496    (0)   :  0.315 0.378 0.307 
450 UA00003333    (0)   :  0.289 0.527 0.184 
451 UA00064008    (0)   :  0.473 0.311 0.216 
452 UA00003427    (0)   :  0.299 0.408 0.293 
453 UA00028092    (0)   :  0.210 0.506 0.284 
454    pc003    (0)   :  0.159 0.706 0.134 
455 UA00034440    (0)   :  0.269 0.193 0.537 
456 UA00026062    (0)   :  0.727 0.162 0.111 
457 UA00014347    (0)   :  0.260 0.353 0.387 
458 UA00021516    (0)   :  0.663 0.125 0.212 
459 UA00049347    (0)   :  0.418 0.394 0.188 
460 UA00063436    (0)   :  0.195 0.465 0.340 
461 UA00047790    (0)   :  0.617 0.203 0.180 
462 UA00045714    (0)   :  0.292 0.519 0.188 
463 UA00038979    (0)   :  0.176 0.219 0.606 
464 UA00016123    (0)   :  0.472 0.331 0.197 
465 UA00034765    (0)   :  0.343 0.529 0.128 
466 UA00063815    (0)   :  0.126 0.710 0.164 
467 UA00034795    (0)   :  0.229 0.198 0.573 
468 UA00004000    (0)   :  0.232 0.586 0.181 
469 UA00049367    (0)   :  0.321 0.196 0.483 
470 UA00034457    (0)   :  0.497 0.171 0.333 
471 UA00050015    (0)   :  0.201 0.302 0.498 
472 UA00021373    (0)   :  0.438 0.235 0.327 
473 UA00050232    (0)   :  0.166 0.696 0.139 
474 UA00038724    (0)   :  0.222 0.282 0.495 
475 UA00007824    (0)   :  0.491 0.348 0.161 
476 UA00048754    (0)   :  0.642 0.214 0.144 
477 UA00014271    (0)   :  0.394 0.208 0.398 
478 UA00013756    (0)   :  0.163 0.436 0.400 
479 UA00014385    (0)   :  0.298 0.541 0.162 
480 UA00049609    (0)   :  0.257 0.169 0.575 
481 UA00003748    (0)   :  0.510 0.337 0.153 
482 UA00063952    (0)   :  0.519 0.257 0.224 
483 UA00058348    (0)   :  0.325 0.396 0.279 
484 UA00014922    (0)   :  0.230 0.598 0.172 
485 UA00003820    (0)   :  0.693 0.168 0.138 
486 UA00013693    (0)   :  0.364 0.414 0.222 
487 UA00047713    (0)   :  0.396 0.471 0.133 
488 UA00034891    (0)   :  0.177 0.561 0.262 
489 UA00049223    (0)   :  0.373 0.345 0.282 
490 UA00064399    (0)   :  0.106 0.830 0.064 
491 UA00013336    (0)   :  0.144 0.725 0.131 
492 UA00035291    (0)   :  0.172 0.741 0.087 
493 UA00003945    (0)   :  0.223 0.625 0.152 
494 UA00014518    (0)   :  0.389 0.465 0.147 
495 UA00013583    (0)   :  0.131 0.670 0.199 
496 UA00011510    (0)   :  0.267 0.560 0.172 
497 UA00046860    (0)   :  0.415 0.413 0.172 
498 UA00048853    (0)   :  0.233 0.600 0.166 
499 UA00012151    (0)   :  0.260 0.630 0.111 
500 UA00063930    (0)   :  0.126 0.572 0.302 
501 UA00013453    (0)   :  0.260 0.523 0.217 
502 UA00039299    (0)   :  0.156 0.722 0.121 
503 UA00014280    (0)   :  0.194 0.642 0.164 
504 UA00014200    (0)   :  0.449 0.437 0.113 
505 UA00040612    (0)   :  0.147 0.755 0.098 
506 UA00062679    (0)   :  0.139 0.743 0.119 
507 UA00034481    (0)   :  0.257 0.572 0.171 
508 UA00011880    (0)   :  0.120 0.435 0.445 
509 UA00013421    (0)   :  0.119 0.810 0.071 
510 UA00048051    (0)   :  0.139 0.760 0.100 
511 UA00063370    (0)   :  0.099 0.814 0.088 
512 UA00014716    (0)   :  0.127 0.749 0.124 
513 UA00033426    (0)   :  0.261 0.639 0.099 
514 UA00015190    (0)   :  0.120 0.783 0.097 
515 UA00013730    (0)   :  0.383 0.186 0.431 
516 UA00047644    (4)   :  0.177 0.681 0.142 
517 UA00031933    (9)   :  0.547 0.232 0.221 
518 UA00031541    (9)   :  0.278 0.488 0.234 
519   PCO-60    (4)   :  0.404 0.236 0.360 
520 UA00030495    (4)   :  0.274 0.395 0.331 
521 UA00031133    (4)   :  0.116 0.099 0.785 
522 UA00032049    (4)   :  0.218 0.523 0.259 
523 UA00030599    (4)   :  0.122 0.252 0.627 
524 UA00030250    (4)   :  0.639 0.141 0.220 
525 UA00049385    (4)   :  0.155 0.294 0.551 
526 UA00031816    (4)   :  0.104 0.114 0.782 
527 UA00030275    (4)   :  0.438 0.326 0.236 
528 UA00041861    (4)   :  0.470 0.258 0.272 
529 UA00041433    (4)   :  0.531 0.114 0.355 
530  PCO-114    (4)   :  0.662 0.187 0.151 
531 UA00031529    (4)   :  0.410 0.183 0.407 
532 UA00039719    (4)   :  0.492 0.181 0.327 
533  PCO-442    (4)   :  0.719 0.096 0.185 
534   PCO-58    (0)   :  0.696 0.198 0.106 
535 UA00048673    (4)   :  0.315 0.296 0.389 
536   PCO-63    (4)   :  0.403 0.154 0.443 


Estimated Allele Frequencies in each cluster
First column gives estimated ancestral frequencies


Locus 1 : PP01 
2 alleles
0.0% missing data
   1   (0.577) 0.594 0.587 0.586 
   2   (0.423) 0.406 0.413 0.414 

Locus 2 : PP02 
2 alleles
0.0% missing data
   1   (0.880) 0.915 0.981 0.897 
   2   (0.120) 0.085 0.019 0.103 

Locus 3 : PP03 
2 alleles
18.3% missing data
   1   (0.784) 0.862 0.956 0.692 
   2   (0.216) 0.138 0.044 0.308 

Locus 4 : PP04 
2 alleles
0.4% missing data
   1   (0.660) 0.823 0.834 0.476 
   2   (0.340) 0.177 0.166 0.524 

Locus 5 : PP06 
2 alleles
0.0% missing data
   1   (0.648) 0.563 0.633 0.760 
   2   (0.352) 0.437 0.367 0.240 

Locus 6 : PP07 
2 alleles
0.0% missing data
   1   (0.694) 0.732 0.943 0.571 
   2   (0.306) 0.268 0.057 0.429 

Locus 7 : PP09 
2 alleles
0.0% missing data
   1   (0.523) 0.281 0.310 0.776 
   2   (0.477) 0.719 0.690 0.224 

Locus 8 : PP10 
2 alleles
0.0% missing data
   1   (0.186) 0.126 0.441 0.096 
   2   (0.814) 0.874 0.559 0.904 

Locus 9 : PP11 
2 alleles
0.0% missing data
   1   (0.701) 0.578 0.828 0.804 
   2   (0.299) 0.422 0.172 0.196 

Locus 10 : PP12 
2 alleles
0.2% missing data
   1   (0.420) 0.432 0.146 0.502 
   2   (0.580) 0.568 0.854 0.498 

Locus 11 : PP13 
2 alleles
0.0% missing data
   1   (0.183) 0.142 0.351 0.090 
   2   (0.817) 0.858 0.649 0.910 

Locus 12 : PP14 
2 alleles
0.2% missing data
   1   (0.856) 0.814 0.938 0.938 
   2   (0.144) 0.186 0.062 0.062 

Locus 13 : PP15 
2 alleles
0.0% missing data
   1   (0.865) 0.976 0.664 0.861 
   2   (0.135) 0.024 0.336 0.139 

Locus 14 : PP16 
2 alleles
0.0% missing data
   1   (0.547) 0.465 0.384 0.677 
   2   (0.453) 0.535 0.616 0.323 

Locus 15 : PP17 
2 alleles
0.2% missing data
   1   (0.623) 0.660 0.671 0.619 
   2   (0.377) 0.340 0.329 0.381 

Locus 16 : PP18 
2 alleles
0.7% missing data
   1   (0.753) 0.712 0.904 0.800 
   2   (0.247) 0.288 0.096 0.200 

Locus 17 : PP20 
2 alleles
0.0% missing data
   1   (0.625) 0.694 0.519 0.642 
   2   (0.375) 0.306 0.481 0.358 

Locus 18 : PP21 
2 alleles
14.9% missing data
   1   (0.844) 0.876 0.985 0.806 
   2   (0.156) 0.124 0.015 0.194 

Locus 19 : PP22 
2 alleles
1.3% missing data
   1   (0.351) 0.695 0.065 0.210 
   2   (0.649) 0.305 0.935 0.790 

Locus 20 : PP23 
2 alleles
0.7% missing data
   1   (0.636) 0.601 0.795 0.649 
   2   (0.364) 0.399 0.205 0.351 

Locus 21 : PP24 
2 alleles
0.2% missing data
   1   (0.789) 0.864 0.691 0.843 
   2   (0.211) 0.136 0.309 0.157 

Locus 22 : PP25 
2 alleles
0.6% missing data
   1   (0.392) 0.262 0.613 0.397 
   2   (0.608) 0.738 0.387 0.603 

Values of parameters used in structure:
DATAFILE=Puma_SNP_genotypes_cut_AZ_final_HWEonly.str,	OUTFILE=outputfile_K3_8,	NUMINDS=536,	NUMLOCI=22,	MISSING=-9,	LABEL=1,	POPDATA=0,	POPFLAG=0,	PHENOTYPE=0,	EXTRACOLS=0,	MAXPOPS=3,	BURNIN=100000,	NUMREPS=500000,	USEPOPINFO=0,	INFERALPHA=1,	INFERLAMBDA=0,	POPSPECIFICLAMBDA=0,	POPALPHAS=0,	COMPUTEPROB=1,	NOADMIX=0,	ADMBURNIN=2500,	UPDATEFREQ=200,	PRINTLIKES=0,	INTERMEDSAVE=0,	PRINTKLD=0,	PRINTNET=0,	PRINTLAMBDA=0,	ANCESTDIST=0,	NUMBOXES=1000,	ANCESTPINT=0.90000,	GENSBACK=2,	MIGRPRIOR=0.05000,	PRINTQHAT=0,	PRINTQSUM=0,	ALPHA=1.0000,	FREQSCORR=1,	FPRIORMEAN=0.0100,	FPRIORSD=0.0500,	ONEFST=0,	LAMBDA=1.0000,	UNIFPRIORALPHA=1,	ALPHAMAX=10.0000,	ALPHAPRIORA=1.0000,	ALPHAPRIORB=2.0000,	ALPHAPROPSD=0.0250,	STARTATPOPINFO=0,	RANDOMIZE=1,	LINKAGE=0,	METROFREQ=20,	REPORTHITRATE=0,	MARKOVPHASE=0,	PHASED=0,	PLOIDY=2,	PHASEINFO=0	LOCPRIOR=0, 	LOCPRIORINIT=1.000000, 	LOCDATA=0, 	LOCISPOP=0, 	LOCPRIORSTEP=0.100000, 	MAXLOCPRIOR=20.000000, 	SEED=1716610934,	
[STRAT parameters]:    NUMSIMSTATS=1000,	PHENOTYPECOL=-9,	POOLFREQ=10,	LOCUSxONLY=0,	EMERROR=0.00100,	MISSINGPHENO=-9,	