

----------------------------------------------------
STRUCTURE by Pritchard, Stephens and Donnelly (2000)
     and Falush, Stephens and Pritchard (2003)
       Code by Pritchard, Falush and Hubisz
             Version 2.3.4 (Jul 2012)
----------------------------------------------------



Command line arguments:   structure -K 4 -o outputfile_K4_7 
Input File:    Puma_SNP_genotypes_cut_AZ_final_HWEonly.str

Run parameters:
   536 individuals
   22 loci
   4 populations assumed
   100000 Burn-in period
   500000 Reps


--------------------------------------------
Overall proportion of membership of the
sample in each of the 4 clusters

Inferred Clusters
  1      2      3      4    
0.246  0.256  0.257  0.241  

--------------------------------------------

Allele-freq. divergence among pops (Net nucleotide distance),
computed using point estimates of P.

      1       2       3       4      
 1      -    0.0648  0.0491  0.0521  
 2   0.0648     -    0.0409  0.0474  
 3   0.0491  0.0409     -    0.0616  
 4   0.0521  0.0474  0.0616     -    

Average distances (expected heterozygosity) between individuals in same cluster:
cluster  1  : 0.2909 
cluster  2  : 0.3508 
cluster  3  : 0.3549 
cluster  4  : 0.3375 

--------------------------------------------
Estimated Ln Prob of Data   = -12836.0
Mean value of ln likelihood = -12369.5
Variance of ln likelihood   = 932.9
Mean value of alpha         = 0.4352

Mean value of Fst_1         = 0.2106
Mean value of Fst_2         = 0.1256
Mean value of Fst_3         = 0.1090
Mean value of Fst_4         = 0.1751


Inferred ancestry of individuals:
        Label (%Miss) :  Inferred clusters
  1 UA00063336   (13)   :  0.130 0.141 0.156 0.573 
  2 UA00048914    (9)   :  0.356 0.134 0.229 0.281 
  3 UA00014769   (13)   :  0.053 0.324 0.488 0.136 
  4 UA00008132   (13)   :  0.175 0.263 0.306 0.256 
  5 UA00030462   (13)   :  0.454 0.167 0.151 0.228 
  6 UA00034866   (13)   :  0.358 0.310 0.208 0.124 
  7 UA00034800    (9)   :  0.131 0.097 0.092 0.680 
  8  Puco006    (9)   :  0.687 0.067 0.093 0.152 
  9 UA00048874    (4)   :  0.153 0.076 0.122 0.649 
 10 UA00049060    (9)   :  0.109 0.284 0.355 0.251 
 11 UA00033413    (9)   :  0.134 0.598 0.165 0.103 
 12  Puco021    (9)   :  0.075 0.550 0.091 0.284 
 13  Puco026    (9)   :  0.088 0.376 0.255 0.280 
 14  Puco008    (9)   :  0.292 0.109 0.149 0.451 
 15   M01301    (9)   :  0.202 0.557 0.158 0.082 
 16   M06306    (9)   :  0.068 0.179 0.095 0.658 
 17 UA00032185    (9)   :  0.246 0.318 0.232 0.205 
 18 UA00030792    (9)   :  0.071 0.050 0.048 0.831 
 19 UA00031647    (9)   :  0.214 0.122 0.148 0.515 
 20 UA00031979    (9)   :  0.225 0.241 0.272 0.262 
 21  Puco016    (9)   :  0.538 0.098 0.256 0.108 
 22  Puco010    (9)   :  0.141 0.468 0.211 0.181 
 23    M1035    (9)   :  0.084 0.184 0.413 0.318 
 24 UA00034601    (9)   :  0.298 0.287 0.139 0.276 
 25 UA00050388    (9)   :  0.190 0.261 0.195 0.355 
 26 UA00048699    (9)   :  0.638 0.097 0.177 0.088 
 27 UA00064058    (9)   :  0.098 0.225 0.452 0.224 
 28 UA00033981    (9)   :  0.134 0.556 0.100 0.210 
 29   F05033    (9)   :  0.113 0.415 0.330 0.143 
 30 UA00048520    (4)   :  0.206 0.267 0.130 0.397 
 31 UA00048422    (4)   :  0.072 0.089 0.060 0.779 
 32    PucoB    (4)   :  0.068 0.507 0.226 0.199 
 33 UA00047393    (4)   :  0.108 0.145 0.316 0.430 
 34 UA00064521    (4)   :  0.461 0.211 0.136 0.192 
 35 UA00003043    (4)   :  0.354 0.155 0.396 0.096 
 36 UA00063025    (4)   :  0.248 0.224 0.096 0.433 
 37 UA00063826    (4)   :  0.101 0.519 0.166 0.213 
 38   F07407    (4)   :  0.089 0.398 0.100 0.413 
 39 UA00021658    (4)   :  0.152 0.384 0.293 0.171 
 40 UA00003794    (4)   :  0.109 0.359 0.130 0.402 
 41 UA00041322    (4)   :  0.211 0.193 0.215 0.381 
 42 UA00063316    (4)   :  0.277 0.239 0.151 0.333 
 43 UA00047705    (4)   :  0.209 0.342 0.153 0.296 
 44 UA00033904    (4)   :  0.118 0.101 0.139 0.642 
 45 UA00048100    (4)   :  0.193 0.376 0.295 0.135 
 46 UA00032212    (4)   :  0.200 0.194 0.161 0.445 
 47 UA00031574    (4)   :  0.112 0.091 0.061 0.735 
 48 UA00031228    (4)   :  0.110 0.059 0.066 0.765 
 49 UA00047707    (4)   :  0.116 0.155 0.655 0.075 
 50 UA00030906    (4)   :  0.099 0.045 0.043 0.813 
 51 UA00041567    (4)   :  0.176 0.519 0.128 0.177 
 52 UA00007624    (4)   :  0.108 0.564 0.249 0.079 
 53 UA00034514    (4)   :  0.179 0.319 0.373 0.129 
 54 UA00030480    (4)   :  0.113 0.113 0.303 0.471 
 55  Puco012    (4)   :  0.243 0.252 0.366 0.138 
 56 UA00038677    (9)   :  0.280 0.242 0.139 0.339 
 57 UA00048275    (4)   :  0.151 0.526 0.158 0.165 
 58 UA00064055    (4)   :  0.217 0.099 0.529 0.155 
 59  Puco009    (4)   :  0.447 0.148 0.297 0.108 
 60 UA00064561    (4)   :  0.179 0.111 0.631 0.080 
 61 UA00003479    (4)   :  0.235 0.207 0.452 0.106 
 62 UA00063747    (4)   :  0.155 0.349 0.431 0.065 
 63 UA00002558    (4)   :  0.401 0.318 0.167 0.114 
 64 UA00048410    (4)   :  0.455 0.123 0.353 0.069 
 65 UA00012249    (4)   :  0.315 0.098 0.513 0.074 
 66 UA00033818    (4)   :  0.131 0.156 0.089 0.623 
 67  Puco020    (4)   :  0.231 0.129 0.359 0.281 
 68 UA00002545    (9)   :  0.113 0.089 0.611 0.187 
 69 UA00048508    (4)   :  0.152 0.285 0.454 0.109 
 70 UA00064100    (4)   :  0.207 0.293 0.265 0.235 
 71 UA00014585    (4)   :  0.226 0.250 0.383 0.141 
 72 UA00063698    (4)   :  0.492 0.160 0.104 0.243 
 73 UA00049753    (4)   :  0.074 0.126 0.124 0.676 
 74 UA00049037    (4)   :  0.104 0.274 0.422 0.200 
 75 UA00034941    (4)   :  0.231 0.307 0.125 0.337 
 76 UA00008083    (4)   :  0.643 0.118 0.112 0.127 
 77 UA00015084    (4)   :  0.437 0.153 0.087 0.323 
 78 UA00041010    (9)   :  0.470 0.062 0.094 0.375 
 79 UA00035261    (4)   :  0.262 0.171 0.158 0.408 
 80 UA00035431    (4)   :  0.191 0.540 0.192 0.077 
 81 UA00045274    (0)   :  0.225 0.341 0.165 0.269 
 82 UA00028200    (4)   :  0.270 0.127 0.107 0.497 
 83 UA00064559    (0)   :  0.074 0.068 0.046 0.812 
 84 UA00040808    (0)   :  0.237 0.070 0.163 0.531 
 85 UA00049156    (0)   :  0.234 0.116 0.106 0.544 
 86 UA00003952    (4)   :  0.704 0.075 0.128 0.092 
 87 UA00063954    (0)   :  0.103 0.179 0.194 0.525 
 88 UA00062934    (0)   :  0.151 0.152 0.160 0.538 
 89 UA00033829    (0)   :  0.267 0.095 0.071 0.566 
 90 UA00064351    (4)   :  0.198 0.554 0.089 0.158 
 91 UA00003697    (4)   :  0.583 0.125 0.091 0.201 
 92 UA00063438    (4)   :  0.188 0.149 0.160 0.503 
 93 UA00007608    (0)   :  0.296 0.161 0.089 0.454 
 94 UA00019683    (4)   :  0.078 0.269 0.076 0.578 
 95 UA00007781    (0)   :  0.190 0.424 0.203 0.184 
 96 UA00002915    (0)   :  0.250 0.114 0.177 0.458 
 97  Puco031    (4)   :  0.210 0.159 0.457 0.174 
 98 UA00048280    (4)   :  0.212 0.504 0.109 0.175 
 99 UA00048589    (0)   :  0.127 0.351 0.233 0.289 
100 UA00034417    (0)   :  0.291 0.129 0.267 0.313 
101 UA00050411    (4)   :  0.114 0.187 0.628 0.070 
102  Puco029    (4)   :  0.055 0.460 0.351 0.134 
103   F03403    (4)   :  0.120 0.665 0.138 0.078 
104 UA00049904    (0)   :  0.134 0.359 0.096 0.411 
105 UA00035335    (0)   :  0.047 0.360 0.489 0.104 
106 UA00012611    (0)   :  0.118 0.343 0.362 0.177 
107 UA00050319    (0)   :  0.075 0.721 0.125 0.079 
108 UA00032068    (4)   :  0.092 0.223 0.318 0.367 
109 UA00032026    (4)   :  0.131 0.245 0.307 0.318 
110 UA00030476    (4)   :  0.064 0.611 0.089 0.236 
111 UA00046853    (0)   :  0.097 0.569 0.119 0.216 
112 UA00040156    (4)   :  0.068 0.051 0.045 0.836 
113 UA00030528    (4)   :  0.104 0.086 0.308 0.502 
114  Puco025    (4)   :  0.092 0.244 0.556 0.107 
115    pc016    (0)   :  0.073 0.046 0.047 0.835 
116 UA00030617    (4)   :  0.072 0.273 0.582 0.073 
117 UA00030585    (4)   :  0.099 0.103 0.057 0.741 
118 UA00032060    (4)   :  0.096 0.252 0.167 0.485 
119    pc007    (0)   :  0.121 0.551 0.164 0.163 
120 UA00030798    (4)   :  0.071 0.083 0.079 0.767 
121 UA00030778    (4)   :  0.094 0.169 0.654 0.082 
122 UA00039674    (4)   :  0.069 0.051 0.055 0.825 
123 UA00032241    (4)   :  0.078 0.589 0.257 0.075 
124 UA00011624    (0)   :  0.123 0.254 0.490 0.133 
125 UA00033779    (4)   :  0.100 0.697 0.108 0.095 
126 UA00049402    (4)   :  0.441 0.100 0.329 0.130 
127 UA00033653    (0)   :  0.091 0.740 0.082 0.087 
128 UA00047738    (0)   :  0.222 0.307 0.193 0.278 
129 UA00047502    (4)   :  0.489 0.120 0.211 0.180 
130 UA00012014    (4)   :  0.188 0.155 0.460 0.197 
131 UA00040729    (0)   :  0.100 0.477 0.224 0.199 
132 UA00030392    (4)   :  0.098 0.302 0.481 0.120 
133 UA00050033    (0)   :  0.121 0.390 0.305 0.184 
134 UA00012152    (0)   :  0.590 0.089 0.249 0.072 
135 UA00050406    (0)   :  0.171 0.315 0.296 0.218 
136 UA00047973    (0)   :  0.136 0.462 0.269 0.133 
137 UA00008051    (0)   :  0.235 0.231 0.203 0.331 
138 UA00047337    (4)   :  0.121 0.252 0.214 0.413 
139 UA00041604    (4)   :  0.221 0.249 0.229 0.301 
140 UA00031704    (4)   :  0.071 0.231 0.614 0.084 
141 UA00040423    (4)   :  0.118 0.163 0.405 0.315 
142 UA00049433    (0)   :  0.307 0.114 0.346 0.232 
143 UA00034816    (0)   :  0.249 0.156 0.493 0.102 
144 UA00050214    (0)   :  0.077 0.136 0.692 0.095 
145 UA00041073    (0)   :  0.249 0.286 0.297 0.169 
146 UA00030318    (4)   :  0.196 0.237 0.466 0.101 
147 UA00046845    (0)   :  0.351 0.127 0.393 0.128 
148 UA00063946    (0)   :  0.085 0.676 0.079 0.160 
149 UA00031374    (4)   :  0.213 0.271 0.368 0.149 
150    M1136    (4)   :  0.117 0.118 0.286 0.479 
151 UA00034299    (0)   :  0.118 0.114 0.656 0.112 
152 UA00002387    (4)   :  0.224 0.100 0.598 0.078 
153 UA00021855    (0)   :  0.158 0.460 0.185 0.197 
154 UA00014500    (0)   :  0.123 0.221 0.453 0.203 
155 UA00050419    (4)   :  0.108 0.193 0.627 0.072 
156 UA00031854    (4)   :  0.257 0.339 0.282 0.122 
157    pc011    (4)   :  0.142 0.104 0.672 0.081 
158 UA00033004    (0)   :  0.158 0.120 0.501 0.222 
159 UA00046510    (0)   :  0.372 0.161 0.356 0.111 
160 UA00048747    (0)   :  0.204 0.117 0.569 0.110 
161 UA00014293    (0)   :  0.145 0.085 0.685 0.085 
162 UA00047686    (0)   :  0.375 0.109 0.276 0.240 
163 UA00033783    (4)   :  0.220 0.239 0.097 0.445 
164 UA00042609    (4)   :  0.429 0.095 0.289 0.187 
165 UA00031169    (4)   :  0.092 0.097 0.716 0.096 
166 UA00035181    (0)   :  0.096 0.459 0.379 0.066 
167 UA00050133    (0)   :  0.198 0.213 0.438 0.151 
168  Puco011    (4)   :  0.163 0.086 0.624 0.127 
169 UA00041476    (0)   :  0.269 0.146 0.413 0.172 
170 UA00046702    (0)   :  0.112 0.155 0.651 0.082 
171 UA00019940    (0)   :  0.193 0.229 0.347 0.231 
172 UA00049813    (0)   :  0.118 0.480 0.213 0.190 
173 UA00064165    (0)   :  0.557 0.139 0.135 0.169 
174 UA00064421    (0)   :  0.531 0.153 0.243 0.074 
175 UA00064569    (4)   :  0.114 0.336 0.473 0.076 
176 UA00003996    (0)   :  0.425 0.131 0.331 0.114 
177 UA00064491    (4)   :  0.205 0.278 0.429 0.087 
178 UA00011899    (0)   :  0.125 0.296 0.392 0.187 
179  Puco015    (4)   :  0.153 0.160 0.363 0.325 
180 UA00047929    (4)   :  0.067 0.569 0.239 0.124 
181 UA00056669    (0)   :  0.257 0.239 0.372 0.132 
182 UA00050176    (0)   :  0.284 0.200 0.312 0.204 
183  Puco014    (4)   :  0.222 0.400 0.190 0.188 
184 UA00019608    (0)   :  0.238 0.126 0.514 0.121 
185 UA00064333    (0)   :  0.168 0.118 0.574 0.141 
186  Puco013    (4)   :  0.386 0.158 0.313 0.143 
187 UA00016092    (0)   :  0.081 0.223 0.625 0.072 
188 UA00019060    (0)   :  0.558 0.096 0.125 0.221 
189 UA00063532    (0)   :  0.228 0.292 0.297 0.183 
190 UA00064117    (0)   :  0.380 0.104 0.160 0.355 
191 UA00011969    (0)   :  0.235 0.334 0.223 0.208 
192 UA00034586    (4)   :  0.108 0.446 0.321 0.125 
193 UA00030736    (4)   :  0.142 0.221 0.462 0.175 
194 UA00048493    (0)   :  0.158 0.239 0.382 0.221 
195 UA00040466    (0)   :  0.739 0.086 0.084 0.091 
196 UA00047659    (0)   :  0.190 0.347 0.322 0.141 
197 UA00042002    (4)   :  0.149 0.225 0.161 0.464 
198 UA00062606    (0)   :  0.356 0.153 0.306 0.186 
199 UA00030615    (4)   :  0.724 0.107 0.095 0.075 
200 UA00048899    (0)   :  0.198 0.302 0.326 0.174 
201 UA00047725    (0)   :  0.826 0.054 0.045 0.075 
202 UA00030866    (4)   :  0.317 0.202 0.294 0.186 
203 UA00034564    (0)   :  0.250 0.138 0.421 0.191 
204 UA00046520    (0)   :  0.086 0.726 0.107 0.082 
205 UA00035027    (0)   :  0.281 0.289 0.179 0.252 
206 UA00035421    (0)   :  0.573 0.090 0.250 0.087 
207 UA00062740    (4)   :  0.356 0.166 0.134 0.344 
208 UA00012360    (0)   :  0.723 0.093 0.094 0.091 
209 UA00050203    (0)   :  0.145 0.378 0.317 0.159 
210 UA00040534    (4)   :  0.426 0.099 0.113 0.362 
211 UA00031261    (4)   :  0.597 0.069 0.091 0.243 
212 UA00031917    (4)   :  0.430 0.066 0.107 0.397 
213 UA00040798    (4)   :  0.494 0.206 0.130 0.171 
214 UA00030598    (4)   :  0.515 0.184 0.148 0.154 
215 UA00050385    (0)   :  0.276 0.132 0.422 0.169 
216 UA00058283    (0)   :  0.714 0.087 0.061 0.138 
217 UA00042297    (4)   :  0.251 0.179 0.128 0.441 
218 UA00015415    (4)   :  0.779 0.058 0.084 0.079 
219 UA00035531    (0)   :  0.633 0.068 0.106 0.193 
220 UA00048683    (0)   :  0.671 0.091 0.142 0.095 
221 UA00046734    (4)   :  0.724 0.076 0.086 0.114 
222   pcRF01    (0)   :  0.094 0.082 0.771 0.052 
223 UA00007223    (0)   :  0.436 0.102 0.251 0.212 
224 UA00013841    (0)   :  0.096 0.180 0.256 0.468 
225 UA00014196    (0)   :  0.678 0.066 0.116 0.140 
226 UA00034635    (0)   :  0.181 0.302 0.386 0.131 
227 UA00047371    (0)   :  0.132 0.258 0.119 0.491 
228 UA00063544    (0)   :  0.144 0.261 0.160 0.435 
229 UA00064246    (0)   :  0.335 0.263 0.185 0.218 
230 UA00064328    (0)   :  0.340 0.154 0.209 0.297 
231 UA00002952    (0)   :  0.391 0.121 0.147 0.341 
232 UA00064079    (0)   :  0.177 0.218 0.227 0.378 
233 UA00046793    (0)   :  0.468 0.090 0.186 0.256 
234 UA00034769    (0)   :  0.194 0.198 0.086 0.522 
235 UA00034949    (0)   :  0.512 0.074 0.237 0.177 
236 UA00063753    (0)   :  0.193 0.459 0.086 0.263 
237 UA00015713    (0)   :  0.117 0.338 0.140 0.405 
238 UA00003494    (0)   :  0.341 0.076 0.411 0.172 
239 UA00056767    (0)   :  0.075 0.758 0.114 0.053 
240 UA00014461    (0)   :  0.449 0.154 0.219 0.178 
241 UA00034669    (0)   :  0.433 0.158 0.102 0.307 
242 UA00048164    (0)   :  0.401 0.210 0.278 0.111 
243 UA00007974    (0)   :  0.128 0.470 0.096 0.306 
244 UA00016166    (0)   :  0.123 0.089 0.265 0.523 
245 UA00015653    (0)   :  0.292 0.114 0.099 0.495 
246 UA00063882    (0)   :  0.540 0.105 0.139 0.216 
247 UA00049027    (0)   :  0.167 0.194 0.124 0.516 
248 UA00018878    (0)   :  0.088 0.266 0.096 0.550 
249 UA00038796    (0)   :  0.533 0.171 0.112 0.184 
250 UA00013465    (0)   :  0.655 0.118 0.094 0.133 
251 UA00014604    (0)   :  0.353 0.258 0.100 0.289 
252 UA00041913    (0)   :  0.131 0.362 0.092 0.415 
253 UA00021632    (0)   :  0.141 0.104 0.096 0.659 
254 UA00064027    (0)   :  0.271 0.161 0.180 0.388 
255 UA00015023    (0)   :  0.359 0.149 0.372 0.119 
256 UA00050243    (0)   :  0.173 0.124 0.196 0.508 
257 UA00048298    (0)   :  0.192 0.241 0.366 0.201 
258 UA00050437    (0)   :  0.453 0.151 0.210 0.186 
259 UA00014262    (0)   :  0.185 0.162 0.248 0.406 
260 UA00049129    (0)   :  0.123 0.398 0.232 0.247 
261 UA00014740    (0)   :  0.219 0.410 0.144 0.227 
262 UA00049612    (0)   :  0.154 0.115 0.080 0.651 
263 UA00014635    (0)   :  0.083 0.734 0.111 0.073 
264 UA00014673    (0)   :  0.295 0.172 0.126 0.407 
265 UA00033608    (0)   :  0.162 0.196 0.097 0.545 
266 UA00064540    (0)   :  0.185 0.562 0.111 0.142 
267 UA00050256    (0)   :  0.337 0.123 0.146 0.394 
268 UA00015274    (0)   :  0.225 0.195 0.414 0.165 
269 UA00062993    (0)   :  0.215 0.559 0.128 0.098 
270 UA00038364    (0)   :  0.186 0.309 0.165 0.340 
271 UA00014446    (0)   :  0.153 0.387 0.327 0.133 
272 UA00063545    (0)   :  0.243 0.088 0.097 0.571 
273 UA00040054    (0)   :  0.103 0.172 0.454 0.271 
274 UA00058447    (0)   :  0.134 0.459 0.201 0.206 
275 UA00046835    (0)   :  0.136 0.538 0.188 0.138 
276 UA00014608    (0)   :  0.200 0.439 0.202 0.159 
277    pc012    (0)   :  0.271 0.320 0.174 0.235 
278    pc002    (0)   :  0.157 0.148 0.124 0.571 
279 UA00033690    (0)   :  0.096 0.381 0.067 0.455 
280 UA00013688    (0)   :  0.261 0.310 0.233 0.195 
281 UA00063666    (0)   :  0.057 0.594 0.080 0.269 
282 UA00063292    (0)   :  0.083 0.698 0.118 0.101 
283    pc001    (0)   :  0.244 0.291 0.271 0.194 
284    pc008    (0)   :  0.156 0.436 0.210 0.197 
285 UA00034316    (0)   :  0.322 0.107 0.244 0.328 
286 UA00013046    (0)   :  0.074 0.482 0.327 0.117 
287 UA00050241    (0)   :  0.058 0.652 0.158 0.132 
288 UA00048599    (0)   :  0.096 0.647 0.159 0.099 
289 UA00046649    (0)   :  0.091 0.154 0.150 0.605 
290 UA00015674    (0)   :  0.130 0.205 0.072 0.593 
291 UA00013177    (0)   :  0.219 0.392 0.126 0.263 
292 UA00012814    (0)   :  0.203 0.215 0.419 0.163 
293 UA00034654    (0)   :  0.115 0.380 0.367 0.138 
294 UA00046743    (0)   :  0.107 0.552 0.226 0.115 
295 UA00014854    (0)   :  0.055 0.392 0.145 0.408 
296 UA00013729    (0)   :  0.156 0.190 0.486 0.169 
297 UA00063483    (0)   :  0.097 0.608 0.144 0.151 
298 UA00039326    (0)   :  0.119 0.300 0.215 0.366 
299 UA00014742    (0)   :  0.081 0.640 0.148 0.131 
300 UA00049597    (0)   :  0.048 0.166 0.100 0.685 
301 UA00048067    (0)   :  0.154 0.395 0.097 0.355 
302 UA00012918    (0)   :  0.059 0.405 0.080 0.456 
303 UA00013487    (0)   :  0.061 0.073 0.801 0.065 
304 UA00046759    (0)   :  0.305 0.204 0.150 0.340 
305 UA00050164    (0)   :  0.112 0.074 0.148 0.665 
306 UA00049839    (0)   :  0.123 0.609 0.160 0.108 
307 UA00048444    (0)   :  0.079 0.645 0.061 0.215 
308 UA00063857    (0)   :  0.066 0.517 0.235 0.182 
309 UA00014921    (0)   :  0.059 0.186 0.105 0.650 
310 UA00048895    (0)   :  0.113 0.214 0.119 0.554 
311 UA00014556    (0)   :  0.357 0.240 0.194 0.209 
312    pc009    (0)   :  0.051 0.739 0.108 0.102 
313 UA00014959    (0)   :  0.075 0.178 0.107 0.640 
314 UA00020709    (0)   :  0.138 0.236 0.264 0.363 
315 UA00013126    (0)   :  0.079 0.080 0.059 0.782 
316 UA00013695    (0)   :  0.083 0.086 0.075 0.756 
317 UA00049344    (0)   :  0.107 0.116 0.090 0.687 
318 UA00047614    (0)   :  0.164 0.079 0.058 0.699 
319 UA00014221    (0)   :  0.066 0.731 0.142 0.061 
320 UA00014346    (0)   :  0.140 0.599 0.098 0.163 
321 UA00014245    (0)   :  0.082 0.291 0.147 0.480 
322 UA00014696    (0)   :  0.137 0.051 0.082 0.729 
323 UA00006991    (0)   :  0.251 0.196 0.409 0.144 
324 UA00048948    (0)   :  0.209 0.320 0.312 0.159 
325 UA00002239    (0)   :  0.249 0.120 0.440 0.192 
326 UA00063459    (0)   :  0.057 0.690 0.094 0.159 
327 UA00048356    (0)   :  0.233 0.458 0.118 0.190 
328 UA00063940    (0)   :  0.291 0.246 0.298 0.165 
329 UA00048130    (0)   :  0.119 0.662 0.109 0.110 
330 UA00048903    (0)   :  0.081 0.424 0.429 0.067 
331 UA00064643    (0)   :  0.201 0.283 0.320 0.196 
332 UA00050233    (0)   :  0.244 0.327 0.317 0.112 
333 UA00012507    (0)   :  0.448 0.160 0.292 0.099 
334 UA00064416    (0)   :  0.115 0.132 0.656 0.097 
335 UA00034724    (0)   :  0.161 0.392 0.338 0.110 
336 UA00002621    (0)   :  0.100 0.499 0.299 0.102 
337 UA00033203    (0)   :  0.112 0.092 0.671 0.125 
338 UA00011996    (0)   :  0.102 0.347 0.271 0.280 
339 UA00014408    (0)   :  0.504 0.123 0.237 0.135 
340 UA00049502    (0)   :  0.281 0.454 0.141 0.124 
341 UA00062695    (0)   :  0.171 0.438 0.142 0.249 
342 UA00014072    (0)   :  0.116 0.583 0.159 0.142 
343 UA00003334    (0)   :  0.083 0.594 0.218 0.105 
344 UA00013835    (0)   :  0.154 0.371 0.194 0.281 
345 UA00046760    (0)   :  0.100 0.354 0.152 0.394 
346 UA00014241    (0)   :  0.161 0.365 0.373 0.101 
347 UA00049585    (0)   :  0.067 0.610 0.190 0.133 
348 UA00013409    (0)   :  0.275 0.472 0.106 0.146 
349 UA00047548    (0)   :  0.087 0.309 0.447 0.157 
350 UA00049038    (0)   :  0.186 0.212 0.114 0.488 
351 UA00047612    (0)   :  0.199 0.410 0.254 0.138 
352 UA00014822    (0)   :  0.251 0.143 0.099 0.506 
353 UA00035299    (0)   :  0.166 0.249 0.421 0.164 
354 UA00012804    (0)   :  0.130 0.172 0.139 0.559 
355 UA00049578    (0)   :  0.330 0.318 0.216 0.136 
356 UA00047672    (0)   :  0.137 0.065 0.706 0.093 
357 UA00043961    (0)   :  0.135 0.141 0.085 0.639 
358 UA00064575    (0)   :  0.354 0.396 0.116 0.134 
359 UA00014732    (0)   :  0.192 0.256 0.450 0.102 
360 UA00050181    (0)   :  0.220 0.194 0.493 0.093 
361 UA00033369    (0)   :  0.190 0.111 0.237 0.461 
362 UA00011982    (0)   :  0.062 0.146 0.726 0.066 
363 UA00014590    (0)   :  0.193 0.127 0.415 0.265 
364 UA00047743    (0)   :  0.094 0.137 0.645 0.124 
365 UA00046621    (0)   :  0.069 0.175 0.663 0.094 
366 UA00050422    (0)   :  0.342 0.239 0.288 0.132 
367 UA00002760    (0)   :  0.115 0.366 0.284 0.235 
368 UA00012999    (0)   :  0.105 0.187 0.371 0.337 
369 UA00063838    (0)   :  0.134 0.422 0.335 0.109 
370 UA00003729    (0)   :  0.289 0.246 0.102 0.363 
371 UA00015348    (0)   :  0.140 0.564 0.113 0.183 
372 UA00019058    (0)   :  0.188 0.568 0.119 0.126 
373 UA00049549    (0)   :  0.058 0.588 0.072 0.282 
374 UA00014334    (0)   :  0.307 0.144 0.386 0.163 
375 UA00014350    (0)   :  0.050 0.100 0.799 0.051 
376 UA00049227    (0)   :  0.237 0.128 0.170 0.464 
377 UA00014051    (0)   :  0.369 0.112 0.453 0.066 
378 UA00034381    (0)   :  0.234 0.349 0.297 0.120 
379 UA00002354    (0)   :  0.083 0.127 0.716 0.074 
380 UA00049892    (0)   :  0.074 0.429 0.260 0.236 
381 UA00021989    (0)   :  0.164 0.337 0.420 0.079 
382 UA00048968    (0)   :  0.184 0.222 0.488 0.106 
383 UA00013174    (0)   :  0.191 0.165 0.515 0.129 
384 UA00033992    (0)   :  0.106 0.130 0.367 0.396 
385 UA00015801    (0)   :  0.060 0.213 0.671 0.056 
386 UA00063303    (0)   :  0.134 0.244 0.146 0.475 
387 UA00050206    (0)   :  0.081 0.765 0.094 0.060 
388 UA00014458    (0)   :  0.179 0.338 0.277 0.206 
389 UA00007204    (0)   :  0.091 0.537 0.185 0.187 
390 UA00063212    (0)   :  0.242 0.332 0.106 0.319 
391 UA00013340    (0)   :  0.110 0.329 0.255 0.306 
392 UA00062743    (0)   :  0.334 0.089 0.491 0.086 
393 UA00063189    (0)   :  0.614 0.109 0.149 0.128 
394 UA00035432    (0)   :  0.090 0.549 0.261 0.100 
395 UA00007958    (0)   :  0.116 0.304 0.478 0.102 
396 UA00013634    (0)   :  0.190 0.111 0.613 0.086 
397 UA00048175    (0)   :  0.109 0.094 0.752 0.046 
398 UA00003202    (0)   :  0.136 0.437 0.299 0.127 
399 UA00035090    (0)   :  0.227 0.383 0.240 0.150 
400 UA00064679    (0)   :  0.513 0.144 0.214 0.129 
401 UA00039518    (0)   :  0.113 0.280 0.490 0.118 
402 UA00058268    (0)   :  0.168 0.311 0.362 0.159 
403 UA00049456    (0)   :  0.132 0.283 0.165 0.420 
404 UA00049550    (0)   :  0.233 0.495 0.176 0.095 
405 UA00048342    (0)   :  0.138 0.295 0.180 0.388 
406 UA00063493    (0)   :  0.096 0.425 0.390 0.089 
407 UA00058261    (0)   :  0.325 0.123 0.466 0.086 
408 UA00014663    (0)   :  0.222 0.185 0.420 0.174 
409 UA00048817    (0)   :  0.178 0.119 0.342 0.360 
410 UA00049381    (0)   :  0.196 0.140 0.583 0.082 
411 UA00035901    (0)   :  0.455 0.190 0.182 0.173 
412 UA00013301    (0)   :  0.188 0.564 0.099 0.149 
413 UA00047926    (0)   :  0.234 0.108 0.473 0.185 
414 UA00007272    (0)   :  0.433 0.086 0.331 0.150 
415 UA00016041    (0)   :  0.112 0.441 0.203 0.244 
416 UA00013502    (0)   :  0.187 0.340 0.402 0.071 
417 UA00002390    (0)   :  0.152 0.183 0.331 0.334 
418 UA00034907    (0)   :  0.252 0.384 0.229 0.135 
419 UA00048821    (0)   :  0.261 0.172 0.247 0.320 
420 UA00002136    (0)   :  0.163 0.360 0.117 0.360 
421 UA00011790    (0)   :  0.222 0.153 0.483 0.142 
422 UA00021586    (0)   :  0.194 0.214 0.232 0.360 
423 UA00033270    (0)   :  0.228 0.331 0.291 0.150 
424 UA00048073    (0)   :  0.145 0.414 0.284 0.157 
425 UA00048856    (0)   :  0.342 0.263 0.257 0.139 
426 UA00049713    (0)   :  0.173 0.160 0.530 0.137 
427 UA00046885    (0)   :  0.132 0.439 0.278 0.151 
428 UA00034893    (0)   :  0.097 0.364 0.408 0.130 
429 UA00048011    (0)   :  0.237 0.275 0.419 0.069 
430 UA00015786    (0)   :  0.361 0.181 0.258 0.200 
431 UA00013162    (0)   :  0.305 0.065 0.474 0.155 
432 UA00049512    (0)   :  0.201 0.412 0.184 0.203 
433 UA00004046    (0)   :  0.157 0.121 0.651 0.071 
434 UA00048881    (0)   :  0.397 0.167 0.149 0.288 
435 UA00046610    (0)   :  0.292 0.151 0.274 0.283 
436 UA00033282    (0)   :  0.239 0.295 0.225 0.242 
437 UA00047561    (0)   :  0.159 0.134 0.598 0.109 
438 UA00013777    (0)   :  0.426 0.140 0.337 0.097 
439 UA00062849    (0)   :  0.115 0.642 0.130 0.113 
440 UA00049786    (0)   :  0.199 0.087 0.653 0.061 
441 UA00033246    (0)   :  0.058 0.748 0.100 0.094 
442 UA00045302    (0)   :  0.129 0.304 0.320 0.248 
443 UA00048637    (0)   :  0.184 0.131 0.597 0.088 
444 UA00049832    (0)   :  0.095 0.364 0.171 0.370 
445 UA00022023    (0)   :  0.172 0.151 0.320 0.356 
446 UA00050192    (0)   :  0.135 0.145 0.241 0.479 
447 UA00050413    (0)   :  0.181 0.331 0.334 0.155 
448 UA00013445    (0)   :  0.110 0.232 0.578 0.080 
449 UA00035496    (0)   :  0.414 0.241 0.192 0.154 
450 UA00003333    (0)   :  0.425 0.132 0.209 0.235 
451 UA00064008    (0)   :  0.489 0.159 0.251 0.100 
452 UA00003427    (0)   :  0.223 0.189 0.213 0.375 
453 UA00028092    (0)   :  0.264 0.206 0.151 0.378 
454    pc003    (0)   :  0.639 0.092 0.094 0.174 
455 UA00034440    (0)   :  0.182 0.549 0.167 0.102 
456 UA00026062    (0)   :  0.127 0.069 0.670 0.134 
457 UA00014347    (0)   :  0.276 0.290 0.176 0.258 
458 UA00021516    (0)   :  0.125 0.166 0.611 0.099 
459 UA00049347    (0)   :  0.528 0.144 0.223 0.105 
460 UA00063436    (0)   :  0.493 0.276 0.107 0.124 
461 UA00047790    (0)   :  0.208 0.147 0.503 0.142 
462 UA00045714    (0)   :  0.450 0.146 0.191 0.213 
463 UA00038979    (0)   :  0.128 0.463 0.127 0.282 
464 UA00016123    (0)   :  0.347 0.142 0.310 0.201 
465 UA00034765    (0)   :  0.766 0.066 0.104 0.064 
466 UA00063815    (0)   :  0.570 0.128 0.077 0.225 
467 UA00034795    (0)   :  0.155 0.564 0.157 0.124 
468 UA00004000    (0)   :  0.689 0.107 0.097 0.107 
469 UA00049367    (0)   :  0.233 0.487 0.195 0.085 
470 UA00034457    (0)   :  0.125 0.257 0.447 0.171 
471 UA00050015    (0)   :  0.189 0.424 0.142 0.245 
472 UA00021373    (0)   :  0.210 0.288 0.332 0.170 
473 UA00050232    (0)   :  0.626 0.097 0.088 0.189 
474 UA00038724    (0)   :  0.122 0.340 0.170 0.368 
475 UA00007824    (0)   :  0.235 0.099 0.406 0.260 
476 UA00048754    (0)   :  0.458 0.112 0.350 0.079 
477 UA00014271    (0)   :  0.158 0.315 0.322 0.204 
478 UA00013756    (0)   :  0.284 0.337 0.116 0.263 
479 UA00014385    (0)   :  0.461 0.113 0.190 0.235 
480 UA00049609    (0)   :  0.131 0.551 0.198 0.120 
481 UA00003748    (0)   :  0.588 0.099 0.218 0.095 
482 UA00063952    (0)   :  0.527 0.167 0.226 0.080 
483 UA00058348    (0)   :  0.610 0.189 0.126 0.075 
484 UA00014922    (0)   :  0.688 0.103 0.099 0.110 
485 UA00003820    (0)   :  0.377 0.111 0.436 0.076 
486 UA00013693    (0)   :  0.371 0.177 0.245 0.207 
487 UA00047713    (0)   :  0.717 0.077 0.133 0.073 
488 UA00034891    (0)   :  0.528 0.188 0.095 0.190 
489 UA00049223    (0)   :  0.471 0.219 0.196 0.114 
490 UA00064399    (0)   :  0.543 0.045 0.073 0.339 
491 UA00013336    (0)   :  0.687 0.087 0.069 0.157 
492 UA00035291    (0)   :  0.705 0.052 0.088 0.155 
493 UA00003945    (0)   :  0.641 0.106 0.126 0.127 
494 UA00014518    (0)   :  0.612 0.092 0.185 0.111 
495 UA00013583    (0)   :  0.269 0.123 0.088 0.520 
496 UA00011510    (0)   :  0.574 0.120 0.147 0.158 
497 UA00046860    (0)   :  0.470 0.121 0.257 0.151 
498 UA00048853    (0)   :  0.462 0.116 0.157 0.265 
499 UA00012151    (0)   :  0.733 0.064 0.105 0.098 
500 UA00063930    (0)   :  0.206 0.229 0.094 0.471 
501 UA00013453    (0)   :  0.392 0.171 0.205 0.232 
502 UA00039299    (0)   :  0.747 0.076 0.074 0.103 
503 UA00014280    (0)   :  0.796 0.082 0.062 0.060 
504 UA00014200    (0)   :  0.669 0.066 0.178 0.087 
505 UA00040612    (0)   :  0.665 0.063 0.078 0.194 
506 UA00062679    (0)   :  0.698 0.078 0.076 0.148 
507 UA00034481    (0)   :  0.702 0.104 0.104 0.090 
508 UA00011880    (0)   :  0.159 0.329 0.088 0.424 
509 UA00013421    (0)   :  0.630 0.049 0.075 0.247 
510 UA00048051    (0)   :  0.796 0.057 0.061 0.087 
511 UA00063370    (0)   :  0.665 0.063 0.059 0.214 
512 UA00014716    (0)   :  0.684 0.083 0.073 0.160 
513 UA00033426    (0)   :  0.499 0.067 0.200 0.234 
514 UA00015190    (0)   :  0.508 0.063 0.081 0.348 
515 UA00013730    (0)   :  0.119 0.344 0.337 0.200 
516 UA00047644    (4)   :  0.517 0.096 0.111 0.276 
517 UA00031933    (9)   :  0.280 0.183 0.407 0.130 
518 UA00031541    (9)   :  0.462 0.175 0.174 0.190 
519   PCO-60    (4)   :  0.324 0.269 0.270 0.137 
520 UA00030495    (4)   :  0.279 0.264 0.196 0.261 
521 UA00031133    (4)   :  0.070 0.709 0.090 0.131 
522 UA00032049    (4)   :  0.194 0.160 0.141 0.506 
523 UA00030599    (4)   :  0.134 0.552 0.087 0.227 
524 UA00030250    (4)   :  0.118 0.159 0.621 0.102 
525 UA00049385    (4)   :  0.181 0.398 0.110 0.311 
526 UA00031816    (4)   :  0.077 0.721 0.074 0.128 
527 UA00030275    (4)   :  0.239 0.167 0.338 0.256 
528 UA00041861    (4)   :  0.262 0.201 0.318 0.218 
529 UA00041433    (4)   :  0.133 0.351 0.428 0.088 
530  PCO-114    (4)   :  0.305 0.115 0.489 0.091 
531 UA00031529    (4)   :  0.212 0.375 0.285 0.128 
532 UA00039719    (4)   :  0.223 0.303 0.374 0.099 
533  PCO-442    (4)   :  0.099 0.148 0.680 0.073 
534   PCO-58    (0)   :  0.196 0.072 0.603 0.129 
535 UA00048673    (4)   :  0.305 0.332 0.201 0.162 
536   PCO-63    (4)   :  0.156 0.428 0.333 0.083 


Estimated Allele Frequencies in each cluster
First column gives estimated ancestral frequencies


Locus 1 : PP01 
2 alleles
0.0% missing data
   1   (0.598) 0.360 0.522 0.665 0.816 
   2   (0.402) 0.640 0.478 0.335 0.184 

Locus 2 : PP02 
2 alleles
0.0% missing data
   1   (0.885) 0.960 0.873 0.910 0.985 
   2   (0.115) 0.040 0.127 0.090 0.015 

Locus 3 : PP03 
2 alleles
18.3% missing data
   1   (0.796) 0.954 0.657 0.854 0.884 
   2   (0.204) 0.046 0.343 0.146 0.116 

Locus 4 : PP04 
2 alleles
0.4% missing data
   1   (0.695) 0.942 0.476 0.782 0.647 
   2   (0.305) 0.058 0.524 0.218 0.353 

Locus 5 : PP06 
2 alleles
0.0% missing data
   1   (0.634) 0.595 0.784 0.571 0.655 
   2   (0.366) 0.405 0.216 0.429 0.345 

Locus 6 : PP07 
2 alleles
0.0% missing data
   1   (0.706) 0.922 0.556 0.704 0.819 
   2   (0.294) 0.078 0.444 0.296 0.181 

Locus 7 : PP09 
2 alleles
0.0% missing data
   1   (0.467) 0.092 0.761 0.332 0.638 
   2   (0.533) 0.908 0.239 0.668 0.362 

Locus 8 : PP10 
2 alleles
0.0% missing data
   1   (0.188) 0.363 0.059 0.084 0.388 
   2   (0.812) 0.637 0.941 0.916 0.612 

Locus 9 : PP11 
2 alleles
0.0% missing data
   1   (0.694) 0.810 0.846 0.521 0.771 
   2   (0.306) 0.190 0.154 0.479 0.229 

Locus 10 : PP12 
2 alleles
0.2% missing data
   1   (0.402) 0.167 0.504 0.454 0.310 
   2   (0.598) 0.833 0.496 0.546 0.690 

Locus 11 : PP13 
2 alleles
0.0% missing data
   1   (0.195) 0.127 0.052 0.160 0.445 
   2   (0.805) 0.873 0.948 0.840 0.555 

Locus 12 : PP14 
2 alleles
0.2% missing data
   1   (0.848) 0.908 0.941 0.791 0.949 
   2   (0.152) 0.092 0.059 0.209 0.051 

Locus 13 : PP15 
2 alleles
0.0% missing data
   1   (0.870) 0.941 0.929 0.974 0.478 
   2   (0.130) 0.059 0.071 0.026 0.522 

Locus 14 : PP16 
2 alleles
0.0% missing data
   1   (0.526) 0.391 0.700 0.492 0.447 
   2   (0.474) 0.609 0.300 0.508 0.553 

Locus 15 : PP17 
2 alleles
0.2% missing data
   1   (0.635) 0.535 0.585 0.683 0.802 
   2   (0.365) 0.465 0.415 0.317 0.198 

Locus 16 : PP18 
2 alleles
0.7% missing data
   1   (0.750) 0.907 0.772 0.669 0.879 
   2   (0.250) 0.093 0.228 0.331 0.121 

Locus 17 : PP20 
2 alleles
0.0% missing data
   1   (0.614) 0.514 0.617 0.693 0.649 
   2   (0.386) 0.486 0.383 0.307 0.351 

Locus 18 : PP21 
2 alleles
14.9% missing data
   1   (0.854) 0.982 0.774 0.851 0.955 
   2   (0.146) 0.018 0.226 0.149 0.045 

Locus 19 : PP22 
2 alleles
1.3% missing data
   1   (0.372) 0.212 0.235 0.732 0.102 
   2   (0.628) 0.788 0.765 0.268 0.898 

Locus 20 : PP23 
2 alleles
0.7% missing data
   1   (0.636) 0.782 0.633 0.580 0.736 
   2   (0.364) 0.218 0.367 0.420 0.264 

Locus 21 : PP24 
2 alleles
0.2% missing data
   1   (0.792) 0.610 0.847 0.907 0.831 
   2   (0.208) 0.390 0.153 0.093 0.169 

Locus 22 : PP25 
2 alleles
0.6% missing data
   1   (0.403) 0.452 0.380 0.233 0.643 
   2   (0.597) 0.548 0.620 0.767 0.357 

Values of parameters used in structure:
DATAFILE=Puma_SNP_genotypes_cut_AZ_final_HWEonly.str,	OUTFILE=outputfile_K4_7,	NUMINDS=536,	NUMLOCI=22,	MISSING=-9,	LABEL=1,	POPDATA=0,	POPFLAG=0,	PHENOTYPE=0,	EXTRACOLS=0,	MAXPOPS=4,	BURNIN=100000,	NUMREPS=500000,	USEPOPINFO=0,	INFERALPHA=1,	INFERLAMBDA=0,	POPSPECIFICLAMBDA=0,	POPALPHAS=0,	COMPUTEPROB=1,	NOADMIX=0,	ADMBURNIN=2500,	UPDATEFREQ=200,	PRINTLIKES=0,	INTERMEDSAVE=0,	PRINTKLD=0,	PRINTNET=0,	PRINTLAMBDA=0,	ANCESTDIST=0,	NUMBOXES=1000,	ANCESTPINT=0.90000,	GENSBACK=2,	MIGRPRIOR=0.05000,	PRINTQHAT=0,	PRINTQSUM=0,	ALPHA=1.0000,	FREQSCORR=1,	FPRIORMEAN=0.0100,	FPRIORSD=0.0500,	ONEFST=0,	LAMBDA=1.0000,	UNIFPRIORALPHA=1,	ALPHAMAX=10.0000,	ALPHAPRIORA=1.0000,	ALPHAPRIORB=2.0000,	ALPHAPROPSD=0.0250,	STARTATPOPINFO=0,	RANDOMIZE=1,	LINKAGE=0,	METROFREQ=20,	REPORTHITRATE=0,	MARKOVPHASE=0,	PHASED=0,	PLOIDY=2,	PHASEINFO=0	LOCPRIOR=0, 	LOCPRIORINIT=1.000000, 	LOCDATA=0, 	LOCISPOP=0, 	LOCPRIORSTEP=0.100000, 	MAXLOCPRIOR=20.000000, 	SEED=1716615579,	
[STRAT parameters]:    NUMSIMSTATS=1000,	PHENOTYPECOL=-9,	POOLFREQ=10,	LOCUSxONLY=0,	EMERROR=0.00100,	MISSINGPHENO=-9,	