

----------------------------------------------------
STRUCTURE by Pritchard, Stephens and Donnelly (2000)
     and Falush, Stephens and Pritchard (2003)
       Code by Pritchard, Falush and Hubisz
             Version 2.3.4 (Jul 2012)
----------------------------------------------------



Command line arguments:   structure -K 7 -o outputfile_K7_5 
Input File:    Puma_SNP_genotypes_cut_AZ_final_HWEonly.str

Run parameters:
   536 individuals
   22 loci
   7 populations assumed
   100000 Burn-in period
   500000 Reps


--------------------------------------------
Overall proportion of membership of the
sample in each of the 7 clusters

Inferred Clusters
  1      2      3      4      5      6      7    
0.146  0.145  0.146  0.146  0.147  0.144  0.126  

--------------------------------------------

Allele-freq. divergence among pops (Net nucleotide distance),
computed using point estimates of P.

      1       2       3       4       5       6       7      
 1      -    0.0001  0.0002  0.0002  0.0078  0.0458  0.0624  
 2   0.0001     -    0.0002  0.0000  0.0079  0.0429  0.0593  
 3   0.0002  0.0002     -    0.0003  0.0059  0.0453  0.0600  
 4   0.0002  0.0000  0.0003     -    0.0081  0.0420  0.0590  
 5   0.0078  0.0079  0.0059  0.0081     -    0.0564  0.0595  
 6   0.0458  0.0429  0.0453  0.0420  0.0564     -    0.0760  
 7   0.0624  0.0593  0.0600  0.0590  0.0595  0.0760     -    

Average distances (expected heterozygosity) between individuals in same cluster:
cluster  1  : 0.3765 
cluster  2  : 0.3792 
cluster  3  : 0.3779 
cluster  4  : 0.3789 
cluster  5  : 0.3676 
cluster  6  : 0.2659 
cluster  7  : 0.2829 

--------------------------------------------
Estimated Ln Prob of Data   = -13479.5
Mean value of ln likelihood = -12287.0
Variance of ln likelihood   = 2385.0
Mean value of alpha         = 0.1586

Mean value of Fst_1         = 0.0712
Mean value of Fst_2         = 0.0486
Mean value of Fst_3         = 0.0670
Mean value of Fst_4         = 0.0509
Mean value of Fst_5         = 0.1055
Mean value of Fst_6         = 0.2783
Mean value of Fst_7         = 0.2996


Inferred ancestry of individuals:
        Label (%Miss) :  Inferred clusters
  1 UA00063336   (13)   :  0.107 0.116 0.111 0.115 0.099 0.055 0.397 
  2 UA00048914    (9)   :  0.148 0.167 0.145 0.164 0.103 0.177 0.096 
  3 UA00014769   (13)   :  0.230 0.189 0.201 0.173 0.148 0.018 0.041 
  4 UA00008132   (13)   :  0.167 0.176 0.169 0.175 0.137 0.072 0.105 
  5 UA00030462   (13)   :  0.130 0.143 0.135 0.148 0.114 0.250 0.080 
  6 UA00034866   (13)   :  0.153 0.185 0.161 0.175 0.147 0.149 0.029 
  7 UA00034800    (9)   :  0.061 0.065 0.060 0.059 0.057 0.069 0.629 
  8  Puco006    (9)   :  0.048 0.054 0.049 0.054 0.040 0.701 0.054 
  9 UA00048874    (4)   :  0.082 0.093 0.084 0.095 0.066 0.084 0.497 
 10 UA00049060    (9)   :  0.197 0.180 0.183 0.172 0.141 0.038 0.090 
 11 UA00033413    (9)   :  0.151 0.123 0.161 0.134 0.345 0.054 0.033 
 12  Puco021    (9)   :  0.127 0.100 0.150 0.109 0.357 0.028 0.128 
 13  Puco026    (9)   :  0.163 0.171 0.170 0.165 0.203 0.030 0.099 
 14  Puco008    (9)   :  0.107 0.131 0.112 0.130 0.089 0.202 0.229 
 15   M01301    (9)   :  0.158 0.133 0.163 0.134 0.281 0.107 0.025 
 16   M06306    (9)   :  0.094 0.104 0.103 0.104 0.124 0.027 0.444 
 17 UA00032185    (9)   :  0.163 0.161 0.159 0.159 0.165 0.105 0.088 
 18 UA00030792    (9)   :  0.019 0.019 0.019 0.019 0.019 0.023 0.882 
 19 UA00031647    (9)   :  0.127 0.152 0.131 0.152 0.105 0.108 0.224 
 20 UA00031979    (9)   :  0.168 0.181 0.169 0.178 0.150 0.090 0.064 
 21  Puco016    (9)   :  0.152 0.156 0.146 0.165 0.094 0.250 0.037 
 22  Puco010    (9)   :  0.168 0.160 0.169 0.164 0.224 0.056 0.058 
 23    M1035    (9)   :  0.170 0.184 0.169 0.182 0.135 0.031 0.129 
 24 UA00034601    (9)   :  0.144 0.155 0.156 0.152 0.167 0.124 0.102 
 25 UA00050388    (9)   :  0.153 0.166 0.157 0.168 0.163 0.089 0.105 
 26 UA00048699    (9)   :  0.119 0.120 0.116 0.125 0.076 0.408 0.037 
 27 UA00064058    (9)   :  0.183 0.189 0.186 0.191 0.138 0.033 0.079 
 28 UA00033981    (9)   :  0.133 0.124 0.157 0.125 0.330 0.062 0.068 
 29   F05033    (9)   :  0.182 0.175 0.184 0.177 0.198 0.039 0.045 
 30 UA00048520    (4)   :  0.122 0.124 0.133 0.126 0.172 0.102 0.221 
 31 UA00048422    (4)   :  0.032 0.033 0.034 0.033 0.039 0.028 0.801 
 32    PucoB    (4)   :  0.165 0.165 0.176 0.154 0.259 0.022 0.059 
 33 UA00047393    (4)   :  0.168 0.173 0.157 0.163 0.103 0.043 0.192 
 34 UA00064521    (4)   :  0.135 0.164 0.142 0.158 0.128 0.221 0.052 
 35 UA00003043    (4)   :  0.177 0.179 0.168 0.174 0.102 0.170 0.029 
 36 UA00063025    (4)   :  0.109 0.127 0.116 0.126 0.138 0.158 0.227 
 37 UA00063826    (4)   :  0.152 0.159 0.167 0.164 0.260 0.037 0.062 
 38   F07407    (4)   :  0.110 0.104 0.127 0.112 0.258 0.035 0.253 
 39 UA00021658    (4)   :  0.180 0.183 0.183 0.180 0.164 0.053 0.056 
 40 UA00003794    (4)   :  0.127 0.123 0.139 0.120 0.219 0.044 0.227 
 41 UA00041322    (4)   :  0.153 0.184 0.162 0.186 0.130 0.085 0.099 
 42 UA00063316    (4)   :  0.142 0.160 0.148 0.162 0.144 0.121 0.122 
 43 UA00047705    (4)   :  0.146 0.168 0.164 0.160 0.194 0.087 0.081 
 44 UA00033904    (4)   :  0.099 0.113 0.103 0.109 0.090 0.054 0.432 
 45 UA00048100    (4)   :  0.172 0.169 0.177 0.173 0.207 0.066 0.036 
 46 UA00032212    (4)   :  0.117 0.125 0.118 0.123 0.125 0.112 0.280 
 47 UA00031574    (4)   :  0.033 0.035 0.034 0.034 0.040 0.049 0.774 
 48 UA00031228    (4)   :  0.025 0.026 0.025 0.026 0.024 0.037 0.838 
 49 UA00047707    (4)   :  0.218 0.209 0.204 0.204 0.106 0.038 0.021 
 50 UA00030906    (4)   :  0.018 0.018 0.018 0.018 0.018 0.033 0.877 
 51 UA00041567    (4)   :  0.147 0.129 0.156 0.140 0.277 0.080 0.071 
 52 UA00007624    (4)   :  0.189 0.175 0.191 0.160 0.219 0.041 0.026 
 53 UA00034514    (4)   :  0.179 0.188 0.186 0.184 0.153 0.062 0.048 
 54 UA00030480    (4)   :  0.158 0.180 0.169 0.183 0.105 0.038 0.167 
 55  Puco012    (4)   :  0.179 0.192 0.181 0.188 0.136 0.078 0.046 
 56 UA00038677    (9)   :  0.128 0.146 0.133 0.140 0.155 0.153 0.146 
 57 UA00048275    (4)   :  0.149 0.174 0.168 0.171 0.248 0.050 0.039 
 58 UA00064055    (4)   :  0.189 0.186 0.185 0.209 0.108 0.073 0.050 
 59  Puco009    (4)   :  0.152 0.161 0.147 0.159 0.112 0.238 0.031 
 60 UA00064561    (4)   :  0.241 0.193 0.194 0.184 0.083 0.077 0.028 
 61 UA00003479    (4)   :  0.192 0.179 0.179 0.194 0.129 0.088 0.039 
 62 UA00063747    (4)   :  0.193 0.173 0.186 0.175 0.188 0.064 0.021 
 63 UA00002558    (4)   :  0.139 0.154 0.142 0.146 0.159 0.225 0.035 
 64 UA00048410    (4)   :  0.173 0.163 0.162 0.164 0.089 0.226 0.023 
 65 UA00012249    (4)   :  0.207 0.185 0.187 0.193 0.089 0.114 0.026 
 66 UA00033818    (4)   :  0.066 0.067 0.069 0.066 0.082 0.068 0.582 
 67  Puco020    (4)   :  0.168 0.167 0.156 0.162 0.102 0.092 0.152 
 68 UA00002545    (9)   :  0.205 0.185 0.193 0.195 0.090 0.044 0.087 
 69 UA00048508    (4)   :  0.193 0.193 0.187 0.194 0.146 0.050 0.038 
 70 UA00064100    (4)   :  0.173 0.191 0.181 0.189 0.143 0.059 0.064 
 71 UA00014585    (4)   :  0.178 0.187 0.178 0.188 0.141 0.077 0.050 
 72 UA00063698    (4)   :  0.091 0.099 0.090 0.099 0.103 0.390 0.129 
 73 UA00049753    (4)   :  0.100 0.123 0.108 0.121 0.093 0.027 0.428 
 74 UA00049037    (4)   :  0.180 0.191 0.184 0.185 0.152 0.038 0.070 
 75 UA00034941    (4)   :  0.145 0.171 0.159 0.171 0.172 0.090 0.092 
 76 UA00008083    (4)   :  0.070 0.075 0.069 0.076 0.068 0.585 0.056 
 77 UA00015084    (4)   :  0.083 0.098 0.093 0.096 0.110 0.343 0.177 
 78 UA00041010    (9)   :  0.055 0.061 0.056 0.063 0.044 0.418 0.304 
 79 UA00035261    (4)   :  0.118 0.135 0.124 0.131 0.122 0.122 0.247 
 80 UA00035431    (4)   :  0.161 0.164 0.174 0.165 0.234 0.081 0.023 
 81 UA00045274    (0)   :  0.141 0.151 0.154 0.148 0.191 0.113 0.101 
 82 UA00028200    (4)   :  0.090 0.101 0.092 0.102 0.092 0.133 0.389 
 83 UA00064559    (0)   :  0.024 0.026 0.025 0.026 0.029 0.026 0.842 
 84 UA00040808    (0)   :  0.096 0.101 0.095 0.108 0.068 0.133 0.398 
 85 UA00049156    (0)   :  0.083 0.094 0.087 0.094 0.084 0.136 0.421 
 86 UA00003952    (4)   :  0.079 0.082 0.076 0.087 0.053 0.587 0.036 
 87 UA00063954    (0)   :  0.144 0.173 0.156 0.165 0.135 0.039 0.189 
 88 UA00062934    (0)   :  0.130 0.153 0.139 0.149 0.121 0.073 0.236 
 89 UA00033829    (0)   :  0.046 0.051 0.047 0.052 0.047 0.193 0.563 
 90 UA00064351    (4)   :  0.135 0.116 0.152 0.127 0.324 0.100 0.046 
 91 UA00003697    (4)   :  0.073 0.081 0.076 0.080 0.070 0.538 0.082 
 92 UA00063438    (4)   :  0.122 0.145 0.128 0.145 0.110 0.100 0.250 
 93 UA00007608    (0)   :  0.102 0.118 0.110 0.119 0.114 0.184 0.252 
 94 UA00019683    (4)   :  0.080 0.076 0.094 0.074 0.174 0.034 0.468 
 95 UA00007781    (0)   :  0.161 0.175 0.174 0.167 0.202 0.070 0.051 
 96 UA00002915    (0)   :  0.111 0.130 0.114 0.131 0.090 0.091 0.332 
 97  Puco031    (4)   :  0.193 0.201 0.183 0.196 0.109 0.066 0.052 
 98 UA00048280    (4)   :  0.143 0.164 0.164 0.162 0.237 0.087 0.042 
 99 UA00048589    (0)   :  0.149 0.149 0.164 0.152 0.234 0.053 0.100 
100 UA00034417    (0)   :  0.147 0.157 0.144 0.152 0.103 0.164 0.133 
101 UA00050411    (4)   :  0.212 0.199 0.201 0.208 0.121 0.037 0.022 
102  Puco029    (4)   :  0.190 0.169 0.186 0.177 0.220 0.018 0.040 
103   F03403    (4)   :  0.146 0.118 0.169 0.127 0.366 0.049 0.024 
104 UA00049904    (0)   :  0.132 0.150 0.143 0.145 0.188 0.057 0.185 
105 UA00035335    (0)   :  0.206 0.184 0.200 0.179 0.185 0.015 0.030 
106 UA00012611    (0)   :  0.179 0.194 0.190 0.194 0.161 0.035 0.047 
107 UA00050319    (0)   :  0.146 0.111 0.171 0.116 0.403 0.028 0.024 
108 UA00032068    (4)   :  0.165 0.182 0.169 0.184 0.138 0.029 0.134 
109 UA00032026    (4)   :  0.178 0.190 0.180 0.182 0.130 0.043 0.098 
110 UA00030476    (4)   :  0.133 0.103 0.157 0.111 0.381 0.024 0.090 
111 UA00046853    (0)   :  0.145 0.112 0.157 0.129 0.339 0.042 0.075 
112 UA00040156    (4)   :  0.018 0.018 0.018 0.018 0.019 0.023 0.886 
113 UA00030528    (4)   :  0.154 0.173 0.150 0.163 0.092 0.036 0.232 
114  Puco025    (4)   :  0.227 0.202 0.202 0.185 0.121 0.030 0.033 
115    pc016    (0)   :  0.017 0.018 0.018 0.018 0.017 0.023 0.888 
116 UA00030617    (4)   :  0.235 0.199 0.202 0.186 0.130 0.025 0.023 
117 UA00030585    (4)   :  0.029 0.029 0.030 0.030 0.040 0.039 0.804 
118 UA00032060    (4)   :  0.134 0.148 0.138 0.143 0.148 0.038 0.251 
119    pc007    (0)   :  0.154 0.130 0.165 0.136 0.293 0.051 0.071 
120 UA00030798    (4)   :  0.037 0.039 0.038 0.039 0.035 0.024 0.786 
121 UA00030778    (4)   :  0.206 0.206 0.203 0.217 0.119 0.028 0.021 
122 UA00039674    (4)   :  0.022 0.024 0.023 0.024 0.022 0.023 0.861 
123 UA00032241    (4)   :  0.199 0.172 0.197 0.161 0.221 0.028 0.023 
124 UA00011624    (0)   :  0.194 0.190 0.188 0.195 0.152 0.043 0.037 
125 UA00033779    (4)   :  0.149 0.112 0.162 0.121 0.379 0.042 0.034 
126 UA00049402    (4)   :  0.164 0.163 0.166 0.183 0.097 0.175 0.052 
127 UA00033653    (0)   :  0.141 0.097 0.161 0.112 0.424 0.036 0.028 
128 UA00047738    (0)   :  0.155 0.162 0.159 0.162 0.177 0.104 0.080 
129 UA00047502    (4)   :  0.146 0.163 0.143 0.162 0.098 0.217 0.073 
130 UA00012014    (4)   :  0.186 0.195 0.182 0.198 0.121 0.063 0.054 
131 UA00040729    (0)   :  0.173 0.155 0.185 0.154 0.236 0.036 0.061 
132 UA00030392    (4)   :  0.221 0.193 0.199 0.183 0.131 0.030 0.043 
133 UA00050033    (0)   :  0.182 0.181 0.178 0.171 0.174 0.042 0.072 
134 UA00012152    (0)   :  0.112 0.107 0.100 0.105 0.061 0.491 0.024 
135 UA00050406    (0)   :  0.175 0.194 0.181 0.192 0.148 0.053 0.057 
136 UA00047973    (0)   :  0.168 0.176 0.178 0.172 0.215 0.052 0.040 
137 UA00008051    (0)   :  0.156 0.158 0.149 0.149 0.140 0.123 0.125 
138 UA00047337    (4)   :  0.141 0.151 0.145 0.138 0.138 0.047 0.239 
139 UA00041604    (4)   :  0.157 0.165 0.155 0.157 0.136 0.119 0.111 
140 UA00031704    (4)   :  0.211 0.198 0.200 0.210 0.131 0.022 0.028 
141 UA00040423    (4)   :  0.174 0.192 0.174 0.189 0.125 0.040 0.107 
142 UA00049433    (0)   :  0.166 0.179 0.161 0.186 0.104 0.121 0.083 
143 UA00034816    (0)   :  0.211 0.179 0.184 0.175 0.095 0.115 0.040 
144 UA00050214    (0)   :  0.251 0.206 0.217 0.188 0.081 0.028 0.030 
145 UA00041073    (0)   :  0.176 0.175 0.167 0.166 0.136 0.106 0.074 
146 UA00030318    (4)   :  0.208 0.185 0.185 0.182 0.131 0.076 0.033 
147 UA00046845    (0)   :  0.193 0.170 0.174 0.172 0.095 0.142 0.055 
148 UA00063946    (0)   :  0.134 0.092 0.157 0.104 0.426 0.035 0.052 
149 UA00031374    (4)   :  0.190 0.181 0.176 0.182 0.141 0.082 0.049 
150    M1136    (4)   :  0.137 0.134 0.129 0.126 0.079 0.043 0.352 
151 UA00034299    (0)   :  0.245 0.200 0.206 0.187 0.082 0.041 0.039 
152 UA00002387    (4)   :  0.210 0.195 0.186 0.205 0.097 0.083 0.024 
153 UA00021855    (0)   :  0.163 0.169 0.168 0.174 0.204 0.065 0.058 
154 UA00014500    (0)   :  0.189 0.192 0.190 0.201 0.128 0.036 0.064 
155 UA00050419    (4)   :  0.254 0.202 0.207 0.186 0.089 0.038 0.025 
156 UA00031854    (4)   :  0.175 0.165 0.164 0.167 0.166 0.114 0.049 
157    pc011    (4)   :  0.223 0.188 0.204 0.205 0.100 0.052 0.028 
158 UA00033004    (0)   :  0.188 0.191 0.178 0.192 0.109 0.057 0.084 
159 UA00046510    (0)   :  0.174 0.172 0.165 0.173 0.106 0.175 0.036 
160 UA00048747    (0)   :  0.209 0.187 0.187 0.198 0.098 0.083 0.037 
161 UA00014293    (0)   :  0.217 0.193 0.201 0.211 0.094 0.052 0.031 
162 UA00047686    (0)   :  0.149 0.167 0.149 0.161 0.097 0.209 0.068 
163 UA00033783    (4)   :  0.093 0.087 0.098 0.089 0.150 0.128 0.356 
164 UA00042609    (4)   :  0.139 0.138 0.132 0.144 0.086 0.290 0.072 
165 UA00031169    (4)   :  0.242 0.201 0.205 0.199 0.083 0.032 0.037 
166 UA00035181    (0)   :  0.180 0.185 0.190 0.185 0.211 0.031 0.018 
167 UA00050133    (0)   :  0.189 0.191 0.186 0.189 0.126 0.067 0.052 
168  Puco011    (4)   :  0.216 0.188 0.190 0.201 0.094 0.062 0.049 
169 UA00041476    (0)   :  0.183 0.179 0.173 0.173 0.104 0.111 0.077 
170 UA00046702    (0)   :  0.232 0.193 0.204 0.201 0.102 0.036 0.033 
171 UA00019940    (0)   :  0.186 0.186 0.174 0.180 0.132 0.081 0.061 
172 UA00049813    (0)   :  0.168 0.158 0.173 0.160 0.231 0.046 0.064 
173 UA00064165    (0)   :  0.102 0.112 0.102 0.108 0.089 0.423 0.063 
174 UA00064421    (0)   :  0.143 0.143 0.132 0.146 0.096 0.319 0.022 
175 UA00064569    (4)   :  0.214 0.192 0.205 0.184 0.144 0.040 0.021 
176 UA00003996    (0)   :  0.171 0.161 0.157 0.166 0.096 0.197 0.053 
177 UA00064491    (4)   :  0.215 0.187 0.190 0.173 0.124 0.080 0.029 
178 UA00011899    (0)   :  0.183 0.192 0.177 0.197 0.149 0.040 0.061 
179  Puco015    (4)   :  0.168 0.176 0.159 0.166 0.118 0.061 0.151 
180 UA00047929    (4)   :  0.186 0.165 0.184 0.154 0.247 0.025 0.040 
181 UA00056669    (0)   :  0.176 0.198 0.175 0.192 0.133 0.091 0.036 
182 UA00050176    (0)   :  0.164 0.181 0.163 0.182 0.128 0.106 0.076 
183  Puco014    (4)   :  0.148 0.174 0.164 0.168 0.202 0.088 0.056 
184 UA00019608    (0)   :  0.193 0.190 0.184 0.197 0.102 0.095 0.040 
185 UA00064333    (0)   :  0.207 0.194 0.180 0.206 0.107 0.063 0.043 
186  Puco013    (4)   :  0.154 0.165 0.153 0.174 0.115 0.193 0.047 
187 UA00016092    (0)   :  0.231 0.199 0.206 0.195 0.120 0.027 0.022 
188 UA00019060    (0)   :  0.071 0.074 0.069 0.072 0.060 0.520 0.135 
189 UA00063532    (0)   :  0.167 0.171 0.169 0.167 0.165 0.081 0.080 
190 UA00064117    (0)   :  0.091 0.099 0.092 0.098 0.078 0.286 0.256 
191 UA00011969    (0)   :  0.164 0.177 0.165 0.170 0.159 0.092 0.073 
192 UA00034586    (4)   :  0.186 0.184 0.185 0.173 0.204 0.035 0.033 
193 UA00030736    (4)   :  0.184 0.196 0.185 0.199 0.135 0.043 0.056 
194 UA00048493    (0)   :  0.176 0.182 0.178 0.181 0.138 0.054 0.091 
195 UA00040466    (0)   :  0.058 0.060 0.059 0.062 0.049 0.680 0.032 
196 UA00047659    (0)   :  0.171 0.197 0.185 0.197 0.161 0.058 0.031 
197 UA00042002    (4)   :  0.123 0.135 0.131 0.134 0.155 0.061 0.260 
198 UA00062606    (0)   :  0.159 0.168 0.163 0.172 0.115 0.163 0.060 
199 UA00030615    (4)   :  0.051 0.053 0.053 0.056 0.048 0.715 0.025 
200 UA00048899    (0)   :  0.172 0.200 0.174 0.198 0.148 0.060 0.047 
201 UA00047725    (0)   :  0.021 0.023 0.021 0.023 0.021 0.867 0.024 
202 UA00030866    (4)   :  0.169 0.198 0.175 0.199 0.131 0.088 0.039 
203 UA00034564    (0)   :  0.192 0.199 0.187 0.206 0.108 0.066 0.043 
204 UA00046520    (0)   :  0.151 0.109 0.163 0.121 0.392 0.036 0.028 
205 UA00035027    (0)   :  0.152 0.174 0.159 0.168 0.164 0.109 0.073 
206 UA00035421    (0)   :  0.139 0.137 0.131 0.145 0.079 0.334 0.035 
207 UA00062740    (4)   :  0.145 0.169 0.150 0.173 0.122 0.146 0.095 
208 UA00012360    (0)   :  0.045 0.046 0.046 0.045 0.039 0.750 0.028 
209 UA00050203    (0)   :  0.178 0.181 0.183 0.177 0.183 0.046 0.053 
210 UA00040534    (4)   :  0.085 0.097 0.087 0.098 0.071 0.350 0.211 
211 UA00031261    (4)   :  0.072 0.078 0.071 0.084 0.053 0.518 0.124 
212 UA00031917    (4)   :  0.091 0.099 0.089 0.104 0.065 0.336 0.217 
213 UA00040798    (4)   :  0.098 0.098 0.098 0.104 0.114 0.400 0.087 
214 UA00030598    (4)   :  0.113 0.118 0.115 0.122 0.109 0.339 0.083 
215 UA00050385    (0)   :  0.177 0.192 0.173 0.197 0.114 0.098 0.049 
216 UA00058283    (0)   :  0.035 0.037 0.036 0.037 0.039 0.758 0.057 
217 UA00042297    (4)   :  0.084 0.092 0.087 0.090 0.102 0.144 0.402 
218 UA00015415    (4)   :  0.037 0.039 0.038 0.041 0.031 0.787 0.026 
219 UA00035531    (0)   :  0.062 0.065 0.060 0.067 0.047 0.601 0.099 
220 UA00048683    (0)   :  0.075 0.080 0.075 0.081 0.058 0.597 0.034 
221 UA00046734    (4)   :  0.041 0.044 0.043 0.048 0.038 0.752 0.034 
222   pcRF01    (0)   :  0.249 0.203 0.207 0.208 0.080 0.036 0.017 
223 UA00007223    (0)   :  0.144 0.162 0.148 0.170 0.099 0.198 0.079 
224 UA00013841    (0)   :  0.163 0.176 0.161 0.165 0.137 0.036 0.161 
225 UA00014196    (0)   :  0.071 0.074 0.068 0.076 0.050 0.595 0.066 
226 UA00034635    (0)   :  0.179 0.202 0.184 0.195 0.151 0.054 0.034 
227 UA00047371    (0)   :  0.121 0.146 0.134 0.138 0.159 0.066 0.236 
228 UA00063544    (0)   :  0.135 0.138 0.135 0.136 0.153 0.062 0.240 
229 UA00064246    (0)   :  0.133 0.137 0.134 0.139 0.159 0.189 0.109 
230 UA00064328    (0)   :  0.136 0.145 0.137 0.154 0.113 0.208 0.108 
231 UA00002952    (0)   :  0.120 0.137 0.131 0.143 0.102 0.217 0.151 
232 UA00064079    (0)   :  0.155 0.165 0.154 0.156 0.123 0.084 0.163 
233 UA00046793    (0)   :  0.123 0.128 0.121 0.130 0.083 0.245 0.170 
234 UA00034769    (0)   :  0.078 0.083 0.086 0.082 0.123 0.100 0.449 
235 UA00034949    (0)   :  0.147 0.154 0.145 0.162 0.083 0.239 0.070 
236 UA00063753    (0)   :  0.122 0.112 0.143 0.120 0.293 0.107 0.103 
237 UA00015713    (0)   :  0.134 0.144 0.149 0.142 0.205 0.047 0.180 
238 UA00003494    (0)   :  0.171 0.160 0.157 0.178 0.090 0.145 0.099 
239 UA00056767    (0)   :  0.150 0.111 0.165 0.121 0.403 0.032 0.018 
240 UA00014461    (0)   :  0.142 0.147 0.141 0.153 0.112 0.211 0.095 
241 UA00034669    (0)   :  0.094 0.110 0.101 0.108 0.096 0.358 0.133 
242 UA00048164    (0)   :  0.152 0.160 0.152 0.160 0.121 0.223 0.032 
243 UA00007974    (0)   :  0.132 0.136 0.157 0.135 0.297 0.053 0.091 
244 UA00016166    (0)   :  0.142 0.151 0.137 0.145 0.083 0.054 0.288 
245 UA00015653    (0)   :  0.102 0.130 0.110 0.127 0.092 0.171 0.268 
246 UA00063882    (0)   :  0.105 0.117 0.107 0.117 0.077 0.364 0.114 
247 UA00049027    (0)   :  0.112 0.124 0.118 0.119 0.131 0.106 0.290 
248 UA00018878    (0)   :  0.108 0.125 0.125 0.118 0.186 0.042 0.297 
249 UA00038796    (0)   :  0.119 0.137 0.131 0.137 0.116 0.309 0.051 
250 UA00013465    (0)   :  0.064 0.071 0.064 0.069 0.063 0.618 0.050 
251 UA00014604    (0)   :  0.119 0.138 0.128 0.134 0.146 0.231 0.104 
252 UA00041913    (0)   :  0.105 0.107 0.115 0.103 0.216 0.066 0.289 
253 UA00021632    (0)   :  0.078 0.086 0.081 0.087 0.074 0.085 0.508 
254 UA00064027    (0)   :  0.134 0.165 0.142 0.168 0.121 0.129 0.141 
255 UA00015023    (0)   :  0.180 0.176 0.172 0.174 0.106 0.145 0.047 
256 UA00050243    (0)   :  0.132 0.148 0.131 0.149 0.103 0.064 0.273 
257 UA00048298    (0)   :  0.180 0.179 0.169 0.177 0.134 0.080 0.081 
258 UA00050437    (0)   :  0.140 0.155 0.138 0.151 0.110 0.246 0.059 
259 UA00014262    (0)   :  0.156 0.163 0.152 0.165 0.120 0.079 0.165 
260 UA00049129    (0)   :  0.159 0.155 0.171 0.155 0.213 0.048 0.100 
261 UA00014740    (0)   :  0.149 0.155 0.158 0.152 0.210 0.085 0.091 
262 UA00049612    (0)   :  0.051 0.052 0.051 0.052 0.059 0.083 0.653 
263 UA00014635    (0)   :  0.160 0.120 0.178 0.124 0.358 0.035 0.026 
264 UA00014673    (0)   :  0.115 0.127 0.121 0.127 0.123 0.214 0.173 
265 UA00033608    (0)   :  0.084 0.089 0.092 0.091 0.128 0.080 0.436 
266 UA00064540    (0)   :  0.133 0.124 0.158 0.133 0.311 0.092 0.050 
267 UA00050256    (0)   :  0.125 0.148 0.131 0.148 0.106 0.157 0.185 
268 UA00015274    (0)   :  0.184 0.192 0.184 0.186 0.120 0.088 0.045 
269 UA00062993    (0)   :  0.156 0.172 0.166 0.167 0.228 0.086 0.025 
270 UA00038364    (0)   :  0.139 0.153 0.151 0.155 0.191 0.085 0.126 
271 UA00014446    (0)   :  0.185 0.203 0.182 0.198 0.158 0.046 0.029 
272 UA00063545    (0)   :  0.068 0.077 0.070 0.080 0.061 0.154 0.490 
273 UA00040054    (0)   :  0.199 0.197 0.189 0.193 0.119 0.032 0.071 
274 UA00058447    (0)   :  0.155 0.179 0.171 0.172 0.222 0.045 0.057 
275 UA00046835    (0)   :  0.164 0.156 0.176 0.155 0.253 0.048 0.048 
276 UA00014608    (0)   :  0.159 0.187 0.176 0.181 0.186 0.070 0.041 
277    pc012    (0)   :  0.157 0.173 0.160 0.170 0.151 0.114 0.076 
278    pc002    (0)   :  0.103 0.113 0.105 0.113 0.096 0.081 0.389 
279 UA00033690    (0)   :  0.112 0.101 0.133 0.103 0.293 0.048 0.211 
280 UA00013688    (0)   :  0.153 0.180 0.167 0.175 0.158 0.104 0.064 
281 UA00063666    (0)   :  0.131 0.100 0.152 0.108 0.385 0.021 0.102 
282 UA00063292    (0)   :  0.143 0.104 0.169 0.117 0.411 0.029 0.029 
283    pc001    (0)   :  0.171 0.183 0.169 0.177 0.161 0.090 0.050 
284    pc008    (0)   :  0.163 0.159 0.173 0.159 0.226 0.063 0.058 
285 UA00034316    (0)   :  0.127 0.123 0.114 0.119 0.080 0.226 0.211 
286 UA00013046    (0)   :  0.201 0.179 0.194 0.170 0.192 0.025 0.039 
287 UA00050241    (0)   :  0.164 0.143 0.175 0.139 0.321 0.021 0.037 
288 UA00048599    (0)   :  0.157 0.165 0.179 0.157 0.280 0.034 0.029 
289 UA00046649    (0)   :  0.107 0.115 0.110 0.110 0.110 0.045 0.404 
290 UA00015674    (0)   :  0.073 0.076 0.081 0.075 0.128 0.067 0.500 
291 UA00013177    (0)   :  0.137 0.123 0.145 0.131 0.220 0.121 0.123 
292 UA00012814    (0)   :  0.177 0.190 0.175 0.190 0.139 0.079 0.051 
293 UA00034654    (0)   :  0.185 0.193 0.192 0.192 0.168 0.036 0.033 
294 UA00046743    (0)   :  0.171 0.139 0.183 0.140 0.286 0.043 0.037 
295 UA00014854    (0)   :  0.136 0.122 0.151 0.124 0.287 0.022 0.158 
296 UA00013729    (0)   :  0.215 0.195 0.187 0.185 0.109 0.056 0.053 
297 UA00063483    (0)   :  0.158 0.179 0.173 0.172 0.248 0.030 0.040 
298 UA00039326    (0)   :  0.149 0.151 0.158 0.152 0.188 0.043 0.159 
299 UA00014742    (0)   :  0.155 0.145 0.168 0.153 0.310 0.028 0.042 
300 UA00049597    (0)   :  0.092 0.095 0.103 0.097 0.147 0.019 0.447 
301 UA00048067    (0)   :  0.134 0.146 0.151 0.147 0.235 0.076 0.112 
302 UA00012918    (0)   :  0.112 0.091 0.135 0.100 0.318 0.021 0.223 
303 UA00013487    (0)   :  0.252 0.203 0.213 0.206 0.077 0.023 0.025 
304 UA00046759    (0)   :  0.133 0.145 0.135 0.138 0.134 0.190 0.125 
305 UA00050164    (0)   :  0.073 0.078 0.073 0.078 0.054 0.045 0.600 
306 UA00049839    (0)   :  0.160 0.143 0.166 0.152 0.284 0.057 0.037 
307 UA00048444    (0)   :  0.128 0.080 0.148 0.095 0.426 0.033 0.090 
308 UA00063857    (0)   :  0.175 0.164 0.180 0.161 0.242 0.023 0.056 
309 UA00014921    (0)   :  0.093 0.102 0.094 0.097 0.119 0.024 0.471 
310 UA00048895    (0)   :  0.093 0.102 0.100 0.096 0.115 0.052 0.441 
311 UA00014556    (0)   :  0.147 0.169 0.155 0.173 0.144 0.166 0.047 
312    pc009    (0)   :  0.148 0.102 0.165 0.113 0.420 0.019 0.032 
313 UA00014959    (0)   :  0.089 0.092 0.094 0.091 0.124 0.033 0.477 
314 UA00020709    (0)   :  0.158 0.169 0.161 0.165 0.166 0.052 0.129 
315 UA00013126    (0)   :  0.025 0.026 0.025 0.025 0.030 0.028 0.840 
316 UA00013695    (0)   :  0.036 0.038 0.037 0.037 0.037 0.029 0.785 
317 UA00049344    (0)   :  0.085 0.103 0.090 0.102 0.087 0.053 0.481 
318 UA00047614    (0)   :  0.043 0.045 0.042 0.044 0.044 0.112 0.669 
319 UA00014221    (0)   :  0.158 0.136 0.174 0.135 0.354 0.026 0.017 
320 UA00014346    (0)   :  0.140 0.127 0.155 0.129 0.326 0.059 0.063 
321 UA00014245    (0)   :  0.123 0.118 0.131 0.112 0.193 0.032 0.291 
322 UA00014696    (0)   :  0.030 0.031 0.031 0.031 0.025 0.043 0.810 
323 UA00006991    (0)   :  0.179 0.196 0.181 0.198 0.126 0.086 0.035 
324 UA00048948    (0)   :  0.170 0.191 0.176 0.186 0.151 0.078 0.048 
325 UA00002239    (0)   :  0.185 0.194 0.172 0.194 0.109 0.094 0.052 
326 UA00063459    (0)   :  0.140 0.111 0.161 0.120 0.401 0.021 0.045 
327 UA00048356    (0)   :  0.134 0.157 0.148 0.154 0.217 0.127 0.063 
328 UA00063940    (0)   :  0.178 0.183 0.174 0.173 0.115 0.121 0.057 
329 UA00048130    (0)   :  0.150 0.143 0.164 0.142 0.320 0.047 0.035 
330 UA00048903    (0)   :  0.228 0.194 0.207 0.177 0.146 0.026 0.022 
331 UA00064643    (0)   :  0.185 0.185 0.171 0.172 0.150 0.069 0.069 
332 UA00050233    (0)   :  0.182 0.174 0.175 0.168 0.164 0.099 0.038 
333 UA00012507    (0)   :  0.160 0.175 0.161 0.179 0.114 0.182 0.029 
334 UA00064416    (0)   :  0.228 0.202 0.197 0.199 0.100 0.043 0.032 
335 UA00034724    (0)   :  0.180 0.180 0.178 0.181 0.182 0.063 0.036 
336 UA00002621    (0)   :  0.193 0.182 0.191 0.171 0.196 0.036 0.031 
337 UA00033203    (0)   :  0.232 0.201 0.196 0.197 0.086 0.039 0.049 
338 UA00011996    (0)   :  0.167 0.201 0.175 0.197 0.163 0.031 0.066 
339 UA00014408    (0)   :  0.137 0.143 0.133 0.141 0.089 0.314 0.043 
340 UA00049502    (0)   :  0.149 0.169 0.156 0.170 0.191 0.130 0.034 
341 UA00062695    (0)   :  0.138 0.136 0.157 0.146 0.249 0.076 0.098 
342 UA00014072    (0)   :  0.152 0.139 0.162 0.142 0.301 0.049 0.056 
343 UA00003334    (0)   :  0.190 0.161 0.188 0.150 0.243 0.028 0.039 
344 UA00013835    (0)   :  0.157 0.176 0.172 0.171 0.199 0.053 0.072 
345 UA00046760    (0)   :  0.134 0.139 0.141 0.144 0.193 0.040 0.208 
346 UA00014241    (0)   :  0.184 0.178 0.189 0.186 0.178 0.053 0.031 
347 UA00049585    (0)   :  0.159 0.171 0.174 0.171 0.264 0.024 0.037 
348 UA00013409    (0)   :  0.127 0.108 0.136 0.117 0.291 0.167 0.054 
349 UA00047548    (0)   :  0.184 0.198 0.191 0.203 0.152 0.025 0.046 
350 UA00049038    (0)   :  0.100 0.107 0.102 0.107 0.127 0.106 0.351 
351 UA00047612    (0)   :  0.176 0.191 0.183 0.183 0.164 0.067 0.035 
352 UA00014822    (0)   :  0.102 0.122 0.110 0.118 0.104 0.146 0.297 
353 UA00035299    (0)   :  0.202 0.202 0.191 0.182 0.121 0.049 0.054 
354 UA00012804    (0)   :  0.106 0.128 0.114 0.119 0.118 0.065 0.349 
355 UA00049578    (0)   :  0.151 0.172 0.160 0.164 0.164 0.148 0.041 
356 UA00047672    (0)   :  0.231 0.203 0.201 0.207 0.080 0.050 0.029 
357 UA00043961    (0)   :  0.055 0.055 0.056 0.054 0.067 0.072 0.641 
358 UA00064575    (0)   :  0.126 0.137 0.140 0.138 0.200 0.210 0.048 
359 UA00014732    (0)   :  0.190 0.193 0.185 0.188 0.139 0.076 0.029 
360 UA00050181    (0)   :  0.189 0.202 0.187 0.216 0.123 0.063 0.021 
361 UA00033369    (0)   :  0.139 0.152 0.140 0.147 0.098 0.076 0.248 
362 UA00011982    (0)   :  0.265 0.208 0.218 0.187 0.081 0.021 0.021 
363 UA00014590    (0)   :  0.186 0.179 0.168 0.176 0.106 0.071 0.113 
364 UA00047743    (0)   :  0.212 0.211 0.201 0.211 0.103 0.030 0.031 
365 UA00046621    (0)   :  0.222 0.203 0.201 0.207 0.117 0.023 0.028 
366 UA00050422    (0)   :  0.172 0.184 0.166 0.172 0.128 0.140 0.038 
367 UA00002760    (0)   :  0.170 0.173 0.167 0.175 0.180 0.042 0.092 
368 UA00012999    (0)   :  0.179 0.193 0.171 0.173 0.119 0.038 0.126 
369 UA00063838    (0)   :  0.209 0.180 0.191 0.176 0.169 0.045 0.031 
370 UA00003729    (0)   :  0.108 0.118 0.119 0.118 0.158 0.182 0.198 
371 UA00015348    (0)   :  0.142 0.119 0.151 0.126 0.319 0.066 0.078 
372 UA00019058    (0)   :  0.137 0.111 0.152 0.118 0.327 0.103 0.051 
373 UA00049549    (0)   :  0.124 0.085 0.148 0.094 0.407 0.022 0.120 
374 UA00014334    (0)   :  0.177 0.187 0.171 0.194 0.111 0.106 0.053 
375 UA00014350    (0)   :  0.282 0.210 0.221 0.186 0.066 0.017 0.017 
376 UA00049227    (0)   :  0.144 0.163 0.138 0.162 0.107 0.100 0.186 
377 UA00014051    (0)   :  0.186 0.181 0.176 0.180 0.097 0.156 0.025 
378 UA00034381    (0)   :  0.180 0.171 0.173 0.166 0.159 0.109 0.043 
379 UA00002354    (0)   :  0.243 0.198 0.209 0.201 0.094 0.031 0.025 
380 UA00049892    (0)   :  0.191 0.165 0.172 0.155 0.195 0.026 0.096 
381 UA00021989    (0)   :  0.196 0.184 0.186 0.185 0.162 0.062 0.026 
382 UA00048968    (0)   :  0.191 0.197 0.190 0.194 0.137 0.059 0.032 
383 UA00013174    (0)   :  0.207 0.190 0.193 0.189 0.106 0.064 0.050 
384 UA00033992    (0)   :  0.158 0.167 0.156 0.169 0.108 0.038 0.205 
385 UA00015801    (0)   :  0.264 0.203 0.218 0.184 0.095 0.020 0.017 
386 UA00063303    (0)   :  0.117 0.117 0.124 0.114 0.184 0.069 0.275 
387 UA00050206    (0)   :  0.149 0.123 0.168 0.128 0.378 0.036 0.019 
388 UA00014458    (0)   :  0.169 0.163 0.163 0.157 0.172 0.076 0.100 
389 UA00007204    (0)   :  0.164 0.141 0.172 0.139 0.287 0.033 0.064 
390 UA00063212    (0)   :  0.112 0.101 0.119 0.111 0.205 0.147 0.204 
391 UA00013340    (0)   :  0.161 0.182 0.169 0.178 0.160 0.038 0.112 
392 UA00062743    (0)   :  0.191 0.187 0.185 0.209 0.097 0.103 0.027 
393 UA00063189    (0)   :  0.092 0.090 0.088 0.090 0.068 0.504 0.068 
394 UA00035432    (0)   :  0.182 0.167 0.178 0.165 0.240 0.033 0.035 
395 UA00007958    (0)   :  0.193 0.201 0.191 0.199 0.150 0.036 0.031 
396 UA00013634    (0)   :  0.207 0.195 0.205 0.207 0.102 0.060 0.025 
397 UA00048175    (0)   :  0.264 0.198 0.216 0.195 0.075 0.038 0.015 
398 UA00003202    (0)   :  0.177 0.182 0.182 0.189 0.183 0.045 0.042 
399 UA00035090    (0)   :  0.168 0.163 0.165 0.161 0.188 0.105 0.050 
400 UA00064679    (0)   :  0.130 0.126 0.121 0.127 0.094 0.342 0.059 
401 UA00039518    (0)   :  0.204 0.185 0.194 0.188 0.147 0.037 0.045 
402 UA00058268    (0)   :  0.185 0.198 0.182 0.184 0.145 0.059 0.048 
403 UA00049456    (0)   :  0.132 0.139 0.137 0.136 0.175 0.056 0.225 
404 UA00049550    (0)   :  0.153 0.134 0.159 0.144 0.256 0.124 0.030 
405 UA00048342    (0)   :  0.155 0.162 0.154 0.158 0.168 0.064 0.140 
406 UA00063493    (0)   :  0.197 0.192 0.190 0.186 0.178 0.032 0.025 
407 UA00058261    (0)   :  0.188 0.175 0.179 0.179 0.096 0.150 0.034 
408 UA00014663    (0)   :  0.184 0.196 0.179 0.194 0.123 0.075 0.049 
409 UA00048817    (0)   :  0.158 0.166 0.153 0.158 0.095 0.061 0.209 
410 UA00049381    (0)   :  0.213 0.187 0.201 0.193 0.102 0.075 0.029 
411 UA00035901    (0)   :  0.129 0.144 0.133 0.145 0.114 0.284 0.051 
412 UA00013301    (0)   :  0.138 0.113 0.152 0.125 0.325 0.093 0.054 
413 UA00047926    (0)   :  0.191 0.178 0.169 0.179 0.092 0.109 0.081 
414 UA00007272    (0)   :  0.168 0.167 0.159 0.179 0.093 0.179 0.055 
415 UA00016041    (0)   :  0.166 0.154 0.167 0.158 0.232 0.046 0.077 
416 UA00013502    (0)   :  0.200 0.176 0.187 0.178 0.159 0.077 0.023 
417 UA00002390    (0)   :  0.168 0.186 0.170 0.179 0.120 0.052 0.124 
418 UA00034907    (0)   :  0.164 0.191 0.178 0.186 0.165 0.084 0.032 
419 UA00048821    (0)   :  0.145 0.151 0.140 0.154 0.116 0.145 0.149 
420 UA00002136    (0)   :  0.128 0.154 0.144 0.149 0.211 0.078 0.138 
421 UA00011790    (0)   :  0.187 0.188 0.184 0.199 0.118 0.072 0.051 
422 UA00021586    (0)   :  0.146 0.147 0.140 0.138 0.123 0.079 0.227 
423 UA00033270    (0)   :  0.172 0.185 0.172 0.184 0.155 0.081 0.050 
424 UA00048073    (0)   :  0.176 0.170 0.176 0.169 0.191 0.062 0.055 
425 UA00048856    (0)   :  0.171 0.172 0.172 0.173 0.143 0.124 0.045 
426 UA00049713    (0)   :  0.228 0.196 0.187 0.185 0.096 0.065 0.044 
427 UA00046885    (0)   :  0.172 0.180 0.185 0.180 0.189 0.042 0.051 
428 UA00034893    (0)   :  0.219 0.185 0.190 0.175 0.159 0.035 0.037 
429 UA00048011    (0)   :  0.207 0.184 0.185 0.178 0.127 0.098 0.022 
430 UA00015786    (0)   :  0.138 0.143 0.133 0.143 0.115 0.236 0.091 
431 UA00013162    (0)   :  0.186 0.186 0.181 0.209 0.095 0.102 0.041 
432 UA00049512    (0)   :  0.152 0.161 0.162 0.161 0.211 0.085 0.068 
433 UA00004046    (0)   :  0.219 0.193 0.205 0.213 0.099 0.046 0.024 
434 UA00048881    (0)   :  0.122 0.142 0.125 0.134 0.104 0.212 0.161 
435 UA00046610    (0)   :  0.151 0.163 0.151 0.161 0.107 0.115 0.152 
436 UA00033282    (0)   :  0.156 0.177 0.161 0.175 0.164 0.105 0.063 
437 UA00047561    (0)   :  0.208 0.202 0.193 0.207 0.109 0.046 0.035 
438 UA00013777    (0)   :  0.166 0.170 0.165 0.186 0.109 0.174 0.030 
439 UA00062849    (0)   :  0.157 0.130 0.166 0.134 0.324 0.044 0.045 
440 UA00049786    (0)   :  0.239 0.184 0.204 0.191 0.079 0.079 0.023 
441 UA00033246    (0)   :  0.144 0.108 0.169 0.115 0.416 0.022 0.027 
442 UA00045302    (0)   :  0.180 0.201 0.186 0.192 0.147 0.038 0.055 
443 UA00048637    (0)   :  0.223 0.193 0.193 0.191 0.093 0.074 0.033 
444 UA00049832    (0)   :  0.141 0.132 0.149 0.133 0.234 0.041 0.170 
445 UA00022023    (0)   :  0.166 0.185 0.174 0.195 0.115 0.055 0.110 
446 UA00050192    (0)   :  0.150 0.178 0.154 0.169 0.111 0.050 0.188 
447 UA00050413    (0)   :  0.171 0.179 0.178 0.180 0.177 0.074 0.042 
448 UA00013445    (0)   :  0.196 0.203 0.200 0.207 0.138 0.032 0.023 
449 UA00035496    (0)   :  0.141 0.150 0.144 0.148 0.134 0.238 0.045 
450 UA00003333    (0)   :  0.123 0.128 0.120 0.129 0.092 0.304 0.103 
451 UA00064008    (0)   :  0.147 0.151 0.143 0.147 0.095 0.285 0.031 
452 UA00003427    (0)   :  0.137 0.156 0.149 0.155 0.127 0.089 0.186 
453 UA00028092    (0)   :  0.110 0.120 0.111 0.114 0.115 0.155 0.276 
454    pc003    (0)   :  0.051 0.055 0.051 0.054 0.048 0.635 0.106 
455 UA00034440    (0)   :  0.158 0.143 0.163 0.151 0.267 0.080 0.038 
456 UA00026062    (0)   :  0.215 0.197 0.197 0.210 0.088 0.043 0.050 
457 UA00014347    (0)   :  0.154 0.168 0.158 0.168 0.158 0.120 0.074 
458 UA00021516    (0)   :  0.238 0.198 0.199 0.189 0.099 0.041 0.036 
459 UA00049347    (0)   :  0.131 0.135 0.121 0.134 0.091 0.347 0.040 
460 UA00063436    (0)   :  0.095 0.093 0.104 0.097 0.170 0.392 0.049 
461 UA00047790    (0)   :  0.189 0.200 0.188 0.211 0.114 0.059 0.039 
462 UA00045714    (0)   :  0.128 0.136 0.130 0.138 0.099 0.254 0.115 
463 UA00038979    (0)   :  0.137 0.125 0.149 0.126 0.262 0.055 0.146 
464 UA00016123    (0)   :  0.169 0.169 0.161 0.182 0.111 0.128 0.081 
465 UA00034765    (0)   :  0.056 0.058 0.057 0.058 0.039 0.709 0.023 
466 UA00063815    (0)   :  0.070 0.079 0.075 0.079 0.078 0.499 0.119 
467 UA00034795    (0)   :  0.154 0.140 0.164 0.150 0.279 0.064 0.048 
468 UA00004000    (0)   :  0.060 0.065 0.065 0.066 0.059 0.648 0.036 
469 UA00049367    (0)   :  0.155 0.151 0.158 0.153 0.229 0.126 0.028 
470 UA00034457    (0)   :  0.186 0.197 0.189 0.198 0.142 0.037 0.051 
471 UA00050015    (0)   :  0.140 0.160 0.160 0.156 0.220 0.082 0.081 
472 UA00021373    (0)   :  0.178 0.187 0.177 0.187 0.150 0.068 0.052 
473 UA00050232    (0)   :  0.067 0.073 0.070 0.072 0.060 0.549 0.109 
474 UA00038724    (0)   :  0.147 0.171 0.158 0.169 0.185 0.043 0.127 
475 UA00007824    (0)   :  0.172 0.175 0.162 0.183 0.101 0.103 0.104 
476 UA00048754    (0)   :  0.179 0.187 0.172 0.199 0.103 0.137 0.022 
477 UA00014271    (0)   :  0.177 0.180 0.172 0.174 0.154 0.056 0.087 
478 UA00013756    (0)   :  0.117 0.114 0.131 0.117 0.222 0.181 0.118 
479 UA00014385    (0)   :  0.119 0.126 0.118 0.129 0.089 0.290 0.129 
480 UA00049609    (0)   :  0.164 0.145 0.172 0.154 0.264 0.057 0.044 
481 UA00003748    (0)   :  0.134 0.136 0.133 0.146 0.087 0.333 0.031 
482 UA00063952    (0)   :  0.145 0.151 0.144 0.148 0.107 0.279 0.026 
483 UA00058348    (0)   :  0.084 0.087 0.089 0.089 0.087 0.540 0.024 
484 UA00014922    (0)   :  0.050 0.051 0.050 0.051 0.047 0.703 0.048 
485 UA00003820    (0)   :  0.186 0.190 0.187 0.197 0.104 0.114 0.022 
486 UA00013693    (0)   :  0.149 0.166 0.153 0.165 0.116 0.160 0.090 
487 UA00047713    (0)   :  0.072 0.076 0.073 0.075 0.050 0.628 0.027 
488 UA00034891    (0)   :  0.113 0.138 0.116 0.131 0.117 0.338 0.047 
489 UA00049223    (0)   :  0.128 0.130 0.128 0.126 0.112 0.335 0.041 
490 UA00064399    (0)   :  0.044 0.048 0.043 0.050 0.033 0.562 0.220 
491 UA00013336    (0)   :  0.042 0.047 0.043 0.045 0.044 0.699 0.079 
492 UA00035291    (0)   :  0.062 0.064 0.058 0.073 0.044 0.646 0.053 
493 UA00003945    (0)   :  0.066 0.070 0.067 0.072 0.063 0.601 0.061 
494 UA00014518    (0)   :  0.098 0.104 0.096 0.107 0.068 0.477 0.051 
495 UA00013583    (0)   :  0.070 0.081 0.079 0.084 0.087 0.176 0.422 
496 UA00011510    (0)   :  0.105 0.114 0.104 0.112 0.086 0.401 0.078 
497 UA00046860    (0)   :  0.143 0.149 0.134 0.145 0.092 0.269 0.068 
498 UA00048853    (0)   :  0.107 0.116 0.106 0.115 0.087 0.316 0.153 
499 UA00012151    (0)   :  0.057 0.059 0.056 0.060 0.041 0.689 0.038 
500 UA00063930    (0)   :  0.077 0.078 0.084 0.086 0.135 0.128 0.413 
501 UA00013453    (0)   :  0.127 0.132 0.127 0.136 0.113 0.246 0.119 
502 UA00039299    (0)   :  0.040 0.040 0.038 0.042 0.037 0.760 0.043 
503 UA00014280    (0)   :  0.030 0.030 0.030 0.030 0.029 0.832 0.019 
504 UA00014200    (0)   :  0.101 0.098 0.094 0.098 0.058 0.515 0.036 
505 UA00040612    (0)   :  0.044 0.045 0.043 0.046 0.037 0.679 0.106 
506 UA00062679    (0)   :  0.038 0.041 0.039 0.041 0.037 0.742 0.061 
507 UA00034481    (0)   :  0.058 0.063 0.058 0.062 0.049 0.677 0.032 
508 UA00011880    (0)   :  0.105 0.091 0.115 0.102 0.229 0.076 0.281 
509 UA00013421    (0)   :  0.043 0.045 0.041 0.048 0.032 0.654 0.139 
510 UA00048051    (0)   :  0.027 0.028 0.028 0.030 0.025 0.831 0.030 
511 UA00063370    (0)   :  0.031 0.033 0.031 0.034 0.030 0.732 0.108 
512 UA00014716    (0)   :  0.040 0.042 0.041 0.042 0.038 0.736 0.061 
513 UA00033426    (0)   :  0.104 0.095 0.093 0.097 0.056 0.410 0.146 
514 UA00015190    (0)   :  0.043 0.046 0.043 0.048 0.038 0.594 0.189 
515 UA00013730    (0)   :  0.183 0.183 0.179 0.179 0.166 0.041 0.070 
516 UA00047644    (4)   :  0.085 0.101 0.090 0.104 0.073 0.428 0.118 
517 UA00031933    (9)   :  0.187 0.187 0.181 0.201 0.120 0.081 0.043 
518 UA00031541    (9)   :  0.101 0.101 0.100 0.101 0.097 0.388 0.113 
519   PCO-60    (4)   :  0.173 0.171 0.174 0.165 0.146 0.136 0.036 
520 UA00030495    (4)   :  0.144 0.161 0.152 0.167 0.150 0.126 0.100 
521 UA00031133    (4)   :  0.138 0.100 0.167 0.109 0.425 0.026 0.034 
522 UA00032049    (4)   :  0.129 0.151 0.138 0.152 0.120 0.073 0.237 
523 UA00030599    (4)   :  0.128 0.101 0.147 0.108 0.366 0.068 0.082 
524 UA00030250    (4)   :  0.207 0.205 0.191 0.209 0.117 0.042 0.029 
525 UA00049385    (4)   :  0.137 0.141 0.148 0.142 0.244 0.093 0.095 
526 UA00031816    (4)   :  0.134 0.104 0.163 0.108 0.428 0.031 0.032 
527 UA00030275    (4)   :  0.174 0.179 0.173 0.182 0.119 0.073 0.100 
528 UA00041861    (4)   :  0.174 0.184 0.174 0.188 0.124 0.082 0.074 
529 UA00041433    (4)   :  0.204 0.203 0.199 0.191 0.140 0.037 0.025 
530  PCO-114    (4)   :  0.198 0.184 0.183 0.197 0.102 0.103 0.032 
531 UA00031529    (4)   :  0.174 0.179 0.177 0.179 0.180 0.070 0.041 
532 UA00039719    (4)   :  0.208 0.184 0.180 0.170 0.130 0.091 0.037 
533  PCO-442    (4)   :  0.233 0.200 0.203 0.201 0.104 0.034 0.025 
534   PCO-58    (0)   :  0.211 0.188 0.189 0.194 0.086 0.079 0.053 
535 UA00048673    (4)   :  0.159 0.184 0.163 0.175 0.152 0.121 0.045 
536   PCO-63    (4)   :  0.192 0.170 0.181 0.172 0.192 0.067 0.027 


Estimated Allele Frequencies in each cluster
First column gives estimated ancestral frequencies


Locus 1 : PP01 
2 alleles
0.0% missing data
   1   (0.586) 0.594 0.595 0.589 0.593 0.558 0.334 0.906 
   2   (0.414) 0.406 0.405 0.411 0.407 0.442 0.666 0.094 

Locus 2 : PP02 
2 alleles
0.0% missing data
   1   (0.920) 0.912 0.919 0.914 0.922 0.899 0.965 0.992 
