

----------------------------------------------------
STRUCTURE by Pritchard, Stephens and Donnelly (2000)
     and Falush, Stephens and Pritchard (2003)
       Code by Pritchard, Falush and Hubisz
             Version 2.3.4 (Jul 2012)
----------------------------------------------------



Command line arguments:   structure -K 5 -o outputfile_K5_10 
Input File:    Puma_SNP_genotypes_cut_AZ_final_HWEonly.str

Run parameters:
   536 individuals
   22 loci
   5 populations assumed
   100000 Burn-in period
   500000 Reps


--------------------------------------------
Overall proportion of membership of the
sample in each of the 5 clusters

Inferred Clusters
  1      2      3      4      5    
0.205  0.205  0.205  0.197  0.188  

--------------------------------------------

Allele-freq. divergence among pops (Net nucleotide distance),
computed using point estimates of P.

      1       2       3       4       5      
 1      -    0.0002  0.0017  0.0463  0.0472  
 2   0.0002     -    0.0029  0.0471  0.0458  
 3   0.0017  0.0029     -    0.0454  0.0522  
 4   0.0463  0.0471  0.0454     -    0.0617  
 5   0.0472  0.0458  0.0522  0.0617     -    

Average distances (expected heterozygosity) between individuals in same cluster:
cluster  1  : 0.3773 
cluster  2  : 0.3768 
cluster  3  : 0.3746 
cluster  4  : 0.2782 
cluster  5  : 0.3179 

--------------------------------------------
Estimated Ln Prob of Data   = -13017.3
Mean value of ln likelihood = -12334.3
Variance of ln likelihood   = 1365.9
Mean value of alpha         = 0.2893

Mean value of Fst_1         = 0.0802
Mean value of Fst_2         = 0.0799
Mean value of Fst_3         = 0.0807
Mean value of Fst_4         = 0.2505
Mean value of Fst_5         = 0.2288


Inferred ancestry of individuals:
        Label (%Miss) :  Inferred clusters
  1 UA00063336   (13)   :  0.134 0.132 0.130 0.090 0.514 
  2 UA00048914    (9)   :  0.172 0.176 0.179 0.275 0.198 
  3 UA00014769   (13)   :  0.278 0.272 0.327 0.034 0.089 
  4 UA00008132   (13)   :  0.231 0.233 0.233 0.123 0.180 
  5 UA00030462   (13)   :  0.159 0.160 0.144 0.377 0.159 
  6 UA00034866   (13)   :  0.226 0.257 0.200 0.249 0.068 
  7 UA00034800    (9)   :  0.076 0.081 0.078 0.098 0.666 
  8  Puco006    (9)   :  0.069 0.066 0.070 0.688 0.107 
  9 UA00048874    (4)   :  0.088 0.087 0.094 0.113 0.618 
 10 UA00049060    (9)   :  0.251 0.239 0.256 0.071 0.183 
 11 UA00033413    (9)   :  0.302 0.314 0.226 0.093 0.065 
 12  Puco021    (9)   :  0.265 0.280 0.184 0.050 0.222 
 13  Puco026    (9)   :  0.266 0.255 0.230 0.057 0.192 
 14  Puco008    (9)   :  0.127 0.130 0.124 0.241 0.377 
 15   M01301    (9)   :  0.284 0.290 0.219 0.156 0.050 
 16   M06306    (9)   :  0.123 0.129 0.103 0.046 0.599 
 17 UA00032185    (9)   :  0.230 0.236 0.210 0.176 0.148 
 18 UA00030792    (9)   :  0.035 0.035 0.034 0.044 0.852 
 19 UA00031647    (9)   :  0.145 0.145 0.138 0.165 0.408 
 20 UA00031979    (9)   :  0.233 0.221 0.229 0.155 0.163 
 21  Puco016    (9)   :  0.164 0.149 0.183 0.431 0.072 
 22  Puco010    (9)   :  0.268 0.290 0.231 0.098 0.113 
 23    M1035    (9)   :  0.235 0.234 0.251 0.053 0.227 
 24 UA00034601    (9)   :  0.207 0.204 0.163 0.226 0.200 
 25 UA00050388    (9)   :  0.211 0.221 0.194 0.137 0.237 
 26 UA00048699    (9)   :  0.123 0.118 0.133 0.563 0.063 
 27 UA00064058    (9)   :  0.254 0.248 0.288 0.061 0.150 
 28 UA00033981    (9)   :  0.277 0.288 0.196 0.097 0.141 
 29   F05033    (9)   :  0.287 0.276 0.272 0.072 0.093 
 30 UA00048520    (4)   :  0.180 0.180 0.150 0.158 0.332 
 31 UA00048422    (4)   :  0.055 0.059 0.050 0.048 0.789 
 32    PucoB    (4)   :  0.308 0.287 0.237 0.043 0.125 
 33 UA00047393    (4)   :  0.186 0.200 0.218 0.072 0.325 
 34 UA00064521    (4)   :  0.181 0.178 0.155 0.369 0.117 
 35 UA00003043    (4)   :  0.212 0.203 0.260 0.265 0.059 
 36 UA00063025    (4)   :  0.149 0.162 0.122 0.207 0.360 
 37 UA00063826    (4)   :  0.282 0.298 0.221 0.067 0.132 
 38   F07407    (4)   :  0.207 0.224 0.153 0.061 0.355 
 39 UA00021658    (4)   :  0.267 0.274 0.253 0.098 0.108 
 40 UA00003794    (4)   :  0.212 0.211 0.163 0.076 0.338 
 41 UA00041322    (4)   :  0.204 0.213 0.197 0.144 0.242 
 42 UA00063316    (4)   :  0.194 0.198 0.164 0.204 0.240 
 43 UA00047705    (4)   :  0.235 0.230 0.185 0.152 0.198 
 44 UA00033904    (4)   :  0.115 0.101 0.111 0.086 0.587 
 45 UA00048100    (4)   :  0.273 0.265 0.249 0.129 0.084 
 46 UA00032212    (4)   :  0.152 0.164 0.147 0.154 0.384 
 47 UA00031574    (4)   :  0.059 0.060 0.054 0.083 0.744 
 48 UA00031228    (4)   :  0.045 0.044 0.046 0.072 0.794 
 49 UA00047707    (4)   :  0.267 0.259 0.357 0.073 0.044 
 50 UA00030906    (4)   :  0.031 0.032 0.031 0.065 0.840 
 51 UA00041567    (4)   :  0.267 0.283 0.199 0.127 0.123 
 52 UA00007624    (4)   :  0.312 0.304 0.262 0.072 0.050 
 53 UA00034514    (4)   :  0.265 0.259 0.274 0.117 0.085 
 54 UA00030480    (4)   :  0.199 0.174 0.214 0.072 0.340 
 55  Puco012    (4)   :  0.242 0.258 0.258 0.156 0.087 
 56 UA00038677    (9)   :  0.177 0.185 0.152 0.225 0.262 
 57 UA00048275    (4)   :  0.292 0.298 0.218 0.096 0.096 
 58 UA00064055    (4)   :  0.239 0.217 0.304 0.140 0.099 
 59  Puco009    (4)   :  0.183 0.186 0.210 0.354 0.068 
 60 UA00064561    (4)   :  0.239 0.220 0.361 0.127 0.053 
 61 UA00003479    (4)   :  0.249 0.235 0.290 0.156 0.070 
 62 UA00063747    (4)   :  0.281 0.261 0.310 0.108 0.041 
 63 UA00002558    (4)   :  0.204 0.219 0.176 0.330 0.070 
 64 UA00048410    (4)   :  0.180 0.175 0.232 0.368 0.045 
 65 UA00012249    (4)   :  0.225 0.195 0.312 0.219 0.048 
 66 UA00033818    (4)   :  0.098 0.104 0.088 0.098 0.612 
 67  Puco020    (4)   :  0.192 0.198 0.231 0.160 0.219 
 68 UA00002545    (9)   :  0.231 0.204 0.352 0.076 0.136 
 69 UA00048508    (4)   :  0.275 0.261 0.296 0.097 0.071 
 70 UA00064100    (4)   :  0.256 0.246 0.223 0.128 0.146 
 71 UA00014585    (4)   :  0.251 0.247 0.269 0.145 0.089 
 72 UA00063698    (4)   :  0.118 0.128 0.105 0.458 0.191 
 73 UA00049753    (4)   :  0.125 0.123 0.114 0.048 0.589 
 74 UA00049037    (4)   :  0.267 0.248 0.285 0.068 0.131 
 75 UA00034941    (4)   :  0.219 0.225 0.169 0.163 0.223 
 76 UA00008083    (4)   :  0.092 0.096 0.092 0.631 0.089 
 77 UA00015084    (4)   :  0.115 0.120 0.094 0.400 0.271 
 78 UA00041010    (9)   :  0.070 0.069 0.072 0.437 0.352 
 79 UA00035261    (4)   :  0.154 0.156 0.141 0.194 0.356 
 80 UA00035431    (4)   :  0.286 0.298 0.235 0.134 0.047 
 81 UA00045274    (0)   :  0.226 0.224 0.185 0.171 0.194 
 82 UA00028200    (4)   :  0.115 0.112 0.101 0.206 0.465 
 83 UA00064559    (0)   :  0.042 0.044 0.039 0.048 0.827 
 84 UA00040808    (0)   :  0.099 0.092 0.112 0.177 0.519 
 85 UA00049156    (0)   :  0.100 0.104 0.091 0.182 0.523 
 86 UA00003952    (4)   :  0.088 0.085 0.096 0.666 0.064 
 87 UA00063954    (0)   :  0.178 0.192 0.170 0.068 0.391 
 88 UA00062934    (0)   :  0.150 0.149 0.144 0.111 0.447 
 89 UA00033829    (0)   :  0.068 0.074 0.064 0.227 0.567 
 90 UA00064351    (4)   :  0.277 0.283 0.190 0.153 0.097 
 91 UA00003697    (4)   :  0.099 0.102 0.087 0.564 0.148 
 92 UA00063438    (4)   :  0.148 0.152 0.143 0.144 0.412 
 93 UA00007608    (0)   :  0.123 0.127 0.104 0.247 0.398 
 94 UA00019683    (4)   :  0.148 0.151 0.107 0.055 0.539 
 95 UA00007781    (0)   :  0.269 0.262 0.220 0.134 0.114 
 96 UA00002915    (0)   :  0.142 0.144 0.138 0.168 0.408 
 97  Puco031    (4)   :  0.244 0.230 0.285 0.132 0.109 
 98 UA00048280    (4)   :  0.267 0.279 0.192 0.154 0.107 
 99 UA00048589    (0)   :  0.250 0.244 0.216 0.088 0.202 
100 UA00034417    (0)   :  0.174 0.166 0.196 0.233 0.232 
101 UA00050411    (4)   :  0.274 0.241 0.368 0.073 0.044 
102  Puco029    (4)   :  0.301 0.294 0.285 0.034 0.084 
103   F03403    (4)   :  0.331 0.313 0.226 0.083 0.047 
104 UA00049904    (0)   :  0.210 0.218 0.156 0.096 0.320 
105 UA00035335    (0)   :  0.300 0.275 0.331 0.029 0.065 
106 UA00012611    (0)   :  0.284 0.279 0.261 0.070 0.105 
107 UA00050319    (0)   :  0.330 0.339 0.232 0.050 0.049 
108 UA00032068    (4)   :  0.230 0.224 0.229 0.056 0.261 
109 UA00032026    (4)   :  0.238 0.227 0.241 0.082 0.211 
110 UA00030476    (4)   :  0.292 0.301 0.197 0.043 0.167 
111 UA00046853    (0)   :  0.276 0.305 0.203 0.068 0.149 
112 UA00040156    (4)   :  0.033 0.034 0.033 0.044 0.856 
113 UA00030528    (4)   :  0.172 0.180 0.200 0.066 0.382 
114  Puco025    (4)   :  0.269 0.263 0.344 0.057 0.067 
115    pc016    (0)   :  0.033 0.033 0.032 0.047 0.856 
116 UA00030617    (4)   :  0.276 0.273 0.359 0.047 0.046 
117 UA00030585    (4)   :  0.056 0.062 0.051 0.067 0.764 
118 UA00032060    (4)   :  0.182 0.197 0.164 0.065 0.392 
119    pc007    (0)   :  0.291 0.290 0.218 0.085 0.116 
120 UA00030798    (4)   :  0.062 0.062 0.060 0.046 0.770 
121 UA00030778    (4)   :  0.282 0.262 0.353 0.056 0.047 
122 UA00039674    (4)   :  0.039 0.039 0.038 0.044 0.840 
123 UA00032241    (4)   :  0.325 0.312 0.266 0.051 0.047 
124 UA00011624    (0)   :  0.266 0.260 0.315 0.077 0.082 
125 UA00033779    (4)   :  0.323 0.327 0.220 0.071 0.060 
126 UA00049402    (4)   :  0.190 0.169 0.225 0.326 0.091 
127 UA00033653    (0)   :  0.323 0.347 0.212 0.063 0.054 
128 UA00047738    (0)   :  0.217 0.237 0.196 0.166 0.183 
129 UA00047502    (4)   :  0.161 0.171 0.169 0.372 0.126 
130 UA00012014    (4)   :  0.236 0.232 0.285 0.124 0.123 
131 UA00040729    (0)   :  0.289 0.276 0.239 0.066 0.130 
132 UA00030392    (4)   :  0.275 0.273 0.315 0.059 0.078 
133 UA00050033    (0)   :  0.261 0.282 0.257 0.078 0.123 
134 UA00012152    (0)   :  0.123 0.113 0.155 0.563 0.046 
135 UA00050406    (0)   :  0.259 0.266 0.243 0.104 0.128 
136 UA00047973    (0)   :  0.286 0.283 0.257 0.091 0.082 
137 UA00008051    (0)   :  0.186 0.208 0.185 0.185 0.236 
138 UA00047337    (4)   :  0.196 0.197 0.184 0.082 0.342 
139 UA00041604    (4)   :  0.199 0.214 0.200 0.170 0.217 
140 UA00031704    (4)   :  0.290 0.255 0.358 0.043 0.054 
141 UA00040423    (4)   :  0.226 0.221 0.266 0.075 0.213 
142 UA00049433    (0)   :  0.199 0.183 0.235 0.220 0.163 
143 UA00034816    (0)   :  0.223 0.218 0.310 0.178 0.071 
144 UA00050214    (0)   :  0.253 0.240 0.394 0.050 0.062 
145 UA00041073    (0)   :  0.221 0.244 0.235 0.182 0.119 
146 UA00030318    (4)   :  0.247 0.240 0.315 0.134 0.065 
147 UA00046845    (0)   :  0.198 0.194 0.261 0.256 0.091 
148 UA00063946    (0)   :  0.315 0.321 0.203 0.059 0.102 
149 UA00031374    (4)   :  0.244 0.240 0.273 0.146 0.097 
150    M1136    (4)   :  0.161 0.169 0.189 0.078 0.404 
151 UA00034299    (0)   :  0.239 0.230 0.377 0.078 0.076 
152 UA00002387    (4)   :  0.240 0.213 0.346 0.153 0.048 
153 UA00021855    (0)   :  0.261 0.290 0.219 0.108 0.123 
154 UA00014500    (0)   :  0.267 0.237 0.293 0.075 0.128 
155 UA00050419    (4)   :  0.256 0.249 0.375 0.072 0.048 
156 UA00031854    (4)   :  0.246 0.246 0.239 0.185 0.084 
157    pc011    (4)   :  0.258 0.216 0.378 0.093 0.054 
158 UA00033004    (0)   :  0.232 0.208 0.298 0.103 0.160 
159 UA00046510    (0)   :  0.210 0.197 0.245 0.275 0.073 
160 UA00048747    (0)   :  0.237 0.214 0.337 0.140 0.072 
161 UA00014293    (0)   :  0.256 0.209 0.382 0.095 0.057 
162 UA00047686    (0)   :  0.173 0.160 0.200 0.304 0.163 
163 UA00033783    (4)   :  0.148 0.150 0.117 0.174 0.411 
164 UA00042609    (4)   :  0.158 0.145 0.193 0.368 0.137 
165 UA00031169    (4)   :  0.251 0.226 0.399 0.059 0.065 
166 UA00035181    (0)   :  0.317 0.288 0.295 0.060 0.039 
167 UA00050133    (0)   :  0.248 0.236 0.293 0.126 0.098 
168  Puco011    (4)   :  0.237 0.204 0.358 0.110 0.090 
169 UA00041476    (0)   :  0.210 0.213 0.265 0.192 0.121 
170 UA00046702    (0)   :  0.264 0.242 0.371 0.068 0.055 
171 UA00019940    (0)   :  0.222 0.250 0.251 0.135 0.142 
172 UA00049813    (0)   :  0.269 0.295 0.230 0.080 0.126 
173 UA00064165    (0)   :  0.121 0.122 0.120 0.518 0.118 
174 UA00064421    (0)   :  0.171 0.167 0.183 0.435 0.045 
175 UA00064569    (4)   :  0.283 0.271 0.325 0.074 0.047 
176 UA00003996    (0)   :  0.182 0.176 0.222 0.337 0.082 
177 UA00064491    (4)   :  0.250 0.253 0.298 0.142 0.056 
178 UA00011899    (0)   :  0.264 0.275 0.268 0.077 0.116 
179  Puco015    (4)   :  0.205 0.197 0.242 0.104 0.252 
180 UA00047929    (4)   :  0.318 0.306 0.255 0.044 0.077 
181 UA00056669    (0)   :  0.246 0.249 0.258 0.168 0.079 
182 UA00050176    (0)   :  0.220 0.226 0.224 0.192 0.139 
183  Puco014    (4)   :  0.246 0.269 0.209 0.152 0.124 
184 UA00019608    (0)   :  0.234 0.218 0.307 0.165 0.076 
185 UA00064333    (0)   :  0.238 0.231 0.333 0.111 0.088 
186  Puco013    (4)   :  0.197 0.192 0.220 0.297 0.093 
187 UA00016092    (0)   :  0.276 0.258 0.370 0.051 0.045 
188 UA00019060    (0)   :  0.092 0.093 0.098 0.540 0.177 
189 UA00063532    (0)   :  0.240 0.237 0.238 0.151 0.134 
190 UA00064117    (0)   :  0.108 0.110 0.116 0.337 0.328 
191 UA00011969    (0)   :  0.235 0.245 0.211 0.165 0.144 
192 UA00034586    (4)   :  0.281 0.305 0.273 0.068 0.074 
193 UA00030736    (4)   :  0.256 0.264 0.284 0.085 0.112 
194 UA00048493    (0)   :  0.240 0.237 0.265 0.101 0.157 
195 UA00040466    (0)   :  0.075 0.071 0.070 0.726 0.059 
196 UA00047659    (0)   :  0.285 0.268 0.251 0.119 0.077 
197 UA00042002    (4)   :  0.174 0.174 0.151 0.103 0.398 
198 UA00062606    (0)   :  0.196 0.182 0.221 0.270 0.131 
199 UA00030615    (4)   :  0.077 0.079 0.077 0.720 0.047 
200 UA00048899    (0)   :  0.269 0.264 0.248 0.119 0.100 
201 UA00047725    (0)   :  0.036 0.037 0.035 0.845 0.047 
202 UA00030866    (4)   :  0.239 0.247 0.225 0.188 0.100 
203 UA00034564    (0)   :  0.239 0.232 0.275 0.146 0.107 
204 UA00046520    (0)   :  0.326 0.336 0.226 0.060 0.052 
205 UA00035027    (0)   :  0.225 0.229 0.187 0.194 0.164 
206 UA00035421    (0)   :  0.145 0.135 0.176 0.482 0.062 
207 UA00062740    (4)   :  0.176 0.183 0.149 0.256 0.238 
208 UA00012360    (0)   :  0.070 0.071 0.069 0.734 0.056 
209 UA00050203    (0)   :  0.279 0.263 0.263 0.092 0.103 
210 UA00040534    (4)   :  0.100 0.108 0.099 0.386 0.307 
211 UA00031261    (4)   :  0.077 0.076 0.076 0.574 0.196 
212 UA00031917    (4)   :  0.087 0.080 0.090 0.393 0.350 
213 UA00040798    (4)   :  0.140 0.150 0.130 0.451 0.128 
214 UA00030598    (4)   :  0.150 0.155 0.139 0.438 0.119 
215 UA00050385    (0)   :  0.230 0.220 0.264 0.183 0.104 
216 UA00058283    (0)   :  0.057 0.059 0.054 0.731 0.099 
217 UA00042297    (4)   :  0.133 0.144 0.119 0.203 0.400 
218 UA00015415    (4)   :  0.054 0.051 0.057 0.786 0.051 
219 UA00035531    (0)   :  0.074 0.069 0.079 0.631 0.147 
220 UA00048683    (0)   :  0.094 0.091 0.101 0.649 0.065 
221 UA00046734    (4)   :  0.062 0.064 0.064 0.736 0.074 
222   pcRF01    (0)   :  0.255 0.228 0.419 0.064 0.033 
223 UA00007223    (0)   :  0.169 0.163 0.184 0.331 0.154 
224 UA00013841    (0)   :  0.193 0.182 0.202 0.064 0.358 
225 UA00014196    (0)   :  0.074 0.071 0.080 0.673 0.101 
226 UA00034635    (0)   :  0.259 0.290 0.268 0.109 0.074 
227 UA00047371    (0)   :  0.176 0.197 0.143 0.099 0.385 
228 UA00063544    (0)   :  0.182 0.188 0.161 0.104 0.364 
229 UA00064246    (0)   :  0.194 0.197 0.180 0.266 0.163 
230 UA00064328    (0)   :  0.162 0.170 0.170 0.279 0.220 
231 UA00002952    (0)   :  0.141 0.136 0.133 0.328 0.262 
232 UA00064079    (0)   :  0.193 0.210 0.190 0.132 0.275 
233 UA00046793    (0)   :  0.129 0.123 0.139 0.387 0.223 
234 UA00034769    (0)   :  0.121 0.129 0.098 0.144 0.508 
235 UA00034949    (0)   :  0.155 0.145 0.174 0.399 0.128 
236 UA00063753    (0)   :  0.228 0.257 0.167 0.150 0.198 
237 UA00015713    (0)   :  0.212 0.231 0.167 0.078 0.311 
238 UA00003494    (0)   :  0.190 0.177 0.253 0.243 0.137 
239 UA00056767    (0)   :  0.337 0.345 0.231 0.053 0.033 
240 UA00014461    (0)   :  0.167 0.159 0.174 0.356 0.145 
241 UA00034669    (0)   :  0.124 0.128 0.109 0.397 0.242 
242 UA00048164    (0)   :  0.204 0.186 0.214 0.327 0.069 
243 UA00007974    (0)   :  0.267 0.260 0.177 0.091 0.206 
244 UA00016166    (0)   :  0.149 0.147 0.183 0.089 0.433 
245 UA00015653    (0)   :  0.115 0.122 0.103 0.235 0.425 
246 UA00063882    (0)   :  0.115 0.109 0.116 0.492 0.168 
247 UA00049027    (0)   :  0.142 0.153 0.126 0.132 0.447 
248 UA00018878    (0)   :  0.166 0.172 0.127 0.065 0.469 
249 UA00038796    (0)   :  0.148 0.141 0.122 0.469 0.121 
250 UA00013465    (0)   :  0.088 0.097 0.085 0.636 0.094 
251 UA00014604    (0)   :  0.170 0.189 0.136 0.302 0.203 
252 UA00041913    (0)   :  0.183 0.207 0.142 0.099 0.369 
253 UA00021632    (0)   :  0.087 0.093 0.086 0.112 0.622 
254 UA00064027    (0)   :  0.174 0.183 0.167 0.199 0.276 
255 UA00015023    (0)   :  0.197 0.200 0.253 0.267 0.083 
256 UA00050243    (0)   :  0.153 0.159 0.153 0.114 0.422 
257 UA00048298    (0)   :  0.226 0.242 0.254 0.133 0.145 
258 UA00050437    (0)   :  0.160 0.174 0.168 0.372 0.126 
259 UA00014262    (0)   :  0.184 0.178 0.196 0.133 0.309 
260 UA00049129    (0)   :  0.251 0.265 0.223 0.085 0.176 
261 UA00014740    (0)   :  0.252 0.243 0.192 0.156 0.158 
262 UA00049612    (0)   :  0.075 0.081 0.071 0.117 0.656 
263 UA00014635    (0)   :  0.336 0.333 0.227 0.058 0.047 
264 UA00014673    (0)   :  0.140 0.142 0.124 0.264 0.331 
265 UA00033608    (0)   :  0.127 0.136 0.107 0.121 0.509 
266 UA00064540    (0)   :  0.281 0.287 0.199 0.140 0.094 
267 UA00050256    (0)   :  0.143 0.153 0.134 0.259 0.311 
268 UA00015274    (0)   :  0.237 0.226 0.280 0.153 0.103 
269 UA00062993    (0)   :  0.288 0.290 0.214 0.152 0.057 
270 UA00038364    (0)   :  0.214 0.220 0.179 0.141 0.246 
271 UA00014446    (0)   :  0.282 0.293 0.264 0.091 0.070 
272 UA00063545    (0)   :  0.082 0.085 0.081 0.194 0.558 
273 UA00040054    (0)   :  0.241 0.222 0.297 0.064 0.174 
274 UA00058447    (0)   :  0.295 0.270 0.227 0.085 0.123 
275 UA00046835    (0)   :  0.300 0.293 0.229 0.090 0.088 
276 UA00014608    (0)   :  0.271 0.282 0.224 0.130 0.092 
277    pc012    (0)   :  0.225 0.233 0.189 0.198 0.155 
278    pc002    (0)   :  0.126 0.135 0.120 0.118 0.501 
279 UA00033690    (0)   :  0.204 0.215 0.142 0.072 0.367 
280 UA00013688    (0)   :  0.233 0.235 0.215 0.187 0.130 
281 UA00063666    (0)   :  0.287 0.296 0.188 0.037 0.192 
282 UA00063292    (0)   :  0.332 0.328 0.225 0.053 0.062 
283    pc001    (0)   :  0.252 0.237 0.228 0.167 0.117 
284    pc008    (0)   :  0.266 0.277 0.219 0.108 0.130 
285 UA00034316    (0)   :  0.138 0.142 0.166 0.278 0.276 
286 UA00013046    (0)   :  0.292 0.299 0.285 0.048 0.076 
287 UA00050241    (0)   :  0.319 0.331 0.231 0.038 0.081 
288 UA00048599    (0)   :  0.323 0.322 0.232 0.064 0.060 
289 UA00046649    (0)   :  0.128 0.133 0.124 0.066 0.548 
290 UA00015674    (0)   :  0.117 0.125 0.091 0.100 0.567 
291 UA00013177    (0)   :  0.220 0.238 0.174 0.171 0.196 
292 UA00012814    (0)   :  0.242 0.234 0.277 0.138 0.109 
293 UA00034654    (0)   :  0.295 0.278 0.276 0.072 0.079 
294 UA00046743    (0)   :  0.309 0.295 0.248 0.073 0.074 
295 UA00014854    (0)   :  0.240 0.237 0.182 0.036 0.305 
296 UA00013729    (0)   :  0.237 0.234 0.312 0.104 0.113 
297 UA00063483    (0)   :  0.293 0.338 0.219 0.059 0.091 
298 UA00039326    (0)   :  0.221 0.219 0.200 0.078 0.282 
299 UA00014742    (0)   :  0.308 0.328 0.229 0.052 0.083 
300 UA00049597    (0)   :  0.123 0.124 0.102 0.032 0.619 
301 UA00048067    (0)   :  0.228 0.246 0.164 0.116 0.246 
302 UA00012918    (0)   :  0.221 0.219 0.150 0.039 0.371 
303 UA00013487    (0)   :  0.260 0.224 0.430 0.042 0.045 
304 UA00046759    (0)   :  0.166 0.179 0.153 0.261 0.241 
305 UA00050164    (0)   :  0.090 0.085 0.103 0.075 0.647 
306 UA00049839    (0)   :  0.291 0.322 0.229 0.088 0.069 
307 UA00048444    (0)   :  0.291 0.307 0.189 0.057 0.156 
308 UA00063857    (0)   :  0.295 0.299 0.248 0.043 0.115 
309 UA00014921    (0)   :  0.124 0.132 0.107 0.040 0.597 
310 UA00048895    (0)   :  0.140 0.143 0.118 0.082 0.516 
311 UA00014556    (0)   :  0.208 0.217 0.188 0.264 0.123 
312    pc009    (0)   :  0.334 0.345 0.223 0.034 0.063 
313 UA00014959    (0)   :  0.119 0.124 0.104 0.053 0.601 
314 UA00020709    (0)   :  0.220 0.208 0.211 0.091 0.269 
315 UA00013126    (0)   :  0.048 0.050 0.046 0.053 0.803 
316 UA00013695    (0)   :  0.060 0.059 0.056 0.053 0.772 
317 UA00049344    (0)   :  0.097 0.100 0.089 0.077 0.636 
318 UA00047614    (0)   :  0.058 0.059 0.052 0.137 0.695 
319 UA00014221    (0)   :  0.343 0.336 0.239 0.045 0.036 
320 UA00014346    (0)   :  0.296 0.292 0.200 0.100 0.113 
321 UA00014245    (0)   :  0.194 0.185 0.157 0.055 0.410 
322 UA00014696    (0)   :  0.050 0.046 0.052 0.090 0.762 
323 UA00006991    (0)   :  0.242 0.242 0.271 0.164 0.081 
324 UA00048948    (0)   :  0.249 0.271 0.249 0.133 0.098 
325 UA00002239    (0)   :  0.226 0.206 0.276 0.172 0.120 
326 UA00063459    (0)   :  0.316 0.329 0.215 0.038 0.101 
327 UA00048356    (0)   :  0.242 0.265 0.183 0.186 0.124 
328 UA00063940    (0)   :  0.222 0.240 0.231 0.205 0.102 
329 UA00048130    (0)   :  0.311 0.322 0.212 0.083 0.072 
330 UA00048903    (0)   :  0.294 0.295 0.316 0.052 0.043 
331 UA00064643    (0)   :  0.236 0.245 0.253 0.137 0.129 
332 UA00050233    (0)   :  0.249 0.253 0.253 0.171 0.073 
333 UA00012507    (0)   :  0.200 0.191 0.219 0.327 0.062 
334 UA00064416    (0)   :  0.259 0.239 0.366 0.077 0.059 
335 UA00034724    (0)   :  0.268 0.282 0.271 0.109 0.070 
336 UA00002621    (0)   :  0.298 0.297 0.275 0.067 0.063 
337 UA00033203    (0)   :  0.245 0.223 0.374 0.073 0.085 
338 UA00011996    (0)   :  0.273 0.269 0.235 0.062 0.160 
339 UA00014408    (0)   :  0.158 0.150 0.174 0.428 0.090 
340 UA00049502    (0)   :  0.250 0.271 0.194 0.209 0.076 
341 UA00062695    (0)   :  0.251 0.256 0.194 0.124 0.176 
342 UA00014072    (0)   :  0.286 0.314 0.220 0.082 0.098 
343 UA00003334    (0)   :  0.313 0.317 0.249 0.054 0.068 
344 UA00013835    (0)   :  0.254 0.260 0.211 0.104 0.171 
345 UA00046760    (0)   :  0.210 0.236 0.177 0.068 0.309 
346 UA00014241    (0)   :  0.280 0.267 0.287 0.102 0.063 
347 UA00049585    (0)   :  0.303 0.340 0.239 0.042 0.076 
348 UA00013409    (0)   :  0.240 0.255 0.177 0.229 0.099 
349 UA00047548    (0)   :  0.279 0.278 0.297 0.051 0.095 
350 UA00049038    (0)   :  0.139 0.157 0.122 0.144 0.438 
351 UA00047612    (0)   :  0.271 0.277 0.244 0.127 0.080 
352 UA00014822    (0)   :  0.122 0.126 0.103 0.202 0.446 
353 UA00035299    (0)   :  0.249 0.256 0.291 0.104 0.100 
354 UA00012804    (0)   :  0.143 0.154 0.133 0.097 0.473 
355 UA00049578    (0)   :  0.223 0.246 0.202 0.244 0.085 
356 UA00047672    (0)   :  0.244 0.215 0.392 0.090 0.059 
357 UA00043961    (0)   :  0.087 0.095 0.078 0.103 0.637 
358 UA00064575    (0)   :  0.213 0.240 0.168 0.290 0.089 
359 UA00014732    (0)   :  0.259 0.253 0.296 0.131 0.061 
360 UA00050181    (0)   :  0.272 0.249 0.299 0.130 0.051 
361 UA00033369    (0)   :  0.157 0.151 0.176 0.132 0.384 
362 UA00011982    (0)   :  0.260 0.249 0.409 0.039 0.043 
363 UA00014590    (0)   :  0.211 0.207 0.259 0.131 0.191 
364 UA00047743    (0)   :  0.258 0.247 0.365 0.058 0.071 
365 UA00046621    (0)   :  0.274 0.245 0.382 0.042 0.057 
366 UA00050422    (0)   :  0.217 0.224 0.225 0.252 0.082 
367 UA00002760    (0)   :  0.247 0.268 0.242 0.077 0.166 
368 UA00012999    (0)   :  0.221 0.234 0.248 0.068 0.228 
369 UA00063838    (0)   :  0.279 0.292 0.276 0.087 0.065 
370 UA00003729    (0)   :  0.162 0.163 0.129 0.246 0.299 
371 UA00015348    (0)   :  0.266 0.301 0.200 0.106 0.126 
372 UA00019058    (0)   :  0.278 0.284 0.203 0.148 0.087 
373 UA00049549    (0)   :  0.280 0.291 0.184 0.038 0.207 
374 UA00014334    (0)   :  0.219 0.198 0.267 0.207 0.108 
375 UA00014350    (0)   :  0.258 0.245 0.431 0.032 0.033 
376 UA00049227    (0)   :  0.161 0.166 0.153 0.171 0.348 
377 UA00014051    (0)   :  0.209 0.200 0.276 0.273 0.043 
378 UA00034381    (0)   :  0.248 0.255 0.247 0.170 0.080 
379 UA00002354    (0)   :  0.257 0.243 0.398 0.054 0.048 
380 UA00049892    (0)   :  0.262 0.279 0.242 0.049 0.169 
381 UA00021989    (0)   :  0.272 0.268 0.302 0.109 0.049 
382 UA00048968    (0)   :  0.261 0.254 0.306 0.115 0.065 
383 UA00013174    (0)   :  0.243 0.218 0.320 0.129 0.091 
384 UA00033992    (0)   :  0.201 0.195 0.228 0.067 0.308 
385 UA00015801    (0)   :  0.274 0.266 0.388 0.037 0.035 
386 UA00063303    (0)   :  0.170 0.175 0.148 0.101 0.406 
387 UA00050206    (0)   :  0.335 0.346 0.224 0.058 0.038 
388 UA00014458    (0)   :  0.237 0.243 0.237 0.126 0.156 
389 UA00007204    (0)   :  0.300 0.291 0.223 0.060 0.127 
390 UA00063212    (0)   :  0.180 0.211 0.147 0.200 0.262 
391 UA00013340    (0)   :  0.243 0.260 0.218 0.070 0.208 
392 UA00062743    (0)   :  0.228 0.196 0.304 0.217 0.055 
393 UA00063189    (0)   :  0.104 0.103 0.114 0.581 0.098 
394 UA00035432    (0)   :  0.296 0.318 0.263 0.059 0.064 
395 UA00007958    (0)   :  0.288 0.265 0.312 0.072 0.065 
396 UA00013634    (0)   :  0.259 0.216 0.353 0.119 0.053 
397 UA00048175    (0)   :  0.254 0.224 0.422 0.071 0.030 
398 UA00003202    (0)   :  0.279 0.298 0.257 0.086 0.080 
399 UA00035090    (0)   :  0.247 0.259 0.230 0.167 0.098 
400 UA00064679    (0)   :  0.147 0.142 0.167 0.447 0.096 
401 UA00039518    (0)   :  0.271 0.250 0.328 0.072 0.078 
402 UA00058268    (0)   :  0.252 0.279 0.265 0.107 0.096 
403 UA00049456    (0)   :  0.189 0.218 0.167 0.094 0.332 
404 UA00049550    (0)   :  0.258 0.286 0.221 0.177 0.058 
405 UA00048342    (0)   :  0.205 0.232 0.185 0.101 0.278 
406 UA00063493    (0)   :  0.285 0.309 0.292 0.061 0.054 
407 UA00058261    (0)   :  0.213 0.197 0.289 0.242 0.059 
408 UA00014663    (0)   :  0.234 0.248 0.275 0.141 0.103 
409 UA00048817    (0)   :  0.182 0.186 0.228 0.117 0.286 
410 UA00049381    (0)   :  0.253 0.218 0.341 0.132 0.055 
411 UA00035901    (0)   :  0.172 0.178 0.166 0.374 0.110 
412 UA00013301    (0)   :  0.269 0.288 0.197 0.145 0.100 
413 UA00047926    (0)   :  0.205 0.202 0.285 0.173 0.135 
414 UA00007272    (0)   :  0.177 0.160 0.227 0.332 0.104 
415 UA00016041    (0)   :  0.254 0.288 0.218 0.079 0.161 
416 UA00013502    (0)   :  0.270 0.262 0.291 0.132 0.045 
417 UA00002390    (0)   :  0.217 0.209 0.235 0.097 0.241 
418 UA00034907    (0)   :  0.259 0.280 0.227 0.159 0.075 
419 UA00048821    (0)   :  0.171 0.178 0.189 0.202 0.260 
420 UA00002136    (0)   :  0.202 0.259 0.168 0.119 0.252 
421 UA00011790    (0)   :  0.242 0.225 0.297 0.141 0.096 
422 UA00021586    (0)   :  0.184 0.184 0.190 0.137 0.306 
423 UA00033270    (0)   :  0.248 0.254 0.245 0.152 0.100 
424 UA00048073    (0)   :  0.267 0.271 0.254 0.103 0.105 
425 UA00048856    (0)   :  0.233 0.210 0.222 0.243 0.092 
426 UA00049713    (0)   :  0.228 0.239 0.327 0.116 0.090 
427 UA00046885    (0)   :  0.288 0.279 0.253 0.083 0.097 
428 UA00034893    (0)   :  0.274 0.281 0.302 0.065 0.078 
429 UA00048011    (0)   :  0.246 0.250 0.292 0.168 0.043 
430 UA00015786    (0)   :  0.175 0.187 0.188 0.297 0.153 
431 UA00013162    (0)   :  0.221 0.188 0.292 0.203 0.096 
432 UA00049512    (0)   :  0.247 0.267 0.208 0.143 0.136 
433 UA00004046    (0)   :  0.261 0.220 0.375 0.097 0.046 
434 UA00048881    (0)   :  0.147 0.169 0.139 0.310 0.235 
435 UA00046610    (0)   :  0.186 0.180 0.201 0.208 0.225 
436 UA00033282    (0)   :  0.228 0.241 0.210 0.172 0.149 
437 UA00047561    (0)   :  0.258 0.236 0.340 0.096 0.070 
438 UA00013777    (0)   :  0.204 0.179 0.230 0.326 0.062 
439 UA00062849    (0)   :  0.309 0.317 0.220 0.077 0.077 
440 UA00049786    (0)   :  0.239 0.209 0.376 0.136 0.041 
441 UA00033246    (0)   :  0.328 0.352 0.223 0.040 0.057 
442 UA00045302    (0)   :  0.253 0.285 0.250 0.077 0.135 
443 UA00048637    (0)   :  0.242 0.217 0.352 0.130 0.059 
444 UA00049832    (0)   :  0.223 0.232 0.190 0.067 0.288 
445 UA00022023    (0)   :  0.218 0.200 0.233 0.105 0.244 
446 UA00050192    (0)   :  0.184 0.174 0.185 0.090 0.368 
447 UA00050413    (0)   :  0.263 0.255 0.260 0.126 0.096 
448 UA00013445    (0)   :  0.290 0.252 0.343 0.066 0.049 
449 UA00035496    (0)   :  0.196 0.190 0.181 0.336 0.097 
450 UA00003333    (0)   :  0.145 0.144 0.163 0.368 0.180 
451 UA00064008    (0)   :  0.171 0.170 0.189 0.407 0.063 
452 UA00003427    (0)   :  0.186 0.182 0.178 0.158 0.295 
453 UA00028092    (0)   :  0.153 0.163 0.138 0.212 0.333 
454    pc003    (0)   :  0.072 0.080 0.075 0.630 0.143 
455 UA00034440    (0)   :  0.287 0.291 0.222 0.133 0.067 
456 UA00026062    (0)   :  0.247 0.202 0.374 0.084 0.093 
457 UA00014347    (0)   :  0.226 0.215 0.187 0.206 0.166 
458 UA00021516    (0)   :  0.254 0.246 0.357 0.077 0.066 
459 UA00049347    (0)   :  0.151 0.157 0.167 0.453 0.071 
460 UA00063436    (0)   :  0.156 0.170 0.130 0.457 0.087 
461 UA00047790    (0)   :  0.259 0.239 0.301 0.120 0.081 
462 UA00045714    (0)   :  0.150 0.162 0.152 0.372 0.164 
463 UA00038979    (0)   :  0.254 0.253 0.186 0.091 0.216 
464 UA00016123    (0)   :  0.201 0.196 0.224 0.238 0.142 
465 UA00034765    (0)   :  0.066 0.066 0.073 0.753 0.041 
466 UA00063815    (0)   :  0.093 0.099 0.080 0.547 0.181 
467 UA00034795    (0)   :  0.277 0.307 0.222 0.109 0.085 
468 UA00004000    (0)   :  0.087 0.083 0.082 0.676 0.071 
469 UA00049367    (0)   :  0.266 0.277 0.222 0.182 0.053 
470 UA00034457    (0)   :  0.272 0.259 0.289 0.075 0.106 
471 UA00050015    (0)   :  0.248 0.260 0.192 0.137 0.162 
472 UA00021373    (0)   :  0.258 0.242 0.260 0.135 0.106 
473 UA00050232    (0)   :  0.081 0.079 0.074 0.608 0.157 
474 UA00038724    (0)   :  0.233 0.253 0.191 0.078 0.245 
475 UA00007824    (0)   :  0.201 0.178 0.260 0.173 0.188 
476 UA00048754    (0)   :  0.220 0.191 0.237 0.304 0.048 
477 UA00014271    (0)   :  0.248 0.247 0.252 0.105 0.147 
478 UA00013756    (0)   :  0.193 0.208 0.155 0.241 0.203 
479 UA00014385    (0)   :  0.133 0.136 0.148 0.390 0.192 
480 UA00049609    (0)   :  0.292 0.297 0.239 0.092 0.081 
481 UA00003748    (0)   :  0.148 0.127 0.159 0.505 0.061 
482 UA00063952    (0)   :  0.174 0.157 0.179 0.439 0.051 
483 UA00058348    (0)   :  0.125 0.128 0.116 0.583 0.048 
484 UA00014922    (0)   :  0.073 0.074 0.075 0.700 0.077 
485 UA00003820    (0)   :  0.222 0.197 0.283 0.251 0.048 
486 UA00013693    (0)   :  0.191 0.190 0.192 0.272 0.156 
487 UA00047713    (0)   :  0.086 0.080 0.094 0.693 0.048 
488 UA00034891    (0)   :  0.151 0.157 0.118 0.454 0.120 
489 UA00049223    (0)   :  0.172 0.171 0.169 0.410 0.078 
490 UA00064399    (0)   :  0.052 0.051 0.053 0.537 0.308 
491 UA00013336    (0)   :  0.064 0.066 0.061 0.687 0.121 
492 UA00035291    (0)   :  0.067 0.062 0.069 0.694 0.108 
493 UA00003945    (0)   :  0.092 0.099 0.095 0.619 0.096 
494 UA00014518    (0)   :  0.115 0.112 0.131 0.559 0.083 
495 UA00013583    (0)   :  0.095 0.101 0.084 0.219 0.500 
496 UA00011510    (0)   :  0.115 0.123 0.119 0.524 0.119 
497 UA00046860    (0)   :  0.153 0.161 0.178 0.399 0.109 
498 UA00048853    (0)   :  0.118 0.125 0.126 0.412 0.219 
499 UA00012151    (0)   :  0.069 0.067 0.072 0.726 0.066 
500 UA00063930    (0)   :  0.129 0.146 0.109 0.166 0.450 
501 UA00013453    (0)   :  0.157 0.165 0.167 0.334 0.178 
502 UA00039299    (0)   :  0.058 0.058 0.058 0.752 0.074 
503 UA00014280    (0)   :  0.050 0.051 0.049 0.812 0.037 
504 UA00014200    (0)   :  0.098 0.090 0.117 0.635 0.060 
505 UA00040612    (0)   :  0.057 0.057 0.059 0.678 0.149 
506 UA00062679    (0)   :  0.060 0.060 0.059 0.716 0.105 
507 UA00034481    (0)   :  0.084 0.084 0.083 0.687 0.061 
508 UA00011880    (0)   :  0.183 0.199 0.134 0.118 0.366 
509 UA00013421    (0)   :  0.053 0.050 0.055 0.636 0.206 
510 UA00048051    (0)   :  0.043 0.045 0.044 0.809 0.059 
511 UA00063370    (0)   :  0.048 0.051 0.047 0.687 0.168 
512 UA00014716    (0)   :  0.060 0.062 0.060 0.706 0.113 
513 UA00033426    (0)   :  0.106 0.105 0.131 0.470 0.188 
514 UA00015190    (0)   :  0.059 0.061 0.063 0.525 0.292 
515 UA00013730    (0)   :  0.270 0.252 0.261 0.077 0.140 
516 UA00047644    (4)   :  0.106 0.111 0.097 0.468 0.218 
517 UA00031933    (9)   :  0.242 0.225 0.272 0.175 0.087 
518 UA00031541    (9)   :  0.133 0.139 0.138 0.435 0.155 
519   PCO-60    (4)   :  0.234 0.215 0.230 0.238 0.083 
520 UA00030495    (4)   :  0.213 0.221 0.181 0.201 0.184 
521 UA00031133    (4)   :  0.329 0.333 0.214 0.046 0.079 
522 UA00032049    (4)   :  0.164 0.154 0.140 0.135 0.407 
523 UA00030599    (4)   :  0.273 0.282 0.184 0.102 0.159 
524 UA00030250    (4)   :  0.266 0.246 0.350 0.076 0.061 
525 UA00049385    (4)   :  0.238 0.237 0.172 0.141 0.211 
526 UA00031816    (4)   :  0.332 0.327 0.211 0.053 0.076 
527 UA00030275    (4)   :  0.219 0.202 0.241 0.155 0.183 
528 UA00041861    (4)   :  0.231 0.215 0.236 0.171 0.147 
529 UA00041433    (4)   :  0.288 0.280 0.302 0.077 0.052 
530  PCO-114    (4)   :  0.227 0.199 0.311 0.202 0.061 
531 UA00031529    (4)   :  0.269 0.265 0.247 0.137 0.082 
532 UA00039719    (4)   :  0.240 0.255 0.275 0.164 0.066 
533  PCO-442    (4)   :  0.262 0.236 0.390 0.064 0.047 
534   PCO-58    (0)   :  0.223 0.202 0.347 0.134 0.094 
535 UA00048673    (4)   :  0.232 0.254 0.202 0.212 0.101 
536   PCO-63    (4)   :  0.273 0.290 0.274 0.111 0.052 


Estimated Allele Frequencies in each cluster
First column gives estimated ancestral frequencies


Locus 1 : PP01 
2 alleles
0.0% missing data
   1   (0.605) 0.578 0.583 0.611 0.338 0.853 
   2   (0.395) 0.422 0.417 0.389 0.662 0.147 

Locus 2 : PP02 
2 alleles
0.0% missing data
   1   (0.910) 0.901 0.899 0.907 0.964 0.990 
   2   (0.090) 0.099 0.101 0.093 0.036 0.010 

Locus 3 : PP03 
2 alleles
18.3% missing data
   1   (0.781) 0.762 0.747 0.800 0.967 0.916 
   2   (0.219) 0.238 0.253 0.200 0.033 0.084 

Locus 4 : PP04 
2 alleles
0.4% missing data
   1   (0.723) 0.636 0.621 0.697 0.955 0.649 
   2   (0.277) 0.364 0.379 0.303 0.045 0.351 

Locus 5 : PP06 
2 alleles
0.0% missing data
   1   (0.639) 0.669 0.696 0.633 0.605 0.657 
   2   (0.361) 0.331 0.304 0.367 0.395 0.343 

Locus 6 : PP07 
2 alleles
0.0% missing data
   1   (0.689) 0.640 0.639 0.674 0.943 0.860 
   2   (0.311) 0.360 0.361 0.326 0.057 0.140 

Locus 7 : PP09 
2 alleles
0.0% missing data
   1   (0.475) 0.547 0.576 0.461 0.070 0.628 
   2   (0.525) 0.453 0.424 0.539 0.930 0.372 

Locus 8 : PP10 
2 alleles
0.0% missing data
   1   (0.187) 0.113 0.115 0.109 0.376 0.408 
   2   (0.813) 0.887 0.885 0.891 0.624 0.592 

Locus 9 : PP11 
2 alleles
0.0% missing data
   1   (0.688) 0.708 0.729 0.642 0.817 0.794 
   2   (0.312) 0.292 0.271 0.358 0.183 0.206 

Locus 10 : PP12 
2 alleles
0.2% missing data
   1   (0.413) 0.464 0.455 0.451 0.132 0.289 
   2   (0.587) 0.536 0.545 0.549 0.868 0.711 

Locus 11 : PP13 
2 alleles
0.0% missing data
   1   (0.170) 0.121 0.115 0.141 0.131 0.480 
   2   (0.830) 0.879 0.885 0.859 0.869 0.520 

Locus 12 : PP14 
2 alleles
0.2% missing data
   1   (0.863) 0.884 0.881 0.849 0.911 0.962 
   2   (0.137) 0.116 0.119 0.151 0.089 0.038 

Locus 13 : PP15 
2 alleles
0.0% missing data
   1   (0.896) 0.924 0.920 0.941 0.937 0.420 
   2   (0.104) 0.076 0.080 0.059 0.063 0.580 

Locus 14 : PP16 
2 alleles
0.0% missing data
   1   (0.495) 0.570 0.587 0.544 0.402 0.435 
   2   (0.505) 0.430 0.413 0.456 0.598 0.565 

Locus 15 : PP17 
2 alleles
0.2% missing data
   1   (0.652) 0.637 0.627 0.654 0.511 0.829 
   2   (0.348) 0.363 0.373 0.346 0.489 0.171 

Locus 16 : PP18 
2 alleles
0.7% missing data
   1   (0.746) 0.750 0.752 0.726 0.919 0.891 
   2   (0.254) 0.250 0.248 0.274 0.081 0.109 

Locus 17 : PP20 
2 alleles
0.0% missing data
   1   (0.621) 0.646 0.627 0.656 0.511 0.653 
   2   (0.379) 0.354 0.373 0.344 0.489 0.347 

Locus 18 : PP21 
2 alleles
14.9% missing data
   1   (0.863) 0.826 0.829 0.843 0.987 0.968 
   2   (0.137) 0.174 0.171 0.157 0.013 0.032 

Locus 19 : PP22 
2 alleles
1.3% missing data
   1   (0.467) 0.431 0.400 0.535 0.158 0.073 
   2   (0.533) 0.569 0.600 0.465 0.842 0.927 

Locus 20 : PP23 
2 alleles
0.7% missing data
   1   (0.641) 0.632 0.637 0.614 0.791 0.738 
   2   (0.359) 0.368 0.363 0.386 0.209 0.262 

Locus 21 : PP24 
2 alleles
0.2% missing data
   1   (0.793) 0.843 0.840 0.861 0.590 0.860 
   2   (0.207) 0.157 0.160 0.139 0.410 0.140 

Locus 22 : PP25 
2 alleles
0.6% missing data
   1   (0.360) 0.336 0.349 0.302 0.466 0.690 
   2   (0.640) 0.664 0.651 0.698 0.534 0.310 

Values of parameters used in structure:
DATAFILE=Puma_SNP_genotypes_cut_AZ_final_HWEonly.str,	OUTFILE=outputfile_K5_10,	NUMINDS=536,	NUMLOCI=22,	MISSING=-9,	LABEL=1,	POPDATA=0,	POPFLAG=0,	PHENOTYPE=0,	EXTRACOLS=0,	MAXPOPS=5,	BURNIN=100000,	NUMREPS=500000,	USEPOPINFO=0,	INFERALPHA=1,	INFERLAMBDA=0,	POPSPECIFICLAMBDA=0,	POPALPHAS=0,	COMPUTEPROB=1,	NOADMIX=0,	ADMBURNIN=2500,	UPDATEFREQ=200,	PRINTLIKES=0,	INTERMEDSAVE=0,	PRINTKLD=0,	PRINTNET=0,	PRINTLAMBDA=0,	ANCESTDIST=0,	NUMBOXES=1000,	ANCESTPINT=0.90000,	GENSBACK=2,	MIGRPRIOR=0.05000,	PRINTQHAT=0,	PRINTQSUM=0,	ALPHA=1.0000,	FREQSCORR=1,	FPRIORMEAN=0.0100,	FPRIORSD=0.0500,	ONEFST=0,	LAMBDA=1.0000,	UNIFPRIORALPHA=1,	ALPHAMAX=10.0000,	ALPHAPRIORA=1.0000,	ALPHAPRIORB=2.0000,	ALPHAPROPSD=0.0250,	STARTATPOPINFO=0,	RANDOMIZE=1,	LINKAGE=0,	METROFREQ=20,	REPORTHITRATE=0,	MARKOVPHASE=0,	PHASED=0,	PLOIDY=2,	PHASEINFO=0	LOCPRIOR=0, 	LOCPRIORINIT=1.000000, 	LOCDATA=0, 	LOCISPOP=0, 	LOCPRIORSTEP=0.100000, 	MAXLOCPRIOR=20.000000, 	SEED=1716623032,	
[STRAT parameters]:    NUMSIMSTATS=1000,	PHENOTYPECOL=-9,	POOLFREQ=10,	LOCUSxONLY=0,	EMERROR=0.00100,	MISSINGPHENO=-9,	