

----------------------------------------------------
STRUCTURE by Pritchard, Stephens and Donnelly (2000)
     and Falush, Stephens and Pritchard (2003)
       Code by Pritchard, Falush and Hubisz
             Version 2.3.4 (Jul 2012)
----------------------------------------------------



Command line arguments:   structure -K 9 -o outputfile_K9_7 
Input File:    Puma_SNP_genotypes_cut_AZ_final_HWEonly.str

Run parameters:
   536 individuals
   22 loci
   9 populations assumed
   100000 Burn-in period
   500000 Reps


--------------------------------------------
Overall proportion of membership of the
sample in each of the 9 clusters

Inferred Clusters
  1      2      3      4      5      6      7      8      9    
0.114  0.114  0.114  0.113  0.114  0.113  0.113  0.090  0.116  

--------------------------------------------

Allele-freq. divergence among pops (Net nucleotide distance),
computed using point estimates of P.

      1       2       3       4       5       6       7       8       9      
 1      -    0.0015  0.0011  0.0006  0.0020  0.0005  0.0010  0.0752  0.0470  
 2   0.0015     -    0.0001  0.0016  0.0002  0.0003  0.0012  0.0683  0.0443  
 3   0.0011  0.0001     -    0.0010  0.0003  0.0001  0.0007  0.0679  0.0429  
 4   0.0006  0.0016  0.0010     -    0.0021  0.0006  0.0001  0.0705  0.0405  
 5   0.0020  0.0002  0.0003  0.0021     -    0.0006  0.0017  0.0670  0.0460  
 6   0.0005  0.0003  0.0001  0.0006  0.0006     -    0.0005  0.0689  0.0432  
 7   0.0010  0.0012  0.0007  0.0001  0.0017  0.0005     -    0.0669  0.0385  
 8   0.0752  0.0683  0.0679  0.0705  0.0670  0.0689  0.0669     -    0.0864  
 9   0.0470  0.0443  0.0429  0.0405  0.0460  0.0432  0.0385  0.0864     -    

Average distances (expected heterozygosity) between individuals in same cluster:
cluster  1  : 0.3753 
cluster  2  : 0.3778 
cluster  3  : 0.3778 
cluster  4  : 0.3775 
cluster  5  : 0.3760 
cluster  6  : 0.3780 
cluster  7  : 0.3798 
cluster  8  : 0.2550 
cluster  9  : 0.2637 

--------------------------------------------
Estimated Ln Prob of Data   = -13844.0
Mean value of ln likelihood = -12274.8
Variance of ln likelihood   = 3138.5
Mean value of alpha         = 0.0905

Mean value of Fst_1         = 0.0827
Mean value of Fst_2         = 0.0682
Mean value of Fst_3         = 0.0572
Mean value of Fst_4         = 0.0527
Mean value of Fst_5         = 0.0706
Mean value of Fst_6         = 0.0500
Mean value of Fst_7         = 0.0214
Mean value of Fst_8         = 0.3659
Mean value of Fst_9         = 0.2810


Inferred ancestry of individuals:
        Label (%Miss) :  Inferred clusters
  1 UA00063336   (13)   :  0.083 0.091 0.095 0.098 0.098 0.091 0.112 0.295 0.038 
  2 UA00048914    (9)   :  0.108 0.114 0.114 0.128 0.108 0.121 0.138 0.048 0.120 
  3 UA00014769   (13)   :  0.227 0.124 0.109 0.136 0.116 0.159 0.099 0.020 0.010 
  4 UA00008132   (13)   :  0.122 0.118 0.127 0.133 0.116 0.130 0.146 0.065 0.043 
  5 UA00030462   (13)   :  0.098 0.104 0.117 0.121 0.108 0.112 0.138 0.042 0.161 
  6 UA00034866   (13)   :  0.106 0.123 0.128 0.129 0.123 0.131 0.150 0.015 0.096 
  7 UA00034800    (9)   :  0.055 0.054 0.053 0.053 0.052 0.056 0.059 0.568 0.051 
  8  Puco006    (9)   :  0.031 0.032 0.034 0.037 0.033 0.035 0.040 0.028 0.730 
  9 UA00048874    (4)   :  0.073 0.075 0.077 0.085 0.077 0.081 0.096 0.370 0.065 
 10 UA00049060    (9)   :  0.158 0.128 0.122 0.126 0.138 0.138 0.125 0.043 0.023 
 11 UA00033413    (9)   :  0.117 0.179 0.164 0.097 0.180 0.132 0.080 0.018 0.034 
 12  Puco021    (9)   :  0.112 0.172 0.158 0.080 0.196 0.128 0.066 0.070 0.017 
 13  Puco026    (9)   :  0.124 0.135 0.136 0.117 0.158 0.135 0.128 0.049 0.017 
 14  Puco008    (9)   :  0.089 0.096 0.098 0.106 0.096 0.101 0.120 0.130 0.164 
 15   M01301    (9)   :  0.122 0.163 0.143 0.098 0.156 0.131 0.093 0.013 0.081 
 16   M06306    (9)   :  0.087 0.099 0.101 0.092 0.122 0.099 0.103 0.280 0.018 
 17 UA00032185    (9)   :  0.116 0.135 0.126 0.119 0.118 0.136 0.137 0.051 0.065 
 18 UA00030792    (9)   :  0.010 0.011 0.010 0.011 0.011 0.011 0.011 0.913 0.013 
 19 UA00031647    (9)   :  0.096 0.107 0.109 0.128 0.109 0.111 0.140 0.127 0.073 
 20 UA00031979    (9)   :  0.115 0.133 0.126 0.127 0.147 0.125 0.139 0.031 0.059 
 21  Puco016    (9)   :  0.109 0.109 0.120 0.135 0.101 0.107 0.135 0.019 0.165 
 22  Puco010    (9)   :  0.121 0.153 0.139 0.120 0.135 0.136 0.131 0.033 0.031 
 23    M1035    (9)   :  0.123 0.121 0.123 0.134 0.119 0.136 0.153 0.071 0.020 
 24 UA00034601    (9)   :  0.111 0.121 0.129 0.118 0.140 0.124 0.133 0.050 0.075 
 25 UA00050388    (9)   :  0.109 0.126 0.127 0.122 0.135 0.125 0.145 0.051 0.060 
 26 UA00048699    (9)   :  0.094 0.083 0.096 0.110 0.087 0.095 0.106 0.022 0.307 
 27 UA00064058    (9)   :  0.138 0.120 0.131 0.142 0.133 0.129 0.138 0.047 0.020 
 28 UA00033981    (9)   :  0.109 0.177 0.149 0.099 0.179 0.127 0.084 0.037 0.038 
 29   F05033    (9)   :  0.144 0.134 0.137 0.124 0.145 0.144 0.126 0.023 0.023 
 30 UA00048520    (4)   :  0.104 0.123 0.121 0.096 0.140 0.116 0.113 0.123 0.065 
 31 UA00048422    (4)   :  0.023 0.024 0.026 0.022 0.025 0.025 0.024 0.813 0.019 
 32    PucoB    (4)   :  0.121 0.142 0.152 0.108 0.192 0.128 0.111 0.033 0.013 
 33 UA00047393    (4)   :  0.142 0.112 0.107 0.137 0.105 0.128 0.135 0.108 0.027 
 34 UA00064521    (4)   :  0.100 0.113 0.114 0.116 0.122 0.115 0.137 0.027 0.155 
 35 UA00003043    (4)   :  0.131 0.110 0.118 0.135 0.104 0.124 0.138 0.016 0.124 
 36 UA00063025    (4)   :  0.087 0.107 0.108 0.103 0.108 0.107 0.120 0.143 0.116 
 37 UA00063826    (4)   :  0.108 0.153 0.150 0.121 0.152 0.135 0.125 0.033 0.023 
 38   F07407    (4)   :  0.097 0.144 0.143 0.079 0.157 0.111 0.083 0.164 0.022 
 39 UA00021658    (4)   :  0.134 0.126 0.131 0.135 0.127 0.138 0.144 0.033 0.032 
 40 UA00003794    (4)   :  0.110 0.129 0.131 0.084 0.164 0.121 0.096 0.137 0.027 
 41 UA00041322    (4)   :  0.110 0.124 0.125 0.130 0.121 0.131 0.158 0.046 0.054 
 42 UA00063316    (4)   :  0.098 0.116 0.130 0.130 0.120 0.120 0.146 0.065 0.074 
 43 UA00047705    (4)   :  0.116 0.130 0.127 0.119 0.161 0.133 0.130 0.033 0.050 
 44 UA00033904    (4)   :  0.084 0.092 0.091 0.094 0.110 0.094 0.100 0.300 0.036 
 45 UA00048100    (4)   :  0.124 0.136 0.140 0.125 0.155 0.136 0.126 0.017 0.040 
 46 UA00032212    (4)   :  0.090 0.108 0.110 0.105 0.104 0.106 0.115 0.176 0.086 
 47 UA00031574    (4)   :  0.022 0.024 0.025 0.024 0.025 0.024 0.024 0.801 0.033 
 48 UA00031228    (4)   :  0.014 0.014 0.015 0.015 0.014 0.014 0.015 0.880 0.020 
 49 UA00047707    (4)   :  0.180 0.124 0.122 0.154 0.109 0.138 0.139 0.010 0.022 
 50 UA00030906    (4)   :  0.010 0.010 0.011 0.011 0.011 0.011 0.011 0.909 0.018 
 51 UA00041567    (4)   :  0.106 0.163 0.150 0.102 0.147 0.129 0.112 0.042 0.050 
 52 UA00007624    (4)   :  0.158 0.134 0.133 0.124 0.140 0.151 0.120 0.014 0.025 
 53 UA00034514    (4)   :  0.128 0.119 0.133 0.150 0.129 0.136 0.139 0.028 0.038 
 54 UA00030480    (4)   :  0.117 0.115 0.123 0.140 0.121 0.117 0.145 0.099 0.023 
 55  Puco012    (4)   :  0.126 0.121 0.132 0.151 0.124 0.131 0.144 0.026 0.045 
 56 UA00038677    (9)   :  0.096 0.120 0.119 0.112 0.118 0.122 0.134 0.076 0.103 
 57 UA00048275    (4)   :  0.118 0.142 0.146 0.128 0.161 0.133 0.124 0.020 0.029 
 58 UA00064055    (4)   :  0.135 0.117 0.125 0.168 0.113 0.125 0.146 0.028 0.044 
 59  Puco009    (4)   :  0.115 0.108 0.114 0.124 0.104 0.113 0.136 0.015 0.170 
 60 UA00064561    (4)   :  0.223 0.104 0.099 0.154 0.085 0.150 0.115 0.016 0.055 
 61 UA00003479    (4)   :  0.137 0.118 0.128 0.145 0.119 0.128 0.146 0.024 0.056 
 62 UA00063747    (4)   :  0.151 0.130 0.135 0.139 0.132 0.133 0.127 0.012 0.040 
 63 UA00002558    (4)   :  0.100 0.127 0.122 0.114 0.115 0.116 0.131 0.019 0.155 
 64 UA00048410    (4)   :  0.142 0.103 0.110 0.130 0.094 0.126 0.124 0.013 0.159 
 65 UA00012249    (4)   :  0.153 0.107 0.121 0.157 0.109 0.127 0.132 0.015 0.078 
 66 UA00033818    (4)   :  0.052 0.060 0.061 0.055 0.063 0.059 0.058 0.540 0.052 
 67  Puco020    (4)   :  0.130 0.107 0.109 0.128 0.101 0.125 0.135 0.107 0.059 
 68 UA00002545    (9)   :  0.175 0.112 0.117 0.157 0.104 0.122 0.130 0.056 0.028 
 69 UA00048508    (4)   :  0.138 0.121 0.135 0.144 0.124 0.141 0.145 0.021 0.030 
 70 UA00064100    (4)   :  0.115 0.121 0.136 0.140 0.129 0.135 0.159 0.033 0.033 
 71 UA00014585    (4)   :  0.130 0.119 0.133 0.145 0.119 0.129 0.146 0.030 0.048 
 72 UA00063698    (4)   :  0.074 0.085 0.085 0.084 0.084 0.084 0.089 0.076 0.338 
 73 UA00049753    (4)   :  0.081 0.087 0.096 0.104 0.096 0.096 0.113 0.311 0.016 
 74 UA00049037    (4)   :  0.142 0.120 0.130 0.141 0.125 0.137 0.138 0.044 0.023 
 75 UA00034941    (4)   :  0.109 0.126 0.130 0.137 0.137 0.126 0.137 0.046 0.050 
 76 UA00008083    (4)   :  0.057 0.059 0.062 0.065 0.058 0.061 0.065 0.034 0.538 
 77 UA00015084    (4)   :  0.071 0.086 0.090 0.082 0.089 0.088 0.097 0.104 0.292 
 78 UA00041010    (9)   :  0.042 0.044 0.046 0.051 0.042 0.046 0.055 0.261 0.413 
 79 UA00035261    (4)   :  0.097 0.104 0.112 0.107 0.114 0.107 0.117 0.157 0.085 
 80 UA00035431    (4)   :  0.118 0.150 0.142 0.122 0.141 0.132 0.134 0.012 0.050 
 81 UA00045274    (0)   :  0.108 0.129 0.130 0.107 0.146 0.125 0.130 0.054 0.071 
 82 UA00028200    (4)   :  0.071 0.085 0.086 0.084 0.090 0.082 0.095 0.313 0.095 
 83 UA00064559    (0)   :  0.016 0.018 0.018 0.017 0.019 0.018 0.019 0.858 0.016 
 84 UA00040808    (0)   :  0.088 0.086 0.089 0.099 0.085 0.085 0.104 0.256 0.109 
 85 UA00049156    (0)   :  0.076 0.082 0.088 0.095 0.090 0.089 0.101 0.270 0.107 
 86 UA00003952    (4)   :  0.057 0.056 0.063 0.072 0.055 0.058 0.068 0.022 0.549 
 87 UA00063954    (0)   :  0.112 0.117 0.118 0.126 0.134 0.133 0.148 0.087 0.023 
 88 UA00062934    (0)   :  0.098 0.114 0.123 0.118 0.126 0.120 0.143 0.112 0.047 
 89 UA00033829    (0)   :  0.036 0.039 0.040 0.039 0.038 0.041 0.044 0.550 0.174 
 90 UA00064351    (4)   :  0.103 0.177 0.154 0.096 0.164 0.125 0.088 0.026 0.067 
 91 UA00003697    (4)   :  0.057 0.061 0.066 0.066 0.062 0.065 0.075 0.049 0.499 
 92 UA00063438    (4)   :  0.096 0.111 0.109 0.117 0.107 0.113 0.138 0.143 0.066 
 93 UA00007608    (0)   :  0.083 0.101 0.102 0.101 0.108 0.101 0.116 0.153 0.136 
 94 UA00019683    (4)   :  0.075 0.100 0.097 0.063 0.126 0.083 0.062 0.373 0.021 
 95 UA00007781    (0)   :  0.115 0.131 0.139 0.120 0.152 0.133 0.143 0.026 0.041 
 96 UA00002915    (0)   :  0.083 0.089 0.096 0.103 0.090 0.097 0.116 0.269 0.057 
 97  Puco031    (4)   :  0.137 0.123 0.129 0.145 0.119 0.128 0.147 0.030 0.042 
 98 UA00048280    (4)   :  0.114 0.140 0.139 0.127 0.151 0.123 0.131 0.021 0.054 
 99 UA00048589    (0)   :  0.115 0.146 0.140 0.108 0.174 0.128 0.108 0.049 0.033 
100 UA00034417    (0)   :  0.109 0.102 0.109 0.123 0.104 0.112 0.131 0.080 0.131 
101 UA00050411    (4)   :  0.170 0.125 0.127 0.156 0.116 0.135 0.136 0.012 0.023 
102  Puco029    (4)   :  0.148 0.139 0.140 0.115 0.166 0.144 0.118 0.020 0.011 
103   F03403    (4)   :  0.121 0.176 0.169 0.084 0.205 0.122 0.079 0.013 0.030 
104 UA00049904    (0)   :  0.101 0.131 0.127 0.111 0.133 0.124 0.130 0.109 0.034 
105 UA00035335    (0)   :  0.174 0.143 0.136 0.121 0.147 0.142 0.112 0.016 0.009 
106 UA00012611    (0)   :  0.124 0.125 0.141 0.137 0.139 0.131 0.158 0.024 0.020 
107 UA00050319    (0)   :  0.124 0.183 0.176 0.085 0.204 0.133 0.064 0.014 0.017 
108 UA00032068    (4)   :  0.116 0.125 0.129 0.136 0.124 0.126 0.152 0.074 0.017 
109 UA00032026    (4)   :  0.131 0.122 0.129 0.135 0.126 0.139 0.146 0.048 0.025 
110 UA00030476    (4)   :  0.119 0.163 0.175 0.076 0.210 0.131 0.066 0.047 0.014 
111 UA00046853    (0)   :  0.107 0.202 0.157 0.091 0.161 0.132 0.084 0.040 0.027 
112 UA00040156    (4)   :  0.010 0.010 0.010 0.010 0.010 0.011 0.011 0.916 0.012 
113 UA00030528    (4)   :  0.121 0.105 0.114 0.129 0.110 0.120 0.138 0.142 0.023 
114  Puco025    (4)   :  0.215 0.121 0.114 0.145 0.105 0.148 0.116 0.018 0.018 
115    pc016    (0)   :  0.010 0.010 0.010 0.010 0.010 0.010 0.011 0.917 0.012 
116 UA00030617    (4)   :  0.216 0.123 0.115 0.146 0.101 0.152 0.119 0.013 0.015 
117 UA00030585    (4)   :  0.017 0.020 0.019 0.018 0.021 0.019 0.018 0.845 0.022 
118 UA00032060    (4)   :  0.106 0.117 0.120 0.109 0.130 0.116 0.129 0.147 0.024 
119    pc007    (0)   :  0.127 0.158 0.148 0.100 0.162 0.135 0.095 0.042 0.033 
120 UA00030798    (4)   :  0.024 0.026 0.026 0.027 0.026 0.027 0.028 0.802 0.014 
121 UA00030778    (4)   :  0.162 0.123 0.130 0.152 0.120 0.137 0.150 0.011 0.016 
122 UA00039674    (4)   :  0.014 0.014 0.015 0.015 0.015 0.015 0.016 0.883 0.013 
123 UA00032241    (4)   :  0.164 0.151 0.129 0.124 0.134 0.159 0.110 0.012 0.017 
124 UA00011624    (0)   :  0.152 0.130 0.129 0.145 0.138 0.132 0.130 0.019 0.027 
125 UA00033779    (4)   :  0.119 0.186 0.168 0.092 0.186 0.130 0.074 0.019 0.027 
126 UA00049402    (4)   :  0.120 0.108 0.117 0.154 0.115 0.111 0.131 0.030 0.114 
127 UA00033653    (0)   :  0.117 0.203 0.166 0.079 0.201 0.136 0.059 0.015 0.023 
128 UA00047738    (0)   :  0.115 0.128 0.126 0.120 0.137 0.132 0.138 0.039 0.064 
129 UA00047502    (4)   :  0.105 0.104 0.116 0.134 0.107 0.118 0.139 0.042 0.135 
130 UA00012014    (4)   :  0.130 0.118 0.130 0.153 0.113 0.132 0.160 0.027 0.037 
131 UA00040729    (0)   :  0.138 0.141 0.137 0.107 0.176 0.143 0.108 0.030 0.021 
132 UA00030392    (4)   :  0.182 0.125 0.117 0.147 0.105 0.156 0.125 0.025 0.017 
133 UA00050033    (0)   :  0.146 0.127 0.129 0.135 0.134 0.136 0.126 0.042 0.026 
134 UA00012152    (0)   :  0.086 0.067 0.071 0.081 0.061 0.076 0.072 0.013 0.473 
135 UA00050406    (0)   :  0.118 0.127 0.137 0.139 0.132 0.133 0.152 0.030 0.031 
136 UA00047973    (0)   :  0.120 0.139 0.146 0.130 0.137 0.135 0.141 0.022 0.031 
137 UA00008051    (0)   :  0.121 0.126 0.117 0.120 0.116 0.127 0.131 0.064 0.078 
138 UA00047337    (4)   :  0.123 0.106 0.116 0.112 0.127 0.122 0.121 0.143 0.030 
139 UA00041604    (4)   :  0.117 0.121 0.116 0.122 0.115 0.132 0.137 0.056 0.083 
140 UA00031704    (4)   :  0.158 0.120 0.131 0.165 0.124 0.134 0.140 0.016 0.013 
141 UA00040423    (4)   :  0.126 0.125 0.126 0.149 0.123 0.125 0.145 0.059 0.024 
142 UA00049433    (0)   :  0.125 0.111 0.127 0.146 0.106 0.121 0.145 0.044 0.075 
143 UA00034816    (0)   :  0.196 0.106 0.102 0.138 0.092 0.140 0.113 0.024 0.088 
144 UA00050214    (0)   :  0.251 0.108 0.102 0.161 0.083 0.152 0.110 0.017 0.017 
145 UA00041073    (0)   :  0.135 0.122 0.122 0.132 0.111 0.135 0.132 0.047 0.065 
146 UA00030318    (4)   :  0.161 0.120 0.121 0.146 0.114 0.136 0.135 0.019 0.049 
147 UA00046845    (0)   :  0.161 0.101 0.116 0.144 0.097 0.126 0.126 0.035 0.093 
148 UA00063946    (0)   :  0.114 0.188 0.175 0.073 0.216 0.137 0.049 0.027 0.021 
149 UA00031374    (4)   :  0.137 0.129 0.131 0.132 0.121 0.131 0.143 0.028 0.049 
150    M1136    (4)   :  0.118 0.078 0.086 0.099 0.076 0.096 0.096 0.325 0.026 
151 UA00034299    (0)   :  0.238 0.110 0.104 0.152 0.089 0.147 0.113 0.022 0.024 
152 UA00002387    (4)   :  0.157 0.117 0.121 0.163 0.105 0.125 0.145 0.013 0.053 
153 UA00021855    (0)   :  0.111 0.156 0.131 0.123 0.137 0.134 0.140 0.030 0.037 
154 UA00014500    (0)   :  0.128 0.118 0.137 0.148 0.133 0.126 0.150 0.038 0.021 
155 UA00050419    (4)   :  0.254 0.110 0.097 0.154 0.085 0.160 0.104 0.014 0.022 
156 UA00031854    (4)   :  0.118 0.123 0.133 0.127 0.120 0.133 0.138 0.031 0.077 
157    pc011    (4)   :  0.174 0.120 0.120 0.172 0.111 0.127 0.129 0.015 0.032 
158 UA00033004    (0)   :  0.137 0.116 0.127 0.150 0.116 0.128 0.141 0.050 0.036 
159 UA00046510    (0)   :  0.126 0.110 0.120 0.128 0.103 0.133 0.135 0.019 0.126 
160 UA00048747    (0)   :  0.162 0.113 0.116 0.154 0.105 0.135 0.144 0.020 0.051 
161 UA00014293    (0)   :  0.166 0.118 0.119 0.171 0.113 0.124 0.137 0.018 0.034 
162 UA00047686    (0)   :  0.115 0.109 0.110 0.123 0.105 0.118 0.140 0.030 0.150 
163 UA00033783    (4)   :  0.074 0.099 0.094 0.072 0.105 0.087 0.075 0.297 0.098 
164 UA00042609    (4)   :  0.107 0.096 0.100 0.121 0.090 0.095 0.115 0.039 0.236 
165 UA00031169    (4)   :  0.225 0.108 0.112 0.155 0.092 0.145 0.122 0.023 0.019 
166 UA00035181    (0)   :  0.133 0.148 0.146 0.130 0.148 0.130 0.139 0.009 0.018 
167 UA00050133    (0)   :  0.145 0.119 0.131 0.143 0.116 0.129 0.148 0.029 0.040 
168  Puco011    (4)   :  0.169 0.116 0.116 0.167 0.110 0.122 0.131 0.029 0.041 
169 UA00041476    (0)   :  0.140 0.114 0.118 0.136 0.099 0.132 0.140 0.050 0.072 
170 UA00046702    (0)   :  0.193 0.116 0.114 0.160 0.103 0.155 0.118 0.019 0.022 
171 UA00019940    (0)   :  0.144 0.135 0.121 0.133 0.122 0.127 0.138 0.029 0.051 
172 UA00049813    (0)   :  0.120 0.162 0.140 0.112 0.148 0.137 0.119 0.034 0.028 
173 UA00064165    (0)   :  0.079 0.087 0.092 0.092 0.086 0.090 0.103 0.033 0.339 
174 UA00064421    (0)   :  0.102 0.098 0.101 0.109 0.091 0.105 0.127 0.013 0.256 
175 UA00064569    (4)   :  0.188 0.120 0.123 0.140 0.118 0.156 0.118 0.011 0.026 
176 UA00003996    (0)   :  0.139 0.098 0.116 0.135 0.101 0.121 0.124 0.033 0.134 
177 UA00064491    (4)   :  0.199 0.114 0.113 0.141 0.104 0.147 0.116 0.017 0.049 
178 UA00011899    (0)   :  0.126 0.132 0.134 0.137 0.123 0.135 0.154 0.034 0.024 
179  Puco015    (4)   :  0.135 0.116 0.117 0.134 0.118 0.123 0.131 0.088 0.038 
180 UA00047929    (4)   :  0.153 0.139 0.135 0.118 0.155 0.152 0.113 0.021 0.015 
181 UA00056669    (0)   :  0.127 0.123 0.127 0.142 0.122 0.135 0.154 0.018 0.054 
182 UA00050176    (0)   :  0.115 0.116 0.127 0.138 0.113 0.130 0.149 0.044 0.066 
183  Puco014    (4)   :  0.114 0.132 0.141 0.138 0.138 0.126 0.131 0.029 0.052 
184 UA00019608    (0)   :  0.142 0.114 0.121 0.155 0.109 0.126 0.149 0.023 0.060 
185 UA00064333    (0)   :  0.160 0.121 0.124 0.153 0.107 0.135 0.141 0.021 0.036 
186  Puco013    (4)   :  0.115 0.111 0.119 0.131 0.111 0.117 0.137 0.024 0.135 
187 UA00016092    (0)   :  0.206 0.118 0.111 0.154 0.112 0.151 0.119 0.012 0.017 
188 UA00019060    (0)   :  0.050 0.054 0.054 0.056 0.050 0.053 0.065 0.100 0.519 
189 UA00063532    (0)   :  0.125 0.125 0.129 0.137 0.125 0.129 0.131 0.048 0.050 
190 UA00064117    (0)   :  0.076 0.078 0.080 0.086 0.077 0.081 0.093 0.168 0.262 
191 UA00011969    (0)   :  0.112 0.127 0.127 0.131 0.123 0.136 0.147 0.040 0.056 
192 UA00034586    (4)   :  0.143 0.142 0.132 0.129 0.138 0.146 0.133 0.017 0.020 
193 UA00030736    (4)   :  0.128 0.123 0.133 0.152 0.120 0.132 0.155 0.031 0.024 
194 UA00048493    (0)   :  0.128 0.116 0.131 0.138 0.121 0.137 0.143 0.053 0.034 
195 UA00040466    (0)   :  0.040 0.044 0.048 0.049 0.043 0.043 0.047 0.018 0.668 
196 UA00047659    (0)   :  0.121 0.123 0.138 0.140 0.131 0.137 0.161 0.015 0.034 
197 UA00042002    (4)   :  0.099 0.117 0.123 0.107 0.135 0.119 0.115 0.144 0.041 
198 UA00062606    (0)   :  0.119 0.117 0.124 0.135 0.118 0.117 0.134 0.030 0.107 
199 UA00030615    (4)   :  0.035 0.038 0.037 0.037 0.035 0.038 0.041 0.014 0.725 
200 UA00048899    (0)   :  0.117 0.124 0.136 0.143 0.124 0.128 0.166 0.025 0.036 
201 UA00047725    (0)   :  0.013 0.014 0.014 0.014 0.013 0.014 0.015 0.013 0.889 
202 UA00030866    (4)   :  0.113 0.119 0.134 0.167 0.133 0.120 0.146 0.019 0.049 
203 UA00034564    (0)   :  0.127 0.119 0.130 0.166 0.130 0.118 0.148 0.023 0.039 
204 UA00046520    (0)   :  0.123 0.191 0.167 0.089 0.181 0.134 0.074 0.017 0.024 
205 UA00035027    (0)   :  0.109 0.125 0.128 0.139 0.133 0.124 0.138 0.037 0.068 
206 UA00035421    (0)   :  0.107 0.094 0.103 0.128 0.091 0.099 0.114 0.021 0.244 
207 UA00062740    (4)   :  0.103 0.112 0.124 0.155 0.128 0.114 0.134 0.044 0.085 
208 UA00012360    (0)   :  0.029 0.026 0.029 0.028 0.028 0.030 0.030 0.015 0.784 
209 UA00050203    (0)   :  0.126 0.136 0.140 0.128 0.141 0.137 0.136 0.031 0.027 
210 UA00040534    (4)   :  0.067 0.074 0.079 0.085 0.073 0.079 0.096 0.150 0.297 
211 UA00031261    (4)   :  0.055 0.065 0.063 0.076 0.059 0.063 0.076 0.081 0.462 
212 UA00031917    (4)   :  0.076 0.080 0.082 0.100 0.083 0.079 0.102 0.121 0.278 
213 UA00040798    (4)   :  0.075 0.097 0.084 0.079 0.082 0.085 0.081 0.057 0.359 
214 UA00030598    (4)   :  0.082 0.092 0.096 0.100 0.088 0.092 0.104 0.060 0.288 
215 UA00050385    (0)   :  0.123 0.121 0.125 0.150 0.119 0.120 0.148 0.026 0.068 
216 UA00058283    (0)   :  0.021 0.025 0.023 0.023 0.023 0.023 0.026 0.034 0.802 
217 UA00042297    (4)   :  0.062 0.076 0.070 0.069 0.069 0.071 0.072 0.392 0.119 
218 UA00015415    (4)   :  0.024 0.024 0.025 0.028 0.025 0.025 0.027 0.015 0.807 
219 UA00035531    (0)   :  0.045 0.043 0.048 0.050 0.043 0.047 0.054 0.068 0.601 
220 UA00048683    (0)   :  0.058 0.056 0.058 0.065 0.055 0.059 0.067 0.018 0.564 
221 UA00046734    (4)   :  0.027 0.028 0.028 0.030 0.025 0.028 0.031 0.018 0.786 
222   pcRF01    (0)   :  0.234 0.118 0.110 0.162 0.087 0.134 0.125 0.009 0.022 
223 UA00007223    (0)   :  0.104 0.107 0.118 0.148 0.105 0.109 0.135 0.044 0.131 
224 UA00013841    (0)   :  0.125 0.133 0.118 0.121 0.153 0.127 0.127 0.073 0.022 
225 UA00014196    (0)   :  0.056 0.053 0.061 0.069 0.053 0.059 0.069 0.042 0.538 
226 UA00034635    (0)   :  0.131 0.129 0.130 0.143 0.130 0.132 0.157 0.018 0.031 
227 UA00047371    (0)   :  0.094 0.114 0.118 0.112 0.117 0.121 0.135 0.148 0.041 
228 UA00063544    (0)   :  0.103 0.120 0.124 0.109 0.126 0.121 0.119 0.141 0.038 
229 UA00064246    (0)   :  0.103 0.112 0.120 0.106 0.115 0.115 0.118 0.071 0.140 
230 UA00064328    (0)   :  0.097 0.112 0.112 0.117 0.107 0.117 0.136 0.051 0.151 
231 UA00002952    (0)   :  0.098 0.099 0.111 0.126 0.105 0.104 0.124 0.095 0.138 
232 UA00064079    (0)   :  0.118 0.110 0.116 0.119 0.110 0.128 0.141 0.102 0.056 
233 UA00046793    (0)   :  0.092 0.092 0.101 0.113 0.094 0.095 0.115 0.125 0.175 
234 UA00034769    (0)   :  0.069 0.086 0.084 0.073 0.093 0.079 0.076 0.370 0.070 
235 UA00034949    (0)   :  0.103 0.102 0.112 0.147 0.103 0.105 0.127 0.039 0.160 
236 UA00063753    (0)   :  0.103 0.159 0.142 0.098 0.161 0.121 0.089 0.053 0.072 
237 UA00015713    (0)   :  0.108 0.135 0.130 0.110 0.147 0.129 0.119 0.093 0.029 
238 UA00003494    (0)   :  0.132 0.096 0.107 0.150 0.107 0.109 0.129 0.072 0.098 
239 UA00056767    (0)   :  0.120 0.206 0.176 0.092 0.174 0.129 0.074 0.010 0.020 
240 UA00014461    (0)   :  0.110 0.102 0.115 0.128 0.105 0.112 0.128 0.063 0.138 
241 UA00034669    (0)   :  0.076 0.084 0.087 0.088 0.086 0.084 0.106 0.081 0.308 
242 UA00048164    (0)   :  0.114 0.114 0.115 0.119 0.111 0.113 0.130 0.017 0.168 
243 UA00007974    (0)   :  0.112 0.152 0.146 0.095 0.182 0.132 0.106 0.043 0.031 
244 UA00016166    (0)   :  0.124 0.098 0.100 0.115 0.091 0.111 0.121 0.204 0.037 
245 UA00015653    (0)   :  0.083 0.095 0.101 0.109 0.109 0.100 0.121 0.156 0.125 
246 UA00063882    (0)   :  0.080 0.078 0.092 0.095 0.086 0.089 0.107 0.080 0.295 
247 UA00049027    (0)   :  0.094 0.112 0.106 0.104 0.117 0.111 0.121 0.159 0.076 
248 UA00018878    (0)   :  0.099 0.118 0.120 0.092 0.149 0.116 0.110 0.168 0.027 
249 UA00038796    (0)   :  0.095 0.102 0.110 0.112 0.115 0.103 0.126 0.023 0.215 
250 UA00013465    (0)   :  0.046 0.054 0.052 0.053 0.051 0.053 0.060 0.028 0.602 
251 UA00014604    (0)   :  0.091 0.111 0.111 0.104 0.117 0.112 0.129 0.052 0.173 
252 UA00041913    (0)   :  0.092 0.140 0.119 0.090 0.126 0.113 0.087 0.190 0.042 
253 UA00021632    (0)   :  0.072 0.076 0.076 0.080 0.081 0.079 0.091 0.379 0.066 
254 UA00064027    (0)   :  0.101 0.109 0.123 0.123 0.110 0.125 0.149 0.071 0.089 
255 UA00015023    (0)   :  0.148 0.110 0.121 0.137 0.104 0.130 0.134 0.027 0.088 
256 UA00050243    (0)   :  0.097 0.112 0.115 0.119 0.106 0.109 0.138 0.163 0.041 
257 UA00048298    (0)   :  0.139 0.126 0.121 0.135 0.115 0.130 0.138 0.045 0.051 
258 UA00050437    (0)   :  0.103 0.104 0.117 0.118 0.104 0.115 0.141 0.030 0.167 
259 UA00014262    (0)   :  0.116 0.117 0.120 0.131 0.122 0.122 0.145 0.081 0.047 
260 UA00049129    (0)   :  0.125 0.140 0.134 0.120 0.147 0.132 0.116 0.055 0.030 
261 UA00014740    (0)   :  0.113 0.135 0.137 0.117 0.147 0.125 0.124 0.051 0.051 
262 UA00049612    (0)   :  0.039 0.044 0.044 0.041 0.045 0.044 0.042 0.634 0.067 
263 UA00014635    (0)   :  0.134 0.177 0.163 0.094 0.173 0.139 0.083 0.014 0.022 
264 UA00014673    (0)   :  0.094 0.107 0.108 0.098 0.120 0.110 0.118 0.080 0.165 
265 UA00033608    (0)   :  0.072 0.094 0.089 0.075 0.095 0.089 0.082 0.344 0.060 
266 UA00064540    (0)   :  0.109 0.157 0.156 0.097 0.166 0.130 0.096 0.027 0.060 
267 UA00050256    (0)   :  0.094 0.100 0.116 0.118 0.107 0.115 0.142 0.112 0.096 
268 UA00015274    (0)   :  0.147 0.120 0.121 0.145 0.123 0.127 0.135 0.024 0.058 
269 UA00062993    (0)   :  0.117 0.138 0.143 0.123 0.146 0.129 0.138 0.013 0.054 
270 UA00038364    (0)   :  0.106 0.130 0.129 0.114 0.133 0.133 0.135 0.065 0.054 
271 UA00014446    (0)   :  0.123 0.130 0.139 0.139 0.130 0.138 0.160 0.014 0.027 
272 UA00063545    (0)   :  0.059 0.065 0.069 0.073 0.071 0.068 0.082 0.384 0.130 
273 UA00040054    (0)   :  0.156 0.130 0.120 0.142 0.136 0.130 0.133 0.033 0.019 
274 UA00058447    (0)   :  0.117 0.133 0.143 0.120 0.160 0.134 0.138 0.030 0.026 
275 UA00046835    (0)   :  0.128 0.142 0.150 0.114 0.157 0.134 0.119 0.028 0.028 
276 UA00014608    (0)   :  0.110 0.127 0.140 0.132 0.140 0.135 0.153 0.022 0.041 
277    pc012    (0)   :  0.114 0.119 0.127 0.127 0.128 0.128 0.145 0.040 0.071 
278    pc002    (0)   :  0.082 0.088 0.093 0.090 0.094 0.095 0.105 0.293 0.060 
279 UA00033690    (0)   :  0.108 0.149 0.142 0.079 0.187 0.120 0.074 0.111 0.032 
280 UA00013688    (0)   :  0.113 0.123 0.132 0.129 0.127 0.129 0.149 0.033 0.065 
281 UA00063666    (0)   :  0.107 0.194 0.169 0.075 0.192 0.130 0.062 0.059 0.013 
282 UA00063292    (0)   :  0.120 0.187 0.174 0.080 0.211 0.137 0.060 0.015 0.017 
283    pc001    (0)   :  0.120 0.128 0.127 0.131 0.132 0.133 0.148 0.024 0.056 
284    pc008    (0)   :  0.121 0.140 0.137 0.114 0.161 0.135 0.127 0.028 0.038 
285 UA00034316    (0)   :  0.101 0.083 0.085 0.096 0.078 0.096 0.103 0.159 0.201 
286 UA00013046    (0)   :  0.176 0.133 0.125 0.130 0.133 0.151 0.115 0.021 0.015 
287 UA00050241    (0)   :  0.128 0.174 0.157 0.098 0.181 0.140 0.092 0.018 0.013 
288 UA00048599    (0)   :  0.124 0.141 0.155 0.118 0.169 0.136 0.121 0.016 0.020 
289 UA00046649    (0)   :  0.098 0.103 0.102 0.095 0.115 0.109 0.110 0.238 0.030 
290 UA00015674    (0)   :  0.068 0.088 0.085 0.065 0.099 0.081 0.074 0.394 0.046 
291 UA00013177    (0)   :  0.109 0.141 0.133 0.104 0.135 0.121 0.103 0.075 0.079 
292 UA00012814    (0)   :  0.133 0.126 0.128 0.145 0.118 0.134 0.142 0.026 0.048 
293 UA00034654    (0)   :  0.137 0.131 0.135 0.138 0.140 0.143 0.139 0.016 0.021 
294 UA00046743    (0)   :  0.143 0.150 0.152 0.102 0.179 0.140 0.088 0.019 0.027 
295 UA00014854    (0)   :  0.113 0.151 0.151 0.085 0.204 0.131 0.079 0.073 0.013 
296 UA00013729    (0)   :  0.180 0.124 0.112 0.145 0.106 0.142 0.130 0.027 0.035 
297 UA00063483    (0)   :  0.114 0.168 0.143 0.127 0.149 0.137 0.127 0.019 0.016 
298 UA00039326    (0)   :  0.117 0.132 0.134 0.113 0.157 0.128 0.114 0.080 0.025 
299 UA00014742    (0)   :  0.112 0.193 0.151 0.107 0.158 0.132 0.108 0.024 0.015 
300 UA00049597    (0)   :  0.084 0.107 0.101 0.080 0.147 0.100 0.083 0.286 0.012 
301 UA00048067    (0)   :  0.105 0.140 0.135 0.113 0.145 0.133 0.125 0.056 0.047 
302 UA00012918    (0)   :  0.107 0.153 0.153 0.069 0.205 0.122 0.059 0.119 0.012 
303 UA00013487    (0)   :  0.248 0.111 0.104 0.169 0.086 0.130 0.122 0.015 0.014 
304 UA00046759    (0)   :  0.103 0.114 0.114 0.113 0.114 0.115 0.132 0.066 0.128 
305 UA00050164    (0)   :  0.060 0.055 0.056 0.061 0.053 0.057 0.067 0.562 0.029 
306 UA00049839    (0)   :  0.113 0.193 0.145 0.112 0.147 0.134 0.101 0.020 0.035 
307 UA00048444    (0)   :  0.105 0.215 0.171 0.068 0.191 0.125 0.044 0.059 0.021 
308 UA00063857    (0)   :  0.138 0.145 0.140 0.119 0.164 0.137 0.116 0.028 0.013 
309 UA00014921    (0)   :  0.078 0.097 0.092 0.087 0.099 0.095 0.097 0.340 0.016 
310 UA00048895    (0)   :  0.079 0.087 0.090 0.080 0.091 0.090 0.088 0.360 0.036 
311 UA00014556    (0)   :  0.102 0.128 0.125 0.125 0.126 0.121 0.142 0.022 0.109 
312    pc009    (0)   :  0.119 0.211 0.171 0.080 0.197 0.136 0.059 0.016 0.012 
313 UA00014959    (0)   :  0.089 0.098 0.099 0.079 0.134 0.099 0.084 0.296 0.022 
314 UA00020709    (0)   :  0.121 0.130 0.126 0.117 0.157 0.132 0.128 0.057 0.033 
315 UA00013126    (0)   :  0.015 0.015 0.015 0.015 0.016 0.015 0.014 0.880 0.016 
316 UA00013695    (0)   :  0.023 0.024 0.026 0.024 0.027 0.025 0.026 0.808 0.017 
317 UA00049344    (0)   :  0.076 0.088 0.088 0.092 0.094 0.089 0.103 0.333 0.037 
318 UA00047614    (0)   :  0.034 0.038 0.039 0.039 0.037 0.039 0.041 0.638 0.094 
319 UA00014221    (0)   :  0.125 0.181 0.163 0.098 0.172 0.139 0.098 0.009 0.016 
320 UA00014346    (0)   :  0.110 0.171 0.161 0.098 0.159 0.128 0.104 0.034 0.035 
321 UA00014245    (0)   :  0.106 0.125 0.118 0.082 0.168 0.119 0.086 0.178 0.019 
322 UA00014696    (0)   :  0.018 0.017 0.017 0.019 0.017 0.017 0.019 0.853 0.023 
323 UA00006991    (0)   :  0.130 0.121 0.132 0.149 0.115 0.127 0.157 0.017 0.052 
324 UA00048948    (0)   :  0.118 0.131 0.133 0.134 0.121 0.141 0.149 0.025 0.049 
325 UA00002239    (0)   :  0.135 0.120 0.126 0.138 0.122 0.125 0.145 0.026 0.062 
326 UA00063459    (0)   :  0.121 0.183 0.174 0.079 0.208 0.129 0.071 0.022 0.013 
327 UA00048356    (0)   :  0.106 0.134 0.131 0.114 0.134 0.134 0.133 0.032 0.082 
328 UA00063940    (0)   :  0.139 0.115 0.123 0.131 0.110 0.135 0.136 0.034 0.078 
329 UA00048130    (0)   :  0.112 0.177 0.149 0.107 0.158 0.137 0.115 0.018 0.027 
330 UA00048903    (0)   :  0.212 0.120 0.111 0.146 0.110 0.162 0.112 0.012 0.015 
331 UA00064643    (0)   :  0.143 0.128 0.125 0.129 0.120 0.137 0.135 0.039 0.042 
332 UA00050233    (0)   :  0.130 0.133 0.133 0.128 0.121 0.138 0.131 0.020 0.064 
333 UA00012507    (0)   :  0.115 0.113 0.122 0.136 0.113 0.124 0.146 0.015 0.115 
334 UA00064416    (0)   :  0.195 0.115 0.119 0.157 0.103 0.132 0.137 0.017 0.025 
335 UA00034724    (0)   :  0.131 0.138 0.131 0.130 0.130 0.145 0.137 0.019 0.040 
336 UA00002621    (0)   :  0.152 0.139 0.133 0.132 0.138 0.139 0.126 0.017 0.023 
337 UA00033203    (0)   :  0.207 0.113 0.112 0.159 0.094 0.127 0.133 0.031 0.024 
338 UA00011996    (0)   :  0.114 0.137 0.135 0.140 0.132 0.133 0.161 0.032 0.017 
339 UA00014408    (0)   :  0.107 0.096 0.100 0.106 0.092 0.102 0.116 0.022 0.259 
340 UA00049502    (0)   :  0.106 0.144 0.131 0.120 0.127 0.132 0.143 0.018 0.079 
341 UA00062695    (0)   :  0.103 0.152 0.149 0.106 0.143 0.127 0.117 0.056 0.047 
342 UA00014072    (0)   :  0.112 0.180 0.151 0.106 0.146 0.139 0.101 0.033 0.032 
343 UA00003334    (0)   :  0.162 0.135 0.141 0.116 0.155 0.145 0.107 0.022 0.017 
344 UA00013835    (0)   :  0.114 0.137 0.135 0.124 0.148 0.136 0.141 0.035 0.029 
345 UA00046760    (0)   :  0.101 0.135 0.123 0.112 0.122 0.122 0.121 0.139 0.025 
346 UA00014241    (0)   :  0.145 0.128 0.137 0.141 0.137 0.131 0.130 0.018 0.032 
347 UA00049585    (0)   :  0.111 0.176 0.150 0.120 0.145 0.140 0.124 0.019 0.014 
348 UA00013409    (0)   :  0.099 0.172 0.145 0.091 0.145 0.115 0.081 0.032 0.120 
349 UA00047548    (0)   :  0.125 0.131 0.137 0.153 0.132 0.127 0.154 0.026 0.015 
350 UA00049038    (0)   :  0.081 0.100 0.097 0.087 0.098 0.096 0.101 0.259 0.082 
351 UA00047612    (0)   :  0.124 0.132 0.133 0.134 0.133 0.134 0.151 0.018 0.040 
352 UA00014822    (0)   :  0.087 0.096 0.103 0.110 0.104 0.099 0.114 0.186 0.102 
353 UA00035299    (0)   :  0.161 0.117 0.122 0.145 0.116 0.139 0.140 0.032 0.029 
354 UA00012804    (0)   :  0.086 0.096 0.101 0.099 0.097 0.102 0.117 0.258 0.044 
355 UA00049578    (0)   :  0.118 0.121 0.124 0.124 0.129 0.127 0.141 0.022 0.095 
356 UA00047672    (0)   :  0.211 0.116 0.110 0.161 0.095 0.131 0.129 0.016 0.032 
357 UA00043961    (0)   :  0.044 0.048 0.047 0.043 0.049 0.050 0.044 0.615 0.060 
358 UA00064575    (0)   :  0.095 0.141 0.130 0.108 0.122 0.117 0.117 0.028 0.143 
359 UA00014732    (0)   :  0.142 0.123 0.132 0.135 0.111 0.143 0.149 0.016 0.049 
360 UA00050181    (0)   :  0.129 0.124 0.131 0.157 0.124 0.128 0.160 0.010 0.037 
361 UA00033369    (0)   :  0.102 0.104 0.108 0.126 0.106 0.114 0.133 0.157 0.050 
362 UA00011982    (0)   :  0.260 0.108 0.099 0.160 0.079 0.165 0.106 0.012 0.012 
363 UA00014590    (0)   :  0.138 0.112 0.119 0.139 0.110 0.130 0.142 0.066 0.044 
364 UA00047743    (0)   :  0.175 0.125 0.117 0.160 0.115 0.134 0.140 0.016 0.018 
365 UA00046621    (0)   :  0.181 0.130 0.125 0.149 0.116 0.133 0.136 0.016 0.013 
366 UA00050422    (0)   :  0.127 0.118 0.123 0.133 0.118 0.133 0.145 0.020 0.083 
367 UA00002760    (0)   :  0.121 0.139 0.130 0.128 0.138 0.132 0.135 0.054 0.025 
368 UA00012999    (0)   :  0.137 0.113 0.123 0.134 0.118 0.134 0.145 0.072 0.024 
369 UA00063838    (0)   :  0.169 0.135 0.125 0.135 0.124 0.147 0.121 0.016 0.027 
370 UA00003729    (0)   :  0.090 0.108 0.113 0.094 0.119 0.108 0.111 0.121 0.137 
371 UA00015348    (0)   :  0.098 0.190 0.150 0.098 0.156 0.130 0.089 0.046 0.042 
372 UA00019058    (0)   :  0.110 0.165 0.158 0.087 0.166 0.125 0.085 0.030 0.073 
373 UA00049549    (0)   :  0.110 0.189 0.168 0.068 0.209 0.126 0.045 0.071 0.014 
374 UA00014334    (0)   :  0.129 0.116 0.133 0.147 0.117 0.122 0.148 0.027 0.061 
375 UA00014350    (0)   :  0.290 0.106 0.092 0.160 0.073 0.164 0.096 0.009 0.009 
376 UA00049227    (0)   :  0.099 0.108 0.112 0.139 0.117 0.114 0.139 0.107 0.065 
377 UA00014051    (0)   :  0.154 0.113 0.122 0.144 0.096 0.121 0.135 0.014 0.102 
378 UA00034381    (0)   :  0.139 0.129 0.124 0.131 0.115 0.139 0.130 0.023 0.070 
379 UA00002354    (0)   :  0.227 0.113 0.112 0.166 0.091 0.134 0.125 0.014 0.018 
380 UA00049892    (0)   :  0.155 0.146 0.124 0.121 0.134 0.144 0.106 0.054 0.016 
381 UA00021989    (0)   :  0.151 0.137 0.133 0.137 0.118 0.143 0.129 0.014 0.038 
382 UA00048968    (0)   :  0.134 0.126 0.131 0.150 0.122 0.133 0.151 0.017 0.035 
383 UA00013174    (0)   :  0.171 0.115 0.122 0.146 0.105 0.138 0.133 0.030 0.039 
384 UA00033992    (0)   :  0.120 0.108 0.118 0.132 0.102 0.121 0.147 0.131 0.023 
385 UA00015801    (0)   :  0.255 0.111 0.100 0.152 0.089 0.165 0.108 0.009 0.011 
386 UA00063303    (0)   :  0.099 0.124 0.122 0.092 0.147 0.116 0.093 0.158 0.048 
387 UA00050206    (0)   :  0.116 0.211 0.165 0.095 0.164 0.137 0.082 0.010 0.022 
388 UA00014458    (0)   :  0.129 0.129 0.125 0.124 0.125 0.134 0.123 0.062 0.050 
389 UA00007204    (0)   :  0.134 0.148 0.147 0.097 0.192 0.140 0.093 0.030 0.019 
390 UA00063212    (0)   :  0.087 0.150 0.114 0.085 0.111 0.105 0.083 0.152 0.113 
391 UA00013340    (0)   :  0.114 0.126 0.134 0.129 0.125 0.136 0.154 0.060 0.023 
392 UA00062743    (0)   :  0.132 0.124 0.132 0.168 0.115 0.116 0.137 0.016 0.061 
393 UA00063189    (0)   :  0.070 0.063 0.067 0.076 0.063 0.069 0.079 0.047 0.466 
394 UA00035432    (0)   :  0.134 0.172 0.139 0.121 0.138 0.138 0.118 0.019 0.020 
395 UA00007958    (0)   :  0.141 0.122 0.135 0.161 0.132 0.135 0.136 0.017 0.021 
396 UA00013634    (0)   :  0.158 0.119 0.127 0.170 0.117 0.126 0.134 0.014 0.036 
397 UA00048175    (0)   :  0.261 0.106 0.099 0.159 0.084 0.155 0.106 0.008 0.022 
398 UA00003202    (0)   :  0.123 0.141 0.132 0.143 0.140 0.137 0.136 0.023 0.025 
399 UA00035090    (0)   :  0.128 0.150 0.124 0.119 0.128 0.133 0.125 0.026 0.067 
400 UA00064679    (0)   :  0.102 0.091 0.098 0.108 0.090 0.099 0.105 0.038 0.268 
401 UA00039518    (0)   :  0.161 0.125 0.132 0.144 0.125 0.131 0.131 0.029 0.023 
402 UA00058268    (0)   :  0.145 0.128 0.126 0.136 0.116 0.141 0.147 0.025 0.036 
403 UA00049456    (0)   :  0.108 0.126 0.121 0.107 0.128 0.116 0.116 0.142 0.034 
404 UA00049550    (0)   :  0.106 0.176 0.143 0.106 0.140 0.125 0.102 0.016 0.087 
405 UA00048342    (0)   :  0.114 0.137 0.122 0.121 0.130 0.129 0.137 0.069 0.041 
406 UA00063493    (0)   :  0.151 0.148 0.133 0.131 0.123 0.146 0.137 0.014 0.018 
407 UA00058261    (0)   :  0.159 0.101 0.115 0.151 0.100 0.125 0.130 0.019 0.099 
408 UA00014663    (0)   :  0.130 0.122 0.131 0.135 0.114 0.135 0.160 0.026 0.048 
409 UA00048817    (0)   :  0.125 0.102 0.110 0.126 0.098 0.112 0.130 0.161 0.036 
410 UA00049381    (0)   :  0.170 0.111 0.117 0.162 0.106 0.141 0.127 0.017 0.048 
411 UA00035901    (0)   :  0.095 0.104 0.106 0.111 0.107 0.110 0.129 0.026 0.213 
412 UA00013301    (0)   :  0.101 0.192 0.156 0.097 0.156 0.123 0.084 0.031 0.060 
413 UA00047926    (0)   :  0.163 0.106 0.112 0.143 0.099 0.120 0.128 0.052 0.077 
414 UA00007272    (0)   :  0.130 0.111 0.120 0.145 0.105 0.109 0.141 0.030 0.109 
415 UA00016041    (0)   :  0.121 0.160 0.141 0.115 0.148 0.132 0.117 0.039 0.027 
416 UA00013502    (0)   :  0.162 0.123 0.125 0.143 0.118 0.143 0.125 0.013 0.049 
417 UA00002390    (0)   :  0.123 0.118 0.127 0.135 0.120 0.131 0.148 0.067 0.031 
418 UA00034907    (0)   :  0.114 0.132 0.134 0.138 0.130 0.131 0.155 0.016 0.050 
419 UA00048821    (0)   :  0.115 0.114 0.117 0.120 0.110 0.118 0.131 0.074 0.101 
420 UA00002136    (0)   :  0.104 0.157 0.127 0.115 0.137 0.124 0.121 0.070 0.044 
421 UA00011790    (0)   :  0.133 0.116 0.131 0.166 0.126 0.121 0.132 0.032 0.044 
422 UA00021586    (0)   :  0.114 0.107 0.111 0.117 0.108 0.120 0.120 0.150 0.052 
423 UA00033270    (0)   :  0.129 0.125 0.131 0.135 0.123 0.136 0.143 0.028 0.049 
424 UA00048073    (0)   :  0.129 0.135 0.136 0.126 0.129 0.139 0.141 0.028 0.038 
425 UA00048856    (0)   :  0.122 0.122 0.132 0.141 0.136 0.120 0.134 0.024 0.071 
426 UA00049713    (0)   :  0.204 0.117 0.107 0.145 0.093 0.142 0.127 0.023 0.041 
427 UA00046885    (0)   :  0.122 0.135 0.140 0.132 0.135 0.136 0.145 0.031 0.025 
428 UA00034893    (0)   :  0.179 0.135 0.124 0.131 0.121 0.148 0.123 0.018 0.021 
429 UA00048011    (0)   :  0.152 0.125 0.119 0.139 0.104 0.150 0.132 0.012 0.066 
430 UA00015786    (0)   :  0.105 0.105 0.105 0.116 0.100 0.109 0.121 0.051 0.188 
431 UA00013162    (0)   :  0.135 0.120 0.125 0.180 0.119 0.106 0.136 0.020 0.059 
432 UA00049512    (0)   :  0.115 0.144 0.133 0.120 0.141 0.132 0.128 0.034 0.053 
433 UA00004046    (0)   :  0.174 0.114 0.126 0.169 0.112 0.130 0.134 0.014 0.026 
434 UA00048881    (0)   :  0.097 0.101 0.106 0.116 0.106 0.109 0.122 0.105 0.138 
435 UA00046610    (0)   :  0.112 0.106 0.115 0.137 0.109 0.119 0.137 0.095 0.070 
436 UA00033282    (0)   :  0.114 0.128 0.125 0.130 0.130 0.131 0.146 0.029 0.068 
437 UA00047561    (0)   :  0.152 0.119 0.125 0.152 0.114 0.138 0.153 0.019 0.028 
438 UA00013777    (0)   :  0.118 0.115 0.129 0.148 0.113 0.109 0.140 0.016 0.112 
439 UA00062849    (0)   :  0.116 0.185 0.163 0.099 0.159 0.131 0.093 0.027 0.027 
440 UA00049786    (0)   :  0.209 0.109 0.108 0.160 0.089 0.145 0.111 0.014 0.054 
441 UA00033246    (0)   :  0.113 0.212 0.170 0.091 0.187 0.131 0.068 0.015 0.013 
442 UA00045302    (0)   :  0.129 0.132 0.129 0.140 0.133 0.135 0.152 0.027 0.022 
443 UA00048637    (0)   :  0.203 0.107 0.109 0.152 0.096 0.143 0.123 0.020 0.048 
444 UA00049832    (0)   :  0.119 0.145 0.135 0.099 0.157 0.129 0.102 0.090 0.026 
445 UA00022023    (0)   :  0.117 0.121 0.124 0.151 0.124 0.121 0.151 0.059 0.032 
446 UA00050192    (0)   :  0.113 0.113 0.120 0.133 0.121 0.119 0.150 0.102 0.030 
447 UA00050413    (0)   :  0.127 0.132 0.133 0.135 0.131 0.141 0.137 0.020 0.045 
448 UA00013445    (0)   :  0.141 0.127 0.136 0.156 0.127 0.136 0.148 0.012 0.018 
449 UA00035496    (0)   :  0.100 0.117 0.112 0.115 0.113 0.113 0.134 0.024 0.171 
450 UA00003333    (0)   :  0.095 0.094 0.096 0.103 0.090 0.099 0.114 0.057 0.253 
451 UA00064008    (0)   :  0.110 0.098 0.108 0.119 0.097 0.108 0.123 0.017 0.220 
452 UA00003427    (0)   :  0.102 0.113 0.118 0.119 0.116 0.119 0.133 0.122 0.059 
453 UA00028092    (0)   :  0.086 0.101 0.096 0.096 0.092 0.101 0.102 0.202 0.125 
454    pc003    (0)   :  0.038 0.039 0.038 0.040 0.037 0.038 0.042 0.072 0.655 
455 UA00034440    (0)   :  0.113 0.168 0.147 0.114 0.141 0.133 0.114 0.022 0.047 
456 UA00026062    (0)   :  0.163 0.124 0.121 0.175 0.114 0.115 0.133 0.029 0.026 
