

----------------------------------------------------
STRUCTURE by Pritchard, Stephens and Donnelly (2000)
     and Falush, Stephens and Pritchard (2003)
       Code by Pritchard, Falush and Hubisz
             Version 2.3.4 (Jul 2012)
----------------------------------------------------



Command line arguments:   structure -K 6 -o outputfile_K6_5 
Input File:    Puma_SNP_genotypes_cut_AZ_final_HWEonly.str

Run parameters:
   536 individuals
   22 loci
   6 populations assumed
   100000 Burn-in period
   500000 Reps


--------------------------------------------
Overall proportion of membership of the
sample in each of the 6 clusters

Inferred Clusters
  1      2      3      4      5      6    
0.166  0.170  0.170  0.153  0.170  0.171  

--------------------------------------------

Allele-freq. divergence among pops (Net nucleotide distance),
computed using point estimates of P.

      1       2       3       4       5       6      
 1      -    0.0459  0.0498  0.0732  0.0445  0.0545  
 2   0.0459     -    0.0007  0.0591  0.0005  0.0050  
 3   0.0498  0.0007     -    0.0592  0.0003  0.0021  
 4   0.0732  0.0591  0.0592     -    0.0547  0.0570  
 5   0.0445  0.0005  0.0003  0.0547     -    0.0027  
 6   0.0545  0.0050  0.0021  0.0570  0.0027     -    

Average distances (expected heterozygosity) between individuals in same cluster:
cluster  1  : 0.2670 
cluster  2  : 0.3768 
cluster  3  : 0.3760 
cluster  4  : 0.2953 
cluster  5  : 0.3805 
cluster  6  : 0.3731 

--------------------------------------------
Estimated Ln Prob of Data   = -13263.8
Mean value of ln likelihood = -12311.2
Variance of ln likelihood   = 1905.3
Mean value of alpha         = 0.2320

Mean value of Fst_1         = 0.2805
Mean value of Fst_2         = 0.0575
Mean value of Fst_3         = 0.0859
Mean value of Fst_4         = 0.2793
Mean value of Fst_5         = 0.0508
Mean value of Fst_6         = 0.1019


Inferred ancestry of individuals:
        Label (%Miss) :  Inferred clusters
  1 UA00063336   (13)   :  0.071 0.126 0.113 0.451 0.126 0.113 
  2 UA00048914    (9)   :  0.220 0.175 0.149 0.137 0.184 0.135 
  3 UA00014769   (13)   :  0.026 0.238 0.256 0.063 0.196 0.221 
  4 UA00008132   (13)   :  0.095 0.206 0.185 0.138 0.203 0.173 
  5 UA00030462   (13)   :  0.313 0.146 0.133 0.113 0.162 0.132 
  6 UA00034866   (13)   :  0.198 0.195 0.168 0.044 0.219 0.176 
  7 UA00034800    (9)   :  0.085 0.070 0.069 0.637 0.070 0.069 
  8  Puco006    (9)   :  0.680 0.064 0.056 0.080 0.067 0.053 
  9 UA00048874    (4)   :  0.099 0.096 0.085 0.545 0.098 0.077 
 10 UA00049060    (9)   :  0.053 0.216 0.217 0.129 0.193 0.192 
 11 UA00033413    (9)   :  0.074 0.153 0.228 0.047 0.180 0.318 
 12  Puco021    (9)   :  0.040 0.121 0.211 0.169 0.158 0.302 
 13  Puco026    (9)   :  0.043 0.190 0.202 0.142 0.203 0.221 
 14  Puco008    (9)   :  0.222 0.129 0.110 0.292 0.139 0.108 
 15   M01301    (9)   :  0.134 0.157 0.217 0.037 0.171 0.285 
 16   M06306    (9)   :  0.037 0.105 0.105 0.516 0.115 0.122 
 17 UA00032185    (9)   :  0.131 0.188 0.182 0.117 0.187 0.195 
 18 UA00030792    (9)   :  0.034 0.027 0.027 0.858 0.028 0.027 
 19 UA00031647    (9)   :  0.140 0.147 0.125 0.304 0.164 0.121 
 20 UA00031979    (9)   :  0.120 0.196 0.189 0.100 0.211 0.184 
 21  Puco016    (9)   :  0.311 0.176 0.154 0.053 0.181 0.125 
 22  Puco010    (9)   :  0.076 0.187 0.212 0.081 0.198 0.246 
 23    M1035    (9)   :  0.041 0.211 0.191 0.172 0.217 0.168 
 24 UA00034601    (9)   :  0.167 0.159 0.162 0.148 0.183 0.181 
 25 UA00050388    (9)   :  0.113 0.177 0.171 0.154 0.199 0.184 
 26 UA00048699    (9)   :  0.454 0.142 0.121 0.051 0.129 0.101 
 27 UA00064058    (9)   :  0.045 0.230 0.213 0.109 0.222 0.181 
 28 UA00033981    (9)   :  0.083 0.139 0.207 0.098 0.169 0.303 
 29   F05033    (9)   :  0.054 0.213 0.227 0.066 0.205 0.235 
 30 UA00048520    (4)   :  0.128 0.134 0.148 0.269 0.149 0.172 
 31 UA00048422    (4)   :  0.039 0.043 0.044 0.781 0.045 0.049 
 32    PucoB    (4)   :  0.032 0.184 0.220 0.087 0.221 0.256 
 33 UA00047393    (4)   :  0.057 0.195 0.175 0.248 0.177 0.148 
 34 UA00064521    (4)   :  0.276 0.160 0.145 0.080 0.187 0.152 
 35 UA00003043    (4)   :  0.209 0.214 0.186 0.042 0.197 0.153 
 36 UA00063025    (4)   :  0.187 0.122 0.123 0.286 0.141 0.141 
 37 UA00063826    (4)   :  0.052 0.180 0.209 0.091 0.212 0.255 
 38   F07407    (4)   :  0.049 0.117 0.165 0.303 0.142 0.224 
 39 UA00021658    (4)   :  0.073 0.220 0.208 0.080 0.217 0.202 
 40 UA00003794    (4)   :  0.059 0.131 0.165 0.280 0.154 0.212 
 41 UA00041322    (4)   :  0.112 0.189 0.163 0.155 0.220 0.162 
 42 UA00063316    (4)   :  0.161 0.165 0.151 0.171 0.188 0.164 
 43 UA00047705    (4)   :  0.119 0.171 0.182 0.127 0.193 0.208 
 44 UA00033904    (4)   :  0.070 0.112 0.106 0.497 0.120 0.096 
 45 UA00048100    (4)   :  0.092 0.203 0.208 0.056 0.209 0.233 
 46 UA00032212    (4)   :  0.135 0.135 0.127 0.322 0.144 0.136 
 47 UA00031574    (4)   :  0.068 0.044 0.046 0.746 0.047 0.049 
 48 UA00031228    (4)   :  0.053 0.036 0.035 0.805 0.037 0.034 
 49 UA00047707    (4)   :  0.053 0.277 0.241 0.031 0.223 0.174 
 50 UA00030906    (4)   :  0.048 0.026 0.025 0.851 0.026 0.025 
 51 UA00041567    (4)   :  0.101 0.150 0.205 0.097 0.174 0.273 
 52 UA00007624    (4)   :  0.056 0.203 0.238 0.037 0.208 0.258 
 53 UA00034514    (4)   :  0.086 0.227 0.210 0.064 0.221 0.191 
 54 UA00030480    (4)   :  0.053 0.200 0.168 0.233 0.203 0.143 
 55  Puco012    (4)   :  0.110 0.224 0.201 0.064 0.221 0.180 
 56 UA00038677    (9)   :  0.187 0.145 0.142 0.196 0.167 0.164 
 57 UA00048275    (4)   :  0.073 0.180 0.204 0.062 0.222 0.260 
 58 UA00064055    (4)   :  0.100 0.245 0.206 0.072 0.221 0.156 
 59  Puco009    (4)   :  0.285 0.186 0.164 0.045 0.177 0.143 
 60 UA00064561    (4)   :  0.097 0.266 0.246 0.040 0.194 0.158 
 61 UA00003479    (4)   :  0.119 0.225 0.209 0.055 0.216 0.176 
 62 UA00063747    (4)   :  0.086 0.221 0.233 0.031 0.210 0.219 
 63 UA00002558    (4)   :  0.274 0.160 0.162 0.050 0.178 0.178 
 64 UA00048410    (4)   :  0.270 0.205 0.180 0.034 0.177 0.135 
 65 UA00012249    (4)   :  0.150 0.250 0.210 0.037 0.209 0.145 
 66 UA00033818    (4)   :  0.085 0.078 0.079 0.583 0.084 0.091 
 67  Puco020    (4)   :  0.118 0.199 0.176 0.184 0.181 0.142 
 68 UA00002545    (9)   :  0.058 0.257 0.226 0.113 0.198 0.149 
 69 UA00048508    (4)   :  0.068 0.240 0.219 0.052 0.230 0.192 
 70 UA00064100    (4)   :  0.084 0.207 0.189 0.097 0.243 0.179 
 71 UA00014585    (4)   :  0.105 0.229 0.200 0.068 0.222 0.177 
 72 UA00063698    (4)   :  0.423 0.102 0.098 0.157 0.111 0.109 
 73 UA00049753    (4)   :  0.038 0.119 0.103 0.500 0.130 0.110 
 74 UA00049037    (4)   :  0.051 0.231 0.214 0.096 0.220 0.187 
 75 UA00034941    (4)   :  0.130 0.172 0.163 0.145 0.203 0.187 
 76 UA00008083    (4)   :  0.597 0.084 0.082 0.072 0.085 0.080 
 77 UA00015084    (4)   :  0.372 0.097 0.096 0.220 0.110 0.106 
 78 UA00041010    (9)   :  0.400 0.071 0.063 0.337 0.072 0.056 
 79 UA00035261    (4)   :  0.152 0.138 0.130 0.299 0.149 0.132 
 80 UA00035431    (4)   :  0.106 0.187 0.208 0.034 0.209 0.257 
 81 UA00045274    (0)   :  0.143 0.159 0.174 0.143 0.189 0.192 
 82 UA00028200    (4)   :  0.167 0.101 0.099 0.423 0.112 0.097 
 83 UA00064559    (0)   :  0.037 0.033 0.034 0.824 0.035 0.037 
 84 UA00040808    (0)   :  0.152 0.111 0.098 0.455 0.104 0.081 
 85 UA00049156    (0)   :  0.157 0.097 0.088 0.467 0.102 0.089 
 86 UA00003952    (4)   :  0.602 0.095 0.086 0.051 0.093 0.073 
 87 UA00063954    (0)   :  0.054 0.176 0.155 0.275 0.186 0.155 
 88 UA00062934    (0)   :  0.093 0.148 0.135 0.328 0.163 0.133 
 89 UA00033829    (0)   :  0.215 0.059 0.056 0.549 0.063 0.057 
 90 UA00064351    (4)   :  0.133 0.130 0.207 0.068 0.166 0.296 
 91 UA00003697    (4)   :  0.547 0.086 0.080 0.111 0.093 0.083 
 92 UA00063438    (4)   :  0.124 0.145 0.128 0.317 0.160 0.125 
 93 UA00007608    (0)   :  0.216 0.113 0.108 0.315 0.130 0.118 
 94 UA00019683    (4)   :  0.045 0.086 0.115 0.496 0.101 0.158 
 95 UA00007781    (0)   :  0.097 0.189 0.201 0.079 0.216 0.219 
 96 UA00002915    (0)   :  0.120 0.139 0.120 0.366 0.145 0.109 
 97  Puco031    (4)   :  0.095 0.232 0.204 0.077 0.227 0.165 
 98 UA00048280    (4)   :  0.125 0.168 0.192 0.068 0.200 0.247 
 99 UA00048589    (0)   :  0.069 0.167 0.202 0.145 0.189 0.228 
100 UA00034417    (0)   :  0.185 0.177 0.155 0.172 0.179 0.132 
101 UA00050411    (4)   :  0.053 0.277 0.239 0.032 0.220 0.179 
102  Puco029    (4)   :  0.026 0.214 0.237 0.059 0.207 0.257 
103   F03403    (4)   :  0.067 0.147 0.239 0.035 0.187 0.325 
104 UA00049904    (0)   :  0.077 0.147 0.156 0.251 0.172 0.196 
105 UA00035335    (0)   :  0.022 0.233 0.250 0.046 0.217 0.233 
106 UA00012611    (0)   :  0.050 0.224 0.205 0.071 0.250 0.200 
107 UA00050319    (0)   :  0.039 0.138 0.249 0.036 0.177 0.360 
108 UA00032068    (4)   :  0.041 0.203 0.184 0.188 0.212 0.173 
109 UA00032026    (4)   :  0.060 0.215 0.192 0.143 0.212 0.177 
110 UA00030476    (4)   :  0.034 0.124 0.224 0.126 0.166 0.326 
111 UA00046853    (0)   :  0.057 0.141 0.216 0.107 0.167 0.311 
112 UA00040156    (4)   :  0.033 0.026 0.025 0.862 0.027 0.026 
113 UA00030528    (4)   :  0.049 0.183 0.161 0.296 0.184 0.127 
114  Puco025    (4)   :  0.042 0.272 0.245 0.048 0.204 0.189 
115    pc016    (0)   :  0.034 0.026 0.025 0.864 0.026 0.024 
116 UA00030617    (4)   :  0.036 0.265 0.258 0.034 0.202 0.204 
117 UA00030585    (4)   :  0.053 0.040 0.042 0.774 0.044 0.048 
118 UA00032060    (4)   :  0.051 0.152 0.150 0.316 0.168 0.164 
119    pc007    (0)   :  0.069 0.159 0.218 0.093 0.175 0.287 
120 UA00030798    (4)   :  0.034 0.052 0.049 0.765 0.052 0.048 
121 UA00030778    (4)   :  0.041 0.274 0.234 0.032 0.240 0.179 
122 UA00039674    (4)   :  0.033 0.033 0.031 0.841 0.033 0.030 
123 UA00032241    (4)   :  0.039 0.209 0.243 0.034 0.208 0.267 
124 UA00011624    (0)   :  0.059 0.247 0.223 0.056 0.213 0.201 
125 UA00033779    (4)   :  0.057 0.137 0.241 0.046 0.177 0.342 
126 UA00049402    (4)   :  0.228 0.203 0.176 0.070 0.188 0.135 
127 UA00033653    (0)   :  0.050 0.126 0.244 0.039 0.164 0.377 
128 UA00047738    (0)   :  0.135 0.175 0.182 0.120 0.188 0.199 
129 UA00047502    (4)   :  0.288 0.171 0.144 0.095 0.174 0.129 
130 UA00012014    (4)   :  0.090 0.237 0.202 0.084 0.227 0.160 
131 UA00040729    (0)   :  0.050 0.187 0.224 0.090 0.195 0.253 
132 UA00030392    (4)   :  0.043 0.252 0.233 0.060 0.213 0.199 
133 UA00050033    (0)   :  0.058 0.214 0.208 0.096 0.207 0.217 
134 UA00012152    (0)   :  0.502 0.137 0.123 0.034 0.113 0.091 
135 UA00050406    (0)   :  0.076 0.221 0.192 0.086 0.231 0.194 
136 UA00047973    (0)   :  0.069 0.201 0.210 0.059 0.229 0.232 
137 UA00008051    (0)   :  0.155 0.172 0.163 0.172 0.169 0.169 
138 UA00047337    (4)   :  0.063 0.167 0.160 0.283 0.166 0.162 
139 UA00041604    (4)   :  0.143 0.183 0.170 0.154 0.183 0.168 
140 UA00031704    (4)   :  0.032 0.263 0.243 0.040 0.233 0.190 
141 UA00040423    (4)   :  0.055 0.214 0.195 0.152 0.215 0.169 
142 UA00049433    (0)   :  0.165 0.202 0.179 0.117 0.194 0.142 
143 UA00034816    (0)   :  0.141 0.242 0.221 0.055 0.182 0.159 
144 UA00050214    (0)   :  0.038 0.289 0.260 0.044 0.194 0.175 
145 UA00041073    (0)   :  0.138 0.209 0.190 0.096 0.187 0.180 
146 UA00030318    (4)   :  0.101 0.240 0.223 0.047 0.204 0.186 
147 UA00046845    (0)   :  0.180 0.225 0.198 0.073 0.184 0.141 
148 UA00063946    (0)   :  0.047 0.120 0.238 0.072 0.162 0.361 
149 UA00031374    (4)   :  0.109 0.221 0.210 0.069 0.206 0.185 
150    M1136    (4)   :  0.056 0.169 0.142 0.370 0.147 0.116 
151 UA00034299    (0)   :  0.057 0.275 0.258 0.055 0.189 0.166 
152 UA00002387    (4)   :  0.112 0.251 0.231 0.035 0.210 0.162 
153 UA00021855    (0)   :  0.088 0.186 0.195 0.085 0.209 0.236 
154 UA00014500    (0)   :  0.052 0.232 0.212 0.092 0.237 0.175 
155 UA00050419    (4)   :  0.053 0.290 0.261 0.035 0.188 0.172 
156 UA00031854    (4)   :  0.145 0.197 0.193 0.066 0.209 0.191 
157    pc011    (4)   :  0.069 0.276 0.243 0.040 0.214 0.158 
158 UA00033004    (0)   :  0.076 0.228 0.212 0.116 0.208 0.159 
159 UA00046510    (0)   :  0.207 0.206 0.189 0.051 0.195 0.153 
160 UA00048747    (0)   :  0.105 0.255 0.224 0.053 0.207 0.156 
161 UA00014293    (0)   :  0.072 0.267 0.242 0.043 0.220 0.157 
162 UA00047686    (0)   :  0.245 0.179 0.155 0.107 0.185 0.129 
163 UA00033783    (4)   :  0.153 0.097 0.117 0.376 0.111 0.146 
164 UA00042609    (4)   :  0.324 0.161 0.143 0.100 0.156 0.116 
165 UA00031169    (4)   :  0.045 0.284 0.259 0.052 0.200 0.161 
166 UA00035181    (0)   :  0.045 0.220 0.236 0.028 0.232 0.240 
167 UA00050133    (0)   :  0.090 0.241 0.207 0.072 0.215 0.175 
168  Puco011    (4)   :  0.085 0.262 0.229 0.069 0.204 0.152 
169 UA00041476    (0)   :  0.142 0.223 0.193 0.098 0.192 0.153 
170 UA00046702    (0)   :  0.049 0.281 0.249 0.043 0.209 0.168 
171 UA00019940    (0)   :  0.109 0.222 0.196 0.093 0.199 0.182 
172 UA00049813    (0)   :  0.063 0.183 0.211 0.090 0.194 0.259 
173 UA00064165    (0)   :  0.457 0.119 0.108 0.087 0.124 0.105 
174 UA00064421    (0)   :  0.353 0.167 0.151 0.033 0.166 0.130 
175 UA00064569    (4)   :  0.054 0.255 0.239 0.032 0.209 0.209 
176 UA00003996    (0)   :  0.242 0.205 0.180 0.067 0.170 0.135 
177 UA00064491    (4)   :  0.103 0.244 0.231 0.042 0.189 0.190 
178 UA00011899    (0)   :  0.057 0.229 0.204 0.085 0.233 0.191 
179  Puco015    (4)   :  0.076 0.202 0.185 0.199 0.183 0.154 
180 UA00047929    (4)   :  0.034 0.192 0.243 0.056 0.201 0.273 
181 UA00056669    (0)   :  0.125 0.223 0.194 0.053 0.224 0.180 
182 UA00050176    (0)   :  0.138 0.205 0.180 0.104 0.214 0.159 
183  Puco014    (4)   :  0.118 0.181 0.193 0.085 0.201 0.223 
184 UA00019608    (0)   :  0.125 0.239 0.206 0.057 0.220 0.153 
185 UA00064333    (0)   :  0.083 0.256 0.219 0.062 0.213 0.167 
186  Puco013    (4)   :  0.237 0.191 0.171 0.067 0.192 0.144 
187 UA00016092    (0)   :  0.039 0.283 0.249 0.032 0.206 0.192 
188 UA00019060    (0)   :  0.507 0.088 0.080 0.160 0.090 0.075 
189 UA00063532    (0)   :  0.111 0.206 0.193 0.106 0.196 0.189 
190 UA00064117    (0)   :  0.305 0.111 0.099 0.285 0.108 0.093 
191 UA00011969    (0)   :  0.128 0.193 0.183 0.104 0.203 0.189 
192 UA00034586    (4)   :  0.050 0.212 0.229 0.051 0.213 0.246 
193 UA00030736    (4)   :  0.061 0.235 0.210 0.081 0.233 0.180 
194 UA00048493    (0)   :  0.070 0.226 0.199 0.119 0.211 0.174 
195 UA00040466    (0)   :  0.689 0.069 0.062 0.045 0.072 0.063 
196 UA00047659    (0)   :  0.084 0.220 0.202 0.049 0.249 0.197 
197 UA00042002    (4)   :  0.081 0.142 0.146 0.317 0.158 0.155 
198 UA00062606    (0)   :  0.209 0.193 0.173 0.087 0.187 0.151 
199 UA00030615    (4)   :  0.696 0.069 0.064 0.036 0.070 0.065 
200 UA00048899    (0)   :  0.084 0.216 0.197 0.069 0.239 0.194 
201 UA00047725    (0)   :  0.850 0.029 0.028 0.034 0.030 0.029 
202 UA00030866    (4)   :  0.134 0.216 0.178 0.065 0.231 0.176 
203 UA00034564    (0)   :  0.098 0.236 0.200 0.067 0.236 0.163 
204 UA00046520    (0)   :  0.050 0.138 0.246 0.039 0.173 0.355 
205 UA00035027    (0)   :  0.155 0.178 0.168 0.106 0.206 0.187 
206 UA00035421    (0)   :  0.388 0.163 0.140 0.049 0.148 0.111 
207 UA00062740    (4)   :  0.206 0.168 0.139 0.150 0.192 0.144 
208 UA00012360    (0)   :  0.725 0.061 0.057 0.041 0.061 0.055 
209 UA00050203    (0)   :  0.064 0.211 0.216 0.075 0.218 0.216 
210 UA00040534    (4)   :  0.368 0.100 0.087 0.249 0.110 0.086 
211 UA00031261    (4)   :  0.548 0.080 0.069 0.155 0.084 0.064 
212 UA00031917    (4)   :  0.365 0.096 0.083 0.277 0.106 0.074 
213 UA00040798    (4)   :  0.416 0.114 0.115 0.108 0.119 0.128 
214 UA00030598    (4)   :  0.373 0.131 0.125 0.102 0.140 0.129 
215 UA00050385    (0)   :  0.134 0.224 0.187 0.072 0.226 0.157 
216 UA00058283    (0)   :  0.732 0.046 0.045 0.079 0.049 0.049 
217 UA00042297    (4)   :  0.167 0.103 0.105 0.397 0.115 0.112 
218 UA00015415    (4)   :  0.771 0.050 0.047 0.038 0.051 0.042 
219 UA00035531    (0)   :  0.595 0.077 0.068 0.126 0.076 0.059 
220 UA00048683    (0)   :  0.606 0.095 0.084 0.048 0.091 0.076 
221 UA00046734    (4)   :  0.729 0.058 0.052 0.052 0.058 0.051 
222   pcRF01    (0)   :  0.051 0.289 0.267 0.025 0.201 0.168 
223 UA00007223    (0)   :  0.264 0.177 0.144 0.110 0.181 0.124 
224 UA00013841    (0)   :  0.049 0.187 0.172 0.239 0.187 0.166 
225 UA00014196    (0)   :  0.614 0.082 0.072 0.087 0.082 0.063 
226 UA00034635    (0)   :  0.077 0.235 0.204 0.053 0.235 0.195 
227 UA00047371    (0)   :  0.087 0.140 0.142 0.300 0.173 0.158 
228 UA00063544    (0)   :  0.084 0.145 0.152 0.295 0.157 0.166 
229 UA00064246    (0)   :  0.223 0.149 0.159 0.133 0.168 0.168 
230 UA00064328    (0)   :  0.246 0.159 0.142 0.152 0.168 0.134 
231 UA00002952    (0)   :  0.271 0.141 0.121 0.202 0.150 0.116 
232 UA00064079    (0)   :  0.105 0.178 0.163 0.212 0.185 0.157 
233 UA00046793    (0)   :  0.292 0.140 0.125 0.197 0.142 0.104 
234 UA00034769    (0)   :  0.121 0.091 0.098 0.473 0.099 0.119 
235 UA00034949    (0)   :  0.296 0.169 0.148 0.099 0.170 0.117 
236 UA00063753    (0)   :  0.135 0.125 0.183 0.142 0.154 0.262 
237 UA00015713    (0)   :  0.063 0.153 0.166 0.240 0.172 0.205 
238 UA00003494    (0)   :  0.181 0.209 0.181 0.123 0.177 0.128 
239 UA00056767    (0)   :  0.044 0.138 0.255 0.025 0.174 0.364 
240 UA00014461    (0)   :  0.262 0.167 0.152 0.121 0.163 0.136 
241 UA00034669    (0)   :  0.382 0.105 0.099 0.181 0.128 0.104 
242 UA00048164    (0)   :  0.264 0.175 0.172 0.048 0.186 0.154 
243 UA00007974    (0)   :  0.072 0.145 0.197 0.138 0.183 0.264 
244 UA00016166    (0)   :  0.071 0.165 0.147 0.346 0.154 0.118 
245 UA00015653    (0)   :  0.203 0.120 0.101 0.339 0.134 0.103 
246 UA00063882    (0)   :  0.402 0.123 0.108 0.142 0.126 0.099 
247 UA00049027    (0)   :  0.121 0.122 0.122 0.364 0.133 0.137 
248 UA00018878    (0)   :  0.054 0.121 0.134 0.378 0.145 0.167 
249 UA00038796    (0)   :  0.383 0.133 0.121 0.081 0.152 0.129 
250 UA00013465    (0)   :  0.616 0.078 0.074 0.069 0.084 0.078 
251 UA00014604    (0)   :  0.267 0.135 0.133 0.150 0.157 0.158 
252 UA00041913    (0)   :  0.084 0.111 0.149 0.323 0.130 0.202 
253 UA00021632    (0)   :  0.101 0.086 0.081 0.564 0.089 0.080 
254 UA00064027    (0)   :  0.157 0.164 0.141 0.203 0.194 0.140 
255 UA00015023    (0)   :  0.187 0.219 0.198 0.064 0.180 0.151 
256 UA00050243    (0)   :  0.086 0.155 0.133 0.338 0.164 0.124 
257 UA00048298    (0)   :  0.103 0.215 0.194 0.109 0.198 0.181 
258 UA00050437    (0)   :  0.290 0.166 0.148 0.088 0.173 0.135 
259 UA00014262    (0)   :  0.102 0.185 0.163 0.226 0.179 0.145 
260 UA00049129    (0)   :  0.067 0.184 0.202 0.130 0.186 0.231 
261 UA00014740    (0)   :  0.119 0.165 0.183 0.123 0.186 0.224 
262 UA00049612    (0)   :  0.101 0.062 0.063 0.641 0.065 0.068 
263 UA00014635    (0)   :  0.047 0.143 0.252 0.036 0.177 0.344 
264 UA00014673    (0)   :  0.243 0.124 0.122 0.240 0.141 0.130 
265 UA00033608    (0)   :  0.105 0.097 0.105 0.464 0.108 0.122 
266 UA00064540    (0)   :  0.121 0.139 0.206 0.068 0.175 0.291 
267 UA00050256    (0)   :  0.197 0.149 0.126 0.246 0.160 0.121 
268 UA00015274    (0)   :  0.117 0.225 0.207 0.067 0.210 0.174 
269 UA00062993    (0)   :  0.120 0.178 0.202 0.038 0.216 0.246 
270 UA00038364    (0)   :  0.111 0.159 0.175 0.180 0.184 0.192 
271 UA00014446    (0)   :  0.065 0.225 0.205 0.045 0.251 0.209 
272 UA00063545    (0)   :  0.177 0.081 0.072 0.513 0.085 0.072 
273 UA00040054    (0)   :  0.046 0.239 0.216 0.110 0.214 0.175 
274 UA00058447    (0)   :  0.064 0.192 0.206 0.083 0.224 0.230 
275 UA00046835    (0)   :  0.069 0.182 0.223 0.067 0.200 0.259 
276 UA00014608    (0)   :  0.097 0.200 0.195 0.064 0.227 0.217 
277    pc012    (0)   :  0.154 0.180 0.173 0.109 0.203 0.181 
278    pc002    (0)   :  0.097 0.115 0.105 0.441 0.130 0.111 
279 UA00033690    (0)   :  0.062 0.109 0.170 0.279 0.138 0.241 
280 UA00013688    (0)   :  0.140 0.193 0.177 0.092 0.213 0.185 
281 UA00063666    (0)   :  0.030 0.126 0.218 0.144 0.159 0.323 
282 UA00063292    (0)   :  0.040 0.135 0.245 0.043 0.175 0.362 
283    pc001    (0)   :  0.122 0.201 0.190 0.076 0.220 0.191 
284    pc008    (0)   :  0.085 0.184 0.209 0.087 0.190 0.245 
285 UA00034316    (0)   :  0.232 0.149 0.136 0.241 0.134 0.108 
286 UA00013046    (0)   :  0.036 0.210 0.244 0.056 0.196 0.259 
287 UA00050241    (0)   :  0.030 0.160 0.243 0.055 0.186 0.327 
288 UA00048599    (0)   :  0.049 0.179 0.228 0.042 0.215 0.287 
289 UA00046649    (0)   :  0.055 0.117 0.116 0.473 0.122 0.117 
290 UA00015674    (0)   :  0.085 0.081 0.097 0.524 0.093 0.120 
291 UA00013177    (0)   :  0.146 0.139 0.180 0.156 0.158 0.221 
292 UA00012814    (0)   :  0.104 0.225 0.204 0.074 0.216 0.177 
293 UA00034654    (0)   :  0.052 0.227 0.220 0.052 0.234 0.216 
294 UA00046743    (0)   :  0.058 0.171 0.237 0.053 0.189 0.292 
295 UA00014854    (0)   :  0.029 0.139 0.190 0.223 0.168 0.251 
296 UA00013729    (0)   :  0.075 0.251 0.225 0.077 0.196 0.176 
297 UA00063483    (0)   :  0.044 0.193 0.209 0.062 0.221 0.270 
298 UA00039326    (0)   :  0.060 0.167 0.183 0.215 0.179 0.195 
299 UA00014742    (0)   :  0.039 0.169 0.224 0.062 0.199 0.307 
300 UA00049597    (0)   :  0.026 0.097 0.109 0.524 0.110 0.134 
301 UA00048067    (0)   :  0.101 0.146 0.173 0.168 0.179 0.232 
302 UA00012918    (0)   :  0.030 0.108 0.176 0.291 0.138 0.257 
303 UA00013487    (0)   :  0.032 0.295 0.276 0.036 0.197 0.163 
304 UA00046759    (0)   :  0.231 0.146 0.140 0.174 0.163 0.145 
305 UA00050164    (0)   :  0.059 0.089 0.082 0.615 0.086 0.069 
306 UA00049839    (0)   :  0.074 0.171 0.219 0.052 0.188 0.297 
307 UA00048444    (0)   :  0.045 0.108 0.227 0.120 0.145 0.355 
308 UA00063857    (0)   :  0.032 0.193 0.224 0.082 0.201 0.268 
309 UA00014921    (0)   :  0.033 0.101 0.107 0.520 0.115 0.125 
310 UA00048895    (0)   :  0.067 0.111 0.113 0.468 0.119 0.122 
311 UA00014556    (0)   :  0.207 0.179 0.161 0.076 0.203 0.173 
312    pc009    (0)   :  0.027 0.133 0.249 0.046 0.169 0.376 
313 UA00014959    (0)   :  0.044 0.095 0.103 0.528 0.106 0.123 
314 UA00020709    (0)   :  0.069 0.179 0.182 0.192 0.193 0.185 
315 UA00013126    (0)   :  0.041 0.035 0.037 0.811 0.037 0.039 
316 UA00013695    (0)   :  0.040 0.049 0.048 0.765 0.050 0.048 
317 UA00049344    (0)   :  0.067 0.095 0.088 0.549 0.108 0.094 
318 UA00047614    (0)   :  0.127 0.051 0.049 0.669 0.054 0.050 
319 UA00014221    (0)   :  0.036 0.155 0.248 0.026 0.195 0.341 
320 UA00014346    (0)   :  0.081 0.142 0.213 0.085 0.182 0.298 
321 UA00014245    (0)   :  0.043 0.124 0.157 0.349 0.145 0.182 
322 UA00014696    (0)   :  0.065 0.043 0.040 0.774 0.042 0.036 
323 UA00006991    (0)   :  0.120 0.230 0.193 0.053 0.235 0.169 
324 UA00048948    (0)   :  0.101 0.215 0.193 0.070 0.227 0.194 
325 UA00002239    (0)   :  0.120 0.226 0.202 0.079 0.218 0.155 
326 UA00063459    (0)   :  0.030 0.134 0.237 0.069 0.179 0.351 
327 UA00048356    (0)   :  0.163 0.155 0.180 0.090 0.188 0.224 
328 UA00063940    (0)   :  0.157 0.209 0.191 0.077 0.198 0.167 
329 UA00048130    (0)   :  0.066 0.157 0.223 0.051 0.191 0.312 
330 UA00048903    (0)   :  0.037 0.248 0.252 0.032 0.203 0.228 
331 UA00064643    (0)   :  0.097 0.215 0.206 0.095 0.196 0.191 
332 UA00050233    (0)   :  0.128 0.209 0.206 0.053 0.197 0.207 
333 UA00012507    (0)   :  0.233 0.199 0.174 0.043 0.198 0.152 
334 UA00064416    (0)   :  0.059 0.267 0.244 0.044 0.210 0.176 
335 UA00034724    (0)   :  0.085 0.219 0.212 0.051 0.211 0.221 
336 UA00002621    (0)   :  0.052 0.211 0.235 0.045 0.212 0.244 
337 UA00033203    (0)   :  0.057 0.269 0.243 0.067 0.196 0.168 
338 UA00011996    (0)   :  0.046 0.215 0.190 0.103 0.245 0.201 
339 UA00014408    (0)   :  0.348 0.162 0.144 0.065 0.160 0.121 
340 UA00049502    (0)   :  0.171 0.175 0.180 0.052 0.205 0.218 
341 UA00062695    (0)   :  0.101 0.151 0.191 0.135 0.179 0.242 
342 UA00014072    (0)   :  0.067 0.161 0.217 0.079 0.186 0.290 
343 UA00003334    (0)   :  0.040 0.191 0.239 0.053 0.197 0.281 
344 UA00013835    (0)   :  0.078 0.185 0.193 0.110 0.217 0.218 
345 UA00046760    (0)   :  0.055 0.155 0.166 0.251 0.173 0.199 
346 UA00014241    (0)   :  0.075 0.226 0.223 0.045 0.217 0.214 
347 UA00049585    (0)   :  0.033 0.187 0.220 0.055 0.222 0.283 
348 UA00013409    (0)   :  0.199 0.128 0.186 0.072 0.152 0.263 
349 UA00047548    (0)   :  0.036 0.228 0.221 0.067 0.246 0.201 
350 UA00049038    (0)   :  0.124 0.113 0.115 0.387 0.125 0.135 
351 UA00047612    (0)   :  0.094 0.216 0.204 0.053 0.227 0.207 
352 UA00014822    (0)   :  0.178 0.113 0.104 0.362 0.134 0.109 
353 UA00035299    (0)   :  0.072 0.240 0.216 0.074 0.215 0.184 
354 UA00012804    (0)   :  0.081 0.127 0.118 0.407 0.141 0.125 
355 UA00049578    (0)   :  0.196 0.181 0.177 0.061 0.193 0.191 
356 UA00047672    (0)   :  0.066 0.278 0.255 0.043 0.199 0.159 
357 UA00043961    (0)   :  0.089 0.068 0.070 0.623 0.072 0.078 
358 UA00064575    (0)   :  0.252 0.145 0.162 0.067 0.167 0.207 
359 UA00014732    (0)   :  0.100 0.230 0.220 0.044 0.220 0.186 
360 UA00050181    (0)   :  0.093 0.243 0.207 0.032 0.245 0.180 
361 UA00033369    (0)   :  0.101 0.159 0.143 0.308 0.165 0.124 
362 UA00011982    (0)   :  0.029 0.296 0.276 0.032 0.190 0.177 
363 UA00014590    (0)   :  0.094 0.218 0.196 0.144 0.199 0.149 
364 UA00047743    (0)   :  0.042 0.267 0.240 0.047 0.224 0.180 
365 UA00046621    (0)   :  0.032 0.273 0.248 0.041 0.220 0.186 
366 UA00050422    (0)   :  0.184 0.201 0.189 0.056 0.199 0.172 
367 UA00002760    (0)   :  0.059 0.208 0.194 0.124 0.203 0.212 
368 UA00012999    (0)   :  0.051 0.218 0.188 0.170 0.208 0.165 
369 UA00063838    (0)   :  0.063 0.222 0.240 0.046 0.193 0.236 
370 UA00003729    (0)   :  0.214 0.117 0.128 0.248 0.138 0.155 
371 UA00015348    (0)   :  0.086 0.140 0.209 0.101 0.168 0.296 
372 UA00019058    (0)   :  0.127 0.135 0.214 0.067 0.168 0.290 
373 UA00049549    (0)   :  0.031 0.109 0.219 0.155 0.146 0.339 
374 UA00014334    (0)   :  0.145 0.223 0.189 0.076 0.211 0.155 
375 UA00014350    (0)   :  0.024 0.310 0.288 0.025 0.184 0.169 
376 UA00049227    (0)   :  0.137 0.166 0.134 0.251 0.181 0.131 
377 UA00014051    (0)   :  0.200 0.229 0.197 0.034 0.191 0.148 
378 UA00034381    (0)   :  0.136 0.209 0.200 0.059 0.197 0.199 
379 UA00002354    (0)   :  0.042 0.285 0.258 0.036 0.204 0.175 
380 UA00049892    (0)   :  0.037 0.189 0.224 0.128 0.178 0.244 
381 UA00021989    (0)   :  0.083 0.229 0.231 0.036 0.210 0.211 
382 UA00048968    (0)   :  0.085 0.240 0.216 0.047 0.223 0.188 
383 UA00013174    (0)   :  0.089 0.257 0.223 0.068 0.202 0.161 
384 UA00033992    (0)   :  0.051 0.196 0.169 0.253 0.191 0.139 
385 UA00015801    (0)   :  0.028 0.285 0.271 0.025 0.202 0.189 
386 UA00063303    (0)   :  0.083 0.132 0.146 0.327 0.140 0.173 
387 UA00050206    (0)   :  0.047 0.146 0.241 0.028 0.178 0.360 
388 UA00014458    (0)   :  0.098 0.190 0.196 0.126 0.187 0.204 
389 UA00007204    (0)   :  0.046 0.165 0.228 0.089 0.186 0.286 
390 UA00063212    (0)   :  0.172 0.119 0.145 0.236 0.136 0.192 
391 UA00013340    (0)   :  0.053 0.193 0.187 0.152 0.221 0.195 
392 UA00062743    (0)   :  0.142 0.240 0.208 0.040 0.220 0.149 
393 UA00063189    (0)   :  0.519 0.105 0.100 0.087 0.101 0.088 
394 UA00035432    (0)   :  0.047 0.198 0.229 0.048 0.203 0.275 
395 UA00007958    (0)   :  0.052 0.246 0.226 0.045 0.232 0.200 
396 UA00013634    (0)   :  0.084 0.268 0.224 0.038 0.227 0.160 
397 UA00048175    (0)   :  0.052 0.300 0.274 0.022 0.191 0.161 
398 UA00003202    (0)   :  0.062 0.216 0.212 0.059 0.227 0.224 
399 UA00035090    (0)   :  0.138 0.188 0.198 0.069 0.188 0.218 
400 UA00064679    (0)   :  0.375 0.149 0.138 0.077 0.141 0.121 
401 UA00039518    (0)   :  0.054 0.241 0.232 0.060 0.214 0.199 
402 UA00058268    (0)   :  0.080 0.227 0.211 0.068 0.218 0.196 
403 UA00049456    (0)   :  0.075 0.149 0.157 0.270 0.160 0.189 
404 UA00049550    (0)   :  0.155 0.164 0.199 0.043 0.178 0.260 
405 UA00048342    (0)   :  0.084 0.174 0.173 0.195 0.184 0.191 
406 UA00063493    (0)   :  0.046 0.235 0.231 0.038 0.214 0.236 
407 UA00058261    (0)   :  0.188 0.230 0.204 0.045 0.189 0.144 
408 UA00014663    (0)   :  0.102 0.229 0.201 0.072 0.228 0.168 
409 UA00048817    (0)   :  0.083 0.198 0.169 0.245 0.172 0.133 
410 UA00049381    (0)   :  0.099 0.263 0.232 0.042 0.206 0.159 
411 UA00035901    (0)   :  0.317 0.157 0.139 0.074 0.171 0.141 
412 UA00013301    (0)   :  0.124 0.134 0.209 0.074 0.162 0.298 
413 UA00047926    (0)   :  0.136 0.236 0.199 0.107 0.182 0.139 
414 UA00007272    (0)   :  0.239 0.198 0.176 0.077 0.180 0.130 
415 UA00016041    (0)   :  0.064 0.175 0.208 0.111 0.186 0.255 
416 UA00013502    (0)   :  0.099 0.235 0.226 0.033 0.200 0.208 
417 UA00002390    (0)   :  0.072 0.207 0.179 0.169 0.215 0.158 
418 UA00034907    (0)   :  0.117 0.211 0.189 0.049 0.230 0.202 
419 UA00048821    (0)   :  0.168 0.173 0.158 0.193 0.163 0.145 
420 UA00002136    (0)   :  0.104 0.150 0.162 0.191 0.179 0.214 
421 UA00011790    (0)   :  0.100 0.242 0.208 0.072 0.216 0.162 
422 UA00021586    (0)   :  0.102 0.168 0.158 0.260 0.165 0.147 
423 UA00033270    (0)   :  0.112 0.211 0.196 0.072 0.208 0.199 
424 UA00048073    (0)   :  0.083 0.205 0.210 0.077 0.204 0.221 
425 UA00048856    (0)   :  0.170 0.200 0.188 0.065 0.204 0.173 
426 UA00049713    (0)   :  0.085 0.256 0.233 0.063 0.189 0.174 
427 UA00046885    (0)   :  0.063 0.211 0.216 0.072 0.224 0.215 
428 UA00034893    (0)   :  0.049 0.238 0.237 0.054 0.202 0.221 
429 UA00048011    (0)   :  0.126 0.240 0.219 0.031 0.198 0.186 
430 UA00015786    (0)   :  0.263 0.168 0.149 0.119 0.162 0.138 
431 UA00013162    (0)   :  0.141 0.231 0.203 0.065 0.215 0.145 
432 UA00049512    (0)   :  0.115 0.176 0.190 0.095 0.196 0.228 
433 UA00004046    (0)   :  0.066 0.279 0.244 0.035 0.217 0.159 
434 UA00048881    (0)   :  0.260 0.142 0.126 0.196 0.151 0.125 
435 UA00046610    (0)   :  0.149 0.187 0.164 0.184 0.180 0.136 
436 UA00033282    (0)   :  0.138 0.190 0.177 0.099 0.207 0.190 
437 UA00047561    (0)   :  0.068 0.259 0.229 0.050 0.220 0.173 
438 UA00013777    (0)   :  0.231 0.200 0.179 0.044 0.201 0.144 
439 UA00062849    (0)   :  0.061 0.157 0.232 0.062 0.182 0.307 
440 UA00049786    (0)   :  0.103 0.275 0.249 0.032 0.187 0.153 
441 UA00033246    (0)   :  0.031 0.135 0.247 0.040 0.172 0.374 
442 UA00045302    (0)   :  0.056 0.224 0.201 0.086 0.234 0.199 
443 UA00048637    (0)   :  0.096 0.269 0.238 0.045 0.195 0.157 
444 UA00049832    (0)   :  0.053 0.147 0.185 0.223 0.165 0.227 
445 UA00022023    (0)   :  0.077 0.209 0.180 0.163 0.215 0.157 
446 UA00050192    (0)   :  0.067 0.183 0.157 0.258 0.195 0.140 
447 UA00050413    (0)   :  0.098 0.212 0.207 0.064 0.208 0.211 
448 UA00013445    (0)   :  0.046 0.261 0.234 0.034 0.237 0.188 
449 UA00035496    (0)   :  0.283 0.158 0.155 0.067 0.180 0.157 
450 UA00003333    (0)   :  0.333 0.145 0.126 0.136 0.145 0.115 
451 UA00064008    (0)   :  0.330 0.171 0.156 0.046 0.165 0.132 
452 UA00003427    (0)   :  0.115 0.164 0.155 0.234 0.182 0.149 
453 UA00028092    (0)   :  0.183 0.131 0.123 0.299 0.135 0.129 
454    pc003    (0)   :  0.617 0.067 0.062 0.123 0.068 0.062 
455 UA00034440    (0)   :  0.106 0.164 0.215 0.051 0.194 0.270 
456 UA00026062    (0)   :  0.063 0.271 0.236 0.070 0.207 0.152 
457 UA00014347    (0)   :  0.161 0.173 0.169 0.111 0.207 0.181 
458 UA00021516    (0)   :  0.058 0.275 0.239 0.051 0.205 0.172 
459 UA00049347    (0)   :  0.388 0.158 0.136 0.054 0.145 0.119 
460 UA00063436    (0)   :  0.420 0.105 0.129 0.064 0.121 0.161 
461 UA00047790    (0)   :  0.084 0.244 0.208 0.057 0.239 0.168 
462 UA00045714    (0)   :  0.309 0.152 0.130 0.137 0.153 0.119 
463 UA00038979    (0)   :  0.074 0.139 0.193 0.178 0.163 0.253 
464 UA00016123    (0)   :  0.170 0.199 0.172 0.107 0.202 0.150 
465 UA00034765    (0)   :  0.717 0.068 0.063 0.031 0.067 0.053 
466 UA00063815    (0)   :  0.524 0.078 0.077 0.144 0.090 0.087 
467 UA00034795    (0)   :  0.087 0.166 0.214 0.066 0.186 0.281 
468 UA00004000    (0)   :  0.653 0.076 0.070 0.053 0.079 0.070 
469 UA00049367    (0)   :  0.155 0.174 0.205 0.039 0.188 0.239 
470 UA00034457    (0)   :  0.053 0.234 0.207 0.074 0.241 0.190 
471 UA00050015    (0)   :  0.113 0.163 0.180 0.116 0.204 0.224 
472 UA00021373    (0)   :  0.095 0.224 0.197 0.077 0.222 0.185 
473 UA00050232    (0)   :  0.564 0.080 0.072 0.131 0.083 0.070 
474 UA00038724    (0)   :  0.062 0.177 0.171 0.179 0.208 0.205 
475 UA00007824    (0)   :  0.130 0.215 0.181 0.139 0.198 0.137 
476 UA00048754    (0)   :  0.199 0.215 0.184 0.033 0.216 0.152 
477 UA00014271    (0)   :  0.077 0.219 0.197 0.112 0.204 0.189 
478 UA00013756    (0)   :  0.217 0.127 0.158 0.151 0.145 0.202 
479 UA00014385    (0)   :  0.326 0.143 0.126 0.161 0.133 0.110 
480 UA00049609    (0)   :  0.076 0.172 0.219 0.061 0.199 0.272 
481 UA00003748    (0)   :  0.392 0.156 0.139 0.045 0.157 0.111 
482 UA00063952    (0)   :  0.331 0.168 0.153 0.037 0.173 0.137 
483 UA00058348    (0)   :  0.551 0.102 0.102 0.035 0.107 0.104 
484 UA00014922    (0)   :  0.684 0.065 0.063 0.063 0.064 0.060 
485 UA00003820    (0)   :  0.164 0.232 0.200 0.033 0.214 0.155 
486 UA00013693    (0)   :  0.210 0.182 0.159 0.118 0.187 0.144 
487 UA00047713    (0)   :  0.639 0.090 0.080 0.037 0.086 0.068 
488 UA00034891    (0)   :  0.407 0.127 0.111 0.075 0.149 0.131 
489 UA00049223    (0)   :  0.364 0.153 0.142 0.056 0.150 0.136 
490 UA00064399    (0)   :  0.537 0.053 0.046 0.266 0.056 0.042 
491 UA00013336    (0)   :  0.675 0.057 0.053 0.101 0.059 0.055 
492 UA00035291    (0)   :  0.663 0.072 0.059 0.078 0.074 0.055 
493 UA00003945    (0)   :  0.600 0.087 0.079 0.076 0.084 0.074 
494 UA00014518    (0)   :  0.499 0.123 0.106 0.067 0.116 0.088 
495 UA00013583    (0)   :  0.200 0.086 0.083 0.447 0.094 0.091 
496 UA00011510    (0)   :  0.453 0.119 0.108 0.098 0.121 0.101 
497 UA00046860    (0)   :  0.321 0.168 0.146 0.088 0.156 0.122 
498 UA00048853    (0)   :  0.353 0.124 0.110 0.186 0.124 0.102 
499 UA00012151    (0)   :  0.688 0.070 0.064 0.051 0.073 0.055 
500 UA00063930    (0)   :  0.148 0.089 0.107 0.418 0.103 0.135 
501 UA00013453    (0)   :  0.289 0.145 0.138 0.149 0.147 0.132 
502 UA00039299    (0)   :  0.745 0.051 0.047 0.059 0.051 0.047 
503 UA00014280    (0)   :  0.810 0.040 0.039 0.028 0.042 0.040 
504 UA00014200    (0)   :  0.554 0.114 0.101 0.049 0.102 0.080 
505 UA00040612    (0)   :  0.662 0.054 0.050 0.130 0.057 0.047 
506 UA00062679    (0)   :  0.715 0.052 0.049 0.084 0.053 0.048 
507 UA00034481    (0)   :  0.663 0.076 0.070 0.046 0.079 0.066 
508 UA00011880    (0)   :  0.097 0.108 0.148 0.317 0.128 0.202 
509 UA00013421    (0)   :  0.637 0.052 0.046 0.172 0.053 0.041 
510 UA00048051    (0)   :  0.807 0.038 0.036 0.044 0.039 0.036 
511 UA00063370    (0)   :  0.696 0.044 0.040 0.137 0.043 0.039 
512 UA00014716    (0)   :  0.711 0.052 0.048 0.086 0.054 0.050 
513 UA00033426    (0)   :  0.429 0.119 0.103 0.165 0.103 0.081 
514 UA00015190    (0)   :  0.544 0.057 0.052 0.240 0.058 0.050 
515 UA00013730    (0)   :  0.058 0.219 0.209 0.099 0.217 0.198 
516 UA00047644    (4)   :  0.450 0.102 0.090 0.159 0.112 0.087 
517 UA00031933    (9)   :  0.117 0.233 0.202 0.062 0.219 0.167 
518 UA00031541    (9)   :  0.393 0.123 0.116 0.132 0.122 0.115 
519   PCO-60    (4)   :  0.176 0.193 0.191 0.055 0.199 0.186 
520 UA00030495    (4)   :  0.163 0.175 0.162 0.138 0.194 0.169 
521 UA00031133    (4)   :  0.037 0.130 0.243 0.051 0.171 0.368 
522 UA00032049    (4)   :  0.105 0.149 0.130 0.314 0.172 0.129 
523 UA00030599    (4)   :  0.087 0.123 0.213 0.117 0.158 0.302 
524 UA00030250    (4)   :  0.059 0.265 0.232 0.043 0.226 0.175 
525 UA00049385    (4)   :  0.121 0.143 0.180 0.144 0.176 0.236 
526 UA00031816    (4)   :  0.044 0.127 0.241 0.052 0.178 0.359 
527 UA00030275    (4)   :  0.106 0.207 0.184 0.137 0.206 0.160 
528 UA00041861    (4)   :  0.117 0.214 0.187 0.103 0.215 0.164 
529 UA00041433    (4)   :  0.054 0.243 0.227 0.037 0.235 0.204 
530  PCO-114    (4)   :  0.144 0.240 0.217 0.045 0.204 0.150 
531 UA00031529    (4)   :  0.098 0.210 0.209 0.057 0.212 0.214 
532 UA00039719    (4)   :  0.118 0.230 0.220 0.051 0.189 0.193 
533  PCO-442    (4)   :  0.046 0.271 0.257 0.035 0.216 0.174 
534   PCO-58    (0)   :  0.099 0.255 0.232 0.073 0.193 0.147 
535 UA00048673    (4)   :  0.164 0.195 0.173 0.067 0.216 0.186 
536   PCO-63    (4)   :  0.089 0.210 0.222 0.038 0.206 0.234 


Estimated Allele Frequencies in each cluster
First column gives estimated ancestral frequencies


Locus 1 : PP01 
2 alleles
0.0% missing data
   1   (0.593) 0.327 0.602 0.589 0.891 0.587 0.570 
   2   (0.407) 0.673 0.398 0.411 0.109 0.413 0.430 

Locus 2 : PP02 
2 alleles
0.0% missing data
   1   (0.916) 0.968 0.914 0.906 0.992 0.914 0.898 
   2   (0.084) 0.032 0.086 0.094 0.008 0.086 0.102 

Locus 3 : PP03 
2 alleles
18.3% missing data
   1   (0.791) 0.975 0.808 0.788 0.940 0.785 0.739 
   2   (0.209) 0.025 0.192 0.212 0.060 0.215 0.261 

Locus 4 : PP04 
2 alleles
0.4% missing data
   1   (0.730) 0.964 0.715 0.663 0.647 0.690 0.585 
   2   (0.270) 0.036 0.285 0.337 0.353 0.310 0.415 

Locus 5 : PP06 
2 alleles
0.0% missing data
   1   (0.629) 0.619 0.633 0.657 0.657 0.644 0.700 
   2   (0.371) 0.381 0.367 0.343 0.343 0.356 0.300 

Locus 6 : PP07 
2 alleles
0.0% missing data
   1   (0.698) 0.956 0.689 0.666 0.902 0.673 0.625 
   2   (0.302) 0.044 0.311 0.334 0.098 0.327 0.375 

Locus 7 : PP09 
2 alleles
0.0% missing data
   1   (0.466) 0.056 0.456 0.509 0.620 0.498 0.605 
   2   (0.534) 0.944 0.544 0.491 0.380 0.502 0.395 

Locus 8 : PP10 
2 alleles
0.0% missing data
   1   (0.190) 0.392 0.146 0.116 0.426 0.155 0.109 
   2   (0.810) 0.608 0.854 0.884 0.574 0.845 0.891 

Locus 9 : PP11 
2 alleles
0.0% missing data
   1   (0.680) 0.823 0.656 0.681 0.832 0.690 0.746 
   2   (0.320) 0.177 0.344 0.319 0.168 0.310 0.254 

Locus 10 : PP12 
2 alleles
0.2% missing data
   1   (0.417) 0.095 0.437 0.456 0.260 0.437 0.464 
   2   (0.583) 0.905 0.563 0.544 0.740 0.563 0.536 

Locus 11 : PP13 
2 alleles
0.0% missing data
   1   (0.174) 0.134 0.152 0.132 0.519 0.148 0.109 
   2   (0.826) 0.866 0.848 0.868 0.481 0.852 0.891 

Locus 12 : PP14 
2 alleles
0.2% missing data
   1   (0.871) 0.918 0.855 0.866 0.971 0.877 0.899 
   2   (0.129) 0.082 0.145 0.134 0.029 0.123 0.101 

Locus 13 : PP15 
2 alleles
0.0% missing data
   1   (0.894) 0.932 0.926 0.926 0.354 0.908 0.912 
   2   (0.106) 0.068 0.074 0.074 0.646 0.092 0.088 

Locus 14 : PP16 
2 alleles
0.0% missing data
   1   (0.484) 0.410 0.516 0.563 0.427 0.521 0.608 
   2   (0.516) 0.590 0.484 0.437 0.573 0.479 0.392 

Locus 15 : PP17 
2 alleles
0.2% missing data
   1   (0.657) 0.490 0.657 0.647 0.855 0.650 0.619 
   2   (0.343) 0.510 0.343 0.353 0.145 0.350 0.381 

Locus 16 : PP18 
2 alleles
0.7% missing data
   1   (0.754) 0.925 0.739 0.748 0.902 0.755 0.773 
   2   (0.246) 0.075 0.261 0.252 0.098 0.245 0.227 

Locus 17 : PP20 
2 alleles
0.0% missing data
   1   (0.626) 0.496 0.649 0.650 0.654 0.639 0.628 
   2   (0.374) 0.504 0.351 0.350 0.346 0.361 0.372 

Locus 18 : PP21 
2 alleles
14.9% missing data
   1   (0.865) 0.990 0.862 0.841 0.977 0.849 0.825 
   2   (0.135) 0.010 0.138 0.159 0.023 0.151 0.175 

Locus 19 : PP22 
2 alleles
1.3% missing data
   1   (0.456) 0.108 0.509 0.459 0.048 0.450 0.347 
   2   (0.544) 0.892 0.491 0.541 0.952 0.550 0.653 

Locus 20 : PP23 
2 alleles
0.7% missing data
   1   (0.649) 0.800 0.626 0.633 0.734 0.644 0.654 
   2   (0.351) 0.200 0.374 0.367 0.266 0.356 0.346 

Locus 21 : PP24 
2 alleles
0.2% missing data
   1   (0.791) 0.567 0.835 0.849 0.895 0.816 0.842 
   2   (0.209) 0.433 0.165 0.151 0.105 0.184 0.158 

Locus 22 : PP25 
2 alleles
0.6% missing data
   1   (0.359) 0.474 0.323 0.327 0.753 0.343 0.357 
   2   (0.641) 0.526 0.677 0.673 0.247 0.657 0.643 

Values of parameters used in structure:
