

----------------------------------------------------
STRUCTURE by Pritchard, Stephens and Donnelly (2000)
     and Falush, Stephens and Pritchard (2003)
       Code by Pritchard, Falush and Hubisz
             Version 2.3.4 (Jul 2012)
----------------------------------------------------



Command line arguments:   structure -K 5 -o outputfile_K5_4 
Input File:    Puma_SNP_genotypes_cut_AZ_final_HWEonly.str

Run parameters:
   536 individuals
   22 loci
   5 populations assumed
   100000 Burn-in period
   500000 Reps


--------------------------------------------
Overall proportion of membership of the
sample in each of the 5 clusters

Inferred Clusters
  1      2      3      4      5    
0.205  0.205  0.205  0.197  0.188  

--------------------------------------------

Allele-freq. divergence among pops (Net nucleotide distance),
computed using point estimates of P.

      1       2       3       4       5      
 1      -    0.0006  0.0013  0.0472  0.0497  
 2   0.0006     -    0.0033  0.0530  0.0522  
 3   0.0013  0.0033     -    0.0466  0.0544  
 4   0.0472  0.0530  0.0466     -    0.0654  
 5   0.0497  0.0522  0.0544  0.0654     -    

Average distances (expected heterozygosity) between individuals in same cluster:
cluster  1  : 0.3790 
cluster  2  : 0.3728 
cluster  3  : 0.3760 
cluster  4  : 0.2740 
cluster  5  : 0.3137 

--------------------------------------------
Estimated Ln Prob of Data   = -13082.2
Mean value of ln likelihood = -12332.6
Variance of ln likelihood   = 1499.2
Mean value of alpha         = 0.3184

Mean value of Fst_1         = 0.0737
Mean value of Fst_2         = 0.1042
Mean value of Fst_3         = 0.0757
Mean value of Fst_4         = 0.2644
Mean value of Fst_5         = 0.2444


Inferred ancestry of individuals:
        Label (%Miss) :  Inferred clusters
  1 UA00063336   (13)   :  0.140 0.126 0.140 0.095 0.499 
  2 UA00048914    (9)   :  0.185 0.151 0.196 0.273 0.194 
  3 UA00014769   (13)   :  0.276 0.298 0.298 0.036 0.092 
  4 UA00008132   (13)   :  0.231 0.218 0.239 0.128 0.184 
  5 UA00030462   (13)   :  0.160 0.147 0.155 0.376 0.162 
  6 UA00034866   (13)   :  0.236 0.205 0.229 0.259 0.071 
  7 UA00034800    (9)   :  0.082 0.081 0.082 0.104 0.651 
  8  Puco006    (9)   :  0.073 0.064 0.075 0.675 0.113 
  9 UA00048874    (4)   :  0.098 0.085 0.102 0.118 0.597 
 10 UA00049060    (9)   :  0.248 0.245 0.255 0.074 0.178 
 11 UA00033413    (9)   :  0.278 0.341 0.215 0.099 0.067 
 12  Puco021    (9)   :  0.240 0.315 0.174 0.055 0.217 
 13  Puco026    (9)   :  0.246 0.273 0.229 0.060 0.191 
 14  Puco008    (9)   :  0.130 0.114 0.138 0.246 0.373 
 15   M01301    (9)   :  0.257 0.317 0.211 0.162 0.054 
 16   M06306    (9)   :  0.129 0.129 0.113 0.049 0.580 
 17 UA00032185    (9)   :  0.229 0.224 0.217 0.175 0.155 
 18 UA00030792    (9)   :  0.037 0.036 0.037 0.048 0.842 
 19 UA00031647    (9)   :  0.154 0.126 0.152 0.171 0.397 
 20 UA00031979    (9)   :  0.238 0.212 0.233 0.158 0.159 
 21  Puco016    (9)   :  0.172 0.145 0.196 0.411 0.075 
 22  Puco010    (9)   :  0.265 0.285 0.231 0.101 0.118 
 23    M1035    (9)   :  0.237 0.211 0.262 0.056 0.234 
 24 UA00034601    (9)   :  0.196 0.203 0.175 0.225 0.201 
 25 UA00050388    (9)   :  0.216 0.204 0.200 0.140 0.240 
 26 UA00048699    (9)   :  0.131 0.114 0.143 0.546 0.066 
 27 UA00064058    (9)   :  0.256 0.240 0.287 0.064 0.153 
 28 UA00033981    (9)   :  0.257 0.307 0.191 0.105 0.139 
 29   F05033    (9)   :  0.270 0.296 0.262 0.076 0.096 
 30 UA00048520    (4)   :  0.176 0.184 0.150 0.161 0.329 
 31 UA00048422    (4)   :  0.059 0.061 0.054 0.052 0.775 
 32    PucoB    (4)   :  0.271 0.311 0.246 0.045 0.126 
 33 UA00047393    (4)   :  0.204 0.178 0.220 0.076 0.323 
 34 UA00064521    (4)   :  0.182 0.166 0.174 0.355 0.123 
 35 UA00003043    (4)   :  0.220 0.196 0.255 0.267 0.062 
 36 UA00063025    (4)   :  0.150 0.150 0.132 0.211 0.357 
 37 UA00063826    (4)   :  0.274 0.293 0.226 0.071 0.137 
 38   F07407    (4)   :  0.193 0.237 0.155 0.065 0.350 
 39 UA00021658    (4)   :  0.273 0.259 0.257 0.100 0.111 
 40 UA00003794    (4)   :  0.192 0.230 0.166 0.079 0.333 
 41 UA00041322    (4)   :  0.219 0.176 0.214 0.150 0.241 
 42 UA00063316    (4)   :  0.191 0.178 0.178 0.212 0.241 
 43 UA00047705    (4)   :  0.222 0.230 0.195 0.156 0.197 
 44 UA00033904    (4)   :  0.116 0.108 0.119 0.089 0.568 
 45 UA00048100    (4)   :  0.264 0.275 0.246 0.133 0.084 
 46 UA00032212    (4)   :  0.160 0.153 0.149 0.161 0.376 
 47 UA00031574    (4)   :  0.061 0.063 0.058 0.087 0.730 
 48 UA00031228    (4)   :  0.048 0.046 0.049 0.076 0.781 
 49 UA00047707    (4)   :  0.278 0.254 0.346 0.075 0.047 
 50 UA00030906    (4)   :  0.034 0.033 0.033 0.068 0.832 
 51 UA00041567    (4)   :  0.247 0.294 0.198 0.132 0.129 
 52 UA00007624    (4)   :  0.292 0.317 0.263 0.075 0.053 
 53 UA00034514    (4)   :  0.261 0.255 0.273 0.123 0.088 
 54 UA00030480    (4)   :  0.206 0.162 0.229 0.075 0.329 
 55  Puco012    (4)   :  0.252 0.234 0.261 0.160 0.093 
 56 UA00038677    (9)   :  0.175 0.179 0.161 0.227 0.258 
 57 UA00048275    (4)   :  0.276 0.293 0.232 0.102 0.097 
 58 UA00064055    (4)   :  0.243 0.209 0.297 0.145 0.106 
 59  Puco009    (4)   :  0.191 0.176 0.211 0.354 0.068 
 60 UA00064561    (4)   :  0.245 0.236 0.333 0.130 0.055 
 61 UA00003479    (4)   :  0.249 0.230 0.285 0.163 0.074 
 62 UA00063747    (4)   :  0.271 0.288 0.283 0.114 0.044 
 63 UA00002558    (4)   :  0.206 0.202 0.189 0.329 0.074 
 64 UA00048410    (4)   :  0.191 0.178 0.230 0.354 0.048 
 65 UA00012249    (4)   :  0.228 0.208 0.296 0.218 0.051 
 66 UA00033818    (4)   :  0.101 0.107 0.094 0.102 0.596 
 67  Puco020    (4)   :  0.199 0.180 0.233 0.160 0.228 
 68 UA00002545    (9)   :  0.241 0.224 0.309 0.080 0.147 
 69 UA00048508    (4)   :  0.270 0.257 0.300 0.099 0.074 
 70 UA00064100    (4)   :  0.252 0.213 0.257 0.125 0.152 
 71 UA00014585    (4)   :  0.259 0.229 0.270 0.148 0.095 
 72 UA00063698    (4)   :  0.121 0.122 0.112 0.446 0.199 
 73 UA00049753    (4)   :  0.132 0.115 0.125 0.051 0.577 
 74 UA00049037    (4)   :  0.266 0.251 0.279 0.071 0.133 
 75 UA00034941    (4)   :  0.214 0.204 0.187 0.173 0.222 
 76 UA00008083    (4)   :  0.099 0.098 0.095 0.615 0.094 
 77 UA00015084    (4)   :  0.114 0.115 0.102 0.399 0.269 
 78 UA00041010    (9)   :  0.075 0.066 0.080 0.412 0.367 
 79 UA00035261    (4)   :  0.158 0.146 0.150 0.197 0.349 
 80 UA00035431    (4)   :  0.276 0.294 0.236 0.144 0.050 
 81 UA00045274    (0)   :  0.213 0.225 0.191 0.179 0.192 
 82 UA00028200    (4)   :  0.115 0.109 0.110 0.210 0.457 
 83 UA00064559    (0)   :  0.046 0.046 0.042 0.051 0.814 
 84 UA00040808    (0)   :  0.104 0.092 0.118 0.178 0.508 
 85 UA00049156    (0)   :  0.105 0.099 0.103 0.188 0.506 
 86 UA00003952    (4)   :  0.097 0.083 0.104 0.648 0.068 
 87 UA00063954    (0)   :  0.194 0.164 0.188 0.072 0.382 
 88 UA00062934    (0)   :  0.158 0.144 0.152 0.115 0.431 
 89 UA00033829    (0)   :  0.072 0.070 0.070 0.231 0.557 
 90 UA00064351    (4)   :  0.245 0.311 0.184 0.160 0.100 
 91 UA00003697    (4)   :  0.101 0.094 0.094 0.559 0.151 
 92 UA00063438    (4)   :  0.158 0.137 0.153 0.150 0.401 
 93 UA00007608    (0)   :  0.128 0.120 0.116 0.248 0.388 
 94 UA00019683    (4)   :  0.141 0.172 0.111 0.059 0.518 
 95 UA00007781    (0)   :  0.256 0.264 0.227 0.133 0.120 
 96 UA00002915    (0)   :  0.143 0.127 0.155 0.167 0.408 
 97  Puco031    (4)   :  0.254 0.212 0.288 0.136 0.111 
 98 UA00048280    (4)   :  0.248 0.276 0.204 0.165 0.108 
 99 UA00048589    (0)   :  0.238 0.261 0.209 0.092 0.200 
100 UA00034417    (0)   :  0.183 0.161 0.198 0.227 0.231 
101 UA00050411    (4)   :  0.277 0.268 0.333 0.076 0.046 
102  Puco029    (4)   :  0.287 0.315 0.272 0.037 0.089 
103   F03403    (4)   :  0.279 0.363 0.218 0.089 0.051 
104 UA00049904    (0)   :  0.202 0.210 0.165 0.100 0.323 
105 UA00035335    (0)   :  0.297 0.301 0.303 0.032 0.067 
106 UA00012611    (0)   :  0.280 0.254 0.283 0.074 0.109 
107 UA00050319    (0)   :  0.288 0.394 0.213 0.053 0.052 
108 UA00032068    (4)   :  0.230 0.212 0.238 0.060 0.260 
109 UA00032026    (4)   :  0.240 0.217 0.248 0.085 0.209 
110 UA00030476    (4)   :  0.255 0.344 0.185 0.046 0.169 
111 UA00046853    (0)   :  0.262 0.313 0.200 0.074 0.151 
112 UA00040156    (4)   :  0.036 0.036 0.035 0.046 0.846 
113 UA00030528    (4)   :  0.185 0.150 0.215 0.068 0.383 
114  Puco025    (4)   :  0.272 0.275 0.322 0.061 0.071 
115    pc016    (0)   :  0.035 0.034 0.034 0.049 0.847 
116 UA00030617    (4)   :  0.284 0.280 0.337 0.050 0.048 
117 UA00030585    (4)   :  0.060 0.062 0.053 0.071 0.754 
118 UA00032060    (4)   :  0.188 0.187 0.174 0.070 0.381 
119    pc007    (0)   :  0.262 0.310 0.216 0.089 0.123 
120 UA00030798    (4)   :  0.065 0.062 0.066 0.049 0.757 
121 UA00030778    (4)   :  0.288 0.260 0.343 0.059 0.050 
122 UA00039674    (4)   :  0.042 0.039 0.042 0.047 0.830 
123 UA00032241    (4)   :  0.302 0.323 0.272 0.054 0.049 
124 UA00011624    (0)   :  0.272 0.269 0.289 0.084 0.086 
125 UA00033779    (4)   :  0.277 0.376 0.209 0.075 0.064 
126 UA00049402    (4)   :  0.190 0.169 0.228 0.318 0.094 
127 UA00033653    (0)   :  0.282 0.393 0.201 0.067 0.057 
128 UA00047738    (0)   :  0.225 0.222 0.200 0.171 0.182 
129 UA00047502    (4)   :  0.174 0.143 0.182 0.371 0.130 
130 UA00012014    (4)   :  0.255 0.216 0.276 0.126 0.127 
131 UA00040729    (0)   :  0.266 0.296 0.236 0.070 0.132 
132 UA00030392    (4)   :  0.282 0.264 0.310 0.062 0.082 
133 UA00050033    (0)   :  0.267 0.273 0.254 0.081 0.126 
134 UA00012152    (0)   :  0.128 0.123 0.156 0.544 0.049 
135 UA00050406    (0)   :  0.261 0.230 0.268 0.110 0.130 
136 UA00047973    (0)   :  0.279 0.287 0.252 0.096 0.087 
137 UA00008051    (0)   :  0.200 0.189 0.192 0.185 0.233 
138 UA00047337    (4)   :  0.194 0.195 0.193 0.085 0.333 
139 UA00041604    (4)   :  0.210 0.197 0.206 0.173 0.213 
140 UA00031704    (4)   :  0.286 0.272 0.339 0.047 0.057 
141 UA00040423    (4)   :  0.244 0.209 0.258 0.077 0.212 
142 UA00049433    (0)   :  0.204 0.177 0.233 0.219 0.166 
143 UA00034816    (0)   :  0.231 0.227 0.287 0.181 0.073 
144 UA00050214    (0)   :  0.265 0.268 0.349 0.053 0.065 
145 UA00041073    (0)   :  0.233 0.228 0.231 0.185 0.123 
146 UA00030318    (4)   :  0.253 0.255 0.289 0.136 0.067 
147 UA00046845    (0)   :  0.209 0.194 0.255 0.247 0.095 
148 UA00063946    (0)   :  0.267 0.376 0.188 0.063 0.106 
149 UA00031374    (4)   :  0.257 0.234 0.262 0.147 0.100 
150    M1136    (4)   :  0.171 0.151 0.192 0.079 0.408 
151 UA00034299    (0)   :  0.249 0.251 0.343 0.080 0.077 
152 UA00002387    (4)   :  0.255 0.223 0.317 0.154 0.052 
153 UA00021855    (0)   :  0.258 0.269 0.228 0.117 0.127 
154 UA00014500    (0)   :  0.267 0.234 0.291 0.077 0.131 
155 UA00050419    (4)   :  0.264 0.270 0.340 0.076 0.050 
156 UA00031854    (4)   :  0.241 0.241 0.241 0.188 0.089 
157    pc011    (4)   :  0.256 0.250 0.340 0.098 0.056 
158 UA00033004    (0)   :  0.231 0.215 0.286 0.106 0.162 
159 UA00046510    (0)   :  0.221 0.190 0.246 0.268 0.076 
160 UA00048747    (0)   :  0.247 0.226 0.309 0.141 0.076 
161 UA00014293    (0)   :  0.261 0.238 0.344 0.098 0.059 
162 UA00047686    (0)   :  0.180 0.154 0.207 0.298 0.161 
163 UA00033783    (4)   :  0.140 0.154 0.118 0.182 0.407 
164 UA00042609    (4)   :  0.163 0.145 0.190 0.369 0.133 
165 UA00031169    (4)   :  0.261 0.254 0.351 0.064 0.071 
166 UA00035181    (0)   :  0.294 0.315 0.283 0.066 0.042 
167 UA00050133    (0)   :  0.257 0.235 0.279 0.127 0.102 
168  Puco011    (4)   :  0.242 0.231 0.320 0.116 0.091 
169 UA00041476    (0)   :  0.227 0.199 0.263 0.185 0.126 
170 UA00046702    (0)   :  0.261 0.256 0.352 0.072 0.060 
171 UA00019940    (0)   :  0.242 0.221 0.253 0.141 0.143 
172 UA00049813    (0)   :  0.262 0.289 0.236 0.087 0.126 
173 UA00064165    (0)   :  0.131 0.119 0.128 0.500 0.123 
174 UA00064421    (0)   :  0.179 0.157 0.197 0.420 0.047 
175 UA00064569    (4)   :  0.282 0.282 0.311 0.076 0.049 
176 UA00003996    (0)   :  0.192 0.176 0.222 0.322 0.088 
177 UA00064491    (4)   :  0.258 0.257 0.282 0.145 0.058 
178 UA00011899    (0)   :  0.268 0.246 0.281 0.081 0.124 
179  Puco015    (4)   :  0.208 0.197 0.237 0.105 0.253 
180 UA00047929    (4)   :  0.286 0.335 0.251 0.047 0.081 
181 UA00056669    (0)   :  0.252 0.225 0.267 0.173 0.082 
182 UA00050176    (0)   :  0.223 0.199 0.241 0.193 0.144 
183  Puco014    (4)   :  0.246 0.253 0.214 0.161 0.125 
184 UA00019608    (0)   :  0.248 0.207 0.296 0.168 0.081 
185 UA00064333    (0)   :  0.257 0.227 0.309 0.116 0.092 
186  Puco013    (4)   :  0.202 0.185 0.222 0.295 0.096 
187 UA00016092    (0)   :  0.279 0.288 0.331 0.055 0.047 
188 UA00019060    (0)   :  0.100 0.090 0.104 0.514 0.191 
189 UA00063532    (0)   :  0.239 0.235 0.239 0.152 0.134 
190 UA00064117    (0)   :  0.116 0.107 0.120 0.334 0.324 
191 UA00011969    (0)   :  0.229 0.227 0.225 0.172 0.146 
192 UA00034586    (4)   :  0.287 0.297 0.267 0.073 0.077 
193 UA00030736    (4)   :  0.268 0.234 0.293 0.090 0.115 
194 UA00048493    (0)   :  0.247 0.226 0.266 0.102 0.159 
195 UA00040466    (0)   :  0.078 0.072 0.078 0.709 0.063 
196 UA00047659    (0)   :  0.275 0.251 0.272 0.122 0.080 
197 UA00042002    (4)   :  0.171 0.171 0.157 0.110 0.390 
198 UA00062606    (0)   :  0.202 0.185 0.217 0.269 0.127 
199 UA00030615    (4)   :  0.086 0.079 0.083 0.702 0.051 
200 UA00048899    (0)   :  0.268 0.232 0.270 0.125 0.106 
201 UA00047725    (0)   :  0.040 0.038 0.038 0.834 0.050 
202 UA00030866    (4)   :  0.249 0.200 0.251 0.195 0.104 
203 UA00034564    (0)   :  0.253 0.200 0.289 0.149 0.108 
204 UA00046520    (0)   :  0.285 0.386 0.209 0.065 0.055 
205 UA00035027    (0)   :  0.223 0.207 0.205 0.204 0.161 
206 UA00035421    (0)   :  0.148 0.137 0.176 0.475 0.064 
207 UA00062740    (4)   :  0.181 0.152 0.171 0.265 0.230 
208 UA00012360    (0)   :  0.076 0.070 0.076 0.718 0.060 
209 UA00050203    (0)   :  0.269 0.264 0.265 0.094 0.107 
210 UA00040534    (4)   :  0.109 0.092 0.108 0.381 0.310 
211 UA00031261    (4)   :  0.084 0.071 0.084 0.557 0.204 
212 UA00031917    (4)   :  0.093 0.078 0.096 0.387 0.346 
213 UA00040798    (4)   :  0.151 0.145 0.132 0.439 0.133 
214 UA00030598    (4)   :  0.159 0.143 0.155 0.417 0.126 
215 UA00050385    (0)   :  0.239 0.202 0.270 0.181 0.107 
216 UA00058283    (0)   :  0.062 0.060 0.057 0.715 0.106 
217 UA00042297    (4)   :  0.137 0.129 0.128 0.200 0.406 
218 UA00015415    (4)   :  0.059 0.054 0.062 0.769 0.055 
219 UA00035531    (0)   :  0.080 0.072 0.086 0.604 0.158 
220 UA00048683    (0)   :  0.100 0.093 0.105 0.634 0.068 
221 UA00046734    (4)   :  0.070 0.063 0.070 0.721 0.076 
222   pcRF01    (0)   :  0.263 0.262 0.369 0.070 0.036 
223 UA00007223    (0)   :  0.178 0.147 0.196 0.325 0.155 
224 UA00013841    (0)   :  0.203 0.185 0.208 0.067 0.336 
225 UA00014196    (0)   :  0.083 0.075 0.089 0.643 0.111 
226 UA00034635    (0)   :  0.281 0.248 0.275 0.117 0.079 
227 UA00047371    (0)   :  0.177 0.179 0.158 0.105 0.380 
228 UA00063544    (0)   :  0.183 0.191 0.163 0.110 0.354 
229 UA00064246    (0)   :  0.194 0.194 0.176 0.268 0.168 
230 UA00064328    (0)   :  0.172 0.154 0.173 0.282 0.219 
231 UA00002952    (0)   :  0.145 0.126 0.142 0.322 0.265 
232 UA00064079    (0)   :  0.203 0.183 0.205 0.135 0.275 
233 UA00046793    (0)   :  0.135 0.120 0.152 0.364 0.230 
234 UA00034769    (0)   :  0.122 0.129 0.103 0.150 0.497 
235 UA00034949    (0)   :  0.163 0.133 0.182 0.390 0.133 
236 UA00063753    (0)   :  0.219 0.265 0.163 0.159 0.194 
237 UA00015713    (0)   :  0.209 0.224 0.175 0.085 0.307 
238 UA00003494    (0)   :  0.195 0.175 0.243 0.241 0.146 
239 UA00056767    (0)   :  0.294 0.393 0.220 0.057 0.036 
240 UA00014461    (0)   :  0.167 0.158 0.179 0.348 0.148 
241 UA00034669    (0)   :  0.128 0.117 0.119 0.399 0.237 
242 UA00048164    (0)   :  0.202 0.190 0.215 0.321 0.072 
243 UA00007974    (0)   :  0.234 0.280 0.184 0.096 0.206 
244 UA00016166    (0)   :  0.166 0.140 0.183 0.091 0.420 
245 UA00015653    (0)   :  0.124 0.102 0.121 0.237 0.415 
246 UA00063882    (0)   :  0.125 0.109 0.129 0.462 0.176 
247 UA00049027    (0)   :  0.149 0.146 0.135 0.137 0.433 
248 UA00018878    (0)   :  0.162 0.178 0.133 0.068 0.459 
249 UA00038796    (0)   :  0.148 0.139 0.137 0.454 0.122 
250 UA00013465    (0)   :  0.096 0.088 0.089 0.629 0.098 
251 UA00014604    (0)   :  0.172 0.169 0.150 0.301 0.208 
252 UA00041913    (0)   :  0.180 0.214 0.143 0.105 0.358 
253 UA00021632    (0)   :  0.096 0.088 0.093 0.115 0.608 
254 UA00064027    (0)   :  0.189 0.151 0.189 0.192 0.280 
255 UA00015023    (0)   :  0.209 0.201 0.243 0.259 0.087 
256 UA00050243    (0)   :  0.156 0.137 0.169 0.115 0.423 
257 UA00048298    (0)   :  0.237 0.228 0.250 0.139 0.146 
258 UA00050437    (0)   :  0.177 0.157 0.179 0.358 0.129 
259 UA00014262    (0)   :  0.190 0.175 0.198 0.136 0.302 
260 UA00049129    (0)   :  0.246 0.269 0.219 0.091 0.175 
261 UA00014740    (0)   :  0.226 0.259 0.195 0.161 0.160 
262 UA00049612    (0)   :  0.083 0.081 0.076 0.122 0.637 
263 UA00014635    (0)   :  0.289 0.379 0.220 0.062 0.050 
264 UA00014673    (0)   :  0.144 0.137 0.139 0.260 0.320 
265 UA00033608    (0)   :  0.128 0.134 0.112 0.128 0.498 
266 UA00064540    (0)   :  0.251 0.311 0.193 0.149 0.096 
267 UA00050256    (0)   :  0.154 0.127 0.152 0.254 0.313 
268 UA00015274    (0)   :  0.244 0.221 0.271 0.160 0.103 
269 UA00062993    (0)   :  0.265 0.293 0.224 0.160 0.059 
270 UA00038364    (0)   :  0.207 0.215 0.190 0.141 0.246 
271 UA00014446    (0)   :  0.294 0.252 0.287 0.095 0.073 
272 UA00063545    (0)   :  0.088 0.080 0.086 0.198 0.548 
273 UA00040054    (0)   :  0.258 0.226 0.280 0.066 0.171 
274 UA00058447    (0)   :  0.264 0.280 0.238 0.091 0.128 
275 UA00046835    (0)   :  0.271 0.312 0.229 0.096 0.092 
276 UA00014608    (0)   :  0.265 0.260 0.240 0.137 0.098 
277    pc012    (0)   :  0.222 0.212 0.208 0.201 0.158 
278    pc002    (0)   :  0.139 0.119 0.132 0.118 0.492 
279 UA00033690    (0)   :  0.188 0.239 0.139 0.078 0.356 
280 UA00013688    (0)   :  0.234 0.223 0.223 0.189 0.132 
281 UA00063666    (0)   :  0.251 0.330 0.183 0.039 0.197 
282 UA00063292    (0)   :  0.286 0.380 0.212 0.057 0.065 
283    pc001    (0)   :  0.245 0.229 0.240 0.168 0.118 
284    pc008    (0)   :  0.250 0.279 0.230 0.112 0.129 
285 UA00034316    (0)   :  0.151 0.135 0.175 0.259 0.280 
286 UA00013046    (0)   :  0.284 0.318 0.268 0.050 0.079 
287 UA00050241    (0)   :  0.295 0.350 0.232 0.041 0.083 
288 UA00048599    (0)   :  0.295 0.343 0.232 0.067 0.063 
289 UA00046649    (0)   :  0.135 0.135 0.130 0.070 0.530 
290 UA00015674    (0)   :  0.115 0.132 0.096 0.102 0.555 
291 UA00013177    (0)   :  0.208 0.238 0.176 0.179 0.200 
292 UA00012814    (0)   :  0.245 0.231 0.272 0.143 0.108 
293 UA00034654    (0)   :  0.280 0.279 0.285 0.075 0.081 
294 UA00046743    (0)   :  0.273 0.337 0.236 0.078 0.076 
295 UA00014854    (0)   :  0.219 0.266 0.179 0.039 0.297 
296 UA00013729    (0)   :  0.251 0.240 0.290 0.106 0.113 
297 UA00063483    (0)   :  0.285 0.312 0.242 0.065 0.096 
298 UA00039326    (0)   :  0.215 0.230 0.195 0.083 0.277 
299 UA00014742    (0)   :  0.293 0.332 0.231 0.055 0.088 
300 UA00049597    (0)   :  0.125 0.137 0.108 0.035 0.595 
301 UA00048067    (0)   :  0.213 0.243 0.179 0.122 0.243 
302 UA00012918    (0)   :  0.195 0.257 0.144 0.041 0.363 
303 UA00013487    (0)   :  0.269 0.268 0.369 0.044 0.049 
304 UA00046759    (0)   :  0.176 0.161 0.159 0.262 0.241 
305 UA00050164    (0)   :  0.096 0.088 0.106 0.079 0.631 
306 UA00049839    (0)   :  0.277 0.325 0.227 0.096 0.074 
307 UA00048444    (0)   :  0.254 0.351 0.175 0.059 0.161 
308 UA00063857    (0)   :  0.280 0.311 0.245 0.045 0.118 
309 UA00014921    (0)   :  0.130 0.136 0.116 0.043 0.575 
310 UA00048895    (0)   :  0.137 0.147 0.130 0.087 0.499 
311 UA00014556    (0)   :  0.218 0.190 0.201 0.266 0.124 
312    pc009    (0)   :  0.291 0.394 0.212 0.037 0.067 
313 UA00014959    (0)   :  0.122 0.133 0.107 0.056 0.581 
314 UA00020709    (0)   :  0.214 0.212 0.216 0.098 0.260 
315 UA00013126    (0)   :  0.052 0.053 0.048 0.056 0.790 
316 UA00013695    (0)   :  0.063 0.062 0.062 0.056 0.756 
317 UA00049344    (0)   :  0.106 0.094 0.100 0.082 0.617 
318 UA00047614    (0)   :  0.061 0.059 0.058 0.142 0.681 
319 UA00014221    (0)   :  0.299 0.380 0.234 0.049 0.038 
320 UA00014346    (0)   :  0.258 0.319 0.201 0.105 0.117 
321 UA00014245    (0)   :  0.179 0.205 0.161 0.058 0.397 
322 UA00014696    (0)   :  0.052 0.049 0.057 0.092 0.750 
323 UA00006991    (0)   :  0.258 0.217 0.276 0.165 0.084 
324 UA00048948    (0)   :  0.261 0.235 0.262 0.139 0.103 
325 UA00002239    (0)   :  0.236 0.199 0.279 0.165 0.121 
326 UA00063459    (0)   :  0.279 0.374 0.202 0.041 0.103 
327 UA00048356    (0)   :  0.228 0.256 0.191 0.196 0.129 
328 UA00063940    (0)   :  0.238 0.209 0.237 0.208 0.108 
329 UA00048130    (0)   :  0.278 0.344 0.214 0.090 0.074 
330 UA00048903    (0)   :  0.290 0.311 0.300 0.055 0.045 
331 UA00064643    (0)   :  0.245 0.243 0.241 0.138 0.133 
332 UA00050233    (0)   :  0.251 0.250 0.253 0.170 0.076 
333 UA00012507    (0)   :  0.212 0.181 0.232 0.310 0.065 
334 UA00064416    (0)   :  0.269 0.254 0.332 0.081 0.063 
335 UA00034724    (0)   :  0.269 0.277 0.268 0.114 0.073 
336 UA00002621    (0)   :  0.286 0.308 0.270 0.071 0.065 
337 UA00033203    (0)   :  0.264 0.242 0.328 0.076 0.090 
338 UA00011996    (0)   :  0.268 0.242 0.258 0.067 0.164 
339 UA00014408    (0)   :  0.162 0.149 0.183 0.411 0.095 
340 UA00049502    (0)   :  0.237 0.247 0.216 0.223 0.078 
341 UA00062695    (0)   :  0.232 0.266 0.193 0.131 0.179 
342 UA00014072    (0)   :  0.271 0.319 0.220 0.087 0.102 
343 UA00003334    (0)   :  0.286 0.343 0.241 0.057 0.073 
344 UA00013835    (0)   :  0.250 0.252 0.217 0.108 0.173 
345 UA00046760    (0)   :  0.209 0.222 0.187 0.073 0.308 
346 UA00014241    (0)   :  0.273 0.281 0.271 0.109 0.066 
347 UA00049585    (0)   :  0.297 0.317 0.259 0.045 0.083 
348 UA00013409    (0)   :  0.216 0.272 0.172 0.237 0.102 
349 UA00047548    (0)   :  0.288 0.259 0.301 0.053 0.099 
350 UA00049038    (0)   :  0.144 0.146 0.130 0.148 0.431 
351 UA00047612    (0)   :  0.272 0.258 0.258 0.132 0.080 
352 UA00014822    (0)   :  0.125 0.118 0.118 0.209 0.430 
353 UA00035299    (0)   :  0.267 0.241 0.281 0.107 0.105 
354 UA00012804    (0)   :  0.152 0.139 0.139 0.102 0.468 
355 UA00049578    (0)   :  0.233 0.226 0.210 0.244 0.088 
356 UA00047672    (0)   :  0.255 0.243 0.346 0.093 0.062 
357 UA00043961    (0)   :  0.094 0.097 0.083 0.110 0.617 
358 UA00064575    (0)   :  0.209 0.228 0.172 0.298 0.093 
359 UA00014732    (0)   :  0.269 0.247 0.287 0.133 0.064 
360 UA00050181    (0)   :  0.280 0.228 0.304 0.136 0.053 
361 UA00033369    (0)   :  0.165 0.144 0.181 0.134 0.377 
362 UA00011982    (0)   :  0.273 0.277 0.364 0.042 0.045 
363 UA00014590    (0)   :  0.221 0.199 0.254 0.132 0.194 
364 UA00047743    (0)   :  0.286 0.247 0.334 0.060 0.073 
365 UA00046621    (0)   :  0.278 0.269 0.349 0.045 0.059 
366 UA00050422    (0)   :  0.227 0.210 0.232 0.245 0.084 
367 UA00002760    (0)   :  0.257 0.256 0.239 0.081 0.167 
368 UA00012999    (0)   :  0.239 0.205 0.256 0.071 0.228 
369 UA00063838    (0)   :  0.280 0.291 0.270 0.091 0.068 
370 UA00003729    (0)   :  0.156 0.165 0.134 0.247 0.298 
371 UA00015348    (0)   :  0.252 0.309 0.197 0.110 0.132 
372 UA00019058    (0)   :  0.247 0.314 0.192 0.157 0.089 
373 UA00049549    (0)   :  0.246 0.338 0.172 0.042 0.202 
374 UA00014334    (0)   :  0.225 0.201 0.256 0.208 0.110 
375 UA00014350    (0)   :  0.263 0.282 0.385 0.034 0.036 
376 UA00049227    (0)   :  0.171 0.136 0.176 0.175 0.341 
377 UA00014051    (0)   :  0.220 0.196 0.271 0.267 0.046 
378 UA00034381    (0)   :  0.240 0.250 0.247 0.179 0.084 
379 UA00002354    (0)   :  0.276 0.262 0.352 0.059 0.051 
380 UA00049892    (0)   :  0.258 0.286 0.234 0.052 0.170 
381 UA00021989    (0)   :  0.268 0.272 0.291 0.117 0.052 
382 UA00048968    (0)   :  0.267 0.245 0.294 0.125 0.069 
383 UA00013174    (0)   :  0.248 0.235 0.294 0.130 0.093 
384 UA00033992    (0)   :  0.205 0.178 0.233 0.071 0.314 
385 UA00015801    (0)   :  0.281 0.289 0.354 0.040 0.037 
386 UA00063303    (0)   :  0.166 0.186 0.150 0.103 0.395 
387 UA00050206    (0)   :  0.296 0.381 0.220 0.062 0.040 
388 UA00014458    (0)   :  0.235 0.244 0.231 0.130 0.160 
389 UA00007204    (0)   :  0.263 0.325 0.220 0.063 0.129 
390 UA00063212    (0)   :  0.183 0.199 0.150 0.199 0.270 
391 UA00013340    (0)   :  0.242 0.233 0.237 0.075 0.213 
392 UA00062743    (0)   :  0.235 0.205 0.289 0.213 0.058 
393 UA00063189    (0)   :  0.112 0.107 0.118 0.561 0.103 
394 UA00035432    (0)   :  0.288 0.323 0.258 0.064 0.067 
395 UA00007958    (0)   :  0.279 0.276 0.305 0.074 0.065 
396 UA00013634    (0)   :  0.257 0.233 0.332 0.122 0.055 
397 UA00048175    (0)   :  0.260 0.272 0.362 0.075 0.031 
398 UA00003202    (0)   :  0.277 0.277 0.271 0.091 0.085 
399 UA00035090    (0)   :  0.242 0.256 0.225 0.177 0.099 
400 UA00064679    (0)   :  0.150 0.146 0.164 0.442 0.099 
401 UA00039518    (0)   :  0.270 0.272 0.299 0.076 0.083 
402 UA00058268    (0)   :  0.265 0.247 0.276 0.113 0.100 
403 UA00049456    (0)   :  0.199 0.206 0.172 0.097 0.326 
404 UA00049550    (0)   :  0.254 0.282 0.215 0.186 0.062 
405 UA00048342    (0)   :  0.218 0.207 0.201 0.104 0.270 
406 UA00063493    (0)   :  0.292 0.299 0.288 0.065 0.056 
407 UA00058261    (0)   :  0.215 0.204 0.270 0.248 0.063 
408 UA00014663    (0)   :  0.258 0.210 0.283 0.141 0.107 
409 UA00048817    (0)   :  0.198 0.171 0.221 0.120 0.290 
410 UA00049381    (0)   :  0.248 0.240 0.319 0.136 0.057 
411 UA00035901    (0)   :  0.181 0.162 0.173 0.373 0.111 
412 UA00013301    (0)   :  0.246 0.313 0.188 0.151 0.101 
413 UA00047926    (0)   :  0.225 0.197 0.263 0.177 0.138 
414 UA00007272    (0)   :  0.190 0.164 0.221 0.318 0.107 
415 UA00016041    (0)   :  0.257 0.277 0.223 0.083 0.159 
416 UA00013502    (0)   :  0.261 0.276 0.279 0.137 0.047 
417 UA00002390    (0)   :  0.220 0.199 0.241 0.100 0.239 
418 UA00034907    (0)   :  0.266 0.241 0.249 0.167 0.078 
419 UA00048821    (0)   :  0.181 0.172 0.188 0.205 0.254 
420 UA00002136    (0)   :  0.217 0.219 0.178 0.130 0.255 
421 UA00011790    (0)   :  0.245 0.222 0.289 0.146 0.097 
422 UA00021586    (0)   :  0.188 0.182 0.191 0.140 0.300 
423 UA00033270    (0)   :  0.248 0.244 0.247 0.158 0.103 
424 UA00048073    (0)   :  0.256 0.278 0.250 0.108 0.108 
425 UA00048856    (0)   :  0.221 0.219 0.225 0.243 0.092 
426 UA00049713    (0)   :  0.251 0.241 0.297 0.120 0.091 
427 UA00046885    (0)   :  0.277 0.276 0.255 0.091 0.101 
428 UA00034893    (0)   :  0.280 0.285 0.285 0.069 0.081 
429 UA00048011    (0)   :  0.255 0.247 0.282 0.170 0.046 
430 UA00015786    (0)   :  0.182 0.171 0.191 0.304 0.152 
431 UA00013162    (0)   :  0.233 0.188 0.279 0.202 0.097 
432 UA00049512    (0)   :  0.238 0.258 0.216 0.152 0.135 
433 UA00004046    (0)   :  0.264 0.246 0.340 0.100 0.049 
434 UA00048881    (0)   :  0.156 0.142 0.155 0.309 0.238 
435 UA00046610    (0)   :  0.190 0.170 0.202 0.208 0.228 
436 UA00033282    (0)   :  0.228 0.216 0.223 0.181 0.152 
437 UA00047561    (0)   :  0.263 0.232 0.332 0.100 0.073 
438 UA00013777    (0)   :  0.203 0.185 0.228 0.320 0.064 
439 UA00062849    (0)   :  0.281 0.336 0.219 0.082 0.083 
440 UA00049786    (0)   :  0.242 0.238 0.333 0.142 0.045 
441 UA00033246    (0)   :  0.292 0.393 0.213 0.043 0.059 
442 UA00045302    (0)   :  0.269 0.235 0.279 0.080 0.138 
443 UA00048637    (0)   :  0.247 0.242 0.318 0.132 0.062 
444 UA00049832    (0)   :  0.213 0.246 0.186 0.070 0.285 
445 UA00022023    (0)   :  0.226 0.184 0.238 0.112 0.240 
446 UA00050192    (0)   :  0.195 0.159 0.199 0.093 0.354 
447 UA00050413    (0)   :  0.252 0.260 0.257 0.131 0.099 
448 UA00013445    (0)   :  0.289 0.261 0.331 0.068 0.051 
449 UA00035496    (0)   :  0.194 0.185 0.183 0.337 0.100 
450 UA00003333    (0)   :  0.151 0.140 0.160 0.369 0.180 
451 UA00064008    (0)   :  0.178 0.164 0.194 0.398 0.066 
452 UA00003427    (0)   :  0.188 0.172 0.187 0.156 0.297 
453 UA00028092    (0)   :  0.156 0.151 0.146 0.217 0.329 
454    pc003    (0)   :  0.078 0.074 0.079 0.625 0.143 
455 UA00034440    (0)   :  0.262 0.311 0.219 0.139 0.069 
456 UA00026062    (0)   :  0.252 0.233 0.329 0.089 0.097 
457 UA00014347    (0)   :  0.217 0.206 0.200 0.209 0.168 
458 UA00021516    (0)   :  0.261 0.251 0.334 0.082 0.071 
459 UA00049347    (0)   :  0.155 0.148 0.175 0.447 0.075 
460 UA00063436    (0)   :  0.158 0.175 0.127 0.450 0.089 
461 UA00047790    (0)   :  0.264 0.217 0.305 0.127 0.087 
462 UA00045714    (0)   :  0.160 0.141 0.164 0.365 0.170 
463 UA00038979    (0)   :  0.228 0.273 0.183 0.098 0.217 
464 UA00016123    (0)   :  0.213 0.180 0.228 0.237 0.143 
465 UA00034765    (0)   :  0.075 0.068 0.078 0.735 0.044 
466 UA00063815    (0)   :  0.097 0.095 0.087 0.533 0.188 
467 UA00034795    (0)   :  0.262 0.316 0.214 0.119 0.088 
468 UA00004000    (0)   :  0.091 0.085 0.088 0.659 0.076 
469 UA00049367    (0)   :  0.249 0.284 0.219 0.192 0.056 
470 UA00034457    (0)   :  0.275 0.241 0.298 0.079 0.107 
471 UA00050015    (0)   :  0.232 0.255 0.205 0.143 0.165 
472 UA00021373    (0)   :  0.255 0.238 0.260 0.136 0.111 
473 UA00050232    (0)   :  0.085 0.082 0.084 0.587 0.162 
474 UA00038724    (0)   :  0.233 0.227 0.207 0.083 0.250 
475 UA00007824    (0)   :  0.210 0.183 0.248 0.171 0.189 
476 UA00048754    (0)   :  0.226 0.178 0.251 0.295 0.051 
477 UA00014271    (0)   :  0.245 0.247 0.252 0.108 0.148 
478 UA00013756    (0)   :  0.187 0.216 0.151 0.247 0.198 
479 UA00014385    (0)   :  0.140 0.126 0.152 0.384 0.197 
480 UA00049609    (0)   :  0.266 0.317 0.233 0.099 0.084 
481 UA00003748    (0)   :  0.155 0.132 0.171 0.476 0.065 
482 UA00063952    (0)   :  0.177 0.162 0.183 0.424 0.054 
483 UA00058348    (0)   :  0.128 0.128 0.120 0.573 0.050 
484 UA00014922    (0)   :  0.079 0.078 0.080 0.682 0.081 
485 UA00003820    (0)   :  0.231 0.200 0.274 0.246 0.049 
486 UA00013693    (0)   :  0.197 0.173 0.201 0.274 0.155 
487 UA00047713    (0)   :  0.092 0.082 0.101 0.675 0.051 
488 UA00034891    (0)   :  0.151 0.138 0.136 0.458 0.117 
489 UA00049223    (0)   :  0.171 0.168 0.171 0.410 0.079 
490 UA00064399    (0)   :  0.057 0.049 0.061 0.520 0.313 
491 UA00013336    (0)   :  0.070 0.067 0.067 0.666 0.130 
492 UA00035291    (0)   :  0.074 0.060 0.076 0.675 0.114 
493 UA00003945    (0)   :  0.099 0.091 0.101 0.610 0.099 
494 UA00014518    (0)   :  0.123 0.108 0.135 0.547 0.086 
495 UA00013583    (0)   :  0.100 0.098 0.090 0.225 0.487 
496 UA00011510    (0)   :  0.126 0.117 0.127 0.504 0.125 
497 UA00046860    (0)   :  0.164 0.153 0.183 0.388 0.111 
498 UA00048853    (0)   :  0.129 0.119 0.132 0.398 0.222 
499 UA00012151    (0)   :  0.075 0.067 0.082 0.705 0.072 
500 UA00063930    (0)   :  0.132 0.148 0.111 0.174 0.435 
501 UA00013453    (0)   :  0.166 0.158 0.163 0.332 0.182 
502 UA00039299    (0)   :  0.062 0.059 0.062 0.740 0.078 
503 UA00014280    (0)   :  0.055 0.053 0.053 0.799 0.040 
504 UA00014200    (0)   :  0.104 0.098 0.123 0.612 0.064 
505 UA00040612    (0)   :  0.064 0.058 0.066 0.652 0.161 
506 UA00062679    (0)   :  0.066 0.061 0.063 0.698 0.112 
507 UA00034481    (0)   :  0.090 0.081 0.089 0.676 0.065 
508 UA00011880    (0)   :  0.176 0.201 0.138 0.119 0.366 
509 UA00013421    (0)   :  0.058 0.049 0.059 0.620 0.214 
510 UA00048051    (0)   :  0.047 0.045 0.047 0.799 0.062 
511 UA00063370    (0)   :  0.053 0.048 0.051 0.673 0.175 
512 UA00014716    (0)   :  0.069 0.062 0.063 0.686 0.121 
513 UA00033426    (0)   :  0.118 0.101 0.132 0.450 0.200 
514 UA00015190    (0)   :  0.067 0.059 0.066 0.518 0.291 
515 UA00013730    (0)   :  0.255 0.263 0.259 0.082 0.140 
516 UA00047644    (4)   :  0.109 0.093 0.111 0.462 0.224 
517 UA00031933    (9)   :  0.243 0.215 0.275 0.176 0.090 
518 UA00031541    (9)   :  0.139 0.140 0.142 0.423 0.156 
519   PCO-60    (4)   :  0.231 0.220 0.228 0.237 0.084 
520 UA00030495    (4)   :  0.208 0.194 0.198 0.214 0.185 
521 UA00031133    (4)   :  0.282 0.386 0.201 0.050 0.080 
522 UA00032049    (4)   :  0.161 0.144 0.152 0.140 0.403 
523 UA00030599    (4)   :  0.241 0.317 0.175 0.106 0.161 
524 UA00030250    (4)   :  0.281 0.251 0.322 0.081 0.065 
525 UA00049385    (4)   :  0.216 0.251 0.179 0.145 0.209 
526 UA00031816    (4)   :  0.280 0.385 0.199 0.057 0.079 
527 UA00030275    (4)   :  0.221 0.196 0.240 0.155 0.188 
528 UA00041861    (4)   :  0.232 0.205 0.245 0.171 0.147 
529 UA00041433    (4)   :  0.292 0.264 0.308 0.081 0.055 
530  PCO-114    (4)   :  0.230 0.214 0.287 0.204 0.064 
531 UA00031529    (4)   :  0.261 0.262 0.252 0.140 0.085 
532 UA00039719    (4)   :  0.250 0.252 0.267 0.163 0.069 
533  PCO-442    (4)   :  0.270 0.269 0.344 0.067 0.050 
534   PCO-58    (0)   :  0.230 0.219 0.317 0.136 0.098 
535 UA00048673    (4)   :  0.233 0.218 0.222 0.223 0.103 
536   PCO-63    (4)   :  0.284 0.282 0.266 0.115 0.054 


Estimated Allele Frequencies in each cluster
First column gives estimated ancestral frequencies


Locus 1 : PP01 
2 alleles
0.0% missing data
   1   (0.602) 0.586 0.574 0.608 0.333 0.861 
   2   (0.398) 0.414 0.426 0.392 0.667 0.139 

Locus 2 : PP02 
2 alleles
0.0% missing data
   1   (0.904) 0.900 0.897 0.905 0.967 0.990 
   2   (0.096) 0.100 0.103 0.095 0.033 0.010 

Locus 3 : PP03 
2 alleles
18.3% missing data
   1   (0.790) 0.762 0.747 0.795 0.970 0.918 
   2   (0.210) 0.238 0.253 0.205 0.030 0.082 

Locus 4 : PP04 
2 alleles
0.4% missing data
   1   (0.722) 0.646 0.597 0.702 0.960 0.650 
   2   (0.278) 0.354 0.403 0.298 0.040 0.350 

Locus 5 : PP06 
2 alleles
0.0% missing data
   1   (0.628) 0.669 0.695 0.634 0.606 0.657 
   2   (0.372) 0.331 0.305 0.366 0.394 0.343 

Locus 6 : PP07 
2 alleles
0.0% missing data
   1   (0.689) 0.645 0.623 0.674 0.946 0.868 
   2   (0.311) 0.355 0.377 0.326 0.054 0.132 

Locus 7 : PP09 
2 alleles
0.0% missing data
   1   (0.467) 0.539 0.585 0.465 0.063 0.629 
   2   (0.533) 0.461 0.415 0.535 0.937 0.371 

Locus 8 : PP10 
2 alleles
0.0% missing data
   1   (0.179) 0.119 0.089 0.118 0.381 0.414 
   2   (0.821) 0.881 0.911 0.882 0.619 0.586 

Locus 9 : PP11 
2 alleles
0.0% missing data
   1   (0.670) 0.700 0.724 0.645 0.821 0.800 
   2   (0.330) 0.300 0.276 0.355 0.179 0.200 

Locus 10 : PP12 
2 alleles
0.2% missing data
   1   (0.421) 0.457 0.475 0.451 0.123 0.284 
   2   (0.579) 0.543 0.525 0.549 0.877 0.716 

Locus 11 : PP13 
2 alleles
0.0% missing data
   1   (0.172) 0.128 0.104 0.138 0.126 0.492 
   2   (0.828) 0.872 0.896 0.862 0.874 0.508 

Locus 12 : PP14 
2 alleles
0.2% missing data
   1   (0.858) 0.875 0.886 0.850 0.913 0.963 
   2   (0.142) 0.125 0.114 0.150 0.087 0.037 

Locus 13 : PP15 
2 alleles
0.0% missing data
   1   (0.900) 0.926 0.930 0.938 0.942 0.405 
   2   (0.100) 0.074 0.070 0.062 0.058 0.595 

Locus 14 : PP16 
2 alleles
0.0% missing data
   1   (0.500) 0.568 0.607 0.534 0.399 0.430 
   2   (0.500) 0.432 0.393 0.466 0.601 0.570 

Locus 15 : PP17 
2 alleles
0.2% missing data
   1   (0.655) 0.638 0.625 0.656 0.505 0.836 
   2   (0.345) 0.362 0.375 0.344 0.495 0.164 

Locus 16 : PP18 
2 alleles
0.7% missing data
   1   (0.744) 0.748 0.751 0.723 0.920 0.894 
   2   (0.256) 0.252 0.249 0.277 0.080 0.106 

Locus 17 : PP20 
2 alleles
0.0% missing data
   1   (0.631) 0.638 0.642 0.658 0.503 0.652 
   2   (0.369) 0.362 0.358 0.342 0.497 0.348 

Locus 18 : PP21 
2 alleles
14.9% missing data
   1   (0.860) 0.833 0.816 0.846 0.988 0.971 
   2   (0.140) 0.167 0.184 0.154 0.012 0.029 

Locus 19 : PP22 
2 alleles
1.3% missing data
   1   (0.477) 0.444 0.402 0.535 0.149 0.067 
   2   (0.523) 0.556 0.598 0.465 0.851 0.933 

Locus 20 : PP23 
2 alleles
0.7% missing data
   1   (0.638) 0.632 0.632 0.615 0.794 0.740 
   2   (0.362) 0.368 0.368 0.385 0.206 0.260 

Locus 21 : PP24 
2 alleles
0.2% missing data
   1   (0.795) 0.836 0.860 0.852 0.584 0.864 
   2   (0.205) 0.164 0.140 0.148 0.416 0.136 

Locus 22 : PP25 
2 alleles
0.6% missing data
   1   (0.354) 0.336 0.335 0.305 0.464 0.703 
   2   (0.646) 0.664 0.665 0.695 0.536 0.297 

Values of parameters used in structure:
DATAFILE=Puma_SNP_genotypes_cut_AZ_final_HWEonly.str,	OUTFILE=outputfile_K5_4,	NUMINDS=536,	NUMLOCI=22,	MISSING=-9,	LABEL=1,	POPDATA=0,	POPFLAG=0,	PHENOTYPE=0,	EXTRACOLS=0,	MAXPOPS=5,	BURNIN=100000,	NUMREPS=500000,	USEPOPINFO=0,	INFERALPHA=1,	INFERLAMBDA=0,	POPSPECIFICLAMBDA=0,	POPALPHAS=0,	COMPUTEPROB=1,	NOADMIX=0,	ADMBURNIN=2500,	UPDATEFREQ=200,	PRINTLIKES=0,	INTERMEDSAVE=0,	PRINTKLD=0,	PRINTNET=0,	PRINTLAMBDA=0,	ANCESTDIST=0,	NUMBOXES=1000,	ANCESTPINT=0.90000,	GENSBACK=2,	MIGRPRIOR=0.05000,	PRINTQHAT=0,	PRINTQSUM=0,	ALPHA=1.0000,	FREQSCORR=1,	FPRIORMEAN=0.0100,	FPRIORSD=0.0500,	ONEFST=0,	LAMBDA=1.0000,	UNIFPRIORALPHA=1,	ALPHAMAX=10.0000,	ALPHAPRIORA=1.0000,	ALPHAPRIORB=2.0000,	ALPHAPROPSD=0.0250,	STARTATPOPINFO=0,	RANDOMIZE=1,	LINKAGE=0,	METROFREQ=20,	REPORTHITRATE=0,	MARKOVPHASE=0,	PHASED=0,	PLOIDY=2,	PHASEINFO=0	LOCPRIOR=0, 	LOCPRIORINIT=1.000000, 	LOCDATA=0, 	LOCISPOP=0, 	LOCPRIORSTEP=0.100000, 	MAXLOCPRIOR=20.000000, 	SEED=1716619486,	
[STRAT parameters]:    NUMSIMSTATS=1000,	PHENOTYPECOL=-9,	POOLFREQ=10,	LOCUSxONLY=0,	EMERROR=0.00100,	MISSINGPHENO=-9,	