

----------------------------------------------------
STRUCTURE by Pritchard, Stephens and Donnelly (2000)
     and Falush, Stephens and Pritchard (2003)
       Code by Pritchard, Falush and Hubisz
             Version 2.3.4 (Jul 2012)
----------------------------------------------------



Command line arguments:   structure -K 5 -o outputfile_K5_3 
Input File:    Puma_SNP_genotypes_cut_AZ_final_HWEonly.str

Run parameters:
   536 individuals
   22 loci
   5 populations assumed
   100000 Burn-in period
   500000 Reps


--------------------------------------------
Overall proportion of membership of the
sample in each of the 5 clusters

Inferred Clusters
  1      2      3      4      5    
0.197  0.205  0.205  0.188  0.205  

--------------------------------------------

Allele-freq. divergence among pops (Net nucleotide distance),
computed using point estimates of P.

      1       2       3       4       5      
 1      -    0.0464  0.0427  0.0646  0.0671  
 2   0.0464     -    0.0021  0.0595  0.0261  
 3   0.0427  0.0021     -    0.0497  0.0142  
 4   0.0646  0.0595  0.0497     -    0.0564  
 5   0.0671  0.0261  0.0142  0.0564     -    

Average distances (expected heterozygosity) between individuals in same cluster:
cluster  1  : 0.2756 
cluster  2  : 0.3700 
cluster  3  : 0.3795 
cluster  4  : 0.3149 
cluster  5  : 0.3537 

--------------------------------------------
Estimated Ln Prob of Data   = -13065.0
Mean value of ln likelihood = -12338.1
Variance of ln likelihood   = 1453.8
Mean value of alpha         = 0.3126

Mean value of Fst_1         = 0.2616
Mean value of Fst_2         = 0.0665
Mean value of Fst_3         = 0.0446
Mean value of Fst_4         = 0.2392
Mean value of Fst_5         = 0.1336


Inferred ancestry of individuals:
        Label (%Miss) :  Inferred clusters
  1 UA00063336   (13)   :  0.094 0.145 0.139 0.504 0.119 
  2 UA00048914    (9)   :  0.279 0.210 0.203 0.196 0.112 
  3 UA00014769   (13)   :  0.036 0.323 0.267 0.092 0.281 
  4 UA00008132   (13)   :  0.128 0.250 0.247 0.183 0.192 
  5 UA00030462   (13)   :  0.382 0.154 0.165 0.161 0.138 
  6 UA00034866   (13)   :  0.254 0.221 0.253 0.069 0.203 
  7 UA00034800    (9)   :  0.102 0.080 0.086 0.654 0.077 
  8  Puco006    (9)   :  0.674 0.078 0.081 0.113 0.054 
  9 UA00048874    (4)   :  0.119 0.110 0.104 0.602 0.065 
 10 UA00049060    (9)   :  0.075 0.270 0.246 0.180 0.228 
 11 UA00033413    (9)   :  0.097 0.141 0.212 0.066 0.484 
 12  Puco021    (9)   :  0.053 0.090 0.171 0.212 0.474 
 13  Puco026    (9)   :  0.059 0.213 0.231 0.192 0.306 
 14  Puco008    (9)   :  0.244 0.143 0.146 0.375 0.092 
 15   M01301    (9)   :  0.159 0.136 0.204 0.052 0.449 
 16   M06306    (9)   :  0.048 0.101 0.114 0.586 0.151 
 17 UA00032185    (9)   :  0.176 0.203 0.221 0.152 0.248 
 18 UA00030792    (9)   :  0.048 0.036 0.037 0.844 0.035 
 19 UA00031647    (9)   :  0.172 0.160 0.158 0.405 0.105 
 20 UA00031979    (9)   :  0.159 0.239 0.236 0.167 0.199 
 21  Puco016    (9)   :  0.428 0.220 0.186 0.075 0.090 
 22  Puco010    (9)   :  0.102 0.193 0.242 0.116 0.346 
 23    M1035    (9)   :  0.056 0.287 0.276 0.228 0.153 
 24 UA00034601    (9)   :  0.228 0.156 0.179 0.199 0.239 
 25 UA00050388    (9)   :  0.139 0.194 0.220 0.235 0.212 
 26 UA00048699    (9)   :  0.562 0.158 0.134 0.064 0.081 
 27 UA00064058    (9)   :  0.065 0.323 0.276 0.153 0.184 
 28 UA00033981    (9)   :  0.100 0.113 0.203 0.136 0.447 
 29   F05033    (9)   :  0.075 0.246 0.248 0.094 0.337 
 30 UA00048520    (4)   :  0.161 0.127 0.153 0.330 0.229 
 31 UA00048422    (4)   :  0.051 0.049 0.059 0.773 0.068 
 32    PucoB    (4)   :  0.045 0.205 0.226 0.129 0.395 
 33 UA00047393    (4)   :  0.076 0.245 0.229 0.325 0.125 
 34 UA00064521    (4)   :  0.369 0.166 0.176 0.127 0.161 
 35 UA00003043    (4)   :  0.263 0.297 0.249 0.063 0.128 
 36 UA00063025    (4)   :  0.210 0.114 0.144 0.353 0.180 
 37 UA00063826    (4)   :  0.069 0.178 0.241 0.133 0.379 
 38   F07407    (4)   :  0.064 0.098 0.156 0.345 0.336 
 39 UA00021658    (4)   :  0.102 0.258 0.261 0.111 0.268 
 40 UA00003794    (4)   :  0.079 0.122 0.160 0.331 0.309 
 41 UA00041322    (4)   :  0.148 0.224 0.235 0.245 0.149 
 42 UA00063316    (4)   :  0.206 0.168 0.198 0.240 0.188 
 43 UA00047705    (4)   :  0.156 0.167 0.199 0.196 0.282 
 44 UA00033904    (4)   :  0.090 0.125 0.116 0.577 0.092 
 45 UA00048100    (4)   :  0.131 0.226 0.244 0.083 0.315 
 46 UA00032212    (4)   :  0.157 0.146 0.162 0.377 0.158 
 47 UA00031574    (4)   :  0.085 0.053 0.058 0.734 0.069 
 48 UA00031228    (4)   :  0.075 0.049 0.049 0.784 0.043 
 49 UA00047707    (4)   :  0.077 0.419 0.319 0.047 0.139 
 50 UA00030906    (4)   :  0.067 0.034 0.035 0.832 0.032 
 51 UA00041567    (4)   :  0.129 0.133 0.207 0.126 0.404 
 52 UA00007624    (4)   :  0.077 0.217 0.239 0.053 0.414 
 53 UA00034514    (4)   :  0.120 0.282 0.284 0.086 0.227 
 54 UA00030480    (4)   :  0.076 0.266 0.213 0.345 0.099 
 55  Puco012    (4)   :  0.160 0.280 0.278 0.092 0.190 
 56 UA00038677    (9)   :  0.221 0.141 0.181 0.253 0.203 
 57 UA00048275    (4)   :  0.102 0.187 0.243 0.096 0.372 
 58 UA00064055    (4)   :  0.148 0.362 0.282 0.106 0.101 
 59  Puco009    (4)   :  0.354 0.234 0.214 0.069 0.128 
 60 UA00064561    (4)   :  0.130 0.408 0.297 0.055 0.110 
 61 UA00003479    (4)   :  0.164 0.319 0.279 0.073 0.165 
 62 UA00063747    (4)   :  0.114 0.295 0.264 0.043 0.284 
 63 UA00002558    (4)   :  0.330 0.164 0.200 0.072 0.234 
 64 UA00048410    (4)   :  0.354 0.270 0.217 0.048 0.113 
 65 UA00012249    (4)   :  0.222 0.368 0.263 0.050 0.097 
 66 UA00033818    (4)   :  0.102 0.081 0.098 0.597 0.122 
 67  Puco020    (4)   :  0.154 0.270 0.234 0.226 0.116 
 68 UA00002545    (9)   :  0.079 0.398 0.277 0.145 0.102 
 69 UA00048508    (4)   :  0.100 0.331 0.286 0.074 0.210 
 70 UA00064100    (4)   :  0.127 0.262 0.259 0.150 0.202 
 71 UA00014585    (4)   :  0.147 0.295 0.284 0.092 0.182 
 72 UA00063698    (4)   :  0.437 0.104 0.130 0.194 0.134 
 73 UA00049753    (4)   :  0.051 0.127 0.133 0.583 0.107 
 74 UA00049037    (4)   :  0.070 0.306 0.282 0.130 0.212 
 75 UA00034941    (4)   :  0.174 0.168 0.206 0.216 0.236 
 76 UA00008083    (4)   :  0.614 0.092 0.105 0.093 0.097 
 77 UA00015084    (4)   :  0.391 0.093 0.115 0.269 0.131 
 78 UA00041010    (9)   :  0.418 0.084 0.082 0.365 0.051 
 79 UA00035261    (4)   :  0.198 0.150 0.159 0.349 0.144 
 80 UA00035431    (4)   :  0.140 0.188 0.241 0.048 0.383 
 81 UA00045274    (0)   :  0.176 0.163 0.197 0.194 0.270 
 82 UA00028200    (4)   :  0.210 0.106 0.116 0.462 0.106 
 83 UA00064559    (0)   :  0.051 0.039 0.044 0.815 0.051 
 84 UA00040808    (0)   :  0.180 0.130 0.114 0.513 0.063 
 85 UA00049156    (0)   :  0.188 0.101 0.109 0.506 0.097 
 86 UA00003952    (4)   :  0.660 0.112 0.102 0.067 0.060 
 87 UA00063954    (0)   :  0.073 0.191 0.195 0.390 0.151 
 88 UA00062934    (0)   :  0.115 0.153 0.164 0.435 0.133 
 89 UA00033829    (0)   :  0.231 0.067 0.077 0.555 0.071 
 90 UA00064351    (4)   :  0.158 0.098 0.185 0.102 0.457 
 91 UA00003697    (4)   :  0.555 0.093 0.104 0.151 0.098 
 92 UA00063438    (4)   :  0.147 0.157 0.166 0.409 0.121 
 93 UA00007608    (0)   :  0.249 0.104 0.120 0.393 0.134 
 94 UA00019683    (4)   :  0.058 0.076 0.107 0.521 0.238 
 95 UA00007781    (0)   :  0.136 0.200 0.230 0.117 0.317 
 96 UA00002915    (0)   :  0.170 0.163 0.160 0.412 0.095 
 97  Puco031    (4)   :  0.141 0.345 0.270 0.114 0.131 
 98 UA00048280    (4)   :  0.161 0.148 0.212 0.106 0.373 
 99 UA00048589    (0)   :  0.090 0.183 0.215 0.199 0.312 
100 UA00034417    (0)   :  0.228 0.227 0.198 0.235 0.111 
101 UA00050411    (4)   :  0.076 0.400 0.310 0.046 0.169 
102  Puco029    (4)   :  0.036 0.245 0.258 0.088 0.373 
103   F03403    (4)   :  0.087 0.126 0.198 0.051 0.539 
104 UA00049904    (0)   :  0.100 0.129 0.173 0.320 0.278 
105 UA00035335    (0)   :  0.031 0.324 0.279 0.069 0.297 
106 UA00012611    (0)   :  0.074 0.291 0.290 0.109 0.236 
107 UA00050319    (0)   :  0.053 0.106 0.198 0.050 0.592 
108 UA00032068    (4)   :  0.059 0.252 0.245 0.262 0.182 
109 UA00032026    (4)   :  0.086 0.261 0.248 0.212 0.193 
110 UA00030476    (4)   :  0.045 0.089 0.175 0.167 0.523 
111 UA00046853    (0)   :  0.070 0.117 0.207 0.148 0.457 
112 UA00040156    (4)   :  0.046 0.034 0.037 0.847 0.036 
113 UA00030528    (4)   :  0.070 0.254 0.208 0.390 0.079 
114  Puco025    (4)   :  0.061 0.363 0.302 0.071 0.203 
115    pc016    (0)   :  0.049 0.035 0.035 0.849 0.032 
116 UA00030617    (4)   :  0.049 0.378 0.306 0.049 0.217 
117 UA00030585    (4)   :  0.070 0.048 0.057 0.752 0.073 
118 UA00032060    (4)   :  0.068 0.161 0.184 0.382 0.205 
119    pc007    (0)   :  0.089 0.145 0.211 0.122 0.433 
120 UA00030798    (4)   :  0.048 0.063 0.065 0.763 0.060 
121 UA00030778    (4)   :  0.060 0.422 0.325 0.049 0.145 
122 UA00039674    (4)   :  0.046 0.042 0.044 0.831 0.037 
123 UA00032241    (4)   :  0.053 0.225 0.256 0.047 0.419 
124 UA00011624    (0)   :  0.081 0.323 0.290 0.086 0.220 
125 UA00033779    (4)   :  0.076 0.101 0.189 0.063 0.571 
126 UA00049402    (4)   :  0.329 0.267 0.214 0.094 0.096 
127 UA00033653    (0)   :  0.066 0.079 0.187 0.055 0.612 
128 UA00047738    (0)   :  0.168 0.183 0.219 0.184 0.245 
129 UA00047502    (4)   :  0.379 0.199 0.191 0.130 0.100 
130 UA00012014    (4)   :  0.126 0.320 0.290 0.125 0.138 
131 UA00040729    (0)   :  0.069 0.187 0.222 0.131 0.390 
132 UA00030392    (4)   :  0.063 0.346 0.291 0.082 0.218 
133 UA00050033    (0)   :  0.080 0.250 0.260 0.124 0.286 
134 UA00012152    (0)   :  0.553 0.176 0.144 0.048 0.080 
135 UA00050406    (0)   :  0.110 0.272 0.271 0.132 0.215 
136 UA00047973    (0)   :  0.095 0.230 0.263 0.084 0.328 
137 UA00008051    (0)   :  0.181 0.186 0.213 0.229 0.191 
138 UA00047337    (4)   :  0.084 0.188 0.193 0.333 0.203 
139 UA00041604    (4)   :  0.169 0.203 0.220 0.217 0.190 
140 UA00031704    (4)   :  0.046 0.398 0.310 0.056 0.189 
141 UA00040423    (4)   :  0.078 0.299 0.261 0.213 0.149 
142 UA00049433    (0)   :  0.223 0.272 0.229 0.168 0.108 
143 UA00034816    (0)   :  0.182 0.344 0.265 0.073 0.137 
144 UA00050214    (0)   :  0.052 0.441 0.315 0.064 0.129 
145 UA00041073    (0)   :  0.181 0.239 0.252 0.119 0.209 
146 UA00030318    (4)   :  0.137 0.324 0.272 0.067 0.200 
147 UA00046845    (0)   :  0.253 0.306 0.234 0.095 0.112 
148 UA00063946    (0)   :  0.062 0.077 0.172 0.103 0.586 
149 UA00031374    (4)   :  0.148 0.285 0.262 0.099 0.207 
150    M1136    (4)   :  0.079 0.227 0.191 0.407 0.096 
151 UA00034299    (0)   :  0.081 0.422 0.302 0.078 0.116 
152 UA00002387    (4)   :  0.158 0.388 0.294 0.051 0.109 
153 UA00021855    (0)   :  0.114 0.190 0.256 0.122 0.317 
154 UA00014500    (0)   :  0.078 0.340 0.287 0.130 0.165 
155 UA00050419    (4)   :  0.074 0.405 0.310 0.049 0.162 
156 UA00031854    (4)   :  0.185 0.235 0.245 0.088 0.247 
157    pc011    (4)   :  0.098 0.428 0.302 0.056 0.115 
158 UA00033004    (0)   :  0.108 0.340 0.269 0.165 0.117 
159 UA00046510    (0)   :  0.279 0.280 0.236 0.076 0.129 
160 UA00048747    (0)   :  0.143 0.377 0.286 0.076 0.118 
161 UA00014293    (0)   :  0.100 0.437 0.301 0.060 0.102 
162 UA00047686    (0)   :  0.302 0.229 0.202 0.165 0.101 
163 UA00033783    (4)   :  0.176 0.094 0.122 0.401 0.206 
164 UA00042609    (4)   :  0.371 0.218 0.183 0.138 0.090 
165 UA00031169    (4)   :  0.063 0.447 0.315 0.069 0.107 
166 UA00035181    (0)   :  0.065 0.276 0.271 0.041 0.346 
167 UA00050133    (0)   :  0.130 0.322 0.270 0.103 0.175 
168  Puco011    (4)   :  0.115 0.410 0.285 0.091 0.098 
169 UA00041476    (0)   :  0.190 0.301 0.259 0.126 0.124 
170 UA00046702    (0)   :  0.072 0.432 0.302 0.059 0.135 
171 UA00019940    (0)   :  0.137 0.266 0.268 0.141 0.188 
172 UA00049813    (0)   :  0.084 0.184 0.246 0.125 0.361 
173 UA00064165    (0)   :  0.498 0.129 0.138 0.123 0.113 
174 UA00064421    (0)   :  0.430 0.212 0.191 0.049 0.118 
175 UA00064569    (4)   :  0.076 0.335 0.288 0.048 0.254 
176 UA00003996    (0)   :  0.333 0.256 0.208 0.088 0.114 
177 UA00064491    (4)   :  0.145 0.311 0.270 0.058 0.216 
178 UA00011899    (0)   :  0.080 0.296 0.296 0.120 0.208 
179  Puco015    (4)   :  0.106 0.266 0.230 0.253 0.145 
180 UA00047929    (4)   :  0.046 0.193 0.245 0.079 0.437 
181 UA00056669    (0)   :  0.170 0.286 0.283 0.080 0.181 
182 UA00050176    (0)   :  0.191 0.254 0.256 0.142 0.157 
183  Puco014    (4)   :  0.156 0.183 0.236 0.120 0.304 
184 UA00019608    (0)   :  0.170 0.353 0.282 0.080 0.115 
185 UA00064333    (0)   :  0.115 0.370 0.303 0.092 0.120 
186  Puco013    (4)   :  0.297 0.244 0.230 0.094 0.134 
187 UA00016092    (0)   :  0.054 0.397 0.309 0.047 0.193 
188 UA00019060    (0)   :  0.518 0.108 0.106 0.189 0.078 
189 UA00063532    (0)   :  0.154 0.241 0.244 0.134 0.227 
190 UA00064117    (0)   :  0.327 0.129 0.128 0.326 0.090 
191 UA00011969    (0)   :  0.171 0.207 0.236 0.143 0.242 
192 UA00034586    (4)   :  0.071 0.245 0.279 0.075 0.330 
193 UA00030736    (4)   :  0.090 0.324 0.304 0.113 0.169 
194 UA00048493    (0)   :  0.102 0.293 0.262 0.160 0.183 
195 UA00040466    (0)   :  0.715 0.078 0.080 0.060 0.067 
196 UA00047659    (0)   :  0.126 0.276 0.272 0.081 0.245 
197 UA00042002    (4)   :  0.109 0.147 0.168 0.390 0.186 
198 UA00062606    (0)   :  0.271 0.245 0.215 0.130 0.139 
199 UA00030615    (4)   :  0.700 0.083 0.087 0.050 0.079 
200 UA00048899    (0)   :  0.125 0.278 0.286 0.103 0.208 
201 UA00047725    (0)   :  0.834 0.038 0.040 0.050 0.038 
202 UA00030866    (4)   :  0.205 0.270 0.268 0.104 0.153 
203 UA00034564    (0)   :  0.158 0.341 0.278 0.112 0.111 
204 UA00046520    (0)   :  0.064 0.100 0.193 0.055 0.588 
205 UA00035027    (0)   :  0.204 0.194 0.222 0.160 0.221 
206 UA00035421    (0)   :  0.485 0.199 0.169 0.064 0.084 
207 UA00062740    (4)   :  0.273 0.178 0.184 0.231 0.134 
208 UA00012360    (0)   :  0.718 0.079 0.078 0.058 0.066 
209 UA00050203    (0)   :  0.096 0.262 0.250 0.110 0.282 
210 UA00040534    (4)   :  0.384 0.111 0.118 0.309 0.077 
211 UA00031261    (4)   :  0.562 0.089 0.092 0.199 0.059 
212 UA00031917    (4)   :  0.390 0.103 0.098 0.349 0.059 
213 UA00040798    (4)   :  0.440 0.122 0.145 0.129 0.164 
214 UA00030598    (4)   :  0.425 0.152 0.160 0.123 0.140 
215 UA00050385    (0)   :  0.187 0.314 0.274 0.107 0.118 
216 UA00058283    (0)   :  0.716 0.054 0.062 0.105 0.064 
217 UA00042297    (4)   :  0.193 0.120 0.149 0.397 0.141 
218 UA00015415    (4)   :  0.777 0.065 0.060 0.053 0.044 
219 UA00035531    (0)   :  0.613 0.091 0.086 0.153 0.056 
220 UA00048683    (0)   :  0.636 0.114 0.106 0.067 0.077 
221 UA00046734    (4)   :  0.721 0.072 0.073 0.076 0.058 
222   pcRF01    (0)   :  0.067 0.466 0.328 0.035 0.103 
223 UA00007223    (0)   :  0.340 0.219 0.196 0.154 0.092 
224 UA00013841    (0)   :  0.066 0.217 0.203 0.350 0.164 
225 UA00014196    (0)   :  0.650 0.096 0.090 0.109 0.056 
226 UA00034635    (0)   :  0.115 0.291 0.309 0.076 0.209 
227 UA00047371    (0)   :  0.102 0.139 0.191 0.368 0.200 
228 UA00063544    (0)   :  0.106 0.147 0.177 0.355 0.215 
229 UA00064246    (0)   :  0.265 0.167 0.189 0.164 0.216 
230 UA00064328    (0)   :  0.277 0.182 0.193 0.217 0.130 
231 UA00002952    (0)   :  0.331 0.151 0.148 0.263 0.106 
232 UA00064079    (0)   :  0.131 0.210 0.224 0.272 0.163 
233 UA00046793    (0)   :  0.374 0.166 0.146 0.230 0.083 
234 UA00034769    (0)   :  0.149 0.086 0.115 0.489 0.160 
235 UA00034949    (0)   :  0.401 0.217 0.177 0.134 0.071 
236 UA00063753    (0)   :  0.154 0.098 0.175 0.189 0.384 
237 UA00015713    (0)   :  0.083 0.145 0.198 0.295 0.278 
238 UA00003494    (0)   :  0.243 0.298 0.230 0.145 0.084 
239 UA00056767    (0)   :  0.056 0.104 0.204 0.035 0.602 
240 UA00014461    (0)   :  0.356 0.192 0.177 0.146 0.130 
241 UA00034669    (0)   :  0.401 0.114 0.125 0.239 0.122 
242 UA00048164    (0)   :  0.332 0.226 0.207 0.071 0.163 
243 UA00007974    (0)   :  0.094 0.117 0.183 0.204 0.402 
244 UA00016166    (0)   :  0.091 0.213 0.184 0.432 0.080 
245 UA00015653    (0)   :  0.245 0.120 0.126 0.415 0.093 
246 UA00063882    (0)   :  0.477 0.135 0.127 0.176 0.085 
247 UA00049027    (0)   :  0.137 0.122 0.149 0.428 0.165 
248 UA00018878    (0)   :  0.067 0.109 0.140 0.458 0.226 
249 UA00038796    (0)   :  0.462 0.129 0.140 0.124 0.145 
250 UA00013465    (0)   :  0.626 0.088 0.100 0.098 0.089 
251 UA00014604    (0)   :  0.304 0.128 0.165 0.199 0.203 
252 UA00041913    (0)   :  0.099 0.100 0.161 0.348 0.292 
253 UA00021632    (0)   :  0.113 0.092 0.098 0.613 0.084 
254 UA00064027    (0)   :  0.203 0.191 0.193 0.283 0.130 
255 UA00015023    (0)   :  0.268 0.279 0.235 0.084 0.134 
256 UA00050243    (0)   :  0.116 0.177 0.177 0.425 0.106 
257 UA00048298    (0)   :  0.139 0.261 0.263 0.144 0.193 
258 UA00050437    (0)   :  0.359 0.191 0.194 0.129 0.127 
259 UA00014262    (0)   :  0.134 0.212 0.201 0.309 0.144 
260 UA00049129    (0)   :  0.089 0.193 0.226 0.173 0.319 
261 UA00014740    (0)   :  0.161 0.157 0.201 0.158 0.323 
262 UA00049612    (0)   :  0.121 0.070 0.081 0.639 0.090 
263 UA00014635    (0)   :  0.061 0.111 0.192 0.049 0.587 
264 UA00014673    (0)   :  0.261 0.127 0.144 0.321 0.147 
265 UA00033608    (0)   :  0.128 0.096 0.121 0.494 0.160 
266 UA00064540    (0)   :  0.146 0.117 0.191 0.095 0.451 
267 UA00050256    (0)   :  0.260 0.155 0.162 0.318 0.106 
268 UA00015274    (0)   :  0.163 0.315 0.259 0.104 0.159 
269 UA00062993    (0)   :  0.161 0.168 0.223 0.059 0.388 
270 UA00038364    (0)   :  0.139 0.163 0.197 0.246 0.255 
271 UA00014446    (0)   :  0.094 0.287 0.304 0.073 0.242 
272 UA00063545    (0)   :  0.197 0.088 0.090 0.554 0.071 
273 UA00040054    (0)   :  0.067 0.342 0.256 0.181 0.154 
274 UA00058447    (0)   :  0.090 0.204 0.236 0.129 0.341 
275 UA00046835    (0)   :  0.095 0.176 0.220 0.092 0.417 
276 UA00014608    (0)   :  0.137 0.216 0.253 0.096 0.298 
277    pc012    (0)   :  0.204 0.192 0.213 0.161 0.229 
278    pc002    (0)   :  0.117 0.130 0.137 0.501 0.115 
279 UA00033690    (0)   :  0.076 0.077 0.143 0.350 0.354 
280 UA00013688    (0)   :  0.190 0.218 0.234 0.130 0.228 
281 UA00063666    (0)   :  0.039 0.084 0.179 0.193 0.504 
282 UA00063292    (0)   :  0.057 0.101 0.192 0.063 0.586 
283    pc001    (0)   :  0.171 0.238 0.246 0.119 0.227 
284    pc008    (0)   :  0.111 0.181 0.228 0.130 0.349 
285 UA00034316    (0)   :  0.265 0.194 0.169 0.280 0.092 
286 UA00013046    (0)   :  0.050 0.240 0.257 0.079 0.374 
287 UA00050241    (0)   :  0.040 0.140 0.221 0.081 0.517 
288 UA00048599    (0)   :  0.067 0.167 0.236 0.061 0.469 
289 UA00046649    (0)   :  0.067 0.129 0.137 0.533 0.135 
290 UA00015674    (0)   :  0.102 0.073 0.101 0.551 0.173 
291 UA00013177    (0)   :  0.172 0.126 0.179 0.197 0.326 
292 UA00012814    (0)   :  0.143 0.297 0.269 0.108 0.183 
293 UA00034654    (0)   :  0.076 0.288 0.274 0.082 0.280 
294 UA00046743    (0)   :  0.077 0.169 0.217 0.077 0.459 
295 UA00014854    (0)   :  0.038 0.125 0.172 0.303 0.362 
296 UA00013729    (0)   :  0.105 0.339 0.276 0.116 0.165 
297 UA00063483    (0)   :  0.062 0.177 0.268 0.091 0.402 
298 UA00039326    (0)   :  0.082 0.181 0.198 0.278 0.261 
299 UA00014742    (0)   :  0.055 0.155 0.237 0.086 0.468 
300 UA00049597    (0)   :  0.034 0.094 0.110 0.601 0.161 
301 UA00048067    (0)   :  0.119 0.129 0.192 0.240 0.320 
302 UA00012918    (0)   :  0.041 0.079 0.137 0.368 0.376 
303 UA00013487    (0)   :  0.043 0.479 0.327 0.048 0.103 
304 UA00046759    (0)   :  0.259 0.156 0.176 0.240 0.170 
305 UA00050164    (0)   :  0.079 0.117 0.102 0.639 0.063 
306 UA00049839    (0)   :  0.090 0.152 0.241 0.072 0.444 
307 UA00048444    (0)   :  0.059 0.065 0.165 0.157 0.554 
308 UA00063857    (0)   :  0.045 0.198 0.244 0.116 0.397 
309 UA00014921    (0)   :  0.042 0.101 0.124 0.576 0.158 
310 UA00048895    (0)   :  0.085 0.113 0.139 0.494 0.169 
311 UA00014556    (0)   :  0.271 0.198 0.216 0.126 0.189 
312    pc009    (0)   :  0.036 0.095 0.195 0.066 0.607 
313 UA00014959    (0)   :  0.056 0.096 0.111 0.584 0.154 
314 UA00020709    (0)   :  0.095 0.213 0.216 0.263 0.213 
315 UA00013126    (0)   :  0.055 0.045 0.050 0.791 0.059 
316 UA00013695    (0)   :  0.056 0.061 0.062 0.758 0.062 
317 UA00049344    (0)   :  0.081 0.094 0.102 0.625 0.098 
318 UA00047614    (0)   :  0.139 0.054 0.060 0.685 0.062 
319 UA00014221    (0)   :  0.047 0.130 0.216 0.038 0.570 
320 UA00014346    (0)   :  0.103 0.114 0.191 0.116 0.476 
321 UA00014245    (0)   :  0.058 0.128 0.150 0.404 0.260 
322 UA00014696    (0)   :  0.091 0.059 0.055 0.756 0.039 
323 UA00006991    (0)   :  0.170 0.319 0.276 0.084 0.151 
324 UA00048948    (0)   :  0.136 0.268 0.273 0.103 0.220 
325 UA00002239    (0)   :  0.174 0.327 0.261 0.125 0.112 
326 UA00063459    (0)   :  0.040 0.093 0.190 0.104 0.572 
327 UA00048356    (0)   :  0.189 0.147 0.210 0.122 0.332 
328 UA00063940    (0)   :  0.207 0.259 0.256 0.106 0.171 
329 UA00048130    (0)   :  0.088 0.127 0.214 0.072 0.499 
330 UA00048903    (0)   :  0.053 0.306 0.284 0.045 0.313 
331 UA00064643    (0)   :  0.136 0.252 0.253 0.131 0.227 
332 UA00050233    (0)   :  0.170 0.249 0.255 0.074 0.252 
333 UA00012507    (0)   :  0.325 0.253 0.224 0.066 0.132 
334 UA00064416    (0)   :  0.080 0.415 0.312 0.064 0.128 
335 UA00034724    (0)   :  0.110 0.257 0.275 0.071 0.286 
336 UA00002621    (0)   :  0.070 0.240 0.259 0.065 0.366 
337 UA00033203    (0)   :  0.077 0.421 0.305 0.092 0.104 
338 UA00011996    (0)   :  0.067 0.254 0.281 0.164 0.235 
339 UA00014408    (0)   :  0.416 0.203 0.182 0.094 0.105 
340 UA00049502    (0)   :  0.211 0.176 0.238 0.079 0.296 
341 UA00062695    (0)   :  0.127 0.141 0.200 0.178 0.354 
342 UA00014072    (0)   :  0.084 0.152 0.239 0.099 0.426 
343 UA00003334    (0)   :  0.057 0.184 0.227 0.070 0.463 
344 UA00013835    (0)   :  0.108 0.194 0.227 0.176 0.294 
345 UA00046760    (0)   :  0.070 0.155 0.206 0.302 0.267 
346 UA00014241    (0)   :  0.108 0.273 0.271 0.065 0.283 
347 UA00049585    (0)   :  0.045 0.199 0.281 0.080 0.395 
348 UA00013409    (0)   :  0.232 0.105 0.173 0.100 0.389 
349 UA00047548    (0)   :  0.055 0.326 0.293 0.100 0.225 
350 UA00049038    (0)   :  0.146 0.116 0.143 0.426 0.170 
351 UA00047612    (0)   :  0.134 0.252 0.260 0.082 0.272 
352 UA00014822    (0)   :  0.210 0.112 0.128 0.431 0.119 
353 UA00035299    (0)   :  0.109 0.318 0.278 0.104 0.191 
354 UA00012804    (0)   :  0.101 0.141 0.154 0.464 0.140 
355 UA00049578    (0)   :  0.245 0.195 0.232 0.086 0.242 
356 UA00047672    (0)   :  0.093 0.456 0.303 0.063 0.086 
357 UA00043961    (0)   :  0.107 0.076 0.090 0.616 0.110 
358 UA00064575    (0)   :  0.291 0.135 0.195 0.091 0.288 
359 UA00014732    (0)   :  0.132 0.328 0.280 0.065 0.194 
360 UA00050181    (0)   :  0.140 0.346 0.305 0.053 0.155 
361 UA00033369    (0)   :  0.135 0.204 0.181 0.380 0.101 
362 UA00011982    (0)   :  0.041 0.458 0.319 0.045 0.137 
363 UA00014590    (0)   :  0.132 0.301 0.248 0.198 0.121 
364 UA00047743    (0)   :  0.061 0.421 0.313 0.075 0.129 
365 UA00046621    (0)   :  0.045 0.427 0.314 0.060 0.154 
366 UA00050422    (0)   :  0.251 0.237 0.239 0.084 0.189 
367 UA00002760    (0)   :  0.078 0.229 0.262 0.163 0.268 
368 UA00012999    (0)   :  0.071 0.284 0.267 0.226 0.151 
369 UA00063838    (0)   :  0.089 0.250 0.266 0.069 0.326 
370 UA00003729    (0)   :  0.245 0.113 0.142 0.293 0.207 
371 UA00015348    (0)   :  0.109 0.116 0.204 0.128 0.444 
372 UA00019058    (0)   :  0.155 0.112 0.186 0.088 0.458 
373 UA00049549    (0)   :  0.041 0.071 0.157 0.207 0.525 
374 UA00014334    (0)   :  0.215 0.296 0.248 0.113 0.128 
375 UA00014350    (0)   :  0.034 0.485 0.333 0.035 0.113 
376 UA00049227    (0)   :  0.182 0.186 0.176 0.352 0.104 
377 UA00014051    (0)   :  0.271 0.323 0.251 0.046 0.109 
378 UA00034381    (0)   :  0.173 0.233 0.259 0.081 0.254 
379 UA00002354    (0)   :  0.057 0.436 0.322 0.050 0.135 
380 UA00049892    (0)   :  0.051 0.197 0.234 0.168 0.349 
381 UA00021989    (0)   :  0.115 0.296 0.285 0.051 0.253 
382 UA00048968    (0)   :  0.123 0.332 0.296 0.068 0.181 
383 UA00013174    (0)   :  0.130 0.358 0.271 0.095 0.146 
384 UA00033992    (0)   :  0.070 0.268 0.235 0.312 0.115 
385 UA00015801    (0)   :  0.040 0.424 0.327 0.036 0.173 
386 UA00063303    (0)   :  0.102 0.128 0.157 0.393 0.220 
387 UA00050206    (0)   :  0.061 0.106 0.209 0.040 0.584 
388 UA00014458    (0)   :  0.130 0.217 0.235 0.158 0.261 
389 UA00007204    (0)   :  0.062 0.150 0.206 0.127 0.455 
390 UA00063212    (0)   :  0.197 0.114 0.167 0.260 0.263 
391 UA00013340    (0)   :  0.074 0.224 0.253 0.208 0.241 
392 UA00062743    (0)   :  0.226 0.364 0.259 0.058 0.094 
393 UA00063189    (0)   :  0.569 0.124 0.118 0.101 0.088 
394 UA00035432    (0)   :  0.063 0.208 0.265 0.066 0.398 
395 UA00007958    (0)   :  0.075 0.333 0.304 0.064 0.223 
396 UA00013634    (0)   :  0.124 0.426 0.290 0.055 0.106 
397 UA00048175    (0)   :  0.074 0.475 0.312 0.031 0.108 
398 UA00003202    (0)   :  0.088 0.248 0.295 0.083 0.286 
399 UA00035090    (0)   :  0.169 0.201 0.239 0.099 0.292 
400 UA00064679    (0)   :  0.437 0.176 0.164 0.098 0.125 
401 UA00039518    (0)   :  0.077 0.338 0.273 0.082 0.230 
402 UA00058268    (0)   :  0.112 0.289 0.286 0.099 0.215 
403 UA00049456    (0)   :  0.095 0.155 0.197 0.318 0.235 
404 UA00049550    (0)   :  0.181 0.159 0.226 0.060 0.373 
405 UA00048342    (0)   :  0.105 0.180 0.214 0.268 0.233 
406 UA00063493    (0)   :  0.064 0.281 0.299 0.056 0.301 
407 UA00058261    (0)   :  0.242 0.316 0.265 0.060 0.117 
408 UA00014663    (0)   :  0.143 0.319 0.286 0.109 0.143 
409 UA00048817    (0)   :  0.121 0.258 0.222 0.293 0.106 
410 UA00049381    (0)   :  0.137 0.392 0.288 0.057 0.126 
411 UA00035901    (0)   :  0.376 0.179 0.186 0.113 0.146 
412 UA00013301    (0)   :  0.146 0.106 0.191 0.102 0.455 
413 UA00047926    (0)   :  0.176 0.326 0.256 0.137 0.105 
414 UA00007272    (0)   :  0.331 0.262 0.209 0.108 0.090 
415 UA00016041    (0)   :  0.082 0.180 0.233 0.157 0.348 
416 UA00013502    (0)   :  0.134 0.284 0.270 0.047 0.265 
417 UA00002390    (0)   :  0.100 0.262 0.250 0.240 0.148 
418 UA00034907    (0)   :  0.167 0.238 0.264 0.077 0.253 
419 UA00048821    (0)   :  0.202 0.199 0.196 0.257 0.147 
420 UA00002136    (0)   :  0.124 0.142 0.217 0.243 0.273 
421 UA00011790    (0)   :  0.147 0.341 0.280 0.099 0.133 
422 UA00021586    (0)   :  0.139 0.192 0.191 0.306 0.173 
423 UA00033270    (0)   :  0.155 0.244 0.257 0.101 0.242 
424 UA00048073    (0)   :  0.106 0.227 0.252 0.109 0.306 
425 UA00048856    (0)   :  0.246 0.227 0.218 0.093 0.215 
426 UA00049713    (0)   :  0.120 0.357 0.284 0.094 0.145 
427 UA00046885    (0)   :  0.089 0.241 0.267 0.100 0.303 
428 UA00034893    (0)   :  0.067 0.292 0.282 0.081 0.278 
429 UA00048011    (0)   :  0.169 0.295 0.286 0.046 0.205 
430 UA00015786    (0)   :  0.293 0.201 0.211 0.149 0.146 
431 UA00013162    (0)   :  0.213 0.356 0.252 0.101 0.077 
432 UA00049512    (0)   :  0.149 0.178 0.222 0.133 0.318 
433 UA00004046    (0)   :  0.102 0.431 0.297 0.049 0.122 
434 UA00048881    (0)   :  0.310 0.153 0.174 0.231 0.132 
435 UA00046610    (0)   :  0.206 0.227 0.211 0.230 0.126 
436 UA00033282    (0)   :  0.177 0.211 0.234 0.149 0.229 
437 UA00047561    (0)   :  0.101 0.395 0.304 0.074 0.126 
438 UA00013777    (0)   :  0.327 0.261 0.222 0.065 0.125 
439 UA00062849    (0)   :  0.081 0.133 0.213 0.081 0.492 
440 UA00049786    (0)   :  0.142 0.429 0.288 0.043 0.098 
441 UA00033246    (0)   :  0.042 0.096 0.202 0.058 0.602 
442 UA00045302    (0)   :  0.082 0.286 0.285 0.141 0.207 
443 UA00048637    (0)   :  0.132 0.391 0.289 0.062 0.127 
444 UA00049832    (0)   :  0.068 0.148 0.190 0.285 0.309 
445 UA00022023    (0)   :  0.112 0.274 0.236 0.250 0.128 
446 UA00050192    (0)   :  0.094 0.221 0.198 0.364 0.123 
447 UA00050413    (0)   :  0.128 0.245 0.269 0.097 0.262 
448 UA00013445    (0)   :  0.070 0.391 0.304 0.051 0.183 
449 UA00035496    (0)   :  0.343 0.180 0.188 0.101 0.188 
450 UA00003333    (0)   :  0.363 0.172 0.173 0.181 0.111 
451 UA00064008    (0)   :  0.399 0.213 0.196 0.066 0.126 
452 UA00003427    (0)   :  0.158 0.189 0.193 0.303 0.157 
453 UA00028092    (0)   :  0.212 0.140 0.166 0.322 0.160 
454    pc003    (0)   :  0.615 0.080 0.086 0.146 0.072 
455 UA00034440    (0)   :  0.138 0.158 0.229 0.069 0.407 
456 UA00026062    (0)   :  0.089 0.434 0.293 0.096 0.088 
457 UA00014347    (0)   :  0.210 0.188 0.207 0.169 0.226 
458 UA00021516    (0)   :  0.081 0.406 0.300 0.070 0.144 
459 UA00049347    (0)   :  0.442 0.185 0.183 0.073 0.118 
460 UA00063436    (0)   :  0.443 0.100 0.146 0.086 0.225 
461 UA00047790    (0)   :  0.127 0.360 0.305 0.085 0.123 
462 UA00045714    (0)   :  0.359 0.173 0.188 0.164 0.116 
463 UA00038979    (0)   :  0.096 0.124 0.171 0.221 0.388 
464 UA00016123    (0)   :  0.249 0.260 0.225 0.146 0.120 
465 UA00034765    (0)   :  0.742 0.085 0.078 0.044 0.051 
466 UA00063815    (0)   :  0.537 0.079 0.098 0.182 0.105 
467 UA00034795    (0)   :  0.117 0.151 0.219 0.087 0.426 
468 UA00004000    (0)   :  0.657 0.090 0.095 0.075 0.083 
469 UA00049367    (0)   :  0.184 0.173 0.222 0.055 0.366 
470 UA00034457    (0)   :  0.079 0.327 0.299 0.107 0.188 
471 UA00050015    (0)   :  0.140 0.160 0.225 0.158 0.316 
472 UA00021373    (0)   :  0.137 0.272 0.270 0.109 0.212 
473 UA00050232    (0)   :  0.597 0.082 0.086 0.157 0.077 
474 UA00038724    (0)   :  0.082 0.190 0.237 0.238 0.253 
475 UA00007824    (0)   :  0.171 0.300 0.236 0.192 0.101 
476 UA00048754    (0)   :  0.314 0.294 0.239 0.050 0.103 
477 UA00014271    (0)   :  0.107 0.258 0.252 0.149 0.234 
478 UA00013756    (0)   :  0.240 0.115 0.173 0.195 0.277 
479 UA00014385    (0)   :  0.386 0.166 0.157 0.194 0.098 
480 UA00049609    (0)   :  0.097 0.170 0.230 0.083 0.420 
481 UA00003748    (0)   :  0.492 0.194 0.162 0.065 0.087 
482 UA00063952    (0)   :  0.430 0.203 0.179 0.054 0.134 
483 UA00058348    (0)   :  0.569 0.114 0.129 0.050 0.138 
484 UA00014922    (0)   :  0.683 0.078 0.082 0.081 0.076 
485 UA00003820    (0)   :  0.255 0.342 0.249 0.049 0.105 
486 UA00013693    (0)   :  0.272 0.217 0.219 0.152 0.140 
487 UA00047713    (0)   :  0.680 0.112 0.096 0.051 0.061 
488 UA00034891    (0)   :  0.458 0.128 0.150 0.116 0.148 
489 UA00049223    (0)   :  0.409 0.173 0.173 0.078 0.167 
490 UA00064399    (0)   :  0.517 0.063 0.064 0.319 0.036 
491 UA00013336    (0)   :  0.669 0.065 0.072 0.126 0.068 
492 UA00035291    (0)   :  0.682 0.082 0.078 0.115 0.044 
493 UA00003945    (0)   :  0.599 0.103 0.113 0.100 0.085 
494 UA00014518    (0)   :  0.555 0.150 0.133 0.085 0.077 
495 UA00013583    (0)   :  0.224 0.088 0.105 0.479 0.104 
496 UA00011510    (0)   :  0.503 0.135 0.139 0.122 0.102 
497 UA00046860    (0)   :  0.389 0.206 0.189 0.110 0.106 
498 UA00048853    (0)   :  0.407 0.137 0.144 0.214 0.099 
499 UA00012151    (0)   :  0.714 0.088 0.081 0.068 0.050 
500 UA00063930    (0)   :  0.169 0.091 0.128 0.427 0.184 
501 UA00013453    (0)   :  0.330 0.169 0.177 0.180 0.144 
502 UA00039299    (0)   :  0.742 0.062 0.063 0.077 0.056 
503 UA00014280    (0)   :  0.800 0.051 0.054 0.039 0.056 
504 UA00014200    (0)   :  0.618 0.138 0.121 0.063 0.060 
505 UA00040612    (0)   :  0.661 0.067 0.067 0.156 0.049 
506 UA00062679    (0)   :  0.698 0.064 0.068 0.112 0.058 
507 UA00034481    (0)   :  0.678 0.093 0.091 0.063 0.074 
508 UA00011880    (0)   :  0.118 0.093 0.150 0.357 0.282 
509 UA00013421    (0)   :  0.618 0.064 0.065 0.214 0.039 
510 UA00048051    (0)   :  0.798 0.048 0.050 0.061 0.042 
511 UA00063370    (0)   :  0.668 0.051 0.058 0.175 0.048 
512 UA00014716    (0)   :  0.691 0.063 0.067 0.119 0.060 
513 UA00033426    (0)   :  0.456 0.154 0.134 0.195 0.061 
514 UA00015190    (0)   :  0.515 0.070 0.071 0.293 0.052 
515 UA00013730    (0)   :  0.080 0.262 0.255 0.140 0.263 
516 UA00047644    (4)   :  0.463 0.113 0.125 0.220 0.080 
517 UA00031933    (9)   :  0.180 0.305 0.274 0.090 0.151 
518 UA00031541    (9)   :  0.425 0.140 0.145 0.157 0.132 
519   PCO-60    (4)   :  0.241 0.230 0.222 0.086 0.221 
520 UA00030495    (4)   :  0.210 0.187 0.222 0.182 0.198 
521 UA00031133    (4)   :  0.049 0.085 0.180 0.079 0.607 
522 UA00032049    (4)   :  0.141 0.156 0.161 0.409 0.133 
523 UA00030599    (4)   :  0.104 0.089 0.175 0.159 0.474 
524 UA00030250    (4)   :  0.080 0.387 0.322 0.063 0.148 
525 UA00049385    (4)   :  0.146 0.127 0.183 0.205 0.339 
526 UA00031816    (4)   :  0.057 0.084 0.183 0.080 0.595 
527 UA00030275    (4)   :  0.159 0.272 0.233 0.191 0.145 
528 UA00041861    (4)   :  0.180 0.275 0.239 0.151 0.155 
529 UA00041433    (4)   :  0.083 0.338 0.292 0.056 0.231 
530  PCO-114    (4)   :  0.206 0.355 0.260 0.064 0.114 
531 UA00031529    (4)   :  0.141 0.241 0.249 0.084 0.286 
532 UA00039719    (4)   :  0.160 0.282 0.260 0.067 0.231 
533  PCO-442    (4)   :  0.067 0.442 0.303 0.050 0.138 
534   PCO-58    (0)   :  0.135 0.401 0.280 0.096 0.088 
535 UA00048673    (4)   :  0.217 0.209 0.246 0.101 0.228 
536   PCO-63    (4)   :  0.114 0.247 0.277 0.054 0.308 


Estimated Allele Frequencies in each cluster
First column gives estimated ancestral frequencies


Locus 1 : PP01 
2 alleles
0.0% missing data
   1   (0.597) 0.334 0.631 0.605 0.860 0.532 
   2   (0.403) 0.666 0.369 0.395 0.140 0.468 

Locus 2 : PP02 
2 alleles
0.0% missing data
   1   (0.906) 0.966 0.912 0.908 0.990 0.884 
   2   (0.094) 0.034 0.088 0.092 0.010 0.116 

Locus 3 : PP03 
2 alleles
18.3% missing data
   1   (0.781) 0.968 0.831 0.789 0.917 0.686 
   2   (0.219) 0.032 0.169 0.211 0.083 0.314 

Locus 4 : PP04 
2 alleles
0.4% missing data
   1   (0.705) 0.959 0.763 0.699 0.651 0.482 
   2   (0.295) 0.041 0.237 0.301 0.349 0.518 

Locus 5 : PP06 
2 alleles
0.0% missing data
   1   (0.649) 0.601 0.593 0.650 0.653 0.764 
   2   (0.351) 0.399 0.407 0.350 0.347 0.236 

Locus 6 : PP07 
2 alleles
0.0% missing data
   1   (0.686) 0.943 0.702 0.679 0.866 0.565 
   2   (0.314) 0.057 0.298 0.321 0.134 0.435 

Locus 7 : PP09 
2 alleles
0.0% missing data
   1   (0.485) 0.065 0.387 0.476 0.628 0.727 
   2   (0.515) 0.935 0.613 0.524 0.372 0.273 

Locus 8 : PP10 
2 alleles
0.0% missing data
   1   (0.177) 0.380 0.128 0.137 0.412 0.065 
   2   (0.823) 0.620 0.872 0.863 0.588 0.935 

Locus 9 : PP11 
2 alleles
0.0% missing data
   1   (0.686) 0.821 0.593 0.659 0.796 0.819 
   2   (0.314) 0.179 0.407 0.341 0.204 0.181 

Locus 10 : PP12 
2 alleles
0.2% missing data
   1   (0.410) 0.128 0.439 0.432 0.288 0.502 
   2   (0.590) 0.872 0.561 0.568 0.712 0.498 

Locus 11 : PP13 
2 alleles
0.0% missing data
   1   (0.164) 0.126 0.162 0.145 0.491 0.064 
   2   (0.836) 0.874 0.838 0.855 0.509 0.936 

Locus 12 : PP14 
2 alleles
0.2% missing data
   1   (0.865) 0.913 0.825 0.854 0.964 0.934 
   2   (0.135) 0.087 0.175 0.146 0.036 0.066 

Locus 13 : PP15 
2 alleles
0.0% missing data
   1   (0.898) 0.942 0.946 0.925 0.409 0.919 
   2   (0.102) 0.058 0.054 0.075 0.591 0.081 

Locus 14 : PP16 
2 alleles
0.0% missing data
   1   (0.503) 0.399 0.496 0.524 0.432 0.686 
   2   (0.497) 0.601 0.504 0.476 0.568 0.314 

Locus 15 : PP17 
2 alleles
0.2% missing data
   1   (0.638) 0.511 0.674 0.643 0.838 0.590 
   2   (0.362) 0.489 0.326 0.357 0.162 0.410 

Locus 16 : PP18 
2 alleles
0.7% missing data
   1   (0.740) 0.921 0.707 0.727 0.894 0.786 
   2   (0.260) 0.079 0.293 0.273 0.106 0.214 

Locus 17 : PP20 
2 alleles
0.0% missing data
   1   (0.619) 0.507 0.671 0.639 0.654 0.621 
   2   (0.381) 0.493 0.329 0.361 0.346 0.379 

Locus 18 : PP21 
2 alleles
14.9% missing data
   1   (0.855) 0.987 0.862 0.850 0.969 0.785 
   2   (0.145) 0.013 0.138 0.150 0.031 0.215 

Locus 19 : PP22 
2 alleles
1.3% missing data
   1   (0.448) 0.157 0.627 0.501 0.069 0.239 
   2   (0.552) 0.843 0.373 0.499 0.931 0.761 

Locus 20 : PP23 
2 alleles
0.7% missing data
   1   (0.637) 0.794 0.603 0.624 0.740 0.651 
   2   (0.363) 0.206 0.397 0.376 0.260 0.349 

Locus 21 : PP24 
2 alleles
0.2% missing data
   1   (0.803) 0.583 0.855 0.840 0.861 0.858 
   2   (0.197) 0.417 0.145 0.160 0.139 0.142 

Locus 22 : PP25 
2 alleles
0.6% missing data
   1   (0.359) 0.465 0.283 0.323 0.699 0.373 
   2   (0.641) 0.535 0.717 0.677 0.301 0.627 

Values of parameters used in structure:
DATAFILE=Puma_SNP_genotypes_cut_AZ_final_HWEonly.str,	OUTFILE=outputfile_K5_3,	NUMINDS=536,	NUMLOCI=22,	MISSING=-9,	LABEL=1,	POPDATA=0,	POPFLAG=0,	PHENOTYPE=0,	EXTRACOLS=0,	MAXPOPS=5,	BURNIN=100000,	NUMREPS=500000,	USEPOPINFO=0,	INFERALPHA=1,	INFERLAMBDA=0,	POPSPECIFICLAMBDA=0,	POPALPHAS=0,	COMPUTEPROB=1,	NOADMIX=0,	ADMBURNIN=2500,	UPDATEFREQ=200,	PRINTLIKES=0,	INTERMEDSAVE=0,	PRINTKLD=0,	PRINTNET=0,	PRINTLAMBDA=0,	ANCESTDIST=0,	NUMBOXES=1000,	ANCESTPINT=0.90000,	GENSBACK=2,	MIGRPRIOR=0.05000,	PRINTQHAT=0,	PRINTQSUM=0,	ALPHA=1.0000,	FREQSCORR=1,	FPRIORMEAN=0.0100,	FPRIORSD=0.0500,	ONEFST=0,	LAMBDA=1.0000,	UNIFPRIORALPHA=1,	ALPHAMAX=10.0000,	ALPHAPRIORA=1.0000,	ALPHAPRIORB=2.0000,	ALPHAPROPSD=0.0250,	STARTATPOPINFO=0,	RANDOMIZE=1,	LINKAGE=0,	METROFREQ=20,	REPORTHITRATE=0,	MARKOVPHASE=0,	PHASED=0,	PLOIDY=2,	PHASEINFO=0	LOCPRIOR=0, 	LOCPRIORINIT=1.000000, 	LOCDATA=0, 	LOCISPOP=0, 	LOCPRIORSTEP=0.100000, 	MAXLOCPRIOR=20.000000, 	SEED=1716618899,	
[STRAT parameters]:    NUMSIMSTATS=1000,	PHENOTYPECOL=-9,	POOLFREQ=10,	LOCUSxONLY=0,	EMERROR=0.00100,	MISSINGPHENO=-9,	