

----------------------------------------------------
STRUCTURE by Pritchard, Stephens and Donnelly (2000)
     and Falush, Stephens and Pritchard (2003)
       Code by Pritchard, Falush and Hubisz
             Version 2.3.4 (Jul 2012)
----------------------------------------------------



Command line arguments:   structure -K 10 -o outputfile_K10_2 
Input File:    Puma_SNP_genotypes_cut_AZ_final_HWEonly.str

Run parameters:
   536 individuals
   22 loci
   10 populations assumed
   100000 Burn-in period
   500000 Reps


--------------------------------------------
Overall proportion of membership of the
sample in each of the 10 clusters

Inferred Clusters
  1      2      3      4      5      6      7      8      9     10    
0.102  0.101  0.102  0.101  0.101  0.106  0.102  0.082  0.102  0.102  

--------------------------------------------

Allele-freq. divergence among pops (Net nucleotide distance),
computed using point estimates of P.

      1       2       3       4       5       6       7       8       9      10      
 1      -    0.0011  0.0003  0.0014  0.0005  0.0487  0.0002  0.0812  0.0006  0.0011  
 2   0.0011     -    0.0008  0.0000  0.0002  0.0394  0.0006  0.0739  0.0010  0.0018  
 3   0.0003  0.0008     -    0.0011  0.0002  0.0467  0.0001  0.0812  0.0012  0.0022  
 4   0.0014  0.0000  0.0011     -    0.0004  0.0380  0.0009  0.0722  0.0011  0.0018  
 5   0.0005  0.0002  0.0002  0.0004     -    0.0437  0.0002  0.0771  0.0009  0.0018  
 6   0.0487  0.0394  0.0467  0.0380  0.0437     -    0.0465  0.0956  0.0453  0.0460  
 7   0.0002  0.0006  0.0001  0.0009  0.0002  0.0465     -    0.0789  0.0006  0.0015  
 8   0.0812  0.0739  0.0812  0.0722  0.0771  0.0956  0.0789     -    0.0750  0.0745  
 9   0.0006  0.0010  0.0012  0.0011  0.0009  0.0453  0.0006  0.0750     -    0.0003  
10   0.0011  0.0018  0.0022  0.0018  0.0018  0.0460  0.0015  0.0745  0.0003     -    

Average distances (expected heterozygosity) between individuals in same cluster:
cluster  1  : 0.3773 
cluster  2  : 0.3773 
cluster  3  : 0.3748 
cluster  4  : 0.3778 
cluster  5  : 0.3781 
cluster  6  : 0.2604 
cluster  7  : 0.3763 
cluster  8  : 0.2415 
cluster  9  : 0.3765 
cluster 10  : 0.3749 

--------------------------------------------
Estimated Ln Prob of Data   = -13878.0
Mean value of ln likelihood = -12263.5
Variance of ln likelihood   = 3229.0
Mean value of alpha         = 0.0867

Mean value of Fst_1         = 0.0954
Mean value of Fst_2         = 0.0162
Mean value of Fst_3         = 0.0976
Mean value of Fst_4         = 0.0000
Mean value of Fst_5         = 0.0501
Mean value of Fst_6         = 0.2952
Mean value of Fst_7         = 0.0840
Mean value of Fst_8         = 0.4066
Mean value of Fst_9         = 0.0776
Mean value of Fst_10         = 0.0638


Inferred ancestry of individuals:
        Label (%Miss) :  Inferred clusters
  1 UA00063336   (13)   :  0.076 0.101 0.079 0.103 0.095 0.035 0.082 0.254 0.089 0.086 
  2 UA00048914    (9)   :  0.093 0.125 0.101 0.125 0.109 0.116 0.094 0.042 0.098 0.097 
  3 UA00014769   (13)   :  0.181 0.073 0.181 0.052 0.133 0.010 0.156 0.018 0.111 0.086 
  4 UA00008132   (13)   :  0.104 0.129 0.101 0.136 0.117 0.039 0.106 0.056 0.103 0.109 
  5 UA00030462   (13)   :  0.089 0.110 0.094 0.118 0.102 0.159 0.096 0.037 0.101 0.096 
  6 UA00034866   (13)   :  0.097 0.133 0.090 0.146 0.113 0.085 0.097 0.013 0.111 0.114 
  7 UA00034800    (9)   :  0.050 0.056 0.052 0.057 0.054 0.051 0.048 0.528 0.052 0.053 
  8  Puco006    (9)   :  0.028 0.040 0.032 0.040 0.034 0.699 0.031 0.027 0.036 0.033 
  9 UA00048874    (4)   :  0.065 0.090 0.066 0.093 0.078 0.062 0.069 0.328 0.076 0.073 
 10 UA00049060    (9)   :  0.122 0.104 0.136 0.108 0.123 0.021 0.116 0.035 0.126 0.108 
 11 UA00033413    (9)   :  0.147 0.083 0.107 0.070 0.099 0.032 0.130 0.016 0.144 0.173 
 12  Puco021    (9)   :  0.138 0.070 0.108 0.060 0.089 0.015 0.136 0.059 0.146 0.179 
 13  Puco026    (9)   :  0.114 0.105 0.115 0.110 0.121 0.017 0.124 0.039 0.135 0.121 
 14  Puco008    (9)   :  0.078 0.109 0.081 0.115 0.094 0.153 0.082 0.107 0.091 0.089 
 15   M01301    (9)   :  0.132 0.091 0.117 0.089 0.100 0.071 0.105 0.012 0.131 0.153 
 16   M06306    (9)   :  0.092 0.085 0.092 0.084 0.092 0.017 0.094 0.246 0.107 0.091 
 17 UA00032185    (9)   :  0.112 0.124 0.102 0.129 0.109 0.058 0.104 0.045 0.103 0.115 
 18 UA00030792    (9)   :  0.010 0.010 0.010 0.010 0.010 0.011 0.010 0.910 0.010 0.010 
 19 UA00031647    (9)   :  0.093 0.111 0.096 0.118 0.105 0.071 0.095 0.116 0.101 0.095 
 20 UA00031979    (9)   :  0.106 0.112 0.113 0.121 0.118 0.057 0.117 0.027 0.127 0.103 
 21  Puco016    (9)   :  0.094 0.117 0.104 0.118 0.108 0.144 0.107 0.017 0.097 0.094 
 22  Puco010    (9)   :  0.119 0.117 0.107 0.119 0.112 0.029 0.105 0.030 0.121 0.140 
 23    M1035    (9)   :  0.098 0.139 0.096 0.152 0.126 0.017 0.107 0.059 0.094 0.112 
 24 UA00034601    (9)   :  0.099 0.108 0.113 0.110 0.109 0.068 0.110 0.046 0.131 0.106 
 25 UA00050388    (9)   :  0.094 0.126 0.092 0.139 0.112 0.056 0.108 0.045 0.114 0.115 
 26 UA00048699    (9)   :  0.080 0.096 0.090 0.095 0.090 0.268 0.090 0.021 0.085 0.084 
 27 UA00064058    (9)   :  0.113 0.121 0.122 0.122 0.123 0.018 0.129 0.041 0.109 0.103 
 28 UA00033981    (9)   :  0.141 0.078 0.112 0.071 0.099 0.036 0.126 0.033 0.140 0.165 
 29   F05033    (9)   :  0.126 0.112 0.127 0.108 0.119 0.021 0.125 0.020 0.123 0.120 
 30 UA00048520    (4)   :  0.099 0.100 0.098 0.103 0.102 0.063 0.100 0.105 0.119 0.110 
 31 UA00048422    (4)   :  0.024 0.026 0.023 0.025 0.025 0.018 0.023 0.785 0.024 0.026 
 32    PucoB    (4)   :  0.126 0.090 0.118 0.083 0.107 0.012 0.138 0.030 0.162 0.134 
 33 UA00047393    (4)   :  0.115 0.115 0.115 0.118 0.121 0.026 0.113 0.093 0.096 0.090 
 34 UA00064521    (4)   :  0.097 0.107 0.093 0.114 0.103 0.152 0.100 0.026 0.110 0.098 
 35 UA00003043    (4)   :  0.101 0.121 0.110 0.128 0.118 0.114 0.106 0.014 0.093 0.094 
 36 UA00063025    (4)   :  0.085 0.113 0.082 0.116 0.094 0.102 0.087 0.123 0.097 0.102 
 37 UA00063826    (4)   :  0.113 0.126 0.098 0.125 0.107 0.020 0.105 0.030 0.128 0.148 
 38   F07407    (4)   :  0.107 0.088 0.090 0.082 0.086 0.021 0.107 0.145 0.136 0.139 
 39 UA00021658    (4)   :  0.112 0.129 0.111 0.134 0.123 0.031 0.111 0.029 0.108 0.111 
 40 UA00003794    (4)   :  0.107 0.082 0.105 0.080 0.094 0.025 0.119 0.113 0.143 0.131 
 41 UA00041322    (4)   :  0.088 0.141 0.088 0.156 0.116 0.052 0.098 0.039 0.109 0.113 
 42 UA00063316    (4)   :  0.092 0.130 0.095 0.138 0.109 0.064 0.098 0.057 0.107 0.110 
 43 UA00047705    (4)   :  0.106 0.113 0.107 0.115 0.113 0.047 0.117 0.028 0.132 0.121 
 44 UA00033904    (4)   :  0.078 0.090 0.081 0.095 0.098 0.031 0.087 0.262 0.100 0.078 
 45 UA00048100    (4)   :  0.114 0.109 0.119 0.110 0.117 0.035 0.125 0.016 0.132 0.125 
 46 UA00032212    (4)   :  0.082 0.110 0.084 0.119 0.100 0.072 0.088 0.142 0.097 0.107 
 47 UA00031574    (4)   :  0.021 0.023 0.021 0.022 0.021 0.030 0.022 0.791 0.023 0.024 
 48 UA00031228    (4)   :  0.013 0.014 0.013 0.014 0.013 0.017 0.014 0.875 0.013 0.013 
 49 UA00047707    (4)   :  0.139 0.116 0.144 0.107 0.134 0.022 0.135 0.010 0.100 0.093 
 50 UA00030906    (4)   :  0.009 0.010 0.009 0.010 0.010 0.016 0.010 0.906 0.010 0.010 
 51 UA00041567    (4)   :  0.122 0.113 0.097 0.116 0.096 0.042 0.100 0.037 0.121 0.156 
 52 UA00007624    (4)   :  0.146 0.104 0.137 0.101 0.112 0.024 0.123 0.013 0.117 0.122 
 53 UA00034514    (4)   :  0.109 0.127 0.119 0.125 0.126 0.033 0.122 0.025 0.110 0.106 
 54 UA00030480    (4)   :  0.107 0.119 0.115 0.119 0.119 0.022 0.108 0.096 0.109 0.087 
 55  Puco012    (4)   :  0.102 0.138 0.107 0.140 0.123 0.038 0.109 0.022 0.104 0.115 
 56 UA00038677    (9)   :  0.089 0.122 0.085 0.130 0.106 0.093 0.095 0.063 0.105 0.111 
 57 UA00048275    (4)   :  0.141 0.099 0.123 0.097 0.106 0.027 0.127 0.018 0.133 0.129 
 58 UA00064055    (4)   :  0.106 0.126 0.123 0.124 0.128 0.040 0.123 0.025 0.105 0.099 
 59  Puco009    (4)   :  0.091 0.117 0.104 0.117 0.107 0.153 0.105 0.014 0.096 0.095 
 60 UA00064561    (4)   :  0.158 0.102 0.174 0.082 0.127 0.050 0.137 0.014 0.088 0.068 
 61 UA00003479    (4)   :  0.105 0.137 0.112 0.133 0.119 0.050 0.122 0.022 0.099 0.100 
 62 UA00063747    (4)   :  0.126 0.119 0.112 0.111 0.118 0.039 0.128 0.011 0.121 0.114 
 63 UA00002558    (4)   :  0.097 0.119 0.089 0.128 0.101 0.141 0.094 0.016 0.103 0.113 
 64 UA00048410    (4)   :  0.114 0.110 0.123 0.113 0.106 0.136 0.109 0.011 0.091 0.088 
 65 UA00012249    (4)   :  0.121 0.108 0.150 0.101 0.121 0.067 0.135 0.014 0.099 0.085 
 66 UA00033818    (4)   :  0.053 0.060 0.054 0.062 0.059 0.048 0.054 0.487 0.059 0.064 
 67  Puco020    (4)   :  0.092 0.127 0.101 0.135 0.113 0.049 0.106 0.092 0.091 0.094 
 68 UA00002545    (9)   :  0.129 0.107 0.140 0.098 0.138 0.025 0.134 0.052 0.102 0.075 
 69 UA00048508    (4)   :  0.116 0.132 0.115 0.132 0.123 0.027 0.118 0.019 0.110 0.108 
 70 UA00064100    (4)   :  0.106 0.137 0.100 0.148 0.120 0.031 0.108 0.029 0.110 0.111 
 71 UA00014585    (4)   :  0.098 0.132 0.114 0.131 0.126 0.040 0.118 0.027 0.105 0.109 
 72 UA00063698    (4)   :  0.065 0.093 0.071 0.099 0.080 0.292 0.069 0.063 0.084 0.085 
 73 UA00049753    (4)   :  0.080 0.091 0.083 0.100 0.091 0.016 0.080 0.288 0.088 0.082 
 74 UA00049037    (4)   :  0.113 0.126 0.116 0.126 0.126 0.021 0.122 0.038 0.109 0.105 
 75 UA00034941    (4)   :  0.124 0.100 0.126 0.106 0.110 0.047 0.112 0.039 0.131 0.106 
 76 UA00008083    (4)   :  0.053 0.062 0.057 0.066 0.059 0.497 0.056 0.032 0.059 0.059 
 77 UA00015084    (4)   :  0.071 0.091 0.068 0.106 0.082 0.249 0.075 0.088 0.082 0.089 
 78 UA00041010    (9)   :  0.040 0.056 0.043 0.058 0.049 0.360 0.045 0.257 0.047 0.046 
 79 UA00035261    (4)   :  0.083 0.113 0.089 0.119 0.099 0.076 0.094 0.131 0.099 0.097 
 80 UA00035431    (4)   :  0.114 0.126 0.101 0.130 0.110 0.048 0.105 0.010 0.119 0.136 
 81 UA00045274    (0)   :  0.098 0.118 0.090 0.126 0.111 0.064 0.107 0.046 0.127 0.114 
 82 UA00028200    (4)   :  0.060 0.088 0.067 0.094 0.083 0.086 0.070 0.293 0.082 0.078 
 83 UA00064559    (0)   :  0.017 0.018 0.018 0.017 0.017 0.015 0.018 0.840 0.019 0.020 
 84 UA00040808    (0)   :  0.076 0.100 0.085 0.097 0.089 0.099 0.083 0.214 0.080 0.077 
 85 UA00049156    (0)   :  0.072 0.099 0.079 0.102 0.087 0.095 0.076 0.218 0.087 0.086 
 86 UA00003952    (4)   :  0.056 0.060 0.062 0.060 0.057 0.519 0.062 0.020 0.053 0.051 
 87 UA00063954    (0)   :  0.099 0.122 0.100 0.133 0.120 0.022 0.107 0.075 0.118 0.106 
 88 UA00062934    (0)   :  0.089 0.123 0.095 0.132 0.116 0.041 0.099 0.092 0.107 0.107 
 89 UA00033829    (0)   :  0.035 0.045 0.035 0.047 0.040 0.172 0.036 0.511 0.040 0.039 
 90 UA00064351    (4)   :  0.130 0.083 0.105 0.078 0.090 0.066 0.124 0.023 0.138 0.163 
 91 UA00003697    (4)   :  0.053 0.077 0.053 0.077 0.063 0.448 0.057 0.045 0.061 0.064 
 92 UA00063438    (4)   :  0.082 0.124 0.082 0.139 0.102 0.065 0.089 0.121 0.095 0.101 
 93 UA00007608    (0)   :  0.081 0.100 0.079 0.110 0.091 0.126 0.086 0.134 0.097 0.096 
 94 UA00019683    (4)   :  0.087 0.057 0.075 0.054 0.070 0.021 0.088 0.336 0.101 0.112 
 95 UA00007781    (0)   :  0.106 0.124 0.100 0.131 0.118 0.037 0.114 0.024 0.126 0.120 
 96 UA00002915    (0)   :  0.073 0.112 0.075 0.116 0.092 0.049 0.083 0.236 0.079 0.086 
 97  Puco031    (4)   :  0.121 0.117 0.125 0.115 0.123 0.042 0.121 0.027 0.115 0.094 
 98 UA00048280    (4)   :  0.121 0.107 0.109 0.112 0.110 0.049 0.117 0.019 0.130 0.126 
 99 UA00048589    (0)   :  0.111 0.097 0.108 0.093 0.110 0.030 0.131 0.041 0.144 0.135 
100 UA00034417    (0)   :  0.092 0.115 0.100 0.118 0.101 0.120 0.097 0.071 0.094 0.092 
101 UA00050411    (4)   :  0.133 0.114 0.147 0.104 0.133 0.021 0.134 0.010 0.109 0.095 
102  Puco029    (4)   :  0.120 0.107 0.128 0.098 0.123 0.010 0.132 0.017 0.138 0.126 
103   F03403    (4)   :  0.148 0.072 0.112 0.063 0.097 0.028 0.132 0.012 0.176 0.161 
104 UA00049904    (0)   :  0.101 0.120 0.093 0.120 0.105 0.032 0.097 0.093 0.116 0.123 
105 UA00035335    (0)   :  0.144 0.093 0.142 0.078 0.137 0.008 0.145 0.014 0.130 0.109 
106 UA00012611    (0)   :  0.101 0.140 0.095 0.150 0.132 0.018 0.115 0.021 0.111 0.117 
107 UA00050319    (0)   :  0.153 0.067 0.113 0.056 0.095 0.016 0.145 0.013 0.155 0.188 
108 UA00032068    (4)   :  0.097 0.138 0.098 0.142 0.127 0.015 0.107 0.064 0.107 0.105 
109 UA00032026    (4)   :  0.114 0.112 0.119 0.121 0.129 0.023 0.110 0.044 0.122 0.104 
110 UA00030476    (4)   :  0.134 0.069 0.115 0.055 0.088 0.014 0.145 0.041 0.162 0.178 
111 UA00046853    (0)   :  0.148 0.082 0.110 0.079 0.082 0.025 0.103 0.034 0.143 0.195 
112 UA00040156    (4)   :  0.010 0.010 0.009 0.010 0.009 0.011 0.010 0.911 0.010 0.010 
113 UA00030528    (4)   :  0.099 0.122 0.100 0.129 0.117 0.022 0.096 0.128 0.092 0.096 
114  Puco025    (4)   :  0.156 0.101 0.169 0.092 0.129 0.017 0.133 0.015 0.099 0.089 
115    pc016    (0)   :  0.009 0.009 0.009 0.009 0.009 0.011 0.009 0.915 0.009 0.009 
116 UA00030617    (4)   :  0.164 0.103 0.162 0.089 0.130 0.015 0.142 0.012 0.096 0.087 
117 UA00030585    (4)   :  0.019 0.018 0.017 0.018 0.018 0.021 0.018 0.829 0.020 0.021 
118 UA00032060    (4)   :  0.096 0.110 0.094 0.118 0.109 0.024 0.100 0.134 0.110 0.107 
119    pc007    (0)   :  0.136 0.097 0.106 0.097 0.103 0.029 0.115 0.036 0.122 0.159 
120 UA00030798    (4)   :  0.024 0.028 0.024 0.030 0.027 0.014 0.025 0.776 0.025 0.027 
121 UA00030778    (4)   :  0.125 0.124 0.136 0.120 0.136 0.015 0.126 0.010 0.109 0.100 
122 UA00039674    (4)   :  0.014 0.017 0.014 0.017 0.015 0.012 0.014 0.866 0.015 0.015 
123 UA00032241    (4)   :  0.165 0.098 0.150 0.085 0.112 0.016 0.119 0.011 0.118 0.126 
124 UA00011624    (0)   :  0.118 0.113 0.131 0.104 0.134 0.024 0.131 0.016 0.122 0.107 
125 UA00033779    (4)   :  0.154 0.079 0.110 0.072 0.089 0.025 0.118 0.017 0.152 0.184 
126 UA00049402    (4)   :  0.108 0.106 0.129 0.107 0.116 0.093 0.120 0.028 0.105 0.088 
127 UA00033653    (0)   :  0.161 0.066 0.107 0.058 0.082 0.022 0.122 0.014 0.161 0.208 
128 UA00047738    (0)   :  0.097 0.124 0.097 0.132 0.112 0.059 0.109 0.033 0.114 0.123 
129 UA00047502    (4)   :  0.090 0.118 0.105 0.125 0.103 0.123 0.099 0.040 0.101 0.096 
130 UA00012014    (4)   :  0.106 0.133 0.116 0.136 0.128 0.034 0.116 0.024 0.106 0.102 
131 UA00040729    (0)   :  0.126 0.090 0.135 0.084 0.111 0.020 0.131 0.025 0.152 0.126 
132 UA00030392    (4)   :  0.156 0.109 0.153 0.096 0.122 0.017 0.128 0.023 0.097 0.099 
133 UA00050033    (0)   :  0.130 0.107 0.125 0.112 0.125 0.023 0.116 0.039 0.110 0.112 
134 UA00012152    (0)   :  0.070 0.074 0.079 0.076 0.069 0.421 0.073 0.011 0.066 0.061 
135 UA00050406    (0)   :  0.110 0.132 0.110 0.137 0.118 0.031 0.110 0.028 0.118 0.107 
136 UA00047973    (0)   :  0.109 0.134 0.092 0.139 0.122 0.027 0.107 0.019 0.121 0.131 
137 UA00008051    (0)   :  0.107 0.116 0.108 0.115 0.112 0.074 0.100 0.056 0.105 0.108 
138 UA00047337    (4)   :  0.103 0.111 0.108 0.112 0.109 0.028 0.105 0.108 0.107 0.109 
139 UA00041604    (4)   :  0.095 0.132 0.095 0.139 0.111 0.074 0.096 0.046 0.100 0.112 
140 UA00031704    (4)   :  0.127 0.124 0.131 0.119 0.134 0.012 0.134 0.015 0.109 0.096 
141 UA00040423    (4)   :  0.109 0.116 0.119 0.120 0.126 0.022 0.122 0.055 0.110 0.101 
142 UA00049433    (0)   :  0.104 0.124 0.112 0.127 0.117 0.069 0.108 0.039 0.104 0.096 
143 UA00034816    (0)   :  0.135 0.107 0.149 0.093 0.119 0.075 0.126 0.023 0.091 0.081 
144 UA00050214    (0)   :  0.184 0.090 0.195 0.064 0.142 0.015 0.144 0.015 0.087 0.064 
145 UA00041073    (0)   :  0.111 0.119 0.111 0.127 0.113 0.055 0.108 0.041 0.103 0.113 
146 UA00030318    (4)   :  0.127 0.114 0.135 0.107 0.126 0.046 0.125 0.017 0.107 0.096 
147 UA00046845    (0)   :  0.122 0.112 0.133 0.109 0.112 0.079 0.119 0.032 0.093 0.089 
148 UA00063946    (0)   :  0.162 0.058 0.114 0.040 0.084 0.020 0.138 0.023 0.162 0.199 
149 UA00031374    (4)   :  0.110 0.130 0.104 0.134 0.121 0.045 0.115 0.026 0.111 0.105 
150    M1136    (4)   :  0.093 0.078 0.096 0.080 0.086 0.024 0.086 0.319 0.068 0.068 
151 UA00034299    (0)   :  0.173 0.086 0.191 0.060 0.139 0.022 0.158 0.021 0.090 0.060 
152 UA00002387    (4)   :  0.113 0.127 0.121 0.120 0.132 0.048 0.135 0.012 0.102 0.091 
153 UA00021855    (0)   :  0.113 0.127 0.105 0.128 0.113 0.036 0.102 0.026 0.117 0.134 
154 UA00014500    (0)   :  0.111 0.131 0.111 0.133 0.122 0.019 0.118 0.035 0.115 0.106 
155 UA00050419    (4)   :  0.181 0.082 0.195 0.065 0.125 0.021 0.152 0.013 0.092 0.073 
156 UA00031854    (4)   :  0.104 0.132 0.099 0.137 0.112 0.064 0.106 0.027 0.108 0.112 
157    pc011    (4)   :  0.128 0.114 0.150 0.095 0.142 0.029 0.148 0.014 0.100 0.081 
158 UA00033004    (0)   :  0.104 0.130 0.118 0.126 0.130 0.033 0.123 0.042 0.099 0.095 
159 UA00046510    (0)   :  0.104 0.125 0.114 0.121 0.108 0.111 0.112 0.017 0.093 0.095 
160 UA00048747    (0)   :  0.115 0.128 0.124 0.124 0.128 0.045 0.124 0.018 0.100 0.095 
161 UA00014293    (0)   :  0.128 0.114 0.139 0.104 0.137 0.029 0.139 0.017 0.107 0.086 
162 UA00047686    (0)   :  0.092 0.122 0.100 0.123 0.111 0.140 0.100 0.026 0.096 0.090 
163 UA00033783    (4)   :  0.079 0.071 0.071 0.072 0.072 0.095 0.084 0.273 0.091 0.094 
164 UA00042609    (4)   :  0.088 0.096 0.100 0.092 0.097 0.233 0.096 0.034 0.093 0.072 
165 UA00031169    (4)   :  0.155 0.103 0.170 0.083 0.135 0.019 0.148 0.021 0.092 0.073 
166 UA00035181    (0)   :  0.123 0.119 0.114 0.114 0.125 0.017 0.128 0.009 0.133 0.119 
167 UA00050133    (0)   :  0.115 0.129 0.117 0.129 0.122 0.037 0.117 0.027 0.106 0.100 
168  Puco011    (4)   :  0.121 0.113 0.153 0.095 0.132 0.036 0.143 0.026 0.102 0.081 
169 UA00041476    (0)   :  0.104 0.131 0.113 0.129 0.118 0.061 0.111 0.047 0.089 0.097 
170 UA00046702    (0)   :  0.143 0.114 0.162 0.098 0.125 0.020 0.139 0.018 0.097 0.085 
171 UA00019940    (0)   :  0.113 0.113 0.123 0.115 0.126 0.048 0.118 0.025 0.112 0.108 
172 UA00049813    (0)   :  0.121 0.109 0.112 0.112 0.106 0.026 0.107 0.029 0.130 0.148 
173 UA00064165    (0)   :  0.070 0.095 0.072 0.103 0.083 0.309 0.075 0.029 0.081 0.084 
174 UA00064421    (0)   :  0.090 0.108 0.091 0.109 0.095 0.238 0.087 0.011 0.085 0.085 
175 UA00064569    (4)   :  0.157 0.104 0.162 0.094 0.119 0.024 0.124 0.010 0.108 0.099 
176 UA00003996    (0)   :  0.106 0.112 0.117 0.112 0.112 0.115 0.111 0.029 0.093 0.092 
177 UA00064491    (4)   :  0.146 0.101 0.165 0.090 0.117 0.045 0.130 0.015 0.098 0.093 
178 UA00011899    (0)   :  0.103 0.141 0.099 0.143 0.123 0.022 0.105 0.032 0.112 0.120 
179  Puco015    (4)   :  0.103 0.122 0.115 0.123 0.118 0.034 0.107 0.074 0.102 0.101 
180 UA00047929    (4)   :  0.140 0.095 0.133 0.094 0.115 0.014 0.124 0.018 0.139 0.129 
181 UA00056669    (0)   :  0.101 0.145 0.103 0.145 0.122 0.048 0.107 0.015 0.102 0.112 
182 UA00050176    (0)   :  0.087 0.142 0.093 0.146 0.121 0.054 0.106 0.037 0.103 0.111 
183  Puco014    (4)   :  0.104 0.120 0.106 0.124 0.115 0.046 0.119 0.024 0.119 0.123 
184 UA00019608    (0)   :  0.108 0.135 0.112 0.125 0.133 0.057 0.116 0.021 0.100 0.094 
185 UA00064333    (0)   :  0.106 0.131 0.118 0.128 0.137 0.032 0.127 0.019 0.102 0.100 
186  Puco013    (4)   :  0.088 0.128 0.092 0.134 0.115 0.117 0.101 0.022 0.104 0.099 
187 UA00016092    (0)   :  0.149 0.102 0.163 0.092 0.136 0.015 0.142 0.011 0.103 0.087 
188 UA00019060    (0)   :  0.047 0.067 0.055 0.070 0.053 0.452 0.050 0.101 0.052 0.054 
189 UA00063532    (0)   :  0.107 0.125 0.112 0.123 0.111 0.042 0.121 0.042 0.102 0.115 
190 UA00064117    (0)   :  0.064 0.097 0.074 0.100 0.084 0.212 0.077 0.134 0.078 0.080 
191 UA00011969    (0)   :  0.102 0.136 0.096 0.145 0.113 0.052 0.097 0.031 0.107 0.120 
192 UA00034586    (4)   :  0.133 0.116 0.122 0.117 0.122 0.019 0.123 0.015 0.114 0.120 
193 UA00030736    (4)   :  0.101 0.146 0.106 0.147 0.124 0.021 0.111 0.026 0.103 0.114 
194 UA00048493    (0)   :  0.103 0.135 0.111 0.138 0.121 0.028 0.111 0.045 0.100 0.107 
195 UA00040466    (0)   :  0.045 0.046 0.046 0.045 0.045 0.624 0.044 0.016 0.044 0.043 
196 UA00047659    (0)   :  0.106 0.134 0.100 0.141 0.128 0.031 0.112 0.013 0.118 0.115 
197 UA00042002    (4)   :  0.088 0.116 0.096 0.113 0.106 0.036 0.101 0.116 0.115 0.112 
198 UA00062606    (0)   :  0.103 0.110 0.117 0.112 0.112 0.101 0.110 0.027 0.116 0.092 
199 UA00030615    (4)   :  0.034 0.044 0.035 0.043 0.038 0.684 0.034 0.013 0.036 0.039 
200 UA00048899    (0)   :  0.101 0.136 0.103 0.143 0.125 0.033 0.109 0.023 0.113 0.113 
201 UA00047725    (0)   :  0.012 0.013 0.012 0.013 0.013 0.886 0.012 0.012 0.013 0.013 
202 UA00030866    (4)   :  0.125 0.105 0.151 0.098 0.112 0.045 0.119 0.018 0.131 0.095 
203 UA00034564    (0)   :  0.128 0.114 0.145 0.107 0.123 0.036 0.115 0.020 0.119 0.094 
204 UA00046520    (0)   :  0.148 0.084 0.108 0.073 0.091 0.023 0.124 0.015 0.151 0.183 
205 UA00035027    (0)   :  0.116 0.110 0.117 0.115 0.111 0.063 0.109 0.031 0.119 0.108 
206 UA00035421    (0)   :  0.090 0.102 0.102 0.099 0.098 0.221 0.103 0.019 0.088 0.079 
207 UA00062740    (4)   :  0.123 0.097 0.136 0.093 0.107 0.079 0.110 0.039 0.123 0.092 
208 UA00012360    (0)   :  0.026 0.030 0.029 0.031 0.028 0.760 0.027 0.013 0.027 0.029 
209 UA00050203    (0)   :  0.121 0.112 0.123 0.118 0.116 0.025 0.126 0.028 0.121 0.112 
210 UA00040534    (4)   :  0.060 0.090 0.067 0.095 0.073 0.276 0.066 0.132 0.070 0.071 
211 UA00031261    (4)   :  0.053 0.066 0.066 0.068 0.057 0.434 0.058 0.074 0.066 0.057 
212 UA00031917    (4)   :  0.070 0.086 0.084 0.084 0.077 0.258 0.078 0.107 0.085 0.072 
213 UA00040798    (4)   :  0.078 0.082 0.074 0.085 0.072 0.322 0.067 0.053 0.077 0.089 
214 UA00030598    (4)   :  0.080 0.102 0.088 0.099 0.086 0.226 0.089 0.055 0.084 0.091 
215 UA00050385    (0)   :  0.100 0.126 0.107 0.133 0.127 0.060 0.119 0.024 0.105 0.100 
216 UA00058283    (0)   :  0.021 0.027 0.023 0.028 0.025 0.767 0.023 0.034 0.025 0.026 
217 UA00042297    (4)   :  0.062 0.072 0.059 0.073 0.064 0.096 0.059 0.372 0.065 0.077 
218 UA00015415    (4)   :  0.022 0.024 0.026 0.024 0.024 0.795 0.023 0.013 0.025 0.022 
219 UA00035531    (0)   :  0.041 0.047 0.044 0.050 0.046 0.576 0.044 0.066 0.044 0.042 
220 UA00048683    (0)   :  0.053 0.065 0.057 0.063 0.059 0.520 0.057 0.016 0.055 0.054 
221 UA00046734    (4)   :  0.026 0.026 0.026 0.028 0.025 0.776 0.025 0.016 0.025 0.025 
222   pcRF01    (0)   :  0.152 0.101 0.171 0.076 0.142 0.020 0.163 0.009 0.095 0.070 
223 UA00007223    (0)   :  0.103 0.103 0.122 0.104 0.109 0.120 0.108 0.039 0.105 0.086 
224 UA00013841    (0)   :  0.108 0.098 0.124 0.094 0.122 0.022 0.127 0.060 0.142 0.104 
225 UA00014196    (0)   :  0.050 0.067 0.061 0.070 0.060 0.479 0.061 0.037 0.057 0.058 
226 UA00034635    (0)   :  0.112 0.132 0.113 0.133 0.125 0.027 0.108 0.016 0.120 0.117 
227 UA00047371    (0)   :  0.086 0.127 0.075 0.138 0.107 0.037 0.091 0.128 0.101 0.108 
228 UA00063544    (0)   :  0.091 0.113 0.098 0.119 0.105 0.036 0.099 0.115 0.111 0.112 
229 UA00064246    (0)   :  0.094 0.105 0.087 0.116 0.100 0.125 0.095 0.067 0.102 0.108 
230 UA00064328    (0)   :  0.083 0.129 0.084 0.136 0.107 0.129 0.088 0.042 0.098 0.104 
231 UA00002952    (0)   :  0.094 0.099 0.108 0.101 0.102 0.127 0.098 0.087 0.098 0.086 
232 UA00064079    (0)   :  0.098 0.123 0.092 0.133 0.114 0.052 0.100 0.089 0.097 0.102 
233 UA00046793    (0)   :  0.080 0.106 0.091 0.109 0.096 0.142 0.094 0.112 0.085 0.084 
234 UA00034769    (0)   :  0.076 0.077 0.068 0.077 0.073 0.065 0.076 0.318 0.081 0.089 
235 UA00034949    (0)   :  0.098 0.111 0.120 0.104 0.105 0.138 0.102 0.037 0.100 0.085 
236 UA00063753    (0)   :  0.126 0.088 0.098 0.081 0.089 0.065 0.115 0.045 0.132 0.160 
237 UA00015713    (0)   :  0.103 0.108 0.100 0.113 0.103 0.026 0.115 0.076 0.124 0.132 
238 UA00003494    (0)   :  0.095 0.120 0.111 0.115 0.116 0.076 0.117 0.065 0.096 0.088 
239 UA00056767    (0)   :  0.173 0.081 0.103 0.073 0.086 0.018 0.107 0.009 0.151 0.199 
240 UA00014461    (0)   :  0.092 0.110 0.104 0.115 0.109 0.117 0.106 0.054 0.099 0.094 
241 UA00034669    (0)   :  0.068 0.097 0.064 0.101 0.081 0.289 0.071 0.069 0.080 0.081 
242 UA00048164    (0)   :  0.099 0.109 0.099 0.105 0.104 0.172 0.108 0.016 0.099 0.089 
243 UA00007974    (0)   :  0.128 0.088 0.108 0.087 0.099 0.030 0.128 0.036 0.152 0.144 
244 UA00016166    (0)   :  0.099 0.100 0.100 0.104 0.105 0.037 0.104 0.189 0.087 0.076 
245 UA00015653    (0)   :  0.086 0.101 0.088 0.104 0.090 0.126 0.083 0.138 0.096 0.088 
246 UA00063882    (0)   :  0.073 0.090 0.082 0.097 0.084 0.256 0.081 0.077 0.082 0.078 
247 UA00049027    (0)   :  0.086 0.112 0.084 0.122 0.101 0.075 0.088 0.125 0.100 0.107 
248 UA00018878    (0)   :  0.096 0.097 0.092 0.102 0.103 0.026 0.101 0.138 0.130 0.115 
249 UA00038796    (0)   :  0.085 0.099 0.094 0.101 0.102 0.206 0.094 0.020 0.106 0.093 
250 UA00013465    (0)   :  0.045 0.061 0.046 0.063 0.048 0.561 0.046 0.025 0.052 0.053 
251 UA00014604    (0)   :  0.084 0.110 0.084 0.118 0.099 0.167 0.086 0.044 0.104 0.104 
252 UA00041913    (0)   :  0.112 0.084 0.092 0.080 0.090 0.039 0.098 0.149 0.117 0.138 
253 UA00021632    (0)   :  0.065 0.086 0.071 0.091 0.077 0.061 0.071 0.327 0.076 0.075 
254 UA00064027    (0)   :  0.089 0.130 0.085 0.144 0.108 0.082 0.094 0.062 0.097 0.108 
255 UA00015023    (0)   :  0.109 0.124 0.121 0.126 0.112 0.073 0.115 0.024 0.097 0.099 
256 UA00050243    (0)   :  0.084 0.128 0.088 0.134 0.109 0.038 0.091 0.135 0.095 0.098 
257 UA00048298    (0)   :  0.105 0.127 0.111 0.129 0.122 0.046 0.112 0.038 0.101 0.108 
258 UA00050437    (0)   :  0.085 0.125 0.086 0.141 0.105 0.144 0.093 0.025 0.093 0.104 
259 UA00014262    (0)   :  0.093 0.124 0.101 0.140 0.119 0.042 0.102 0.066 0.110 0.102 
260 UA00049129    (0)   :  0.120 0.108 0.113 0.109 0.115 0.027 0.116 0.046 0.117 0.130 
261 UA00014740    (0)   :  0.118 0.102 0.108 0.105 0.109 0.048 0.115 0.048 0.129 0.118 
262 UA00049612    (0)   :  0.042 0.042 0.041 0.046 0.041 0.065 0.040 0.595 0.045 0.045 
263 UA00014635    (0)   :  0.154 0.081 0.117 0.078 0.096 0.021 0.121 0.013 0.144 0.174 
264 UA00014673    (0)   :  0.084 0.105 0.086 0.111 0.101 0.150 0.090 0.066 0.109 0.099 
265 UA00033608    (0)   :  0.079 0.080 0.071 0.080 0.076 0.053 0.076 0.301 0.091 0.093 
266 UA00064540    (0)   :  0.125 0.090 0.101 0.088 0.105 0.058 0.123 0.025 0.139 0.146 
267 UA00050256    (0)   :  0.086 0.124 0.088 0.138 0.100 0.082 0.090 0.098 0.094 0.099 
268 UA00015274    (0)   :  0.118 0.118 0.127 0.114 0.119 0.057 0.120 0.021 0.111 0.095 
269 UA00062993    (0)   :  0.114 0.119 0.105 0.124 0.112 0.051 0.106 0.011 0.131 0.127 
270 UA00038364    (0)   :  0.096 0.123 0.096 0.137 0.108 0.048 0.101 0.052 0.114 0.126 
271 UA00014446    (0)   :  0.114 0.140 0.105 0.149 0.124 0.025 0.104 0.013 0.113 0.113 
272 UA00063545    (0)   :  0.057 0.079 0.062 0.082 0.066 0.120 0.064 0.341 0.066 0.063 
273 UA00040054    (0)   :  0.132 0.099 0.138 0.093 0.132 0.019 0.133 0.030 0.132 0.093 
274 UA00058447    (0)   :  0.118 0.108 0.107 0.116 0.114 0.025 0.121 0.029 0.139 0.124 
275 UA00046835    (0)   :  0.126 0.103 0.120 0.107 0.114 0.026 0.121 0.024 0.128 0.131 
276 UA00014608    (0)   :  0.103 0.134 0.095 0.145 0.120 0.038 0.105 0.018 0.122 0.120 
277    pc012    (0)   :  0.106 0.121 0.101 0.128 0.108 0.071 0.101 0.036 0.115 0.113 
278    pc002    (0)   :  0.080 0.089 0.073 0.102 0.086 0.057 0.074 0.284 0.079 0.075 
279 UA00033690    (0)   :  0.121 0.068 0.105 0.064 0.088 0.029 0.127 0.095 0.153 0.149 
280 UA00013688    (0)   :  0.100 0.126 0.101 0.133 0.117 0.064 0.106 0.030 0.113 0.109 
281 UA00063666    (0)   :  0.158 0.064 0.102 0.053 0.076 0.012 0.131 0.054 0.151 0.197 
282 UA00063292    (0)   :  0.165 0.058 0.114 0.045 0.085 0.017 0.143 0.014 0.163 0.196 
283    pc001    (0)   :  0.102 0.124 0.101 0.128 0.120 0.054 0.112 0.022 0.118 0.117 
284    pc008    (0)   :  0.107 0.114 0.108 0.113 0.115 0.034 0.119 0.022 0.134 0.135 
285 UA00034316    (0)   :  0.079 0.108 0.087 0.110 0.087 0.153 0.082 0.143 0.070 0.080 
286 UA00013046    (0)   :  0.157 0.091 0.152 0.083 0.120 0.014 0.128 0.019 0.122 0.112 
287 UA00050241    (0)   :  0.147 0.089 0.121 0.082 0.095 0.012 0.127 0.016 0.139 0.172 
288 UA00048599    (0)   :  0.125 0.109 0.111 0.111 0.115 0.018 0.126 0.014 0.134 0.137 
289 UA00046649    (0)   :  0.085 0.108 0.090 0.106 0.101 0.028 0.090 0.181 0.106 0.106 
290 UA00015674    (0)   :  0.072 0.071 0.069 0.072 0.072 0.044 0.077 0.345 0.087 0.091 
291 UA00013177    (0)   :  0.111 0.097 0.105 0.098 0.093 0.073 0.101 0.069 0.117 0.136 
292 UA00012814    (0)   :  0.105 0.131 0.108 0.132 0.126 0.043 0.117 0.022 0.107 0.109 
293 UA00034654    (0)   :  0.120 0.122 0.122 0.117 0.122 0.020 0.123 0.015 0.128 0.111 
294 UA00046743    (0)   :  0.138 0.079 0.131 0.068 0.111 0.026 0.136 0.018 0.150 0.143 
295 UA00014854    (0)   :  0.121 0.069 0.119 0.062 0.094 0.012 0.146 0.062 0.164 0.151 
296 UA00013729    (0)   :  0.129 0.115 0.144 0.112 0.125 0.032 0.120 0.024 0.103 0.095 
297 UA00063483    (0)   :  0.118 0.122 0.105 0.122 0.120 0.015 0.101 0.017 0.131 0.149 
298 UA00039326    (0)   :  0.108 0.102 0.112 0.100 0.110 0.024 0.124 0.067 0.136 0.119 
299 UA00014742    (0)   :  0.140 0.103 0.104 0.100 0.098 0.014 0.109 0.022 0.134 0.176 
300 UA00049597    (0)   :  0.096 0.066 0.095 0.061 0.084 0.011 0.106 0.246 0.127 0.109 
301 UA00048067    (0)   :  0.115 0.112 0.095 0.116 0.103 0.046 0.110 0.048 0.127 0.128 
302 UA00012918    (0)   :  0.133 0.054 0.112 0.044 0.082 0.012 0.143 0.100 0.160 0.160 
303 UA00013487    (0)   :  0.165 0.095 0.170 0.069 0.153 0.013 0.166 0.014 0.093 0.061 
304 UA00046759    (0)   :  0.091 0.117 0.091 0.120 0.103 0.121 0.094 0.057 0.101 0.104 
305 UA00050164    (0)   :  0.051 0.058 0.052 0.058 0.058 0.028 0.057 0.542 0.050 0.047 
306 UA00049839    (0)   :  0.136 0.099 0.115 0.100 0.097 0.030 0.093 0.017 0.136 0.176 
307 UA00048444    (0)   :  0.167 0.052 0.098 0.039 0.066 0.020 0.123 0.054 0.157 0.223 
308 UA00063857    (0)   :  0.131 0.101 0.123 0.100 0.120 0.012 0.122 0.026 0.129 0.135 
309 UA00014921    (0)   :  0.081 0.091 0.074 0.096 0.086 0.015 0.081 0.291 0.091 0.094 
310 UA00048895    (0)   :  0.074 0.093 0.073 0.096 0.083 0.034 0.073 0.300 0.083 0.091 
311 UA00014556    (0)   :  0.097 0.118 0.100 0.127 0.107 0.104 0.107 0.019 0.114 0.107 
312    pc009    (0)   :  0.174 0.062 0.111 0.047 0.086 0.011 0.121 0.014 0.153 0.220 
313 UA00014959    (0)   :  0.084 0.075 0.096 0.072 0.091 0.021 0.104 0.240 0.114 0.102 
314 UA00020709    (0)   :  0.102 0.109 0.119 0.106 0.117 0.030 0.122 0.046 0.136 0.114 
315 UA00013126    (0)   :  0.014 0.013 0.013 0.014 0.014 0.015 0.014 0.873 0.015 0.015 
316 UA00013695    (0)   :  0.025 0.027 0.025 0.026 0.025 0.016 0.024 0.780 0.025 0.027 
317 UA00049344    (0)   :  0.075 0.094 0.073 0.101 0.085 0.037 0.078 0.288 0.085 0.083 
318 UA00047614    (0)   :  0.034 0.041 0.034 0.043 0.038 0.094 0.033 0.605 0.039 0.039 
319 UA00014221    (0)   :  0.147 0.092 0.110 0.084 0.097 0.015 0.123 0.008 0.153 0.173 
320 UA00014346    (0)   :  0.134 0.097 0.093 0.098 0.094 0.032 0.120 0.032 0.138 0.161 
321 UA00014245    (0)   :  0.101 0.070 0.109 0.070 0.095 0.019 0.119 0.149 0.144 0.123 
322 UA00014696    (0)   :  0.016 0.018 0.017 0.017 0.018 0.020 0.017 0.846 0.016 0.015 
323 UA00006991    (0)   :  0.101 0.135 0.101 0.150 0.128 0.048 0.108 0.016 0.109 0.105 
324 UA00048948    (0)   :  0.097 0.147 0.105 0.151 0.115 0.042 0.101 0.022 0.102 0.118 
325 UA00002239    (0)   :  0.106 0.127 0.116 0.128 0.124 0.057 0.114 0.023 0.108 0.096 
326 UA00063459    (0)   :  0.146 0.067 0.114 0.058 0.087 0.012 0.143 0.019 0.167 0.188 
327 UA00048356    (0)   :  0.102 0.122 0.088 0.136 0.107 0.075 0.099 0.027 0.117 0.127 
328 UA00063940    (0)   :  0.112 0.120 0.112 0.131 0.117 0.072 0.101 0.030 0.099 0.105 
329 UA00048130    (0)   :  0.131 0.107 0.100 0.109 0.108 0.026 0.103 0.016 0.139 0.161 
330 UA00048903    (0)   :  0.175 0.088 0.179 0.078 0.117 0.015 0.132 0.011 0.107 0.097 
331 UA00064643    (0)   :  0.116 0.120 0.118 0.122 0.120 0.036 0.118 0.034 0.109 0.107 
332 UA00050233    (0)   :  0.112 0.121 0.114 0.127 0.116 0.057 0.109 0.018 0.108 0.118 
333 UA00012507    (0)   :  0.099 0.126 0.108 0.130 0.113 0.105 0.104 0.014 0.103 0.098 
334 UA00064416    (0)   :  0.128 0.116 0.138 0.112 0.138 0.023 0.147 0.016 0.097 0.085 
335 UA00034724    (0)   :  0.119 0.131 0.113 0.127 0.117 0.034 0.108 0.017 0.108 0.126 
336 UA00002621    (0)   :  0.129 0.117 0.126 0.112 0.118 0.021 0.118 0.014 0.125 0.118 
337 UA00033203    (0)   :  0.140 0.104 0.148 0.087 0.144 0.022 0.156 0.031 0.095 0.074 
338 UA00011996    (0)   :  0.102 0.137 0.100 0.146 0.124 0.016 0.106 0.028 0.123 0.119 
339 UA00014408    (0)   :  0.085 0.105 0.091 0.118 0.098 0.216 0.087 0.020 0.089 0.090 
340 UA00049502    (0)   :  0.101 0.130 0.091 0.141 0.111 0.071 0.092 0.015 0.115 0.132 
341 UA00062695    (0)   :  0.113 0.113 0.091 0.114 0.102 0.041 0.107 0.050 0.129 0.139 
342 UA00014072    (0)   :  0.127 0.111 0.101 0.111 0.100 0.027 0.099 0.027 0.130 0.169 
343 UA00003334    (0)   :  0.155 0.088 0.145 0.081 0.111 0.016 0.127 0.020 0.129 0.127 
344 UA00013835    (0)   :  0.107 0.124 0.104 0.129 0.115 0.028 0.114 0.031 0.124 0.124 
345 UA00046760    (0)   :  0.100 0.116 0.087 0.125 0.103 0.022 0.089 0.123 0.106 0.128 
346 UA00014241    (0)   :  0.119 0.120 0.124 0.115 0.124 0.029 0.130 0.015 0.115 0.109 
347 UA00049585    (0)   :  0.131 0.113 0.106 0.117 0.112 0.013 0.108 0.018 0.129 0.153 
348 UA00013409    (0)   :  0.130 0.078 0.096 0.077 0.089 0.115 0.096 0.029 0.127 0.163 
349 UA00047548    (0)   :  0.106 0.134 0.111 0.138 0.127 0.014 0.118 0.024 0.118 0.111 
350 UA00049038    (0)   :  0.077 0.099 0.075 0.103 0.087 0.075 0.077 0.220 0.089 0.098 
351 UA00047612    (0)   :  0.115 0.124 0.117 0.133 0.117 0.038 0.111 0.016 0.118 0.112 
352 UA00014822    (0)   :  0.081 0.099 0.088 0.104 0.093 0.098 0.092 0.165 0.095 0.084 
353 UA00035299    (0)   :  0.135 0.111 0.137 0.104 0.130 0.028 0.126 0.029 0.108 0.093 
354 UA00012804    (0)   :  0.079 0.108 0.075 0.114 0.089 0.040 0.083 0.234 0.086 0.092 
355 UA00049578    (0)   :  0.101 0.125 0.097 0.135 0.113 0.083 0.103 0.019 0.108 0.115 
356 UA00047672    (0)   :  0.158 0.094 0.165 0.078 0.139 0.029 0.158 0.014 0.096 0.069 
357 UA00043961    (0)   :  0.045 0.050 0.043 0.049 0.046 0.057 0.044 0.570 0.047 0.051 
358 UA00064575    (0)   :  0.100 0.109 0.097 0.116 0.097 0.130 0.087 0.024 0.112 0.129 
359 UA00014732    (0)   :  0.115 0.136 0.110 0.143 0.121 0.048 0.110 0.014 0.100 0.104 
360 UA00050181    (0)   :  0.107 0.138 0.112 0.134 0.131 0.035 0.115 0.009 0.114 0.105 
361 UA00033369    (0)   :  0.089 0.119 0.090 0.124 0.106 0.047 0.094 0.146 0.096 0.090 
362 UA00011982    (0)   :  0.205 0.079 0.208 0.050 0.136 0.011 0.154 0.011 0.087 0.059 
363 UA00014590    (0)   :  0.103 0.132 0.111 0.133 0.122 0.039 0.111 0.059 0.095 0.096 
364 UA00047743    (0)   :  0.140 0.109 0.142 0.102 0.145 0.017 0.141 0.014 0.106 0.084 
365 UA00046621    (0)   :  0.138 0.117 0.140 0.106 0.136 0.013 0.141 0.015 0.105 0.090 
366 UA00050422    (0)   :  0.100 0.129 0.104 0.142 0.119 0.073 0.103 0.017 0.104 0.108 
367 UA00002760    (0)   :  0.115 0.119 0.109 0.121 0.118 0.023 0.110 0.047 0.116 0.121 
368 UA00012999    (0)   :  0.112 0.120 0.110 0.135 0.127 0.021 0.104 0.062 0.105 0.104 
369 UA00063838    (0)   :  0.142 0.101 0.144 0.100 0.121 0.025 0.131 0.015 0.117 0.107 
370 UA00003729    (0)   :  0.088 0.101 0.082 0.106 0.096 0.123 0.091 0.104 0.104 0.106 
371 UA00015348    (0)   :  0.141 0.092 0.103 0.092 0.089 0.035 0.096 0.040 0.134 0.178 
372 UA00019058    (0)   :  0.131 0.088 0.092 0.081 0.092 0.070 0.108 0.025 0.151 0.162 
373 UA00049549    (0)   :  0.159 0.051 0.103 0.038 0.079 0.013 0.134 0.065 0.152 0.204 
374 UA00014334    (0)   :  0.108 0.121 0.128 0.118 0.119 0.057 0.119 0.024 0.111 0.095 
375 UA00014350    (0)   :  0.209 0.066 0.231 0.031 0.144 0.009 0.172 0.009 0.083 0.047 
376 UA00049227    (0)   :  0.104 0.111 0.108 0.110 0.108 0.062 0.095 0.099 0.107 0.096 
377 UA00014051    (0)   :  0.117 0.114 0.123 0.114 0.119 0.095 0.124 0.013 0.093 0.089 
378 UA00034381    (0)   :  0.110 0.125 0.112 0.126 0.114 0.063 0.105 0.019 0.107 0.118 
379 UA00002354    (0)   :  0.156 0.100 0.155 0.085 0.149 0.017 0.157 0.013 0.095 0.074 
380 UA00049892    (0)   :  0.147 0.089 0.143 0.079 0.113 0.015 0.130 0.047 0.118 0.119 
381 UA00021989    (0)   :  0.126 0.122 0.123 0.115 0.118 0.035 0.123 0.013 0.111 0.115 
382 UA00048968    (0)   :  0.109 0.132 0.113 0.136 0.126 0.030 0.123 0.016 0.107 0.108 
383 UA00013174    (0)   :  0.128 0.109 0.143 0.108 0.126 0.037 0.134 0.027 0.104 0.085 
384 UA00033992    (0)   :  0.087 0.136 0.091 0.139 0.118 0.020 0.103 0.113 0.091 0.100 
385 UA00015801    (0)   :  0.190 0.083 0.203 0.061 0.134 0.010 0.151 0.008 0.090 0.070 
386 UA00063303    (0)   :  0.103 0.089 0.099 0.086 0.094 0.045 0.111 0.133 0.122 0.116 
387 UA00050206    (0)   :  0.169 0.079 0.113 0.073 0.083 0.021 0.102 0.009 0.149 0.202 
388 UA00014458    (0)   :  0.117 0.119 0.110 0.117 0.108 0.045 0.111 0.054 0.105 0.114 
389 UA00007204    (0)   :  0.125 0.085 0.130 0.077 0.107 0.018 0.133 0.025 0.152 0.149 
390 UA00063212    (0)   :  0.101 0.087 0.086 0.092 0.077 0.097 0.078 0.134 0.106 0.141 
391 UA00013340    (0)   :  0.095 0.143 0.091 0.157 0.121 0.020 0.098 0.051 0.106 0.117 
392 UA00062743    (0)   :  0.112 0.113 0.142 0.105 0.125 0.055 0.133 0.014 0.111 0.089 
393 UA00063189    (0)   :  0.060 0.078 0.069 0.080 0.068 0.398 0.070 0.044 0.064 0.068 
394 UA00035432    (0)   :  0.137 0.106 0.124 0.103 0.111 0.019 0.108 0.017 0.128 0.148 
395 UA00007958    (0)   :  0.119 0.120 0.136 0.114 0.137 0.019 0.130 0.016 0.112 0.097 
396 UA00013634    (0)   :  0.131 0.106 0.162 0.101 0.126 0.033 0.137 0.013 0.107 0.086 
397 UA00048175    (0)   :  0.187 0.082 0.207 0.051 0.135 0.020 0.162 0.008 0.087 0.060 
398 UA00003202    (0)   :  0.112 0.133 0.110 0.130 0.120 0.022 0.110 0.021 0.118 0.125 
399 UA00035090    (0)   :  0.123 0.111 0.113 0.106 0.109 0.063 0.107 0.023 0.117 0.128 
400 UA00064679    (0)   :  0.082 0.100 0.095 0.102 0.095 0.226 0.098 0.032 0.083 0.086 
401 UA00039518    (0)   :  0.129 0.114 0.124 0.109 0.128 0.022 0.138 0.027 0.109 0.099 
402 UA00058268    (0)   :  0.116 0.132 0.118 0.130 0.121 0.032 0.111 0.022 0.105 0.113 
403 UA00049456    (0)   :  0.104 0.104 0.097 0.103 0.105 0.033 0.103 0.123 0.109 0.118 
404 UA00049550    (0)   :  0.128 0.101 0.102 0.099 0.095 0.082 0.095 0.014 0.123 0.161 
405 UA00048342    (0)   :  0.101 0.123 0.101 0.128 0.115 0.040 0.103 0.058 0.112 0.119 
406 UA00063493    (0)   :  0.127 0.114 0.126 0.116 0.124 0.018 0.121 0.012 0.114 0.127 
407 UA00058261    (0)   :  0.115 0.121 0.130 0.110 0.120 0.084 0.125 0.018 0.093 0.083 
408 UA00014663    (0)   :  0.105 0.140 0.105 0.147 0.120 0.044 0.112 0.023 0.098 0.107 
409 UA00048817    (0)   :  0.099 0.112 0.114 0.106 0.111 0.033 0.101 0.156 0.086 0.082 
410 UA00049381    (0)   :  0.125 0.111 0.155 0.097 0.130 0.043 0.138 0.016 0.099 0.085 
411 UA00035901    (0)   :  0.081 0.112 0.081 0.114 0.094 0.216 0.090 0.022 0.092 0.098 
412 UA00013301    (0)   :  0.143 0.083 0.102 0.078 0.086 0.058 0.100 0.029 0.140 0.181 
413 UA00047926    (0)   :  0.114 0.110 0.122 0.112 0.116 0.069 0.129 0.047 0.095 0.086 
414 UA00007272    (0)   :  0.100 0.115 0.120 0.111 0.117 0.098 0.119 0.026 0.104 0.091 
415 UA00016041    (0)   :  0.117 0.110 0.108 0.111 0.106 0.025 0.111 0.033 0.128 0.150 
416 UA00013502    (0)   :  0.134 0.113 0.135 0.105 0.117 0.046 0.126 0.012 0.106 0.106 
417 UA00002390    (0)   :  0.094 0.147 0.096 0.155 0.120 0.026 0.099 0.055 0.098 0.110 
418 UA00034907    (0)   :  0.104 0.131 0.107 0.139 0.114 0.048 0.110 0.014 0.116 0.117 
419 UA00048821    (0)   :  0.089 0.131 0.095 0.128 0.109 0.087 0.097 0.057 0.101 0.105 
420 UA00002136    (0)   :  0.115 0.115 0.104 0.112 0.101 0.039 0.096 0.054 0.127 0.138 
421 UA00011790    (0)   :  0.113 0.115 0.138 0.113 0.125 0.037 0.135 0.028 0.104 0.091 
422 UA00021586    (0)   :  0.092 0.114 0.100 0.121 0.104 0.046 0.099 0.124 0.101 0.100 
