

----------------------------------------------------
STRUCTURE by Pritchard, Stephens and Donnelly (2000)
     and Falush, Stephens and Pritchard (2003)
       Code by Pritchard, Falush and Hubisz
             Version 2.3.4 (Jul 2012)
----------------------------------------------------



Command line arguments:   structure -K 6 -o outputfile_K6_3 
Input File:    Puma_SNP_genotypes_cut_AZ_final_HWEonly.str

Run parameters:
   536 individuals
   22 loci
   6 populations assumed
   100000 Burn-in period
   500000 Reps


--------------------------------------------
Overall proportion of membership of the
sample in each of the 6 clusters

Inferred Clusters
  1      2      3      4      5      6    
0.153  0.170  0.166  0.171  0.170  0.171  

--------------------------------------------

Allele-freq. divergence among pops (Net nucleotide distance),
computed using point estimates of P.

      1       2       3       4       5       6      
 1      -    0.0545  0.0704  0.0550  0.0535  0.0546  
 2   0.0545     -    0.0457  0.0000  0.0000  0.0004  
 3   0.0704  0.0457     -    0.0467  0.0450  0.0488  
 4   0.0550  0.0000  0.0467     -    0.0000  0.0002  
 5   0.0535  0.0000  0.0450  0.0000     -    0.0004  
 6   0.0546  0.0004  0.0488  0.0002  0.0004     -    

Average distances (expected heterozygosity) between individuals in same cluster:
cluster  1  : 0.2990 
cluster  2  : 0.3782 
cluster  3  : 0.2691 
cluster  4  : 0.3779 
cluster  5  : 0.3787 
cluster  6  : 0.3770 

--------------------------------------------
Estimated Ln Prob of Data   = -13281.9
Mean value of ln likelihood = -12306.4
Variance of ln likelihood   = 1951.0
Mean value of alpha         = 0.2153

Mean value of Fst_1         = 0.2672
Mean value of Fst_2         = 0.0678
Mean value of Fst_3         = 0.2718
Mean value of Fst_4         = 0.0746
Mean value of Fst_5         = 0.0664
Mean value of Fst_6         = 0.0856


Inferred ancestry of individuals:
        Label (%Miss) :  Inferred clusters
  1 UA00063336   (13)   :  0.454 0.121 0.070 0.118 0.123 0.114 
  2 UA00048914    (9)   :  0.138 0.168 0.220 0.153 0.171 0.149 
  3 UA00014769   (13)   :  0.063 0.237 0.024 0.231 0.211 0.233 
  4 UA00008132   (13)   :  0.138 0.197 0.094 0.189 0.199 0.183 
  5 UA00030462   (13)   :  0.113 0.146 0.312 0.139 0.153 0.137 
  6 UA00034866   (13)   :  0.044 0.200 0.195 0.186 0.196 0.179 
  7 UA00034800    (9)   :  0.650 0.068 0.083 0.066 0.068 0.065 
  8  Puco006    (9)   :  0.077 0.059 0.694 0.056 0.060 0.055 
  9 UA00048874    (4)   :  0.565 0.087 0.095 0.086 0.088 0.080 
 10 UA00049060    (9)   :  0.126 0.207 0.051 0.209 0.203 0.204 
 11 UA00033413    (9)   :  0.046 0.199 0.071 0.229 0.200 0.255 
 12  Puco021    (9)   :  0.164 0.178 0.038 0.206 0.176 0.238 
 13  Puco026    (9)   :  0.136 0.203 0.041 0.204 0.203 0.213 
 14  Puco008    (9)   :  0.299 0.123 0.220 0.116 0.132 0.111 
 15   M01301    (9)   :  0.037 0.192 0.130 0.214 0.193 0.235 
 16   M06306    (9)   :  0.526 0.112 0.035 0.104 0.111 0.112 
 17 UA00032185    (9)   :  0.113 0.188 0.131 0.190 0.188 0.189 
 18 UA00030792    (9)   :  0.864 0.026 0.033 0.025 0.026 0.026 
 19 UA00031647    (9)   :  0.312 0.144 0.134 0.134 0.150 0.126 
 20 UA00031979    (9)   :  0.099 0.198 0.115 0.189 0.214 0.185 
 21  Puco016    (9)   :  0.052 0.163 0.314 0.156 0.167 0.147 
 22  Puco010    (9)   :  0.081 0.214 0.074 0.211 0.204 0.216 
 23    M1035    (9)   :  0.175 0.201 0.041 0.193 0.203 0.187 
 24 UA00034601    (9)   :  0.143 0.171 0.168 0.172 0.175 0.171 
 25 UA00050388    (9)   :  0.157 0.182 0.112 0.178 0.194 0.177 
 26 UA00048699    (9)   :  0.049 0.128 0.463 0.122 0.127 0.112 
 27 UA00064058    (9)   :  0.110 0.216 0.044 0.209 0.218 0.202 
 28 UA00033981    (9)   :  0.097 0.181 0.080 0.214 0.191 0.237 
 29   F05033    (9)   :  0.063 0.214 0.052 0.224 0.218 0.228 
 30 UA00048520    (4)   :  0.272 0.149 0.125 0.150 0.146 0.158 
 31 UA00048422    (4)   :  0.791 0.043 0.037 0.042 0.044 0.044 
 32    PucoB    (4)   :  0.083 0.212 0.030 0.222 0.213 0.240 
 33 UA00047393    (4)   :  0.257 0.185 0.055 0.171 0.175 0.158 
 34 UA00064521    (4)   :  0.079 0.162 0.276 0.157 0.176 0.151 
 35 UA00003043    (4)   :  0.042 0.196 0.207 0.190 0.191 0.175 
 36 UA00063025    (4)   :  0.292 0.132 0.184 0.128 0.133 0.132 
 37 UA00063826    (4)   :  0.090 0.206 0.052 0.216 0.211 0.225 
 38   F07407    (4)   :  0.298 0.152 0.046 0.170 0.148 0.184 
 39 UA00021658    (4)   :  0.076 0.216 0.070 0.211 0.217 0.210 
 40 UA00003794    (4)   :  0.273 0.157 0.058 0.171 0.161 0.179 
 41 UA00041322    (4)   :  0.155 0.191 0.112 0.176 0.197 0.169 
 42 UA00063316    (4)   :  0.171 0.173 0.156 0.161 0.177 0.162 
 43 UA00047705    (4)   :  0.132 0.186 0.115 0.182 0.192 0.193 
 44 UA00033904    (4)   :  0.508 0.108 0.069 0.106 0.107 0.102 
 45 UA00048100    (4)   :  0.054 0.205 0.091 0.213 0.213 0.224 
 46 UA00032212    (4)   :  0.332 0.134 0.135 0.131 0.139 0.129 
 47 UA00031574    (4)   :  0.752 0.046 0.065 0.045 0.046 0.046 
 48 UA00031228    (4)   :  0.812 0.034 0.052 0.034 0.035 0.033 
 49 UA00047707    (4)   :  0.030 0.242 0.050 0.235 0.225 0.218 
 50 UA00030906    (4)   :  0.855 0.024 0.048 0.024 0.025 0.024 
 51 UA00041567    (4)   :  0.093 0.181 0.101 0.209 0.191 0.226 
 52 UA00007624    (4)   :  0.036 0.219 0.052 0.235 0.215 0.242 
 53 UA00034514    (4)   :  0.061 0.216 0.082 0.212 0.218 0.210 
 54 UA00030480    (4)   :  0.238 0.184 0.052 0.172 0.192 0.162 
 55  Puco012    (4)   :  0.063 0.214 0.110 0.199 0.216 0.199 
 56 UA00038677    (9)   :  0.197 0.154 0.187 0.151 0.159 0.152 
 57 UA00048275    (4)   :  0.061 0.205 0.068 0.222 0.218 0.227 
 58 UA00064055    (4)   :  0.072 0.214 0.102 0.199 0.213 0.200 
 59  Puco009    (4)   :  0.045 0.170 0.286 0.163 0.177 0.159 
 60 UA00064561    (4)   :  0.038 0.226 0.097 0.227 0.206 0.206 
 61 UA00003479    (4)   :  0.051 0.207 0.115 0.208 0.221 0.198 
 62 UA00063747    (4)   :  0.029 0.217 0.083 0.227 0.215 0.229 
 63 UA00002558    (4)   :  0.049 0.171 0.273 0.174 0.165 0.168 
 64 UA00048410    (4)   :  0.032 0.180 0.274 0.179 0.171 0.165 
 65 UA00012249    (4)   :  0.036 0.207 0.149 0.211 0.205 0.193 
 66 UA00033818    (4)   :  0.590 0.080 0.083 0.081 0.082 0.084 
 67  Puco020    (4)   :  0.188 0.181 0.117 0.172 0.180 0.162 
 68 UA00002545    (9)   :  0.112 0.211 0.057 0.211 0.208 0.202 
 69 UA00048508    (4)   :  0.050 0.222 0.068 0.223 0.223 0.213 
 70 UA00064100    (4)   :  0.095 0.212 0.082 0.203 0.219 0.188 
 71 UA00014585    (4)   :  0.066 0.219 0.103 0.203 0.212 0.197 
 72 UA00063698    (4)   :  0.156 0.104 0.423 0.102 0.110 0.104 
 73 UA00049753    (4)   :  0.507 0.116 0.036 0.109 0.122 0.109 
 74 UA00049037    (4)   :  0.094 0.220 0.049 0.214 0.212 0.211 
 75 UA00034941    (4)   :  0.145 0.183 0.122 0.177 0.194 0.179 
 76 UA00008083    (4)   :  0.070 0.084 0.605 0.080 0.081 0.080 
 77 UA00015084    (4)   :  0.220 0.101 0.372 0.099 0.106 0.101 
 78 UA00041010    (9)   :  0.329 0.065 0.419 0.061 0.067 0.059 
 79 UA00035261    (4)   :  0.297 0.139 0.150 0.137 0.144 0.134 
 80 UA00035431    (4)   :  0.033 0.207 0.103 0.220 0.214 0.224 
 81 UA00045274    (0)   :  0.138 0.174 0.138 0.183 0.181 0.185 
 82 UA00028200    (4)   :  0.420 0.103 0.170 0.101 0.107 0.100 
 83 UA00064559    (0)   :  0.832 0.032 0.036 0.033 0.033 0.034 
 84 UA00040808    (0)   :  0.471 0.098 0.148 0.096 0.099 0.088 
 85 UA00049156    (0)   :  0.475 0.094 0.155 0.088 0.098 0.089 
 86 UA00003952    (4)   :  0.049 0.087 0.611 0.085 0.089 0.079 
 87 UA00063954    (0)   :  0.286 0.171 0.052 0.161 0.171 0.159 
 88 UA00062934    (0)   :  0.335 0.149 0.092 0.138 0.149 0.138 
 89 UA00033829    (0)   :  0.564 0.057 0.209 0.056 0.058 0.056 
 90 UA00064351    (4)   :  0.068 0.177 0.126 0.208 0.184 0.237 
 91 UA00003697    (4)   :  0.109 0.084 0.556 0.084 0.089 0.079 
 92 UA00063438    (4)   :  0.324 0.145 0.121 0.133 0.145 0.132 
 93 UA00007608    (0)   :  0.321 0.115 0.215 0.115 0.124 0.111 
 94 UA00019683    (4)   :  0.501 0.107 0.042 0.110 0.110 0.129 
 95 UA00007781    (0)   :  0.077 0.201 0.095 0.206 0.207 0.214 
 96 UA00002915    (0)   :  0.367 0.133 0.121 0.121 0.138 0.120 
 97  Puco031    (4)   :  0.075 0.216 0.089 0.209 0.216 0.195 
 98 UA00048280    (4)   :  0.065 0.195 0.117 0.203 0.205 0.215 
 99 UA00048589    (0)   :  0.143 0.190 0.067 0.199 0.188 0.214 
100 UA00034417    (0)   :  0.176 0.164 0.188 0.157 0.168 0.147 
101 UA00050411    (4)   :  0.031 0.232 0.051 0.233 0.225 0.228 
102  Puco029    (4)   :  0.059 0.223 0.025 0.231 0.221 0.241 
103   F03403    (4)   :  0.034 0.198 0.063 0.237 0.199 0.269 
104 UA00049904    (0)   :  0.251 0.166 0.073 0.166 0.168 0.176 
105 UA00035335    (0)   :  0.043 0.228 0.021 0.241 0.224 0.242 
106 UA00012611    (0)   :  0.069 0.221 0.048 0.217 0.231 0.214 
107 UA00050319    (0)   :  0.035 0.204 0.037 0.241 0.199 0.283 
108 UA00032068    (4)   :  0.186 0.198 0.040 0.188 0.205 0.183 
109 UA00032026    (4)   :  0.144 0.205 0.058 0.197 0.207 0.190 
110 UA00030476    (4)   :  0.120 0.185 0.032 0.224 0.182 0.257 
111 UA00046853    (0)   :  0.109 0.189 0.055 0.221 0.191 0.235 
112 UA00040156    (4)   :  0.868 0.025 0.032 0.025 0.025 0.025 
113 UA00030528    (4)   :  0.312 0.168 0.048 0.156 0.169 0.147 
114  Puco025    (4)   :  0.048 0.238 0.041 0.230 0.215 0.228 
115    pc016    (0)   :  0.871 0.024 0.033 0.024 0.024 0.024 
116 UA00030617    (4)   :  0.033 0.242 0.034 0.246 0.213 0.233 
117 UA00030585    (4)   :  0.783 0.040 0.051 0.041 0.042 0.042 
118 UA00032060    (4)   :  0.319 0.160 0.051 0.154 0.159 0.157 
119    pc007    (0)   :  0.095 0.195 0.065 0.215 0.194 0.236 
120 UA00030798    (4)   :  0.771 0.050 0.034 0.049 0.050 0.047 
121 UA00030778    (4)   :  0.031 0.241 0.039 0.228 0.232 0.229 
122 UA00039674    (4)   :  0.850 0.030 0.032 0.030 0.030 0.029 
123 UA00032241    (4)   :  0.033 0.221 0.036 0.243 0.215 0.253 
124 UA00011624    (0)   :  0.056 0.226 0.058 0.214 0.221 0.225 
125 UA00033779    (4)   :  0.044 0.195 0.054 0.236 0.201 0.270 
126 UA00049402    (4)   :  0.069 0.177 0.230 0.173 0.184 0.166 
127 UA00033653    (0)   :  0.038 0.196 0.047 0.241 0.196 0.282 
128 UA00047738    (0)   :  0.121 0.189 0.134 0.184 0.187 0.183 
129 UA00047502    (4)   :  0.095 0.166 0.285 0.148 0.164 0.142 
130 UA00012014    (4)   :  0.084 0.217 0.089 0.204 0.210 0.196 
131 UA00040729    (0)   :  0.090 0.209 0.047 0.216 0.204 0.234 
132 UA00030392    (4)   :  0.058 0.229 0.041 0.225 0.227 0.221 
133 UA00050033    (0)   :  0.096 0.216 0.057 0.206 0.213 0.212 
134 UA00012152    (0)   :  0.033 0.116 0.518 0.114 0.113 0.106 
135 UA00050406    (0)   :  0.086 0.217 0.073 0.205 0.219 0.201 
136 UA00047973    (0)   :  0.059 0.213 0.068 0.222 0.216 0.223 
137 UA00008051    (0)   :  0.173 0.178 0.152 0.166 0.171 0.160 
138 UA00047337    (4)   :  0.289 0.165 0.061 0.164 0.161 0.160 
139 UA00041604    (4)   :  0.158 0.178 0.143 0.174 0.179 0.168 
140 UA00031704    (4)   :  0.039 0.234 0.030 0.235 0.233 0.229 
141 UA00040423    (4)   :  0.148 0.204 0.054 0.191 0.212 0.191 
142 UA00049433    (0)   :  0.116 0.184 0.164 0.175 0.192 0.169 
143 UA00034816    (0)   :  0.052 0.206 0.141 0.209 0.196 0.195 
144 UA00050214    (0)   :  0.044 0.245 0.037 0.240 0.218 0.216 
145 UA00041073    (0)   :  0.093 0.200 0.143 0.193 0.187 0.184 
146 UA00030318    (4)   :  0.047 0.215 0.098 0.218 0.215 0.206 
147 UA00046845    (0)   :  0.071 0.191 0.180 0.192 0.190 0.175 
148 UA00063946    (0)   :  0.070 0.190 0.045 0.228 0.195 0.273 
149 UA00031374    (4)   :  0.067 0.214 0.106 0.206 0.211 0.196 
150    M1136    (4)   :  0.375 0.152 0.057 0.143 0.144 0.130 
151 UA00034299    (0)   :  0.053 0.234 0.054 0.235 0.218 0.206 
152 UA00002387    (4)   :  0.034 0.216 0.108 0.212 0.223 0.206 
153 UA00021855    (0)   :  0.083 0.203 0.085 0.210 0.214 0.205 
154 UA00014500    (0)   :  0.088 0.222 0.050 0.210 0.225 0.204 
155 UA00050419    (4)   :  0.034 0.240 0.051 0.239 0.216 0.221 
156 UA00031854    (4)   :  0.064 0.197 0.142 0.200 0.201 0.196 
157    pc011    (4)   :  0.038 0.227 0.067 0.233 0.216 0.219 
158 UA00033004    (0)   :  0.117 0.209 0.076 0.198 0.209 0.191 
159 UA00046510    (0)   :  0.050 0.189 0.212 0.187 0.188 0.173 
160 UA00048747    (0)   :  0.051 0.219 0.105 0.214 0.208 0.204 
161 UA00014293    (0)   :  0.042 0.222 0.070 0.226 0.221 0.220 
162 UA00047686    (0)   :  0.106 0.169 0.248 0.158 0.170 0.149 
163 UA00033783    (4)   :  0.374 0.114 0.153 0.119 0.113 0.128 
164 UA00042609    (4)   :  0.097 0.151 0.321 0.140 0.154 0.137 
165 UA00031169    (4)   :  0.050 0.238 0.043 0.234 0.216 0.220 
166 UA00035181    (0)   :  0.026 0.226 0.043 0.231 0.233 0.241 
167 UA00050133    (0)   :  0.070 0.220 0.090 0.208 0.211 0.202 
168  Puco011    (4)   :  0.067 0.213 0.082 0.219 0.217 0.202 
169 UA00041476    (0)   :  0.095 0.204 0.143 0.187 0.192 0.178 
170 UA00046702    (0)   :  0.042 0.232 0.049 0.239 0.221 0.218 
171 UA00019940    (0)   :  0.092 0.217 0.103 0.194 0.207 0.187 
172 UA00049813    (0)   :  0.092 0.209 0.062 0.213 0.204 0.221 
173 UA00064165    (0)   :  0.086 0.116 0.463 0.112 0.116 0.106 
174 UA00064421    (0)   :  0.032 0.158 0.357 0.153 0.157 0.141 
175 UA00064569    (4)   :  0.032 0.232 0.053 0.235 0.221 0.226 
176 UA00003996    (0)   :  0.066 0.179 0.249 0.171 0.173 0.163 
177 UA00064491    (4)   :  0.040 0.226 0.107 0.214 0.207 0.206 
178 UA00011899    (0)   :  0.085 0.220 0.055 0.209 0.225 0.206 
179  Puco015    (4)   :  0.197 0.184 0.078 0.180 0.190 0.171 
180 UA00047929    (4)   :  0.055 0.219 0.033 0.232 0.211 0.250 
181 UA00056669    (0)   :  0.053 0.212 0.119 0.203 0.218 0.195 
182 UA00050176    (0)   :  0.103 0.193 0.141 0.181 0.200 0.183 
183  Puco014    (4)   :  0.083 0.192 0.114 0.196 0.204 0.211 
184 UA00019608    (0)   :  0.054 0.210 0.123 0.201 0.218 0.193 
185 UA00064333    (0)   :  0.063 0.223 0.082 0.209 0.213 0.209 
186  Puco013    (4)   :  0.066 0.176 0.240 0.167 0.181 0.169 
187 UA00016092    (0)   :  0.031 0.239 0.037 0.241 0.224 0.228 
188 UA00019060    (0)   :  0.156 0.082 0.522 0.080 0.082 0.078 
189 UA00063532    (0)   :  0.102 0.198 0.109 0.195 0.199 0.198 
190 UA00064117    (0)   :  0.284 0.102 0.318 0.097 0.103 0.095 
191 UA00011969    (0)   :  0.102 0.201 0.125 0.188 0.197 0.187 
192 UA00034586    (4)   :  0.049 0.226 0.049 0.228 0.216 0.231 
193 UA00030736    (4)   :  0.079 0.228 0.060 0.207 0.222 0.204 
194 UA00048493    (0)   :  0.118 0.205 0.072 0.203 0.204 0.198 
195 UA00040466    (0)   :  0.043 0.066 0.697 0.065 0.067 0.061 
196 UA00047659    (0)   :  0.049 0.220 0.081 0.213 0.232 0.204 
197 UA00042002    (4)   :  0.325 0.147 0.079 0.150 0.151 0.147 
198 UA00062606    (0)   :  0.087 0.180 0.207 0.175 0.185 0.166 
199 UA00030615    (4)   :  0.035 0.063 0.711 0.064 0.064 0.063 
200 UA00048899    (0)   :  0.068 0.217 0.083 0.204 0.228 0.201 
201 UA00047725    (0)   :  0.033 0.028 0.853 0.028 0.029 0.028 
202 UA00030866    (4)   :  0.062 0.215 0.126 0.187 0.221 0.188 
203 UA00034564    (0)   :  0.067 0.216 0.093 0.206 0.229 0.189 
204 UA00046520    (0)   :  0.038 0.202 0.048 0.236 0.201 0.276 
205 UA00035027    (0)   :  0.108 0.191 0.147 0.175 0.197 0.182 
206 UA00035421    (0)   :  0.047 0.147 0.390 0.139 0.146 0.132 
207 UA00062740    (4)   :  0.151 0.170 0.194 0.154 0.181 0.150 
208 UA00012360    (0)   :  0.040 0.058 0.732 0.057 0.059 0.054 
209 UA00050203    (0)   :  0.074 0.213 0.062 0.217 0.214 0.220 
210 UA00040534    (4)   :  0.254 0.098 0.369 0.091 0.098 0.089 
211 UA00031261    (4)   :  0.152 0.075 0.551 0.072 0.079 0.070 
212 UA00031917    (4)   :  0.279 0.091 0.365 0.086 0.096 0.083 
213 UA00040798    (4)   :  0.103 0.115 0.429 0.115 0.119 0.118 
214 UA00030598    (4)   :  0.099 0.130 0.378 0.132 0.136 0.125 
215 UA00050385    (0)   :  0.071 0.206 0.132 0.189 0.213 0.188 
216 UA00058283    (0)   :  0.072 0.045 0.749 0.044 0.045 0.045 
217 UA00042297    (4)   :  0.397 0.105 0.172 0.110 0.107 0.109 
218 UA00015415    (4)   :  0.036 0.047 0.781 0.045 0.048 0.043 
219 UA00035531    (0)   :  0.120 0.070 0.607 0.070 0.069 0.064 
220 UA00048683    (0)   :  0.047 0.089 0.614 0.084 0.086 0.080 
221 UA00046734    (4)   :  0.051 0.052 0.739 0.053 0.054 0.051 
222   pcRF01    (0)   :  0.024 0.242 0.047 0.243 0.216 0.228 
223 UA00007223    (0)   :  0.109 0.164 0.257 0.153 0.172 0.145 
224 UA00013841    (0)   :  0.243 0.181 0.048 0.174 0.184 0.171 
225 UA00014196    (0)   :  0.082 0.076 0.634 0.071 0.072 0.066 
226 UA00034635    (0)   :  0.051 0.224 0.076 0.209 0.230 0.210 
227 UA00047371    (0)   :  0.306 0.156 0.085 0.151 0.152 0.148 
228 UA00063544    (0)   :  0.296 0.156 0.081 0.153 0.157 0.155 
229 UA00064246    (0)   :  0.130 0.159 0.222 0.163 0.164 0.161 
230 UA00064328    (0)   :  0.153 0.156 0.247 0.142 0.161 0.141 
231 UA00002952    (0)   :  0.197 0.140 0.269 0.128 0.142 0.124 
232 UA00064079    (0)   :  0.217 0.180 0.103 0.168 0.172 0.159 
233 UA00046793    (0)   :  0.193 0.131 0.303 0.123 0.133 0.118 
234 UA00034769    (0)   :  0.478 0.099 0.120 0.099 0.099 0.104 
235 UA00034949    (0)   :  0.094 0.153 0.302 0.145 0.164 0.141 
236 UA00063753    (0)   :  0.140 0.165 0.130 0.188 0.171 0.206 
237 UA00015713    (0)   :  0.239 0.170 0.061 0.175 0.173 0.181 
238 UA00003494    (0)   :  0.119 0.181 0.179 0.170 0.180 0.171 
239 UA00056767    (0)   :  0.024 0.202 0.041 0.251 0.201 0.281 
240 UA00014461    (0)   :  0.116 0.158 0.271 0.151 0.156 0.148 
241 UA00034669    (0)   :  0.180 0.113 0.379 0.106 0.115 0.106 
242 UA00048164    (0)   :  0.046 0.173 0.264 0.169 0.183 0.165 
243 UA00007974    (0)   :  0.136 0.184 0.070 0.207 0.186 0.217 
244 UA00016166    (0)   :  0.360 0.151 0.070 0.141 0.147 0.132 
245 UA00015653    (0)   :  0.349 0.116 0.196 0.108 0.125 0.106 
246 UA00063882    (0)   :  0.140 0.115 0.407 0.111 0.122 0.104 
247 UA00049027    (0)   :  0.372 0.128 0.120 0.125 0.126 0.129 
248 UA00018878    (0)   :  0.386 0.138 0.051 0.141 0.138 0.147 
249 UA00038796    (0)   :  0.080 0.136 0.383 0.129 0.146 0.126 
250 UA00013465    (0)   :  0.069 0.079 0.624 0.075 0.079 0.074 
251 UA00014604    (0)   :  0.150 0.148 0.264 0.145 0.148 0.146 
252 UA00041913    (0)   :  0.329 0.137 0.080 0.150 0.138 0.165 
253 UA00021632    (0)   :  0.576 0.086 0.096 0.080 0.083 0.079 
254 UA00064027    (0)   :  0.205 0.163 0.156 0.152 0.171 0.152 
255 UA00015023    (0)   :  0.063 0.197 0.188 0.185 0.189 0.178 
256 UA00050243    (0)   :  0.347 0.146 0.085 0.134 0.153 0.134 
257 UA00048298    (0)   :  0.109 0.206 0.103 0.196 0.195 0.191 
258 UA00050437    (0)   :  0.087 0.159 0.300 0.150 0.160 0.143 
259 UA00014262    (0)   :  0.226 0.174 0.101 0.165 0.171 0.163 
260 UA00049129    (0)   :  0.131 0.198 0.066 0.202 0.193 0.210 
261 UA00014740    (0)   :  0.121 0.182 0.116 0.196 0.185 0.200 
262 UA00049612    (0)   :  0.651 0.063 0.097 0.062 0.064 0.064 
263 UA00014635    (0)   :  0.035 0.200 0.045 0.241 0.202 0.278 
264 UA00014673    (0)   :  0.242 0.131 0.243 0.128 0.134 0.123 
265 UA00033608    (0)   :  0.469 0.104 0.101 0.105 0.109 0.111 
266 UA00064540    (0)   :  0.067 0.187 0.115 0.213 0.188 0.231 
267 UA00050256    (0)   :  0.250 0.149 0.199 0.129 0.147 0.125 
268 UA00015274    (0)   :  0.068 0.211 0.113 0.201 0.213 0.194 
269 UA00062993    (0)   :  0.038 0.200 0.114 0.216 0.211 0.221 
270 UA00038364    (0)   :  0.178 0.175 0.109 0.177 0.180 0.181 
271 UA00014446    (0)   :  0.044 0.226 0.062 0.221 0.233 0.215 
272 UA00063545    (0)   :  0.522 0.076 0.177 0.074 0.079 0.072 
273 UA00040054    (0)   :  0.109 0.220 0.045 0.209 0.218 0.199 
274 UA00058447    (0)   :  0.083 0.205 0.062 0.216 0.215 0.220 
275 UA00046835    (0)   :  0.065 0.210 0.066 0.218 0.207 0.234 
276 UA00014608    (0)   :  0.062 0.211 0.093 0.209 0.218 0.206 
277    pc012    (0)   :  0.110 0.186 0.144 0.184 0.192 0.184 
278    pc002    (0)   :  0.451 0.115 0.095 0.113 0.118 0.108 
279 UA00033690    (0)   :  0.278 0.151 0.061 0.170 0.149 0.190 
280 UA00013688    (0)   :  0.091 0.196 0.139 0.187 0.200 0.188 
281 UA00063666    (0)   :  0.139 0.177 0.028 0.221 0.183 0.251 
282 UA00063292    (0)   :  0.041 0.197 0.039 0.241 0.200 0.281 
283    pc001    (0)   :  0.076 0.202 0.120 0.195 0.210 0.196 
284    pc008    (0)   :  0.086 0.204 0.083 0.210 0.202 0.216 
285 UA00034316    (0)   :  0.244 0.134 0.245 0.129 0.129 0.119 
286 UA00013046    (0)   :  0.054 0.227 0.034 0.225 0.222 0.238 
287 UA00050241    (0)   :  0.055 0.210 0.028 0.239 0.205 0.263 
288 UA00048599    (0)   :  0.042 0.213 0.047 0.233 0.219 0.248 
289 UA00046649    (0)   :  0.484 0.118 0.054 0.114 0.116 0.114 
290 UA00015674    (0)   :  0.529 0.094 0.083 0.096 0.093 0.105 
291 UA00013177    (0)   :  0.151 0.167 0.145 0.180 0.168 0.189 
292 UA00012814    (0)   :  0.073 0.208 0.104 0.205 0.211 0.199 
293 UA00034654    (0)   :  0.051 0.230 0.049 0.223 0.227 0.219 
294 UA00046743    (0)   :  0.052 0.210 0.056 0.226 0.201 0.254 
295 UA00014854    (0)   :  0.225 0.175 0.028 0.186 0.170 0.215 
296 UA00013729    (0)   :  0.076 0.223 0.073 0.215 0.210 0.202 
297 UA00063483    (0)   :  0.062 0.219 0.042 0.227 0.221 0.228 
298 UA00039326    (0)   :  0.209 0.180 0.059 0.183 0.183 0.186 
299 UA00014742    (0)   :  0.059 0.201 0.038 0.238 0.214 0.250 
300 UA00049597    (0)   :  0.533 0.106 0.025 0.111 0.108 0.116 
301 UA00048067    (0)   :  0.170 0.176 0.095 0.182 0.179 0.198 
302 UA00012918    (0)   :  0.287 0.150 0.029 0.177 0.155 0.202 
303 UA00013487    (0)   :  0.034 0.240 0.031 0.242 0.224 0.230 
304 UA00046759    (0)   :  0.173 0.157 0.226 0.144 0.156 0.144 
305 UA00050164    (0)   :  0.619 0.084 0.058 0.081 0.083 0.075 
306 UA00049839    (0)   :  0.051 0.201 0.071 0.227 0.209 0.241 
307 UA00048444    (0)   :  0.118 0.176 0.044 0.222 0.181 0.259 
308 UA00063857    (0)   :  0.083 0.214 0.031 0.216 0.215 0.242 
309 UA00014921    (0)   :  0.535 0.107 0.031 0.105 0.110 0.112 
310 UA00048895    (0)   :  0.474 0.117 0.066 0.114 0.115 0.114 
311 UA00014556    (0)   :  0.075 0.179 0.206 0.172 0.196 0.172 
312    pc009    (0)   :  0.045 0.201 0.026 0.242 0.203 0.283 
313 UA00014959    (0)   :  0.537 0.102 0.042 0.102 0.106 0.112 
314 UA00020709    (0)   :  0.192 0.184 0.070 0.185 0.185 0.184 
315 UA00013126    (0)   :  0.817 0.036 0.039 0.036 0.036 0.037 
316 UA00013695    (0)   :  0.774 0.047 0.039 0.046 0.047 0.047 
317 UA00049344    (0)   :  0.562 0.097 0.063 0.091 0.099 0.089 
318 UA00047614    (0)   :  0.675 0.051 0.125 0.050 0.050 0.048 
319 UA00014221    (0)   :  0.024 0.211 0.033 0.246 0.207 0.278 
320 UA00014346    (0)   :  0.083 0.189 0.078 0.217 0.190 0.242 
321 UA00014245    (0)   :  0.346 0.143 0.042 0.156 0.145 0.169 
322 UA00014696    (0)   :  0.783 0.040 0.063 0.039 0.039 0.036 
323 UA00006991    (0)   :  0.053 0.212 0.116 0.205 0.219 0.195 
324 UA00048948    (0)   :  0.070 0.212 0.098 0.204 0.218 0.198 
325 UA00002239    (0)   :  0.078 0.205 0.122 0.197 0.215 0.183 
326 UA00063459    (0)   :  0.067 0.197 0.029 0.239 0.195 0.273 
327 UA00048356    (0)   :  0.088 0.179 0.161 0.191 0.186 0.195 
328 UA00063940    (0)   :  0.075 0.204 0.155 0.194 0.196 0.176 
329 UA00048130    (0)   :  0.050 0.203 0.063 0.230 0.204 0.250 
330 UA00048903    (0)   :  0.030 0.234 0.036 0.234 0.222 0.244 
331 UA00064643    (0)   :  0.094 0.210 0.094 0.199 0.209 0.194 
332 UA00050233    (0)   :  0.052 0.207 0.127 0.205 0.205 0.204 
333 UA00012507    (0)   :  0.042 0.188 0.234 0.180 0.190 0.167 
334 UA00064416    (0)   :  0.042 0.240 0.056 0.226 0.219 0.218 
335 UA00034724    (0)   :  0.049 0.222 0.082 0.215 0.213 0.220 
336 UA00002621    (0)   :  0.044 0.223 0.049 0.230 0.221 0.233 
337 UA00033203    (0)   :  0.064 0.231 0.053 0.223 0.215 0.214 
338 UA00011996    (0)   :  0.103 0.218 0.044 0.207 0.225 0.203 
339 UA00014408    (0)   :  0.063 0.148 0.362 0.147 0.149 0.132 
340 UA00049502    (0)   :  0.050 0.196 0.166 0.195 0.198 0.195 
341 UA00062695    (0)   :  0.131 0.178 0.098 0.196 0.189 0.208 
342 UA00014072    (0)   :  0.075 0.194 0.065 0.227 0.201 0.238 
343 UA00003334    (0)   :  0.052 0.218 0.039 0.226 0.213 0.253 
344 UA00013835    (0)   :  0.111 0.203 0.073 0.201 0.206 0.206 
345 UA00046760    (0)   :  0.255 0.165 0.054 0.177 0.172 0.177 
346 UA00014241    (0)   :  0.044 0.221 0.073 0.221 0.217 0.224 
347 UA00049585    (0)   :  0.054 0.216 0.031 0.238 0.220 0.240 
348 UA00013409    (0)   :  0.073 0.164 0.195 0.195 0.166 0.208 
349 UA00047548    (0)   :  0.064 0.225 0.035 0.215 0.240 0.221 
350 UA00049038    (0)   :  0.388 0.120 0.125 0.119 0.125 0.123 
351 UA00047612    (0)   :  0.052 0.218 0.089 0.212 0.223 0.206 
352 UA00014822    (0)   :  0.363 0.117 0.175 0.112 0.123 0.110 
353 UA00035299    (0)   :  0.072 0.225 0.070 0.213 0.218 0.201 
354 UA00012804    (0)   :  0.417 0.130 0.080 0.124 0.127 0.122 
355 UA00049578    (0)   :  0.060 0.192 0.191 0.185 0.190 0.182 
356 UA00047672    (0)   :  0.041 0.234 0.065 0.230 0.217 0.212 
357 UA00043961    (0)   :  0.635 0.069 0.086 0.068 0.070 0.071 
358 UA00064575    (0)   :  0.067 0.163 0.247 0.174 0.173 0.175 
359 UA00014732    (0)   :  0.042 0.220 0.098 0.218 0.211 0.211 
360 UA00050181    (0)   :  0.032 0.222 0.090 0.208 0.236 0.212 
361 UA00033369    (0)   :  0.308 0.155 0.101 0.143 0.156 0.137 
362 UA00011982    (0)   :  0.030 0.250 0.028 0.245 0.219 0.229 
363 UA00014590    (0)   :  0.147 0.201 0.094 0.187 0.195 0.176 
364 UA00047743    (0)   :  0.047 0.238 0.040 0.225 0.234 0.216 
365 UA00046621    (0)   :  0.039 0.239 0.030 0.233 0.235 0.224 
366 UA00050422    (0)   :  0.055 0.201 0.186 0.185 0.195 0.179 
367 UA00002760    (0)   :  0.125 0.203 0.056 0.202 0.207 0.206 
368 UA00012999    (0)   :  0.173 0.208 0.050 0.191 0.194 0.184 
369 UA00063838    (0)   :  0.044 0.227 0.062 0.225 0.213 0.229 
370 UA00003729    (0)   :  0.240 0.130 0.215 0.137 0.137 0.141 
371 UA00015348    (0)   :  0.100 0.181 0.085 0.213 0.186 0.236 
372 UA00019058    (0)   :  0.065 0.183 0.126 0.214 0.180 0.231 
373 UA00049549    (0)   :  0.156 0.175 0.029 0.215 0.175 0.250 
374 UA00014334    (0)   :  0.074 0.202 0.142 0.189 0.209 0.184 
375 UA00014350    (0)   :  0.024 0.253 0.023 0.250 0.217 0.233 
376 UA00049227    (0)   :  0.257 0.161 0.128 0.147 0.168 0.138 
377 UA00014051    (0)   :  0.032 0.202 0.199 0.195 0.188 0.183 
378 UA00034381    (0)   :  0.058 0.204 0.135 0.209 0.196 0.199 
379 UA00002354    (0)   :  0.035 0.239 0.040 0.237 0.220 0.230 
380 UA00049892    (0)   :  0.129 0.209 0.036 0.209 0.198 0.219 
381 UA00021989    (0)   :  0.035 0.218 0.081 0.225 0.223 0.218 
382 UA00048968    (0)   :  0.046 0.225 0.082 0.215 0.222 0.210 
383 UA00013174    (0)   :  0.067 0.212 0.089 0.217 0.211 0.205 
384 UA00033992    (0)   :  0.254 0.178 0.050 0.168 0.183 0.168 
385 UA00015801    (0)   :  0.024 0.252 0.027 0.246 0.218 0.233 
386 UA00063303    (0)   :  0.337 0.140 0.083 0.146 0.142 0.153 
387 UA00050206    (0)   :  0.027 0.204 0.045 0.247 0.202 0.275 
388 UA00014458    (0)   :  0.124 0.191 0.098 0.196 0.187 0.204 
389 UA00007204    (0)   :  0.090 0.200 0.044 0.223 0.198 0.245 
390 UA00063212    (0)   :  0.230 0.139 0.176 0.151 0.145 0.160 
391 UA00013340    (0)   :  0.152 0.195 0.052 0.194 0.210 0.197 
392 UA00062743    (0)   :  0.039 0.204 0.139 0.202 0.222 0.194 
393 UA00063189    (0)   :  0.083 0.100 0.531 0.097 0.097 0.091 
394 UA00035432    (0)   :  0.047 0.222 0.045 0.229 0.218 0.239 
395 UA00007958    (0)   :  0.043 0.232 0.050 0.227 0.226 0.221 
396 UA00013634    (0)   :  0.035 0.221 0.081 0.229 0.228 0.206 
397 UA00048175    (0)   :  0.021 0.248 0.051 0.245 0.218 0.217 
398 UA00003202    (0)   :  0.057 0.219 0.061 0.217 0.228 0.217 
399 UA00035090    (0)   :  0.068 0.199 0.131 0.201 0.200 0.201 
400 UA00064679    (0)   :  0.075 0.140 0.380 0.137 0.139 0.129 
401 UA00039518    (0)   :  0.058 0.223 0.052 0.223 0.222 0.222 
402 UA00058268    (0)   :  0.068 0.225 0.076 0.215 0.219 0.198 
403 UA00049456    (0)   :  0.274 0.163 0.073 0.160 0.161 0.168 
404 UA00049550    (0)   :  0.042 0.191 0.150 0.213 0.189 0.215 
405 UA00048342    (0)   :  0.202 0.180 0.080 0.179 0.182 0.176 
406 UA00063493    (0)   :  0.036 0.240 0.044 0.227 0.228 0.225 
407 UA00058261    (0)   :  0.043 0.201 0.188 0.193 0.193 0.181 
408 UA00014663    (0)   :  0.070 0.217 0.101 0.203 0.217 0.192 
409 UA00048817    (0)   :  0.242 0.179 0.083 0.168 0.174 0.155 
410 UA00049381    (0)   :  0.040 0.218 0.097 0.223 0.212 0.210 
411 UA00035901    (0)   :  0.075 0.155 0.315 0.147 0.162 0.146 
412 UA00013301    (0)   :  0.071 0.180 0.119 0.213 0.185 0.232 
413 UA00047926    (0)   :  0.102 0.204 0.139 0.185 0.187 0.183 
414 UA00007272    (0)   :  0.075 0.178 0.244 0.170 0.171 0.161 
415 UA00016041    (0)   :  0.112 0.206 0.060 0.204 0.201 0.217 
416 UA00013502    (0)   :  0.033 0.223 0.098 0.219 0.211 0.216 
417 UA00002390    (0)   :  0.171 0.198 0.072 0.187 0.199 0.173 
418 UA00034907    (0)   :  0.048 0.211 0.113 0.204 0.222 0.202 
419 UA00048821    (0)   :  0.197 0.164 0.170 0.155 0.162 0.152 
420 UA00002136    (0)   :  0.192 0.174 0.099 0.174 0.178 0.184 
421 UA00011790    (0)   :  0.069 0.216 0.099 0.204 0.214 0.199 
422 UA00021586    (0)   :  0.258 0.166 0.103 0.158 0.162 0.153 
423 UA00033270    (0)   :  0.071 0.208 0.110 0.203 0.212 0.195 
424 UA00048073    (0)   :  0.076 0.212 0.080 0.210 0.211 0.212 
425 UA00048856    (0)   :  0.061 0.199 0.165 0.188 0.200 0.186 
426 UA00049713    (0)   :  0.063 0.225 0.084 0.213 0.212 0.203 
427 UA00046885    (0)   :  0.070 0.216 0.061 0.216 0.222 0.216 
428 UA00034893    (0)   :  0.054 0.233 0.046 0.225 0.215 0.228 
429 UA00048011    (0)   :  0.030 0.217 0.125 0.215 0.206 0.206 
430 UA00015786    (0)   :  0.115 0.160 0.267 0.153 0.157 0.148 
431 UA00013162    (0)   :  0.061 0.199 0.140 0.192 0.219 0.189 
432 UA00049512    (0)   :  0.094 0.197 0.111 0.199 0.198 0.200 
433 UA00004046    (0)   :  0.033 0.231 0.065 0.229 0.221 0.222 
434 UA00048881    (0)   :  0.194 0.144 0.257 0.130 0.145 0.129 
435 UA00046610    (0)   :  0.185 0.169 0.150 0.166 0.173 0.158 
436 UA00033282    (0)   :  0.099 0.195 0.133 0.188 0.202 0.183 
437 UA00047561    (0)   :  0.049 0.225 0.065 0.225 0.224 0.213 
438 UA00013777    (0)   :  0.043 0.183 0.233 0.176 0.192 0.174 
439 UA00062849    (0)   :  0.059 0.197 0.059 0.232 0.202 0.251 
440 UA00049786    (0)   :  0.031 0.223 0.100 0.231 0.206 0.210 
441 UA00033246    (0)   :  0.039 0.198 0.030 0.246 0.205 0.283 
442 UA00045302    (0)   :  0.087 0.225 0.052 0.212 0.226 0.197 
443 UA00048637    (0)   :  0.045 0.221 0.096 0.222 0.208 0.208 
444 UA00049832    (0)   :  0.226 0.171 0.052 0.182 0.173 0.196 
445 UA00022023    (0)   :  0.164 0.192 0.074 0.184 0.209 0.177 
446 UA00050192    (0)   :  0.264 0.171 0.065 0.163 0.183 0.154 
447 UA00050413    (0)   :  0.064 0.209 0.096 0.212 0.212 0.208 
448 UA00013445    (0)   :  0.033 0.233 0.045 0.231 0.231 0.227 
449 UA00035496    (0)   :  0.065 0.167 0.282 0.161 0.166 0.159 
450 UA00003333    (0)   :  0.134 0.139 0.339 0.130 0.133 0.125 
451 UA00064008    (0)   :  0.044 0.162 0.335 0.153 0.164 0.142 
452 UA00003427    (0)   :  0.236 0.163 0.116 0.157 0.171 0.157 
453 UA00028092    (0)   :  0.304 0.131 0.182 0.126 0.132 0.125 
454    pc003    (0)   :  0.118 0.064 0.629 0.062 0.067 0.060 
455 UA00034440    (0)   :  0.050 0.196 0.104 0.220 0.199 0.231 
456 UA00026062    (0)   :  0.068 0.220 0.061 0.227 0.217 0.207 
457 UA00014347    (0)   :  0.108 0.180 0.159 0.182 0.192 0.178 
458 UA00021516    (0)   :  0.050 0.235 0.056 0.232 0.211 0.216 
459 UA00049347    (0)   :  0.052 0.141 0.397 0.135 0.143 0.133 
460 UA00063436    (0)   :  0.064 0.120 0.429 0.128 0.123 0.135 
461 UA00047790    (0)   :  0.055 0.222 0.081 0.210 0.233 0.198 
462 UA00045714    (0)   :  0.134 0.148 0.306 0.138 0.146 0.128 
463 UA00038979    (0)   :  0.179 0.177 0.071 0.194 0.173 0.207 
464 UA00016123    (0)   :  0.105 0.184 0.169 0.174 0.198 0.170 
465 UA00034765    (0)   :  0.030 0.061 0.726 0.062 0.063 0.057 
466 UA00063815    (0)   :  0.145 0.082 0.523 0.083 0.086 0.082 
467 UA00034795    (0)   :  0.063 0.203 0.086 0.215 0.199 0.234 
468 UA00004000    (0)   :  0.050 0.074 0.660 0.072 0.075 0.069 
469 UA00049367    (0)   :  0.038 0.194 0.152 0.205 0.198 0.213 
470 UA00034457    (0)   :  0.072 0.223 0.052 0.210 0.230 0.213 
471 UA00050015    (0)   :  0.113 0.188 0.109 0.200 0.192 0.199 
472 UA00021373    (0)   :  0.075 0.215 0.093 0.206 0.213 0.198 
473 UA00050232    (0)   :  0.127 0.074 0.580 0.072 0.076 0.070 
474 UA00038724    (0)   :  0.176 0.187 0.059 0.186 0.202 0.189 
475 UA00007824    (0)   :  0.140 0.186 0.131 0.181 0.191 0.172 
476 UA00048754    (0)   :  0.032 0.196 0.195 0.181 0.214 0.183 
477 UA00014271    (0)   :  0.112 0.208 0.076 0.204 0.203 0.197 
478 UA00013756    (0)   :  0.151 0.149 0.214 0.161 0.153 0.172 
479 UA00014385    (0)   :  0.156 0.129 0.336 0.125 0.134 0.120 
480 UA00049609    (0)   :  0.059 0.204 0.073 0.221 0.207 0.236 
481 UA00003748    (0)   :  0.044 0.147 0.393 0.140 0.144 0.132 
482 UA00063952    (0)   :  0.037 0.159 0.336 0.157 0.167 0.145 
483 UA00058348    (0)   :  0.033 0.105 0.555 0.102 0.103 0.101 
484 UA00014922    (0)   :  0.060 0.063 0.694 0.062 0.061 0.059 
485 UA00003820    (0)   :  0.032 0.209 0.160 0.200 0.208 0.190 
486 UA00013693    (0)   :  0.119 0.177 0.204 0.165 0.178 0.158 
487 UA00047713    (0)   :  0.036 0.083 0.640 0.082 0.085 0.075 
488 UA00034891    (0)   :  0.074 0.133 0.399 0.126 0.142 0.127 
489 UA00049223    (0)   :  0.057 0.150 0.364 0.143 0.147 0.139 
490 UA00064399    (0)   :  0.262 0.049 0.547 0.047 0.050 0.046 
491 UA00013336    (0)   :  0.096 0.053 0.692 0.052 0.054 0.052 
492 UA00035291    (0)   :  0.076 0.066 0.663 0.063 0.070 0.062 
493 UA00003945    (0)   :  0.074 0.082 0.609 0.078 0.081 0.076 
494 UA00014518    (0)   :  0.064 0.112 0.505 0.107 0.111 0.101 
495 UA00013583    (0)   :  0.453 0.088 0.199 0.083 0.090 0.086 
496 UA00011510    (0)   :  0.097 0.118 0.454 0.111 0.115 0.105 
497 UA00046860    (0)   :  0.087 0.158 0.324 0.147 0.148 0.135 
498 UA00048853    (0)   :  0.184 0.120 0.359 0.113 0.117 0.107 
499 UA00012151    (0)   :  0.050 0.065 0.694 0.065 0.067 0.059 
500 UA00063930    (0)   :  0.426 0.101 0.147 0.110 0.103 0.113 
501 UA00013453    (0)   :  0.143 0.144 0.292 0.137 0.146 0.138 
502 UA00039299    (0)   :  0.057 0.048 0.754 0.047 0.048 0.045 
503 UA00014280    (0)   :  0.027 0.040 0.814 0.039 0.039 0.040 
504 UA00014200    (0)   :  0.047 0.105 0.563 0.099 0.098 0.089 
505 UA00040612    (0)   :  0.124 0.052 0.675 0.050 0.052 0.047 
506 UA00062679    (0)   :  0.079 0.049 0.726 0.048 0.050 0.047 
507 UA00034481    (0)   :  0.046 0.072 0.668 0.072 0.074 0.068 
508 UA00011880    (0)   :  0.312 0.135 0.097 0.156 0.137 0.162 
509 UA00013421    (0)   :  0.164 0.047 0.654 0.045 0.048 0.043 
510 UA00048051    (0)   :  0.042 0.036 0.817 0.035 0.036 0.035 
511 UA00063370    (0)   :  0.132 0.040 0.712 0.039 0.040 0.038 
512 UA00014716    (0)   :  0.084 0.050 0.722 0.048 0.049 0.047 
513 UA00033426    (0)   :  0.161 0.105 0.436 0.100 0.104 0.093 
514 UA00015190    (0)   :  0.237 0.052 0.560 0.050 0.052 0.048 
515 UA00013730    (0)   :  0.097 0.212 0.056 0.214 0.208 0.213 
516 UA00047644    (4)   :  0.162 0.100 0.452 0.092 0.103 0.092 
517 UA00031933    (9)   :  0.060 0.208 0.113 0.201 0.222 0.195 
518 UA00031541    (9)   :  0.132 0.117 0.405 0.115 0.118 0.113 
519   PCO-60    (4)   :  0.053 0.196 0.172 0.196 0.195 0.187 
520 UA00030495    (4)   :  0.139 0.178 0.161 0.169 0.181 0.172 
521 UA00031133    (4)   :  0.050 0.196 0.035 0.242 0.195 0.281 
522 UA00032049    (4)   :  0.313 0.148 0.101 0.140 0.161 0.136 
523 UA00030599    (4)   :  0.112 0.175 0.084 0.211 0.177 0.242 
524 UA00030250    (4)   :  0.042 0.236 0.058 0.220 0.221 0.223 
525 UA00049385    (4)   :  0.141 0.176 0.115 0.192 0.178 0.197 
526 UA00031816    (4)   :  0.049 0.195 0.041 0.241 0.196 0.278 
527 UA00030275    (4)   :  0.132 0.195 0.105 0.182 0.204 0.182 
528 UA00041861    (4)   :  0.101 0.201 0.111 0.191 0.214 0.181 
529 UA00041433    (4)   :  0.036 0.226 0.051 0.237 0.234 0.217 
530  PCO-114    (4)   :  0.044 0.203 0.140 0.207 0.215 0.191 
531 UA00031529    (4)   :  0.056 0.214 0.094 0.212 0.214 0.210 
532 UA00039719    (4)   :  0.049 0.217 0.119 0.212 0.200 0.203 
533  PCO-442    (4)   :  0.034 0.232 0.045 0.241 0.229 0.220 
534   PCO-58    (0)   :  0.071 0.213 0.098 0.213 0.205 0.199 
535 UA00048673    (4)   :  0.066 0.196 0.161 0.189 0.206 0.182 
536   PCO-63    (4)   :  0.037 0.217 0.086 0.224 0.210 0.225 


Estimated Allele Frequencies in each cluster
First column gives estimated ancestral frequencies


Locus 1 : PP01 
2 alleles
0.0% missing data
   1   (0.590) 0.888 0.591 0.332 0.586 0.587 0.581 
   2   (0.410) 0.112 0.409 0.668 0.414 0.413 0.419 

Locus 2 : PP02 
2 alleles
0.0% missing data
   1   (0.914) 0.991 0.911 0.966 0.906 0.912 0.905 
   2   (0.086) 0.009 0.089 0.034 0.094 0.088 0.095 

Locus 3 : PP03 
2 alleles
18.3% missing data
   1   (0.793) 0.936 0.789 0.975 0.782 0.782 0.769 
   2   (0.207) 0.064 0.211 0.025 0.218 0.218 0.231 

Locus 4 : PP04 
2 alleles
0.4% missing data
   1   (0.727) 0.648 0.679 0.962 0.667 0.675 0.635 
   2   (0.273) 0.352 0.321 0.038 0.333 0.325 0.365 

Locus 5 : PP06 
2 alleles
0.0% missing data
   1   (0.626) 0.660 0.652 0.623 0.655 0.650 0.670 
   2   (0.374) 0.340 0.348 0.377 0.345 0.350 0.330 

Locus 6 : PP07 
2 alleles
0.0% missing data
   1   (0.698) 0.897 0.673 0.955 0.667 0.669 0.648 
   2   (0.302) 0.103 0.327 0.045 0.333 0.331 0.352 

Locus 7 : PP09 
2 alleles
0.0% missing data
   1   (0.466) 0.619 0.504 0.058 0.512 0.507 0.542 
   2   (0.534) 0.381 0.496 0.942 0.488 0.493 0.458 

Locus 8 : PP10 
2 alleles
0.0% missing data
   1   (0.192) 0.422 0.140 0.387 0.129 0.144 0.122 
   2   (0.808) 0.578 0.860 0.613 0.871 0.856 0.878 

Locus 9 : PP11 
2 alleles
0.0% missing data
   1   (0.683) 0.826 0.686 0.820 0.692 0.693 0.711 
   2   (0.317) 0.174 0.314 0.180 0.308 0.307 0.289 

Locus 10 : PP12 
2 alleles
0.2% missing data
   1   (0.416) 0.263 0.443 0.099 0.448 0.440 0.455 
   2   (0.584) 0.737 0.557 0.901 0.552 0.560 0.545 

Locus 11 : PP13 
2 alleles
0.0% missing data
   1   (0.176) 0.510 0.141 0.139 0.135 0.141 0.127 
   2   (0.824) 0.490 0.859 0.861 0.865 0.859 0.873 

Locus 12 : PP14 
2 alleles
0.2% missing data
   1   (0.872) 0.968 0.867 0.917 0.873 0.877 0.884 
   2   (0.128) 0.032 0.133 0.083 0.127 0.123 0.116 

Locus 13 : PP15 
2 alleles
0.0% missing data
   1   (0.893) 0.365 0.919 0.927 0.918 0.914 0.916 
   2   (0.107) 0.635 0.081 0.073 0.082 0.086 0.084 

Locus 14 : PP16 
2 alleles
0.0% missing data
   1   (0.489) 0.432 0.545 0.410 0.552 0.539 0.570 
   2   (0.511) 0.568 0.455 0.590 0.448 0.461 0.430 

Locus 15 : PP17 
2 alleles
0.2% missing data
   1   (0.657) 0.849 0.647 0.493 0.643 0.649 0.636 
   2   (0.343) 0.151 0.353 0.507 0.357 0.351 0.364 

Locus 16 : PP18 
2 alleles
0.7% missing data
   1   (0.757) 0.899 0.751 0.923 0.752 0.756 0.759 
   2   (0.243) 0.101 0.249 0.077 0.248 0.244 0.241 

Locus 17 : PP20 
2 alleles
0.0% missing data
   1   (0.626) 0.656 0.642 0.498 0.644 0.636 0.638 
   2   (0.374) 0.344 0.358 0.502 0.356 0.364 0.362 

Locus 18 : PP21 
2 alleles
14.9% missing data
   1   (0.865) 0.976 0.851 0.990 0.844 0.849 0.835 
   2   (0.135) 0.024 0.149 0.010 0.156 0.151 0.165 

Locus 19 : PP22 
2 alleles
1.3% missing data
   1   (0.447) 0.052 0.455 0.111 0.445 0.445 0.412 
   2   (0.553) 0.948 0.545 0.889 0.555 0.555 0.588 

Locus 20 : PP23 
2 alleles
0.7% missing data
   1   (0.648) 0.732 0.636 0.798 0.637 0.642 0.645 
   2   (0.352) 0.268 0.364 0.202 0.363 0.358 0.355 

Locus 21 : PP24 
2 alleles
0.2% missing data
   1   (0.791) 0.890 0.834 0.577 0.836 0.827 0.841 
   2   (0.209) 0.110 0.166 0.423 0.164 0.173 0.159 

Locus 22 : PP25 
2 alleles
0.6% missing data
   1   (0.363) 0.744 0.337 0.475 0.337 0.341 0.344 
   2   (0.637) 0.256 0.663 0.525 0.663 0.659 0.656 

Values of parameters used in structure:
