

----------------------------------------------------
STRUCTURE by Pritchard, Stephens and Donnelly (2000)
     and Falush, Stephens and Pritchard (2003)
       Code by Pritchard, Falush and Hubisz
             Version 2.3.4 (Jul 2012)
----------------------------------------------------



Command line arguments:   structure -K 9 -o outputfile_K9_8 
Input File:    Puma_SNP_genotypes_cut_AZ_final_HWEonly.str

Run parameters:
   536 individuals
   22 loci
   9 populations assumed
   100000 Burn-in period
   500000 Reps


--------------------------------------------
Overall proportion of membership of the
sample in each of the 9 clusters

Inferred Clusters
  1      2      3      4      5      6      7      8      9    
0.113  0.113  0.113  0.092  0.114  0.116  0.113  0.113  0.113  

--------------------------------------------

Allele-freq. divergence among pops (Net nucleotide distance),
computed using point estimates of P.

      1       2       3       4       5       6       7       8       9      
 1      -    0.0006  0.0004  0.0686  0.0005  0.0347  0.0033  0.0002  0.0003  
 2   0.0006     -    0.0003  0.0731  0.0013  0.0366  0.0016  0.0002  0.0006  
 3   0.0004  0.0003     -    0.0696  0.0014  0.0334  0.0022  0.0003  0.0009  
 4   0.0686  0.0731  0.0696     -    0.0696  0.0840  0.0824  0.0695  0.0691  
 5   0.0005  0.0013  0.0014  0.0696     -    0.0343  0.0044  0.0007  0.0004  
 6   0.0347  0.0366  0.0334  0.0840  0.0343     -    0.0429  0.0355  0.0378  
 7   0.0033  0.0016  0.0022  0.0824  0.0044  0.0429     -    0.0026  0.0036  
 8   0.0002  0.0002  0.0003  0.0695  0.0007  0.0355  0.0026     -    0.0002  
 9   0.0003  0.0006  0.0009  0.0691  0.0004  0.0378  0.0036  0.0002     -    

Average distances (expected heterozygosity) between individuals in same cluster:
cluster  1  : 0.3787 
cluster  2  : 0.3778 
cluster  3  : 0.3792 
cluster  4  : 0.2523 
cluster  5  : 0.3723 
cluster  6  : 0.2791 
cluster  7  : 0.3725 
cluster  8  : 0.3782 
cluster  9  : 0.3760 

--------------------------------------------
Estimated Ln Prob of Data   = -13591.5
Mean value of ln likelihood = -12259.4
Variance of ln likelihood   = 2664.1
Mean value of alpha         = 0.0983

Mean value of Fst_1         = 0.0368
Mean value of Fst_2         = 0.0783
Mean value of Fst_3         = 0.0235
Mean value of Fst_4         = 0.3765
Mean value of Fst_5         = 0.1123
Mean value of Fst_6         = 0.2626
Mean value of Fst_7         = 0.0870
Mean value of Fst_8         = 0.0545
Mean value of Fst_9         = 0.0738


Inferred ancestry of individuals:
        Label (%Miss) :  Inferred clusters
  1 UA00063336   (13)   :  0.102 0.091 0.105 0.293 0.084 0.045 0.079 0.100 0.102 
  2 UA00048914    (9)   :  0.128 0.113 0.138 0.053 0.094 0.127 0.109 0.129 0.109 
  3 UA00014769   (13)   :  0.087 0.138 0.101 0.022 0.122 0.015 0.288 0.115 0.111 
  4 UA00008132   (13)   :  0.141 0.124 0.141 0.067 0.100 0.055 0.128 0.127 0.117 
  5 UA00030462   (13)   :  0.123 0.111 0.130 0.045 0.102 0.172 0.092 0.119 0.107 
  6 UA00034866   (13)   :  0.141 0.128 0.145 0.016 0.102 0.106 0.105 0.138 0.120 
  7 UA00034800    (9)   :  0.055 0.051 0.056 0.568 0.049 0.057 0.058 0.057 0.051 
  8  Puco006    (9)   :  0.041 0.036 0.040 0.031 0.089 0.655 0.030 0.038 0.039 
  9 UA00048874    (4)   :  0.088 0.078 0.096 0.373 0.066 0.069 0.070 0.082 0.078 
 10 UA00049060    (9)   :  0.131 0.129 0.140 0.044 0.119 0.030 0.155 0.132 0.120 
 11 UA00033413    (9)   :  0.135 0.117 0.089 0.019 0.210 0.042 0.100 0.122 0.166 
 12  Puco021    (9)   :  0.117 0.116 0.077 0.072 0.216 0.021 0.071 0.127 0.183 
 13  Puco026    (9)   :  0.135 0.122 0.129 0.051 0.142 0.026 0.105 0.135 0.156 
 14  Puco008    (9)   :  0.112 0.094 0.122 0.136 0.088 0.161 0.083 0.109 0.095 
 15   M01301    (9)   :  0.138 0.113 0.104 0.014 0.168 0.082 0.131 0.123 0.127 
 16   M06306    (9)   :  0.097 0.099 0.094 0.296 0.099 0.027 0.068 0.105 0.116 
 17 UA00032185    (9)   :  0.143 0.113 0.137 0.054 0.117 0.073 0.125 0.125 0.113 
 18 UA00030792    (9)   :  0.011 0.011 0.011 0.908 0.012 0.013 0.011 0.011 0.012 
 19 UA00031647    (9)   :  0.123 0.112 0.126 0.138 0.088 0.083 0.088 0.124 0.117 
 20 UA00031979    (9)   :  0.138 0.123 0.149 0.032 0.115 0.067 0.110 0.136 0.129 
 21  Puco016    (9)   :  0.120 0.123 0.133 0.020 0.098 0.164 0.103 0.118 0.121 
 22  Puco010    (9)   :  0.154 0.127 0.136 0.034 0.129 0.041 0.135 0.129 0.114 
 23    M1035    (9)   :  0.147 0.121 0.152 0.074 0.097 0.031 0.124 0.135 0.119 
 24 UA00034601    (9)   :  0.129 0.123 0.125 0.054 0.124 0.083 0.091 0.133 0.138 
 25 UA00050388    (9)   :  0.152 0.111 0.152 0.052 0.112 0.065 0.101 0.132 0.123 
 26 UA00048699    (9)   :  0.098 0.102 0.103 0.024 0.101 0.293 0.091 0.094 0.095 
 27 UA00064058    (9)   :  0.120 0.145 0.130 0.049 0.114 0.030 0.130 0.137 0.146 
 28 UA00033981    (9)   :  0.124 0.137 0.084 0.039 0.190 0.043 0.089 0.138 0.157 
 29   F05033    (9)   :  0.129 0.125 0.135 0.025 0.140 0.030 0.144 0.132 0.140 
 30 UA00048520    (4)   :  0.124 0.104 0.114 0.131 0.130 0.071 0.088 0.113 0.126 
 31 UA00048422    (4)   :  0.026 0.027 0.024 0.800 0.026 0.020 0.023 0.027 0.027 
 32    PucoB    (4)   :  0.134 0.140 0.119 0.034 0.182 0.021 0.076 0.129 0.165 
 33 UA00047393    (4)   :  0.113 0.117 0.132 0.116 0.087 0.036 0.173 0.123 0.103 
 34 UA00064521    (4)   :  0.131 0.120 0.137 0.029 0.109 0.154 0.089 0.114 0.117 
 35 UA00003043    (4)   :  0.121 0.127 0.138 0.017 0.101 0.123 0.138 0.125 0.110 
 36 UA00063025    (4)   :  0.129 0.097 0.126 0.144 0.100 0.113 0.078 0.112 0.101 
 37 UA00063826    (4)   :  0.156 0.124 0.134 0.035 0.140 0.033 0.100 0.135 0.142 
 38   F07407    (4)   :  0.117 0.098 0.098 0.167 0.170 0.028 0.068 0.115 0.140 
 39 UA00021658    (4)   :  0.138 0.131 0.145 0.034 0.116 0.043 0.135 0.133 0.125 
 40 UA00003794    (4)   :  0.116 0.110 0.099 0.136 0.162 0.032 0.081 0.116 0.148 
 41 UA00041322    (4)   :  0.154 0.117 0.170 0.047 0.093 0.066 0.101 0.136 0.116 
 42 UA00063316    (4)   :  0.140 0.119 0.144 0.069 0.104 0.083 0.089 0.130 0.121 
 43 UA00047705    (4)   :  0.147 0.123 0.143 0.037 0.134 0.058 0.089 0.133 0.137 
 44 UA00033904    (4)   :  0.110 0.096 0.112 0.280 0.089 0.042 0.068 0.096 0.107 
 45 UA00048100    (4)   :  0.134 0.126 0.135 0.018 0.142 0.048 0.106 0.132 0.158 
 46 UA00032212    (4)   :  0.122 0.101 0.117 0.173 0.098 0.089 0.090 0.111 0.099 
 47 UA00031574    (4)   :  0.026 0.024 0.025 0.791 0.027 0.034 0.022 0.025 0.026 
 48 UA00031228    (4)   :  0.016 0.015 0.016 0.871 0.015 0.021 0.014 0.015 0.016 
 49 UA00047707    (4)   :  0.111 0.151 0.130 0.011 0.113 0.034 0.212 0.126 0.111 
 50 UA00030906    (4)   :  0.011 0.011 0.012 0.902 0.012 0.019 0.010 0.011 0.011 
 51 UA00041567    (4)   :  0.158 0.109 0.120 0.042 0.154 0.056 0.102 0.129 0.129 
 52 UA00007624    (4)   :  0.125 0.131 0.125 0.015 0.141 0.033 0.173 0.126 0.131 
 53 UA00034514    (4)   :  0.127 0.147 0.127 0.029 0.108 0.048 0.128 0.142 0.145 
 54 UA00030480    (4)   :  0.133 0.133 0.139 0.106 0.089 0.037 0.109 0.129 0.124 
 55  Puco012    (4)   :  0.136 0.135 0.150 0.026 0.106 0.057 0.120 0.140 0.130 
 56 UA00038677    (9)   :  0.138 0.107 0.134 0.080 0.108 0.107 0.086 0.123 0.117 
 57 UA00048275    (4)   :  0.127 0.141 0.112 0.022 0.159 0.039 0.085 0.147 0.167 
 58 UA00064055    (4)   :  0.119 0.143 0.139 0.030 0.112 0.056 0.136 0.130 0.136 
 59  Puco009    (4)   :  0.113 0.110 0.131 0.017 0.108 0.181 0.110 0.120 0.109 
 60 UA00064561    (4)   :  0.087 0.151 0.117 0.016 0.107 0.058 0.270 0.109 0.084 
 61 UA00003479    (4)   :  0.126 0.140 0.140 0.026 0.114 0.066 0.125 0.134 0.128 
 62 UA00063747    (4)   :  0.124 0.149 0.135 0.013 0.147 0.050 0.131 0.121 0.131 
 63 UA00002558    (4)   :  0.134 0.106 0.129 0.020 0.115 0.162 0.104 0.126 0.104 
 64 UA00048410    (4)   :  0.110 0.129 0.121 0.014 0.101 0.158 0.161 0.108 0.098 
 65 UA00012249    (4)   :  0.107 0.162 0.112 0.016 0.104 0.080 0.162 0.122 0.134 
 66 UA00033818    (4)   :  0.068 0.058 0.068 0.513 0.064 0.053 0.051 0.064 0.062 
 67  Puco020    (4)   :  0.114 0.121 0.132 0.113 0.099 0.067 0.139 0.114 0.102 
 68 UA00002545    (9)   :  0.102 0.153 0.124 0.059 0.116 0.038 0.179 0.115 0.114 
 69 UA00048508    (4)   :  0.137 0.135 0.144 0.022 0.111 0.043 0.152 0.133 0.123 
 70 UA00064100    (4)   :  0.157 0.124 0.164 0.034 0.102 0.047 0.110 0.138 0.123 
 71 UA00014585    (4)   :  0.134 0.141 0.135 0.031 0.105 0.056 0.119 0.136 0.142 
 72 UA00063698    (4)   :  0.098 0.082 0.092 0.076 0.098 0.312 0.066 0.088 0.087 
 73 UA00049753    (4)   :  0.102 0.096 0.106 0.320 0.074 0.025 0.072 0.101 0.105 
 74 UA00049037    (4)   :  0.128 0.144 0.133 0.046 0.108 0.035 0.144 0.130 0.132 
 75 UA00034941    (4)   :  0.116 0.147 0.119 0.048 0.116 0.061 0.087 0.150 0.156 
 76 UA00008083    (4)   :  0.058 0.061 0.059 0.036 0.094 0.508 0.057 0.064 0.062 
 77 UA00015084    (4)   :  0.103 0.084 0.102 0.108 0.104 0.263 0.060 0.089 0.089 
 78 UA00041010    (9)   :  0.053 0.048 0.056 0.269 0.066 0.369 0.043 0.050 0.047 
 79 UA00035261    (4)   :  0.114 0.101 0.120 0.160 0.100 0.092 0.086 0.114 0.113 
 80 UA00035431    (4)   :  0.155 0.126 0.136 0.013 0.131 0.059 0.118 0.135 0.127 
 81 UA00045274    (0)   :  0.150 0.119 0.147 0.053 0.132 0.073 0.077 0.126 0.125 
 82 UA00028200    (4)   :  0.094 0.083 0.098 0.312 0.085 0.098 0.057 0.084 0.088 
 83 UA00064559    (0)   :  0.019 0.019 0.019 0.850 0.020 0.017 0.017 0.020 0.021 
 84 UA00040808    (0)   :  0.099 0.087 0.110 0.251 0.076 0.110 0.084 0.094 0.089 
 85 UA00049156    (0)   :  0.096 0.089 0.098 0.272 0.076 0.109 0.071 0.095 0.094 
 86 UA00003952    (4)   :  0.061 0.066 0.069 0.024 0.101 0.491 0.061 0.065 0.063 
 87 UA00063954    (0)   :  0.139 0.116 0.152 0.092 0.099 0.034 0.106 0.131 0.130 
 88 UA00062934    (0)   :  0.143 0.111 0.150 0.112 0.099 0.053 0.085 0.127 0.120 
 89 UA00033829    (0)   :  0.042 0.038 0.041 0.547 0.046 0.168 0.036 0.041 0.040 
 90 UA00064351    (4)   :  0.140 0.113 0.094 0.027 0.186 0.072 0.089 0.128 0.151 
 91 UA00003697    (4)   :  0.084 0.064 0.083 0.050 0.094 0.432 0.055 0.072 0.065 
 92 UA00063438    (4)   :  0.142 0.100 0.140 0.144 0.090 0.074 0.091 0.117 0.102 
 93 UA00007608    (0)   :  0.114 0.092 0.119 0.162 0.095 0.137 0.071 0.109 0.100 
 94 UA00019683    (4)   :  0.075 0.079 0.064 0.377 0.123 0.026 0.054 0.085 0.117 
 95 UA00007781    (0)   :  0.154 0.129 0.151 0.027 0.135 0.049 0.086 0.132 0.136 
 96 UA00002915    (0)   :  0.101 0.097 0.108 0.270 0.075 0.067 0.078 0.102 0.103 
 97  Puco031    (4)   :  0.124 0.145 0.142 0.033 0.105 0.055 0.147 0.129 0.122 
 98 UA00048280    (4)   :  0.139 0.134 0.133 0.023 0.135 0.060 0.089 0.141 0.146 
 99 UA00048589    (0)   :  0.125 0.117 0.119 0.050 0.167 0.039 0.081 0.128 0.174 
100 UA00034417    (0)   :  0.117 0.109 0.126 0.086 0.097 0.128 0.112 0.117 0.108 
101 UA00050411    (4)   :  0.113 0.156 0.122 0.012 0.111 0.035 0.185 0.129 0.137 
102  Puco029    (4)   :  0.139 0.130 0.133 0.020 0.148 0.019 0.126 0.138 0.147 
103   F03403    (4)   :  0.135 0.129 0.107 0.014 0.224 0.034 0.068 0.123 0.166 
104 UA00049904    (0)   :  0.148 0.110 0.137 0.109 0.111 0.044 0.093 0.128 0.121 
105 UA00035335    (0)   :  0.122 0.136 0.126 0.016 0.150 0.018 0.170 0.125 0.137 
106 UA00012611    (0)   :  0.161 0.140 0.167 0.026 0.116 0.032 0.100 0.133 0.126 
107 UA00050319    (0)   :  0.125 0.120 0.080 0.015 0.243 0.021 0.079 0.121 0.196 
108 UA00032068    (4)   :  0.146 0.124 0.161 0.075 0.103 0.029 0.106 0.129 0.127 
109 UA00032026    (4)   :  0.147 0.122 0.149 0.050 0.102 0.038 0.139 0.131 0.123 
110 UA00030476    (4)   :  0.121 0.118 0.085 0.048 0.236 0.019 0.057 0.122 0.193 
111 UA00046853    (0)   :  0.153 0.110 0.081 0.040 0.189 0.031 0.122 0.130 0.143 
112 UA00040156    (4)   :  0.011 0.011 0.012 0.909 0.011 0.013 0.010 0.011 0.011 
113 UA00030528    (4)   :  0.118 0.117 0.135 0.155 0.083 0.035 0.134 0.119 0.103 
114  Puco025    (4)   :  0.096 0.136 0.119 0.018 0.117 0.027 0.268 0.117 0.102 
115    pc016    (0)   :  0.011 0.010 0.011 0.911 0.011 0.013 0.010 0.011 0.011 
116 UA00030617    (4)   :  0.096 0.156 0.121 0.014 0.120 0.023 0.257 0.117 0.096 
117 UA00030585    (4)   :  0.021 0.021 0.020 0.834 0.022 0.023 0.017 0.021 0.022 
118 UA00032060    (4)   :  0.126 0.108 0.121 0.167 0.102 0.034 0.098 0.122 0.123 
119    pc007    (0)   :  0.133 0.116 0.100 0.043 0.173 0.041 0.114 0.130 0.150 
120 UA00030798    (4)   :  0.030 0.027 0.030 0.785 0.025 0.017 0.027 0.029 0.029 
121 UA00030778    (4)   :  0.129 0.151 0.139 0.011 0.108 0.029 0.173 0.134 0.126 
122 UA00039674    (4)   :  0.017 0.016 0.017 0.871 0.015 0.015 0.015 0.016 0.016 
123 UA00032241    (4)   :  0.132 0.120 0.113 0.013 0.136 0.025 0.217 0.125 0.118 
124 UA00011624    (0)   :  0.116 0.141 0.128 0.019 0.129 0.037 0.143 0.140 0.147 
125 UA00033779    (4)   :  0.144 0.120 0.087 0.021 0.206 0.032 0.103 0.129 0.159 
126 UA00049402    (4)   :  0.107 0.142 0.117 0.032 0.102 0.113 0.111 0.125 0.151 
127 UA00033653    (0)   :  0.140 0.117 0.076 0.015 0.233 0.027 0.097 0.125 0.169 
128 UA00047738    (0)   :  0.146 0.112 0.141 0.040 0.116 0.074 0.120 0.129 0.123 
129 UA00047502    (4)   :  0.114 0.118 0.134 0.046 0.102 0.148 0.102 0.122 0.114 
130 UA00012014    (4)   :  0.132 0.135 0.149 0.029 0.101 0.051 0.134 0.136 0.132 
131 UA00040729    (0)   :  0.127 0.124 0.116 0.031 0.168 0.028 0.125 0.128 0.152 
132 UA00030392    (4)   :  0.101 0.139 0.120 0.027 0.107 0.028 0.247 0.121 0.108 
133 UA00050033    (0)   :  0.118 0.142 0.113 0.046 0.118 0.036 0.163 0.138 0.127 
134 UA00012152    (0)   :  0.077 0.084 0.079 0.013 0.095 0.419 0.095 0.070 0.067 
135 UA00050406    (0)   :  0.143 0.129 0.149 0.033 0.102 0.045 0.124 0.146 0.130 
136 UA00047973    (0)   :  0.159 0.127 0.154 0.023 0.125 0.041 0.107 0.133 0.131 
137 UA00008051    (0)   :  0.125 0.111 0.123 0.070 0.105 0.091 0.142 0.126 0.105 
138 UA00047337    (4)   :  0.117 0.109 0.120 0.144 0.106 0.039 0.124 0.120 0.122 
139 UA00041604    (4)   :  0.139 0.110 0.149 0.055 0.101 0.089 0.125 0.125 0.105 
140 UA00031704    (4)   :  0.119 0.157 0.132 0.017 0.116 0.025 0.151 0.137 0.145 
141 UA00040423    (4)   :  0.124 0.134 0.138 0.064 0.108 0.035 0.128 0.132 0.137 
142 UA00049433    (0)   :  0.131 0.131 0.142 0.046 0.095 0.082 0.118 0.126 0.129 
143 UA00034816    (0)   :  0.091 0.136 0.114 0.026 0.111 0.090 0.231 0.106 0.096 
144 UA00050214    (0)   :  0.079 0.153 0.109 0.018 0.105 0.026 0.315 0.113 0.083 
145 UA00041073    (0)   :  0.124 0.134 0.120 0.049 0.109 0.075 0.155 0.126 0.107 
146 UA00030318    (4)   :  0.115 0.133 0.127 0.020 0.117 0.059 0.177 0.129 0.124 
147 UA00046845    (0)   :  0.104 0.138 0.121 0.037 0.102 0.096 0.173 0.117 0.111 
148 UA00063946    (0)   :  0.120 0.122 0.065 0.027 0.252 0.023 0.066 0.123 0.201 
149 UA00031374    (4)   :  0.148 0.129 0.160 0.028 0.114 0.057 0.122 0.128 0.113 
150    M1136    (4)   :  0.074 0.098 0.086 0.337 0.070 0.034 0.141 0.085 0.075 
151 UA00034299    (0)   :  0.071 0.154 0.109 0.024 0.112 0.032 0.302 0.110 0.087 
152 UA00002387    (4)   :  0.122 0.148 0.146 0.014 0.118 0.062 0.149 0.119 0.122 
153 UA00021855    (0)   :  0.159 0.130 0.135 0.031 0.114 0.047 0.126 0.140 0.119 
154 UA00014500    (0)   :  0.144 0.147 0.154 0.040 0.106 0.033 0.112 0.132 0.132 
155 UA00050419    (4)   :  0.069 0.162 0.093 0.015 0.115 0.030 0.328 0.108 0.079 
156 UA00031854    (4)   :  0.145 0.124 0.148 0.031 0.114 0.081 0.114 0.127 0.117 
157    pc011    (4)   :  0.104 0.163 0.118 0.016 0.116 0.042 0.184 0.125 0.132 
158 UA00033004    (0)   :  0.122 0.135 0.142 0.052 0.107 0.047 0.140 0.129 0.126 
159 UA00046510    (0)   :  0.119 0.121 0.143 0.020 0.105 0.123 0.142 0.121 0.106 
160 UA00048747    (0)   :  0.136 0.142 0.148 0.021 0.107 0.059 0.150 0.127 0.109 
161 UA00014293    (0)   :  0.112 0.166 0.123 0.020 0.120 0.043 0.160 0.120 0.137 
162 UA00047686    (0)   :  0.132 0.110 0.145 0.032 0.097 0.148 0.111 0.120 0.107 
163 UA00033783    (4)   :  0.089 0.077 0.077 0.300 0.113 0.098 0.062 0.086 0.099 
164 UA00042609    (4)   :  0.094 0.107 0.110 0.041 0.099 0.239 0.103 0.103 0.104 
165 UA00031169    (4)   :  0.081 0.163 0.118 0.024 0.113 0.030 0.270 0.114 0.088 
166 UA00035181    (0)   :  0.150 0.146 0.147 0.010 0.146 0.029 0.100 0.129 0.143 
167 UA00050133    (0)   :  0.129 0.134 0.139 0.032 0.111 0.053 0.148 0.131 0.123 
168  Puco011    (4)   :  0.106 0.158 0.122 0.029 0.110 0.050 0.167 0.122 0.136 
169 UA00041476    (0)   :  0.119 0.125 0.138 0.053 0.104 0.081 0.161 0.119 0.100 
170 UA00046702    (0)   :  0.099 0.157 0.110 0.020 0.119 0.033 0.229 0.121 0.112 
171 UA00019940    (0)   :  0.121 0.124 0.131 0.031 0.107 0.061 0.174 0.137 0.113 
172 UA00049813    (0)   :  0.151 0.124 0.115 0.035 0.135 0.037 0.152 0.133 0.118 
173 UA00064165    (0)   :  0.109 0.082 0.115 0.035 0.100 0.306 0.075 0.097 0.081 
174 UA00064421    (0)   :  0.114 0.099 0.127 0.013 0.099 0.238 0.108 0.107 0.094 
175 UA00064569    (4)   :  0.114 0.136 0.122 0.012 0.116 0.033 0.231 0.121 0.115 
176 UA00003996    (0)   :  0.109 0.135 0.119 0.033 0.105 0.136 0.139 0.112 0.112 
177 UA00064491    (4)   :  0.098 0.140 0.114 0.017 0.114 0.057 0.247 0.115 0.099 
178 UA00011899    (0)   :  0.154 0.127 0.157 0.037 0.104 0.035 0.127 0.136 0.122 
179  Puco015    (4)   :  0.130 0.118 0.135 0.089 0.104 0.047 0.136 0.119 0.122 
180 UA00047929    (4)   :  0.126 0.131 0.122 0.022 0.153 0.022 0.158 0.124 0.143 
181 UA00056669    (0)   :  0.147 0.125 0.154 0.019 0.105 0.067 0.126 0.140 0.116 
182 UA00050176    (0)   :  0.140 0.129 0.148 0.046 0.094 0.075 0.114 0.133 0.120 
183  Puco014    (4)   :  0.135 0.137 0.126 0.029 0.127 0.060 0.100 0.140 0.146 
184 UA00019608    (0)   :  0.126 0.139 0.146 0.024 0.111 0.073 0.136 0.128 0.117 
185 UA00064333    (0)   :  0.125 0.134 0.147 0.022 0.116 0.051 0.157 0.132 0.115 
186  Puco013    (4)   :  0.131 0.121 0.144 0.026 0.102 0.137 0.100 0.119 0.120 
187 UA00016092    (0)   :  0.097 0.152 0.115 0.012 0.121 0.027 0.236 0.124 0.116 
188 UA00019060    (0)   :  0.063 0.054 0.066 0.106 0.081 0.466 0.054 0.058 0.053 
189 UA00063532    (0)   :  0.129 0.129 0.127 0.048 0.115 0.060 0.125 0.129 0.138 
190 UA00064117    (0)   :  0.090 0.083 0.092 0.166 0.086 0.240 0.074 0.085 0.084 
191 UA00011969    (0)   :  0.148 0.122 0.151 0.040 0.103 0.066 0.118 0.136 0.115 
192 UA00034586    (4)   :  0.133 0.126 0.129 0.018 0.131 0.031 0.159 0.139 0.134 
193 UA00030736    (4)   :  0.136 0.143 0.152 0.032 0.103 0.038 0.125 0.143 0.128 
194 UA00048493    (0)   :  0.141 0.128 0.143 0.054 0.103 0.045 0.133 0.130 0.124 
195 UA00040466    (0)   :  0.048 0.051 0.049 0.019 0.097 0.593 0.039 0.049 0.055 
196 UA00047659    (0)   :  0.156 0.135 0.163 0.016 0.112 0.046 0.100 0.138 0.134 
197 UA00042002    (4)   :  0.126 0.108 0.124 0.141 0.117 0.049 0.083 0.121 0.130 
198 UA00062606    (0)   :  0.122 0.124 0.129 0.032 0.106 0.120 0.115 0.125 0.127 
199 UA00030615    (4)   :  0.042 0.038 0.044 0.015 0.092 0.654 0.039 0.041 0.035 
200 UA00048899    (0)   :  0.145 0.131 0.157 0.028 0.106 0.047 0.106 0.143 0.137 
201 UA00047725    (0)   :  0.015 0.014 0.014 0.014 0.090 0.811 0.013 0.015 0.014 
202 UA00030866    (4)   :  0.097 0.166 0.116 0.021 0.108 0.063 0.102 0.157 0.170 
203 UA00034564    (0)   :  0.120 0.148 0.132 0.024 0.103 0.054 0.132 0.150 0.139 
204 UA00046520    (0)   :  0.141 0.126 0.093 0.017 0.211 0.028 0.101 0.127 0.156 
205 UA00035027    (0)   :  0.116 0.139 0.120 0.038 0.121 0.078 0.094 0.146 0.148 
206 UA00035421    (0)   :  0.089 0.111 0.102 0.022 0.101 0.250 0.102 0.111 0.112 
207 UA00062740    (4)   :  0.097 0.150 0.116 0.047 0.108 0.094 0.085 0.147 0.156 
208 UA00012360    (0)   :  0.032 0.030 0.033 0.016 0.092 0.705 0.033 0.030 0.030 
209 UA00050203    (0)   :  0.134 0.131 0.137 0.033 0.128 0.037 0.127 0.135 0.138 
210 UA00040534    (4)   :  0.090 0.078 0.096 0.150 0.084 0.279 0.065 0.083 0.076 
211 UA00031261    (4)   :  0.068 0.074 0.073 0.081 0.089 0.426 0.050 0.070 0.068 
212 UA00031917    (4)   :  0.089 0.094 0.102 0.122 0.087 0.256 0.068 0.088 0.093 
213 UA00040798    (4)   :  0.092 0.076 0.078 0.059 0.101 0.345 0.084 0.088 0.076 
214 UA00030598    (4)   :  0.101 0.092 0.106 0.061 0.096 0.263 0.082 0.101 0.098 
215 UA00050385    (0)   :  0.125 0.133 0.140 0.028 0.100 0.078 0.124 0.132 0.141 
216 UA00058283    (0)   :  0.028 0.024 0.028 0.037 0.089 0.718 0.022 0.028 0.025 
217 UA00042297    (4)   :  0.079 0.074 0.064 0.394 0.069 0.115 0.065 0.073 0.065 
218 UA00015415    (4)   :  0.029 0.029 0.028 0.016 0.091 0.729 0.024 0.027 0.027 
219 UA00035531    (0)   :  0.049 0.049 0.051 0.072 0.087 0.550 0.045 0.049 0.048 
220 UA00048683    (0)   :  0.061 0.058 0.067 0.019 0.095 0.523 0.058 0.060 0.059 
221 UA00046734    (4)   :  0.029 0.027 0.030 0.019 0.091 0.716 0.028 0.030 0.030 
222   pcRF01    (0)   :  0.083 0.175 0.122 0.010 0.128 0.029 0.251 0.116 0.086 
223 UA00007223    (0)   :  0.098 0.135 0.109 0.047 0.103 0.136 0.098 0.125 0.149 
224 UA00013841    (0)   :  0.131 0.125 0.137 0.076 0.119 0.032 0.115 0.129 0.137 
225 UA00014196    (0)   :  0.065 0.064 0.071 0.044 0.093 0.483 0.056 0.062 0.063 
226 UA00034635    (0)   :  0.123 0.154 0.133 0.019 0.108 0.043 0.130 0.155 0.135 
227 UA00047371    (0)   :  0.138 0.112 0.133 0.154 0.094 0.049 0.082 0.126 0.112 
228 UA00063544    (0)   :  0.132 0.103 0.129 0.139 0.114 0.046 0.098 0.123 0.116 
229 UA00064246    (0)   :  0.120 0.108 0.116 0.077 0.122 0.141 0.087 0.113 0.115 
230 UA00064328    (0)   :  0.137 0.105 0.150 0.051 0.097 0.146 0.093 0.113 0.108 
231 UA00002952    (0)   :  0.107 0.122 0.113 0.098 0.097 0.146 0.079 0.116 0.123 
232 UA00064079    (0)   :  0.128 0.111 0.135 0.106 0.091 0.064 0.139 0.124 0.103 
233 UA00046793    (0)   :  0.102 0.105 0.117 0.126 0.092 0.165 0.086 0.100 0.108 
234 UA00034769    (0)   :  0.080 0.084 0.073 0.367 0.089 0.072 0.059 0.085 0.090 
235 UA00034949    (0)   :  0.103 0.130 0.123 0.041 0.099 0.156 0.100 0.119 0.130 
236 UA00063753    (0)   :  0.128 0.122 0.088 0.052 0.171 0.074 0.089 0.131 0.145 
237 UA00015713    (0)   :  0.128 0.119 0.119 0.094 0.137 0.036 0.089 0.133 0.144 
238 UA00003494    (0)   :  0.101 0.132 0.120 0.072 0.105 0.100 0.121 0.119 0.129 
239 UA00056767    (0)   :  0.151 0.128 0.085 0.011 0.209 0.024 0.116 0.126 0.149 
240 UA00014461    (0)   :  0.113 0.116 0.116 0.064 0.103 0.140 0.105 0.115 0.127 
241 UA00034669    (0)   :  0.105 0.086 0.109 0.082 0.101 0.281 0.063 0.091 0.082 
242 UA00048164    (0)   :  0.123 0.115 0.130 0.019 0.116 0.168 0.103 0.116 0.110 
243 UA00007974    (0)   :  0.133 0.120 0.116 0.046 0.176 0.039 0.077 0.130 0.163 
244 UA00016166    (0)   :  0.099 0.104 0.121 0.210 0.080 0.046 0.147 0.103 0.089 
245 UA00015653    (0)   :  0.105 0.100 0.113 0.171 0.084 0.127 0.080 0.118 0.104 
246 UA00063882    (0)   :  0.104 0.095 0.105 0.085 0.098 0.256 0.078 0.091 0.087 
247 UA00049027    (0)   :  0.120 0.098 0.121 0.166 0.098 0.081 0.095 0.113 0.108 
248 UA00018878    (0)   :  0.130 0.107 0.119 0.167 0.129 0.035 0.068 0.117 0.128 
249 UA00038796    (0)   :  0.121 0.113 0.122 0.024 0.109 0.206 0.082 0.115 0.109 
250 UA00013465    (0)   :  0.060 0.052 0.061 0.030 0.096 0.547 0.046 0.057 0.052 
251 UA00014604    (0)   :  0.126 0.102 0.125 0.055 0.109 0.172 0.087 0.117 0.106 
252 UA00041913    (0)   :  0.117 0.117 0.078 0.182 0.132 0.048 0.092 0.117 0.117 
253 UA00021632    (0)   :  0.086 0.075 0.089 0.384 0.064 0.069 0.071 0.086 0.077 
254 UA00064027    (0)   :  0.142 0.106 0.155 0.076 0.090 0.094 0.101 0.126 0.109 
255 UA00015023    (0)   :  0.121 0.131 0.136 0.028 0.112 0.097 0.151 0.120 0.106 
256 UA00050243    (0)   :  0.126 0.103 0.140 0.169 0.084 0.052 0.093 0.121 0.113 
257 UA00048298    (0)   :  0.126 0.131 0.131 0.047 0.108 0.060 0.150 0.131 0.115 
258 UA00050437    (0)   :  0.133 0.103 0.143 0.032 0.099 0.166 0.104 0.119 0.101 
259 UA00014262    (0)   :  0.143 0.116 0.152 0.078 0.097 0.058 0.107 0.131 0.119 
260 UA00049129    (0)   :  0.122 0.129 0.113 0.057 0.141 0.040 0.123 0.134 0.141 
261 UA00014740    (0)   :  0.126 0.123 0.114 0.058 0.139 0.062 0.105 0.133 0.139 
262 UA00049612    (0)   :  0.044 0.042 0.043 0.627 0.047 0.067 0.042 0.045 0.044 
263 UA00014635    (0)   :  0.142 0.118 0.103 0.016 0.190 0.027 0.123 0.128 0.153 
264 UA00014673    (0)   :  0.126 0.102 0.132 0.081 0.108 0.149 0.082 0.114 0.107 
265 UA00033608    (0)   :  0.089 0.086 0.079 0.336 0.098 0.063 0.064 0.093 0.092 
266 UA00064540    (0)   :  0.128 0.118 0.103 0.029 0.189 0.067 0.074 0.132 0.160 
267 UA00050256    (0)   :  0.127 0.111 0.134 0.116 0.089 0.105 0.088 0.118 0.111 
268 UA00015274    (0)   :  0.123 0.131 0.137 0.025 0.110 0.069 0.152 0.126 0.127 
269 UA00062993    (0)   :  0.155 0.127 0.147 0.014 0.125 0.063 0.095 0.140 0.134 
270 UA00038364    (0)   :  0.150 0.114 0.143 0.065 0.122 0.061 0.094 0.131 0.120 
271 UA00014446    (0)   :  0.159 0.125 0.163 0.015 0.101 0.040 0.126 0.148 0.123 
272 UA00063545    (0)   :  0.077 0.070 0.084 0.379 0.064 0.125 0.056 0.072 0.073 
273 UA00040054    (0)   :  0.121 0.136 0.143 0.035 0.120 0.031 0.156 0.124 0.133 
274 UA00058447    (0)   :  0.141 0.132 0.138 0.033 0.142 0.036 0.090 0.138 0.150 
275 UA00046835    (0)   :  0.140 0.135 0.120 0.029 0.157 0.037 0.102 0.134 0.145 
276 UA00014608    (0)   :  0.154 0.129 0.159 0.023 0.117 0.051 0.099 0.135 0.132 
277    pc012    (0)   :  0.139 0.123 0.143 0.042 0.113 0.079 0.109 0.132 0.119 
278    pc002    (0)   :  0.100 0.083 0.101 0.310 0.075 0.067 0.082 0.096 0.087 
279 UA00033690    (0)   :  0.114 0.106 0.091 0.114 0.189 0.034 0.061 0.115 0.175 
280 UA00013688    (0)   :  0.136 0.125 0.145 0.036 0.111 0.080 0.106 0.135 0.127 
281 UA00063666    (0)   :  0.131 0.102 0.077 0.062 0.218 0.017 0.083 0.127 0.183 
282 UA00063292    (0)   :  0.124 0.118 0.072 0.016 0.245 0.022 0.076 0.126 0.202 
283    pc001    (0)   :  0.141 0.122 0.147 0.027 0.114 0.070 0.111 0.135 0.133 
284    pc008    (0)   :  0.141 0.123 0.134 0.028 0.148 0.045 0.105 0.133 0.144 
285 UA00034316    (0)   :  0.097 0.090 0.110 0.161 0.082 0.180 0.112 0.091 0.077 
286 UA00013046    (0)   :  0.116 0.127 0.114 0.022 0.128 0.023 0.222 0.123 0.125 
287 UA00050241    (0)   :  0.137 0.114 0.107 0.019 0.178 0.018 0.125 0.136 0.167 
288 UA00048599    (0)   :  0.144 0.142 0.131 0.016 0.160 0.030 0.088 0.141 0.148 
289 UA00046649    (0)   :  0.115 0.095 0.114 0.225 0.097 0.039 0.095 0.107 0.112 
290 UA00015674    (0)   :  0.086 0.074 0.074 0.390 0.100 0.051 0.052 0.081 0.093 
291 UA00013177    (0)   :  0.138 0.104 0.113 0.077 0.139 0.082 0.106 0.123 0.118 
292 UA00012814    (0)   :  0.131 0.128 0.149 0.027 0.110 0.057 0.133 0.134 0.132 
293 UA00034654    (0)   :  0.142 0.134 0.145 0.017 0.119 0.032 0.135 0.140 0.137 
294 UA00046743    (0)   :  0.122 0.124 0.108 0.021 0.183 0.032 0.128 0.121 0.161 
295 UA00014854    (0)   :  0.114 0.115 0.098 0.078 0.202 0.017 0.068 0.117 0.192 
296 UA00013729    (0)   :  0.124 0.129 0.142 0.029 0.108 0.044 0.196 0.123 0.105 
297 UA00063483    (0)   :  0.154 0.145 0.122 0.021 0.128 0.025 0.124 0.152 0.129 
298 UA00039326    (0)   :  0.129 0.115 0.125 0.081 0.143 0.035 0.097 0.125 0.150 
299 UA00014742    (0)   :  0.162 0.122 0.111 0.025 0.164 0.024 0.121 0.136 0.136 
300 UA00049597    (0)   :  0.098 0.091 0.086 0.289 0.124 0.019 0.063 0.094 0.137 
301 UA00048067    (0)   :  0.133 0.125 0.120 0.061 0.132 0.058 0.090 0.138 0.143 
302 UA00012918    (0)   :  0.101 0.106 0.075 0.124 0.215 0.016 0.055 0.113 0.194 
303 UA00013487    (0)   :  0.075 0.173 0.123 0.016 0.131 0.022 0.253 0.116 0.091 
304 UA00046759    (0)   :  0.126 0.103 0.132 0.068 0.105 0.138 0.100 0.120 0.107 
305 UA00050164    (0)   :  0.059 0.063 0.066 0.555 0.051 0.035 0.060 0.057 0.054 
306 UA00049839    (0)   :  0.162 0.127 0.100 0.021 0.148 0.038 0.144 0.144 0.116 
307 UA00048444    (0)   :  0.133 0.108 0.054 0.062 0.236 0.024 0.088 0.122 0.173 
308 UA00063857    (0)   :  0.127 0.127 0.116 0.030 0.147 0.023 0.139 0.136 0.155 
309 UA00014921    (0)   :  0.101 0.087 0.099 0.339 0.083 0.024 0.075 0.097 0.096 
310 UA00048895    (0)   :  0.098 0.089 0.090 0.350 0.081 0.040 0.074 0.092 0.087 
311 UA00014556    (0)   :  0.140 0.117 0.150 0.023 0.107 0.115 0.092 0.131 0.124 
312    pc009    (0)   :  0.143 0.116 0.064 0.018 0.222 0.016 0.117 0.130 0.175 
313 UA00014959    (0)   :  0.090 0.086 0.087 0.302 0.114 0.026 0.071 0.097 0.126 
314 UA00020709    (0)   :  0.131 0.119 0.132 0.058 0.132 0.040 0.102 0.129 0.155 
315 UA00013126    (0)   :  0.016 0.015 0.015 0.874 0.016 0.016 0.015 0.016 0.016 
316 UA00013695    (0)   :  0.028 0.026 0.029 0.792 0.026 0.019 0.024 0.028 0.028 
317 UA00049344    (0)   :  0.106 0.083 0.108 0.329 0.071 0.045 0.071 0.099 0.087 
318 UA00047614    (0)   :  0.044 0.037 0.044 0.627 0.043 0.091 0.033 0.042 0.039 
319 UA00014221    (0)   :  0.152 0.123 0.114 0.009 0.184 0.022 0.111 0.133 0.153 
320 UA00014346    (0)   :  0.151 0.117 0.117 0.037 0.180 0.042 0.083 0.129 0.143 
321 UA00014245    (0)   :  0.105 0.108 0.101 0.179 0.157 0.024 0.073 0.106 0.147 
322 UA00014696    (0)   :  0.019 0.019 0.019 0.844 0.019 0.025 0.018 0.018 0.019 
323 UA00006991    (0)   :  0.140 0.136 0.163 0.019 0.099 0.064 0.121 0.135 0.124 
324 UA00048948    (0)   :  0.155 0.117 0.160 0.026 0.103 0.057 0.126 0.141 0.116 
325 UA00002239    (0)   :  0.139 0.128 0.158 0.027 0.100 0.069 0.131 0.128 0.119 
326 UA00063459    (0)   :  0.132 0.114 0.088 0.024 0.227 0.017 0.077 0.122 0.199 
327 UA00048356    (0)   :  0.144 0.130 0.134 0.033 0.119 0.089 0.090 0.135 0.125 
328 UA00063940    (0)   :  0.131 0.126 0.136 0.035 0.098 0.086 0.160 0.124 0.103 
329 UA00048130    (0)   :  0.161 0.124 0.119 0.019 0.157 0.034 0.105 0.141 0.139 
330 UA00048903    (0)   :  0.103 0.146 0.108 0.013 0.118 0.024 0.263 0.121 0.104 
331 UA00064643    (0)   :  0.128 0.122 0.139 0.041 0.117 0.052 0.163 0.127 0.111 
332 UA00050233    (0)   :  0.137 0.122 0.129 0.022 0.121 0.073 0.149 0.130 0.117 
333 UA00012507    (0)   :  0.139 0.126 0.140 0.016 0.102 0.120 0.115 0.127 0.117 
334 UA00064416    (0)   :  0.104 0.153 0.143 0.018 0.129 0.035 0.197 0.124 0.098 
335 UA00034724    (0)   :  0.140 0.134 0.126 0.020 0.127 0.048 0.150 0.135 0.119 
336 UA00002621    (0)   :  0.134 0.137 0.131 0.018 0.132 0.031 0.156 0.133 0.128 
337 UA00033203    (0)   :  0.087 0.158 0.126 0.034 0.124 0.034 0.219 0.118 0.099 
338 UA00011996    (0)   :  0.165 0.134 0.159 0.034 0.103 0.032 0.101 0.140 0.131 
339 UA00014408    (0)   :  0.118 0.102 0.132 0.024 0.099 0.221 0.102 0.103 0.099 
340 UA00049502    (0)   :  0.161 0.121 0.142 0.018 0.111 0.087 0.111 0.132 0.117 
341 UA00062695    (0)   :  0.150 0.115 0.130 0.057 0.148 0.054 0.086 0.125 0.135 
342 UA00014072    (0)   :  0.150 0.138 0.101 0.033 0.160 0.038 0.119 0.135 0.126 
343 UA00003334    (0)   :  0.121 0.127 0.107 0.024 0.152 0.024 0.178 0.124 0.143 
344 UA00013835    (0)   :  0.150 0.119 0.150 0.037 0.123 0.041 0.100 0.142 0.137 
345 UA00046760    (0)   :  0.140 0.112 0.124 0.144 0.108 0.034 0.104 0.123 0.112 
346 UA00014241    (0)   :  0.126 0.139 0.127 0.018 0.130 0.043 0.129 0.141 0.147 
347 UA00049585    (0)   :  0.156 0.140 0.113 0.022 0.137 0.023 0.129 0.145 0.136 
348 UA00013409    (0)   :  0.131 0.109 0.079 0.032 0.174 0.124 0.105 0.119 0.127 
349 UA00047548    (0)   :  0.149 0.138 0.159 0.027 0.119 0.027 0.113 0.134 0.135 
350 UA00049038    (0)   :  0.107 0.086 0.102 0.259 0.092 0.084 0.079 0.100 0.092 
351 UA00047612    (0)   :  0.148 0.130 0.148 0.019 0.110 0.051 0.128 0.138 0.128 
352 UA00014822    (0)   :  0.102 0.108 0.108 0.192 0.088 0.107 0.073 0.114 0.109 
353 UA00035299    (0)   :  0.109 0.138 0.123 0.033 0.105 0.042 0.205 0.131 0.112 
354 UA00012804    (0)   :  0.110 0.097 0.113 0.272 0.082 0.053 0.077 0.101 0.095 
355 UA00049578    (0)   :  0.137 0.123 0.130 0.023 0.114 0.104 0.111 0.135 0.123 
356 UA00047672    (0)   :  0.085 0.161 0.121 0.017 0.115 0.043 0.241 0.118 0.099 
357 UA00043961    (0)   :  0.051 0.046 0.046 0.607 0.049 0.059 0.046 0.048 0.047 
358 UA00064575    (0)   :  0.134 0.117 0.107 0.029 0.126 0.145 0.103 0.129 0.111 
359 UA00014732    (0)   :  0.145 0.131 0.158 0.016 0.111 0.059 0.142 0.127 0.112 
360 UA00050181    (0)   :  0.142 0.143 0.155 0.011 0.109 0.051 0.116 0.133 0.140 
361 UA00033369    (0)   :  0.120 0.109 0.129 0.169 0.085 0.060 0.104 0.115 0.109 
362 UA00011982    (0)   :  0.061 0.164 0.100 0.013 0.115 0.019 0.342 0.108 0.080 
363 UA00014590    (0)   :  0.123 0.125 0.145 0.071 0.102 0.055 0.149 0.123 0.106 
364 UA00047743    (0)   :  0.108 0.139 0.139 0.016 0.116 0.029 0.208 0.126 0.118 
365 UA00046621    (0)   :  0.117 0.144 0.138 0.016 0.122 0.025 0.191 0.133 0.113 
366 UA00050422    (0)   :  0.139 0.120 0.151 0.020 0.104 0.090 0.128 0.130 0.118 
367 UA00002760    (0)   :  0.132 0.139 0.118 0.056 0.121 0.034 0.135 0.138 0.126 
368 UA00012999    (0)   :  0.123 0.130 0.136 0.077 0.092 0.036 0.160 0.128 0.118 
369 UA00063838    (0)   :  0.123 0.126 0.122 0.017 0.126 0.036 0.208 0.126 0.116 
370 UA00003729    (0)   :  0.116 0.095 0.111 0.125 0.115 0.137 0.078 0.111 0.114 
371 UA00015348    (0)   :  0.148 0.116 0.087 0.047 0.173 0.047 0.113 0.134 0.135 
372 UA00019058    (0)   :  0.136 0.115 0.102 0.030 0.199 0.077 0.076 0.121 0.143 
373 UA00049549    (0)   :  0.117 0.103 0.062 0.076 0.241 0.017 0.070 0.120 0.195 
374 UA00014334    (0)   :  0.124 0.136 0.133 0.028 0.102 0.074 0.128 0.136 0.139 
375 UA00014350    (0)   :  0.046 0.181 0.083 0.010 0.117 0.016 0.383 0.099 0.066 
376 UA00049227    (0)   :  0.116 0.124 0.128 0.119 0.086 0.074 0.096 0.136 0.122 
377 UA00014051    (0)   :  0.103 0.145 0.125 0.016 0.107 0.116 0.160 0.119 0.109 
378 UA00034381    (0)   :  0.135 0.128 0.126 0.025 0.115 0.077 0.158 0.125 0.110 
379 UA00002354    (0)   :  0.084 0.163 0.117 0.015 0.125 0.030 0.252 0.120 0.093 
380 UA00049892    (0)   :  0.116 0.122 0.102 0.056 0.134 0.023 0.205 0.119 0.124 
381 UA00021989    (0)   :  0.130 0.135 0.127 0.015 0.122 0.046 0.181 0.130 0.114 
382 UA00048968    (0)   :  0.125 0.146 0.142 0.018 0.120 0.046 0.128 0.138 0.138 
383 UA00013174    (0)   :  0.115 0.144 0.128 0.031 0.109 0.049 0.190 0.123 0.111 
384 UA00033992    (0)   :  0.128 0.116 0.147 0.134 0.094 0.035 0.114 0.121 0.112 
385 UA00015801    (0)   :  0.074 0.158 0.100 0.010 0.111 0.019 0.330 0.110 0.086 
386 UA00063303    (0)   :  0.109 0.104 0.099 0.163 0.136 0.054 0.085 0.108 0.142 
387 UA00050206    (0)   :  0.159 0.121 0.086 0.011 0.185 0.027 0.136 0.138 0.136 
388 UA00014458    (0)   :  0.123 0.124 0.118 0.066 0.125 0.056 0.142 0.129 0.118 
389 UA00007204    (0)   :  0.124 0.120 0.108 0.031 0.186 0.025 0.105 0.127 0.173 
390 UA00063212    (0)   :  0.128 0.096 0.080 0.153 0.129 0.110 0.093 0.110 0.099 
391 UA00013340    (0)   :  0.158 0.119 0.160 0.063 0.105 0.034 0.105 0.135 0.120 
392 UA00062743    (0)   :  0.113 0.152 0.132 0.016 0.111 0.071 0.131 0.127 0.146 
393 UA00063189    (0)   :  0.073 0.074 0.074 0.049 0.095 0.423 0.071 0.071 0.072 
394 UA00035432    (0)   :  0.145 0.132 0.106 0.020 0.139 0.029 0.169 0.139 0.121 
395 UA00007958    (0)   :  0.112 0.165 0.124 0.018 0.116 0.033 0.133 0.145 0.155 
396 UA00013634    (0)   :  0.116 0.159 0.121 0.015 0.105 0.049 0.160 0.131 0.145 
397 UA00048175    (0)   :  0.065 0.176 0.097 0.009 0.120 0.028 0.315 0.104 0.086 
398 UA00003202    (0)   :  0.141 0.155 0.130 0.025 0.112 0.034 0.121 0.150 0.131 
399 UA00035090    (0)   :  0.135 0.119 0.120 0.027 0.125 0.077 0.156 0.129 0.111 
400 UA00064679    (0)   :  0.100 0.099 0.113 0.038 0.101 0.251 0.099 0.102 0.098 
401 UA00039518    (0)   :  0.113 0.151 0.127 0.030 0.126 0.034 0.160 0.130 0.127 
402 UA00058268    (0)   :  0.136 0.127 0.144 0.028 0.111 0.045 0.166 0.131 0.112 
403 UA00049456    (0)   :  0.110 0.113 0.103 0.152 0.122 0.045 0.111 0.117 0.127 
404 UA00049550    (0)   :  0.149 0.117 0.098 0.017 0.155 0.089 0.126 0.131 0.117 
405 UA00048342    (0)   :  0.140 0.110 0.137 0.072 0.112 0.051 0.127 0.133 0.118 
406 UA00063493    (0)   :  0.141 0.137 0.122 0.015 0.121 0.029 0.189 0.135 0.110 
407 UA00058261    (0)   :  0.101 0.142 0.118 0.021 0.109 0.105 0.168 0.124 0.111 
408 UA00014663    (0)   :  0.141 0.121 0.160 0.026 0.108 0.059 0.143 0.132 0.110 
409 UA00048817    (0)   :  0.098 0.114 0.120 0.168 0.088 0.048 0.144 0.118 0.103 
410 UA00049381    (0)   :  0.098 0.159 0.115 0.019 0.118 0.055 0.187 0.126 0.124 
411 UA00035901    (0)   :  0.122 0.098 0.128 0.027 0.103 0.212 0.097 0.113 0.100 
412 UA00013301    (0)   :  0.145 0.114 0.086 0.033 0.180 0.064 0.108 0.133 0.136 
413 UA00047926    (0)   :  0.098 0.139 0.118 0.055 0.114 0.083 0.177 0.116 0.100 
414 UA00007272    (0)   :  0.118 0.134 0.134 0.030 0.100 0.120 0.125 0.116 0.123 
415 UA00016041    (0)   :  0.143 0.122 0.117 0.040 0.142 0.035 0.135 0.136 0.129 
416 UA00013502    (0)   :  0.113 0.138 0.116 0.014 0.124 0.057 0.189 0.128 0.121 
417 UA00002390    (0)   :  0.151 0.116 0.165 0.068 0.093 0.042 0.113 0.134 0.118 
418 UA00034907    (0)   :  0.147 0.128 0.152 0.017 0.107 0.060 0.108 0.151 0.130 
419 UA00048821    (0)   :  0.128 0.106 0.141 0.070 0.104 0.102 0.115 0.121 0.113 
420 UA00002136    (0)   :  0.132 0.143 0.106 0.069 0.120 0.051 0.107 0.149 0.122 
421 UA00011790    (0)   :  0.102 0.158 0.115 0.033 0.107 0.053 0.126 0.146 0.160 
422 UA00021586    (0)   :  0.120 0.106 0.125 0.144 0.101 0.061 0.116 0.118 0.109 
423 UA00033270    (0)   :  0.143 0.127 0.146 0.027 0.112 0.057 0.125 0.139 0.124 
424 UA00048073    (0)   :  0.152 0.127 0.147 0.030 0.118 0.046 0.127 0.134 0.118 
425 UA00048856    (0)   :  0.130 0.130 0.126 0.026 0.118 0.082 0.115 0.132 0.141 
426 UA00049713    (0)   :  0.096 0.137 0.122 0.025 0.116 0.048 0.246 0.119 0.092 
427 UA00046885    (0)   :  0.141 0.139 0.145 0.030 0.121 0.038 0.110 0.141 0.136 
428 UA00034893    (0)   :  0.114 0.135 0.120 0.020 0.118 0.031 0.231 0.128 0.103 
429 UA00048011    (0)   :  0.129 0.135 0.137 0.012 0.109 0.071 0.178 0.129 0.099 
430 UA00015786    (0)   :  0.116 0.114 0.112 0.050 0.100 0.183 0.108 0.118 0.099 
431 UA00013162    (0)   :  0.108 0.158 0.132 0.022 0.103 0.072 0.122 0.129 0.154 
432 UA00049512    (0)   :  0.135 0.121 0.127 0.036 0.127 0.065 0.116 0.138 0.135 
433 UA00004046    (0)   :  0.111 0.168 0.113 0.015 0.110 0.039 0.182 0.123 0.141 
434 UA00048881    (0)   :  0.109 0.114 0.112 0.105 0.094 0.146 0.086 0.123 0.111 
435 UA00046610    (0)   :  0.134 0.112 0.145 0.096 0.092 0.075 0.106 0.125 0.114 
436 UA00033282    (0)   :  0.133 0.122 0.136 0.031 0.115 0.078 0.120 0.139 0.126 
437 UA00047561    (0)   :  0.123 0.143 0.142 0.020 0.106 0.042 0.168 0.133 0.123 
438 UA00013777    (0)   :  0.129 0.137 0.139 0.017 0.104 0.117 0.099 0.121 0.138 
439 UA00062849    (0)   :  0.159 0.115 0.107 0.028 0.181 0.033 0.111 0.136 0.131 
440 UA00049786    (0)   :  0.079 0.159 0.106 0.015 0.115 0.064 0.251 0.113 0.097 
441 UA00033246    (0)   :  0.149 0.129 0.070 0.016 0.208 0.018 0.114 0.135 0.161 
442 UA00045302    (0)   :  0.140 0.130 0.152 0.029 0.106 0.035 0.149 0.143 0.116 
443 UA00048637    (0)   :  0.096 0.156 0.113 0.020 0.111 0.056 0.224 0.117 0.107 
444 UA00049832    (0)   :  0.125 0.111 0.110 0.090 0.155 0.032 0.106 0.119 0.152 
445 UA00022023    (0)   :  0.136 0.140 0.145 0.062 0.099 0.045 0.103 0.132 0.138 
446 UA00050192    (0)   :  0.140 0.116 0.148 0.110 0.087 0.042 0.108 0.126 0.124 
447 UA00050413    (0)   :  0.142 0.129 0.144 0.020 0.119 0.054 0.121 0.137 0.134 
448 UA00013445    (0)   :  0.144 0.138 0.148 0.013 0.111 0.032 0.143 0.130 0.142 
449 UA00035496    (0)   :  0.141 0.105 0.144 0.025 0.114 0.161 0.087 0.118 0.104 
450 UA00003333    (0)   :  0.120 0.094 0.123 0.057 0.094 0.225 0.088 0.106 0.092 
451 UA00064008    (0)   :  0.119 0.107 0.134 0.018 0.101 0.199 0.113 0.110 0.100 
452 UA00003427    (0)   :  0.132 0.107 0.138 0.126 0.102 0.066 0.095 0.120 0.114 
453 UA00028092    (0)   :  0.101 0.095 0.099 0.204 0.088 0.129 0.091 0.101 0.091 
454    pc003    (0)   :  0.042 0.043 0.041 0.072 0.085 0.596 0.038 0.043 0.041 
455 UA00034440    (0)   :  0.153 0.131 0.120 0.024 0.150 0.057 0.111 0.131 0.125 
456 UA00026062    (0)   :  0.106 0.167 0.122 0.030 0.109 0.040 0.166 0.123 0.138 
