

----------------------------------------------------
STRUCTURE by Pritchard, Stephens and Donnelly (2000)
     and Falush, Stephens and Pritchard (2003)
       Code by Pritchard, Falush and Hubisz
             Version 2.3.4 (Jul 2012)
----------------------------------------------------



Command line arguments:   structure -K 8 -o outputfile_K8_8 
Input File:    Puma_SNP_genotypes_cut_AZ_final_HWEonly.str

Run parameters:
   536 individuals
   22 loci
   8 populations assumed
   100000 Burn-in period
   500000 Reps


--------------------------------------------
Overall proportion of membership of the
sample in each of the 8 clusters

Inferred Clusters
  1      2      3      4      5      6      7      8    
0.128  0.127  0.127  0.129  0.106  0.127  0.127  0.128  

--------------------------------------------

Allele-freq. divergence among pops (Net nucleotide distance),
computed using point estimates of P.

      1       2       3       4       5       6       7       8      
 1      -    0.0425  0.0429  0.0601  0.0832  0.0431  0.0428  0.0455  
 2   0.0425     -    0.0002  0.0093  0.0667  0.0000  0.0000  0.0008  
 3   0.0429  0.0002     -    0.0080  0.0660  0.0002  0.0001  0.0005  
 4   0.0601  0.0093  0.0080     -    0.0697  0.0093  0.0091  0.0046  
 5   0.0832  0.0667  0.0660  0.0697     -    0.0675  0.0665  0.0655  
 6   0.0431  0.0000  0.0002  0.0093  0.0675     -    0.0000  0.0009  
 7   0.0428  0.0000  0.0001  0.0091  0.0665  0.0000     -    0.0008  
 8   0.0455  0.0008  0.0005  0.0046  0.0655  0.0009  0.0008     -    

Average distances (expected heterozygosity) between individuals in same cluster:
cluster  1  : 0.2631 
cluster  2  : 0.3784 
cluster  3  : 0.3785 
cluster  4  : 0.3647 
cluster  5  : 0.2659 
cluster  6  : 0.3774 
cluster  7  : 0.3777 
cluster  8  : 0.3776 

--------------------------------------------
Estimated Ln Prob of Data   = -13739.6
Mean value of ln likelihood = -12282.7
Variance of ln likelihood   = 2914.0
Mean value of alpha         = 0.1234

Mean value of Fst_1         = 0.2859
Mean value of Fst_2         = 0.0397
Mean value of Fst_3         = 0.0588
Mean value of Fst_4         = 0.1225
Mean value of Fst_5         = 0.3411
Mean value of Fst_6         = 0.0442
Mean value of Fst_7         = 0.0446
Mean value of Fst_8         = 0.0620


Inferred ancestry of individuals:
        Label (%Miss) :  Inferred clusters
  1 UA00063336   (13)   :  0.046 0.102 0.110 0.087 0.347 0.104 0.107 0.099 
  2 UA00048914    (9)   :  0.148 0.147 0.136 0.081 0.069 0.147 0.148 0.124 
  3 UA00014769   (13)   :  0.014 0.168 0.141 0.153 0.030 0.181 0.165 0.148 
  4 UA00008132   (13)   :  0.056 0.155 0.141 0.111 0.084 0.156 0.154 0.143 
  5 UA00030462   (13)   :  0.202 0.138 0.128 0.091 0.060 0.133 0.133 0.116 
  6 UA00034866   (13)   :  0.123 0.160 0.149 0.107 0.020 0.151 0.149 0.140 
  7 UA00034800    (9)   :  0.059 0.062 0.056 0.050 0.597 0.062 0.059 0.056 
  8  Puco006    (9)   :  0.712 0.044 0.043 0.030 0.042 0.044 0.046 0.041 
  9 UA00048874    (4)   :  0.076 0.095 0.084 0.055 0.430 0.089 0.092 0.079 
 10 UA00049060    (9)   :  0.029 0.163 0.140 0.130 0.061 0.168 0.165 0.145 
 11 UA00033413    (9)   :  0.044 0.101 0.125 0.323 0.024 0.097 0.103 0.183 
 12  Puco021    (9)   :  0.022 0.078 0.112 0.354 0.092 0.075 0.089 0.177 
 13  Puco026    (9)   :  0.023 0.139 0.144 0.190 0.068 0.134 0.148 0.153 
 14  Puco008    (9)   :  0.182 0.122 0.114 0.074 0.174 0.114 0.118 0.102 
 15   M01301    (9)   :  0.093 0.115 0.118 0.264 0.019 0.119 0.110 0.163 
 16   M06306    (9)   :  0.022 0.096 0.104 0.120 0.359 0.092 0.102 0.103 
 17 UA00032185    (9)   :  0.081 0.146 0.134 0.138 0.069 0.149 0.140 0.142 
 18 UA00030792    (9)   :  0.017 0.015 0.015 0.014 0.895 0.015 0.015 0.015 
 19 UA00031647    (9)   :  0.095 0.135 0.138 0.084 0.172 0.124 0.136 0.117 
 20 UA00031979    (9)   :  0.074 0.153 0.159 0.124 0.044 0.149 0.160 0.140 
 21  Puco016    (9)   :  0.202 0.141 0.147 0.077 0.027 0.138 0.147 0.122 
 22  Puco010    (9)   :  0.043 0.147 0.137 0.177 0.043 0.152 0.142 0.158 
 23    M1035    (9)   :  0.025 0.164 0.148 0.105 0.095 0.161 0.157 0.146 
 24 UA00034601    (9)   :  0.101 0.130 0.147 0.143 0.077 0.129 0.138 0.135 
 25 UA00050388    (9)   :  0.074 0.151 0.143 0.128 0.072 0.144 0.146 0.143 
 26 UA00048699    (9)   :  0.356 0.113 0.109 0.067 0.029 0.114 0.110 0.102 
 27 UA00064058    (9)   :  0.026 0.156 0.170 0.122 0.060 0.155 0.164 0.147 
 28 UA00033981    (9)   :  0.050 0.094 0.124 0.316 0.052 0.093 0.097 0.176 
 29   F05033    (9)   :  0.030 0.149 0.142 0.179 0.033 0.156 0.154 0.157 
 30 UA00048520    (4)   :  0.084 0.117 0.121 0.158 0.171 0.111 0.115 0.123 
 31 UA00048422    (4)   :  0.023 0.027 0.028 0.034 0.802 0.027 0.027 0.030 
 32    PucoB    (4)   :  0.018 0.116 0.162 0.244 0.046 0.118 0.136 0.161 
 33 UA00047393    (4)   :  0.034 0.160 0.134 0.087 0.144 0.159 0.154 0.128 
 34 UA00064521    (4)   :  0.192 0.140 0.139 0.103 0.039 0.132 0.134 0.121 
 35 UA00003043    (4)   :  0.141 0.162 0.148 0.087 0.021 0.156 0.156 0.129 
 36 UA00063025    (4)   :  0.140 0.115 0.113 0.113 0.180 0.113 0.112 0.116 
 37 UA00063826    (4)   :  0.030 0.131 0.142 0.223 0.045 0.129 0.131 0.169 
 38   F07407    (4)   :  0.029 0.090 0.110 0.244 0.207 0.087 0.093 0.140 
 39 UA00021658    (4)   :  0.041 0.156 0.154 0.136 0.043 0.163 0.157 0.150 
 40 UA00003794    (4)   :  0.036 0.101 0.120 0.225 0.176 0.096 0.109 0.137 
 41 UA00041322    (4)   :  0.070 0.165 0.152 0.097 0.070 0.147 0.160 0.140 
 42 UA00063316    (4)   :  0.097 0.137 0.147 0.112 0.092 0.140 0.140 0.135 
 43 UA00047705    (4)   :  0.069 0.138 0.148 0.168 0.051 0.135 0.146 0.145 
 44 UA00033904    (4)   :  0.043 0.102 0.108 0.085 0.354 0.101 0.112 0.094 
 45 UA00048100    (4)   :  0.052 0.137 0.150 0.193 0.026 0.137 0.147 0.159 
 46 UA00032212    (4)   :  0.098 0.119 0.116 0.105 0.215 0.116 0.117 0.114 
 47 UA00031574    (4)   :  0.041 0.028 0.028 0.033 0.785 0.028 0.028 0.030 
 48 UA00031228    (4)   :  0.027 0.019 0.020 0.018 0.857 0.020 0.020 0.019 
 49 UA00047707    (4)   :  0.028 0.187 0.162 0.097 0.015 0.185 0.172 0.154 
 50 UA00030906    (4)   :  0.025 0.014 0.014 0.013 0.891 0.014 0.014 0.014 
 51 UA00041567    (4)   :  0.064 0.114 0.120 0.248 0.055 0.117 0.114 0.168 
 52 UA00007624    (4)   :  0.032 0.145 0.146 0.190 0.019 0.154 0.147 0.166 
 53 UA00034514    (4)   :  0.049 0.152 0.167 0.126 0.036 0.156 0.161 0.154 
 54 UA00030480    (4)   :  0.030 0.152 0.167 0.084 0.131 0.149 0.155 0.132 
 55  Puco012    (4)   :  0.058 0.161 0.158 0.113 0.034 0.167 0.161 0.148 
 56 UA00038677    (9)   :  0.126 0.131 0.127 0.128 0.104 0.126 0.129 0.129 
 57 UA00048275    (4)   :  0.039 0.127 0.156 0.223 0.028 0.124 0.138 0.165 
 58 UA00064055    (4)   :  0.058 0.165 0.177 0.087 0.037 0.154 0.172 0.148 
 59  Puco009    (4)   :  0.196 0.147 0.138 0.087 0.022 0.140 0.142 0.127 
 60 UA00064561    (4)   :  0.066 0.180 0.146 0.084 0.021 0.185 0.172 0.146 
 61 UA00003479    (4)   :  0.071 0.158 0.171 0.103 0.031 0.153 0.167 0.146 
 62 UA00063747    (4)   :  0.051 0.147 0.167 0.163 0.016 0.152 0.149 0.155 
 63 UA00002558    (4)   :  0.184 0.140 0.125 0.126 0.026 0.138 0.128 0.135 
 64 UA00048410    (4)   :  0.186 0.154 0.132 0.085 0.017 0.151 0.148 0.127 
 65 UA00012249    (4)   :  0.090 0.158 0.176 0.086 0.020 0.163 0.161 0.146 
 66 UA00033818    (4)   :  0.060 0.062 0.064 0.074 0.553 0.062 0.061 0.066 
 67  Puco020    (4)   :  0.073 0.148 0.138 0.083 0.129 0.151 0.150 0.128 
 68 UA00002545    (9)   :  0.034 0.167 0.170 0.087 0.069 0.164 0.167 0.141 
 69 UA00048508    (4)   :  0.038 0.169 0.159 0.117 0.027 0.169 0.166 0.153 
 70 UA00064100    (4)   :  0.045 0.165 0.154 0.110 0.047 0.163 0.169 0.146 
 71 UA00014585    (4)   :  0.059 0.155 0.171 0.108 0.039 0.154 0.159 0.154 
 72 UA00063698    (4)   :  0.365 0.091 0.091 0.088 0.097 0.087 0.089 0.090 
 73 UA00049753    (4)   :  0.021 0.108 0.110 0.078 0.366 0.106 0.112 0.099 
 74 UA00049037    (4)   :  0.030 0.153 0.168 0.126 0.054 0.155 0.158 0.156 
 75 UA00034941    (4)   :  0.070 0.140 0.170 0.137 0.066 0.136 0.139 0.143 
 76 UA00008083    (4)   :  0.559 0.068 0.064 0.061 0.045 0.071 0.066 0.065 
 77 UA00015084    (4)   :  0.317 0.091 0.088 0.092 0.138 0.088 0.093 0.093 
 78 UA00041010    (9)   :  0.407 0.056 0.054 0.035 0.289 0.055 0.055 0.049 
 79 UA00035261    (4)   :  0.103 0.117 0.119 0.103 0.200 0.118 0.122 0.118 
 80 UA00035431    (4)   :  0.065 0.145 0.142 0.188 0.017 0.143 0.140 0.160 
 81 UA00045274    (0)   :  0.091 0.132 0.145 0.160 0.073 0.128 0.133 0.138 
 82 UA00028200    (4)   :  0.114 0.089 0.096 0.077 0.357 0.088 0.091 0.087 
 83 UA00064559    (0)   :  0.021 0.022 0.022 0.024 0.847 0.021 0.021 0.022 
 84 UA00040808    (0)   :  0.118 0.103 0.099 0.058 0.327 0.101 0.105 0.089 
 85 UA00049156    (0)   :  0.124 0.092 0.093 0.074 0.345 0.088 0.093 0.091 
 86 UA00003952    (4)   :  0.560 0.077 0.073 0.046 0.029 0.074 0.076 0.065 
 87 UA00063954    (0)   :  0.030 0.153 0.142 0.108 0.128 0.151 0.152 0.135 
 88 UA00062934    (0)   :  0.058 0.138 0.134 0.104 0.163 0.136 0.142 0.125 
 89 UA00033829    (0)   :  0.185 0.047 0.042 0.038 0.552 0.046 0.044 0.044 
 90 UA00064351    (4)   :  0.085 0.101 0.116 0.299 0.035 0.099 0.097 0.167 
 91 UA00003697    (4)   :  0.521 0.075 0.071 0.054 0.066 0.071 0.075 0.068 
 92 UA00063438    (4)   :  0.083 0.138 0.124 0.085 0.187 0.130 0.133 0.120 
 93 UA00007608    (0)   :  0.162 0.112 0.110 0.097 0.200 0.106 0.109 0.104 
 94 UA00019683    (4)   :  0.028 0.063 0.082 0.181 0.416 0.062 0.067 0.102 
 95 UA00007781    (0)   :  0.056 0.145 0.155 0.171 0.038 0.133 0.148 0.153 
 96 UA00002915    (0)   :  0.074 0.113 0.113 0.068 0.299 0.113 0.115 0.106 
 97  Puco031    (4)   :  0.054 0.171 0.163 0.094 0.040 0.169 0.168 0.142 
 98 UA00048280    (4)   :  0.072 0.129 0.154 0.200 0.030 0.127 0.133 0.154 
 99 UA00048589    (0)   :  0.041 0.116 0.143 0.232 0.069 0.115 0.131 0.153 
100 UA00034417    (0)   :  0.143 0.139 0.139 0.086 0.102 0.133 0.136 0.121 
101 UA00050411    (4)   :  0.029 0.165 0.181 0.109 0.016 0.171 0.179 0.150 
102  Puco029    (4)   :  0.014 0.138 0.152 0.205 0.028 0.149 0.159 0.155 
103   F03403    (4)   :  0.038 0.091 0.139 0.351 0.018 0.087 0.095 0.180 
104 UA00049904    (0)   :  0.045 0.129 0.129 0.158 0.147 0.128 0.130 0.134 
105 UA00035335    (0)   :  0.012 0.154 0.158 0.185 0.022 0.156 0.159 0.153 
106 UA00012611    (0)   :  0.026 0.158 0.171 0.127 0.035 0.162 0.166 0.156 
107 UA00050319    (0)   :  0.022 0.083 0.123 0.405 0.019 0.077 0.086 0.184 
108 UA00032068    (4)   :  0.022 0.162 0.155 0.109 0.101 0.151 0.158 0.140 
109 UA00032026    (4)   :  0.032 0.170 0.147 0.113 0.069 0.164 0.163 0.143 
110 UA00030476    (4)   :  0.019 0.075 0.124 0.383 0.065 0.069 0.085 0.180 
111 UA00046853    (0)   :  0.036 0.107 0.109 0.319 0.055 0.111 0.099 0.166 
112 UA00040156    (4)   :  0.017 0.014 0.014 0.014 0.898 0.014 0.014 0.014 
113 UA00030528    (4)   :  0.029 0.161 0.138 0.073 0.182 0.150 0.145 0.123 
114  Puco025    (4)   :  0.023 0.186 0.145 0.112 0.024 0.194 0.168 0.149 
115    pc016    (0)   :  0.017 0.013 0.014 0.013 0.901 0.014 0.014 0.014 
116 UA00030617    (4)   :  0.020 0.181 0.148 0.126 0.018 0.185 0.168 0.154 
117 UA00030585    (4)   :  0.030 0.024 0.024 0.031 0.818 0.024 0.024 0.026 
118 UA00032060    (4)   :  0.031 0.131 0.129 0.129 0.196 0.128 0.130 0.125 
119    pc007    (0)   :  0.041 0.114 0.126 0.268 0.055 0.111 0.115 0.170 
120 UA00030798    (4)   :  0.019 0.033 0.032 0.029 0.788 0.032 0.033 0.033 
121 UA00030778    (4)   :  0.022 0.184 0.173 0.102 0.015 0.177 0.173 0.155 
122 UA00039674    (4)   :  0.018 0.020 0.020 0.017 0.868 0.019 0.020 0.019 
123 UA00032241    (4)   :  0.022 0.156 0.132 0.200 0.017 0.163 0.144 0.166 
124 UA00011624    (0)   :  0.034 0.159 0.168 0.139 0.027 0.155 0.167 0.152 
125 UA00033779    (4)   :  0.034 0.096 0.115 0.364 0.026 0.093 0.091 0.183 
126 UA00049402    (4)   :  0.138 0.144 0.168 0.083 0.040 0.144 0.148 0.134 
127 UA00033653    (0)   :  0.030 0.080 0.111 0.414 0.020 0.080 0.077 0.187 
128 UA00047738    (0)   :  0.081 0.150 0.138 0.145 0.055 0.143 0.146 0.143 
129 UA00047502    (4)   :  0.172 0.146 0.141 0.078 0.057 0.143 0.138 0.124 
130 UA00012014    (4)   :  0.048 0.172 0.163 0.097 0.039 0.168 0.168 0.145 
131 UA00040729    (0)   :  0.027 0.126 0.141 0.227 0.042 0.135 0.141 0.159 
132 UA00030392    (4)   :  0.023 0.176 0.152 0.117 0.033 0.187 0.161 0.150 
133 UA00050033    (0)   :  0.033 0.151 0.148 0.147 0.057 0.160 0.148 0.157 
134 UA00012152    (0)   :  0.461 0.099 0.087 0.056 0.018 0.099 0.096 0.085 
135 UA00050406    (0)   :  0.041 0.163 0.166 0.114 0.043 0.160 0.163 0.150 
136 UA00047973    (0)   :  0.040 0.149 0.152 0.178 0.030 0.145 0.145 0.161 
137 UA00008051    (0)   :  0.098 0.151 0.123 0.117 0.089 0.149 0.142 0.132 
138 UA00047337    (4)   :  0.037 0.130 0.129 0.126 0.182 0.129 0.133 0.133 
139 UA00041604    (4)   :  0.099 0.154 0.131 0.107 0.076 0.151 0.146 0.137 
140 UA00031704    (4)   :  0.017 0.159 0.189 0.115 0.021 0.166 0.182 0.150 
141 UA00040423    (4)   :  0.030 0.158 0.163 0.108 0.079 0.154 0.166 0.141 
142 UA00049433    (0)   :  0.098 0.159 0.149 0.084 0.062 0.151 0.161 0.135 
143 UA00034816    (0)   :  0.100 0.161 0.140 0.092 0.032 0.173 0.162 0.140 
144 UA00050214    (0)   :  0.022 0.193 0.141 0.093 0.023 0.199 0.178 0.152 
145 UA00041073    (0)   :  0.083 0.154 0.136 0.117 0.060 0.161 0.149 0.139 
146 UA00030318    (4)   :  0.061 0.163 0.159 0.119 0.025 0.164 0.164 0.145 
147 UA00046845    (0)   :  0.112 0.156 0.147 0.086 0.045 0.161 0.157 0.136 
148 UA00063946    (0)   :  0.027 0.067 0.111 0.432 0.036 0.062 0.073 0.192 
149 UA00031374    (4)   :  0.063 0.166 0.150 0.114 0.037 0.166 0.163 0.140 
150    M1136    (4)   :  0.033 0.124 0.106 0.065 0.328 0.125 0.115 0.104 
151 UA00034299    (0)   :  0.031 0.184 0.154 0.090 0.030 0.189 0.179 0.143 
152 UA00002387    (4)   :  0.065 0.176 0.159 0.090 0.018 0.174 0.175 0.144 
153 UA00021855    (0)   :  0.050 0.152 0.141 0.160 0.041 0.155 0.145 0.155 
154 UA00014500    (0)   :  0.027 0.161 0.186 0.103 0.051 0.156 0.168 0.147 
155 UA00050419    (4)   :  0.029 0.183 0.145 0.100 0.019 0.200 0.172 0.152 
156 UA00031854    (4)   :  0.094 0.146 0.149 0.129 0.039 0.147 0.151 0.145 
157    pc011    (4)   :  0.041 0.167 0.185 0.098 0.021 0.169 0.172 0.148 
158 UA00033004    (0)   :  0.046 0.163 0.160 0.094 0.064 0.155 0.172 0.146 
159 UA00046510    (0)   :  0.146 0.162 0.137 0.088 0.026 0.153 0.155 0.132 
160 UA00048747    (0)   :  0.064 0.166 0.156 0.089 0.027 0.178 0.175 0.146 
161 UA00014293    (0)   :  0.042 0.166 0.191 0.088 0.024 0.167 0.175 0.148 
162 UA00047686    (0)   :  0.177 0.151 0.133 0.079 0.045 0.141 0.150 0.124 
163 UA00033783    (4)   :  0.114 0.077 0.085 0.140 0.329 0.077 0.080 0.097 
164 UA00042609    (4)   :  0.262 0.123 0.134 0.074 0.052 0.122 0.127 0.105 
165 UA00031169    (4)   :  0.025 0.187 0.164 0.088 0.030 0.182 0.179 0.146 
166 UA00035181    (0)   :  0.024 0.144 0.174 0.188 0.013 0.146 0.152 0.159 
167 UA00050133    (0)   :  0.052 0.167 0.155 0.110 0.039 0.164 0.165 0.148 
168  Puco011    (4)   :  0.050 0.162 0.183 0.087 0.036 0.164 0.172 0.145 
169 UA00041476    (0)   :  0.088 0.163 0.137 0.089 0.062 0.165 0.159 0.136 
170 UA00046702    (0)   :  0.028 0.177 0.162 0.098 0.025 0.178 0.175 0.156 
171 UA00019940    (0)   :  0.065 0.166 0.147 0.110 0.041 0.167 0.165 0.139 
172 UA00049813    (0)   :  0.037 0.140 0.135 0.200 0.047 0.148 0.142 0.152 
173 UA00064165    (0)   :  0.374 0.107 0.100 0.074 0.046 0.100 0.105 0.094 
174 UA00064421    (0)   :  0.279 0.136 0.120 0.078 0.017 0.129 0.130 0.111 
175 UA00064569    (4)   :  0.031 0.173 0.143 0.138 0.016 0.182 0.164 0.154 
176 UA00003996    (0)   :  0.159 0.146 0.135 0.086 0.042 0.152 0.149 0.130 
177 UA00064491    (4)   :  0.061 0.170 0.139 0.121 0.022 0.181 0.162 0.143 
178 UA00011899    (0)   :  0.031 0.169 0.148 0.119 0.048 0.165 0.162 0.158 
179  Puco015    (4)   :  0.047 0.149 0.139 0.105 0.113 0.153 0.157 0.137 
180 UA00047929    (4)   :  0.020 0.139 0.144 0.221 0.029 0.146 0.138 0.164 
181 UA00056669    (0)   :  0.071 0.172 0.155 0.105 0.025 0.164 0.160 0.148 
182 UA00050176    (0)   :  0.086 0.151 0.149 0.098 0.060 0.152 0.157 0.147 
183  Puco014    (4)   :  0.069 0.132 0.154 0.172 0.041 0.133 0.142 0.156 
184 UA00019608    (0)   :  0.077 0.166 0.160 0.088 0.030 0.167 0.169 0.142 
185 UA00064333    (0)   :  0.048 0.176 0.166 0.090 0.029 0.175 0.174 0.143 
186  Puco013    (4)   :  0.164 0.145 0.144 0.086 0.034 0.150 0.145 0.131 
187 UA00016092    (0)   :  0.021 0.174 0.162 0.117 0.016 0.184 0.176 0.150 
188 UA00019060    (0)   :  0.508 0.068 0.061 0.047 0.121 0.067 0.066 0.061 
189 UA00063532    (0)   :  0.064 0.145 0.145 0.139 0.062 0.150 0.146 0.150 
190 UA00064117    (0)   :  0.264 0.095 0.093 0.066 0.205 0.096 0.096 0.086 
191 UA00011969    (0)   :  0.075 0.155 0.145 0.124 0.053 0.154 0.148 0.146 
192 UA00034586    (4)   :  0.027 0.156 0.147 0.177 0.023 0.155 0.155 0.159 
193 UA00030736    (4)   :  0.032 0.160 0.174 0.100 0.042 0.167 0.173 0.151 
194 UA00048493    (0)   :  0.042 0.158 0.153 0.111 0.068 0.162 0.155 0.150 
195 UA00040466    (0)   :  0.674 0.052 0.056 0.041 0.024 0.051 0.053 0.049 
196 UA00047659    (0)   :  0.045 0.165 0.169 0.123 0.023 0.161 0.166 0.149 
197 UA00042002    (4)   :  0.051 0.120 0.130 0.135 0.191 0.117 0.126 0.131 
198 UA00062606    (0)   :  0.133 0.149 0.149 0.098 0.042 0.144 0.152 0.132 
199 UA00030615    (4)   :  0.719 0.048 0.042 0.037 0.018 0.047 0.045 0.043 
200 UA00048899    (0)   :  0.048 0.158 0.171 0.115 0.036 0.160 0.164 0.148 
201 UA00047725    (0)   :  0.877 0.017 0.018 0.016 0.018 0.018 0.018 0.018 
202 UA00030866    (4)   :  0.067 0.156 0.195 0.106 0.029 0.142 0.159 0.145 
203 UA00034564    (0)   :  0.049 0.174 0.181 0.090 0.031 0.168 0.166 0.140 
204 UA00046520    (0)   :  0.031 0.091 0.126 0.369 0.022 0.090 0.090 0.180 
205 UA00035027    (0)   :  0.088 0.142 0.164 0.134 0.051 0.134 0.145 0.142 
206 UA00035421    (0)   :  0.284 0.123 0.131 0.072 0.028 0.124 0.131 0.106 
207 UA00062740    (4)   :  0.117 0.138 0.169 0.103 0.067 0.130 0.145 0.130 
208 UA00012360    (0)   :  0.760 0.038 0.037 0.030 0.021 0.040 0.039 0.036 
209 UA00050203    (0)   :  0.036 0.151 0.155 0.156 0.042 0.155 0.155 0.151 
210 UA00040534    (4)   :  0.323 0.094 0.089 0.056 0.179 0.088 0.090 0.080 
211 UA00031261    (4)   :  0.493 0.074 0.077 0.044 0.105 0.070 0.075 0.063 
212 UA00031917    (4)   :  0.309 0.097 0.099 0.056 0.167 0.090 0.101 0.080 
213 UA00040798    (4)   :  0.378 0.092 0.084 0.096 0.071 0.095 0.091 0.095 
214 UA00030598    (4)   :  0.313 0.103 0.106 0.087 0.072 0.105 0.108 0.105 
215 UA00050385    (0)   :  0.081 0.164 0.171 0.090 0.037 0.155 0.165 0.137 
216 UA00058283    (0)   :  0.776 0.030 0.029 0.030 0.044 0.031 0.030 0.030 
217 UA00042297    (4)   :  0.129 0.075 0.073 0.083 0.400 0.080 0.077 0.082 
218 UA00015415    (4)   :  0.793 0.034 0.033 0.024 0.020 0.034 0.033 0.030 
219 UA00035531    (0)   :  0.592 0.058 0.059 0.038 0.085 0.058 0.058 0.052 
220 UA00048683    (0)   :  0.569 0.073 0.073 0.051 0.025 0.071 0.074 0.064 
221 UA00046734    (4)   :  0.768 0.037 0.035 0.028 0.025 0.037 0.035 0.035 
222   pcRF01    (0)   :  0.028 0.187 0.163 0.090 0.013 0.189 0.185 0.145 
223 UA00007223    (0)   :  0.165 0.138 0.158 0.080 0.062 0.132 0.145 0.120 
224 UA00013841    (0)   :  0.029 0.148 0.147 0.129 0.109 0.144 0.159 0.135 
225 UA00014196    (0)   :  0.555 0.072 0.070 0.044 0.054 0.071 0.071 0.063 
226 UA00034635    (0)   :  0.041 0.162 0.167 0.121 0.025 0.165 0.165 0.153 
227 UA00047371    (0)   :  0.054 0.128 0.127 0.121 0.193 0.130 0.124 0.124 
228 UA00063544    (0)   :  0.049 0.128 0.124 0.134 0.184 0.130 0.126 0.124 
229 UA00064246    (0)   :  0.163 0.126 0.126 0.135 0.090 0.115 0.119 0.127 
230 UA00064328    (0)   :  0.180 0.140 0.124 0.087 0.073 0.138 0.137 0.122 
231 UA00002952    (0)   :  0.176 0.126 0.135 0.085 0.124 0.119 0.125 0.110 
232 UA00064079    (0)   :  0.068 0.157 0.131 0.097 0.129 0.146 0.141 0.131 
233 UA00046793    (0)   :  0.200 0.116 0.118 0.072 0.148 0.115 0.125 0.105 
234 UA00034769    (0)   :  0.083 0.075 0.083 0.109 0.405 0.077 0.078 0.089 
235 UA00034949    (0)   :  0.195 0.139 0.151 0.072 0.053 0.132 0.142 0.115 
236 UA00063753    (0)   :  0.089 0.099 0.116 0.270 0.073 0.095 0.103 0.156 
237 UA00015713    (0)   :  0.037 0.121 0.134 0.185 0.127 0.123 0.129 0.143 
238 UA00003494    (0)   :  0.116 0.143 0.154 0.078 0.084 0.142 0.150 0.132 
239 UA00056767    (0)   :  0.026 0.093 0.114 0.388 0.014 0.092 0.085 0.190 
240 UA00014461    (0)   :  0.173 0.128 0.136 0.094 0.078 0.135 0.134 0.123 
241 UA00034669    (0)   :  0.340 0.100 0.098 0.074 0.104 0.095 0.097 0.092 
242 UA00048164    (0)   :  0.195 0.141 0.142 0.100 0.023 0.136 0.139 0.123 
243 UA00007974    (0)   :  0.041 0.105 0.134 0.277 0.060 0.100 0.120 0.162 
244 UA00016166    (0)   :  0.046 0.144 0.120 0.071 0.235 0.137 0.134 0.113 
245 UA00015653    (0)   :  0.151 0.119 0.116 0.073 0.208 0.116 0.115 0.102 
246 UA00063882    (0)   :  0.321 0.106 0.105 0.068 0.098 0.106 0.104 0.092 
247 UA00049027    (0)   :  0.091 0.122 0.108 0.115 0.215 0.117 0.115 0.117 
248 UA00018878    (0)   :  0.035 0.108 0.126 0.167 0.225 0.103 0.113 0.124 
249 UA00038796    (0)   :  0.267 0.124 0.126 0.099 0.034 0.114 0.122 0.113 
250 UA00013465    (0)   :  0.596 0.064 0.062 0.051 0.037 0.065 0.064 0.061 
251 UA00014604    (0)   :  0.205 0.125 0.117 0.117 0.073 0.120 0.120 0.121 
252 UA00041913    (0)   :  0.054 0.090 0.099 0.205 0.235 0.094 0.095 0.127 
253 UA00021632    (0)   :  0.077 0.089 0.083 0.062 0.435 0.087 0.086 0.080 
254 UA00064027    (0)   :  0.106 0.149 0.133 0.088 0.104 0.145 0.145 0.130 
255 UA00015023    (0)   :  0.112 0.158 0.139 0.092 0.036 0.164 0.160 0.140 
256 UA00050243    (0)   :  0.052 0.140 0.128 0.078 0.213 0.131 0.133 0.125 
257 UA00048298    (0)   :  0.064 0.160 0.143 0.113 0.061 0.160 0.154 0.145 
258 UA00050437    (0)   :  0.197 0.149 0.123 0.086 0.043 0.145 0.135 0.122 
259 UA00014262    (0)   :  0.060 0.148 0.148 0.101 0.113 0.145 0.153 0.132 
260 UA00049129    (0)   :  0.037 0.133 0.143 0.191 0.071 0.132 0.138 0.155 
261 UA00014740    (0)   :  0.068 0.129 0.136 0.188 0.070 0.130 0.129 0.151 
262 UA00049612    (0)   :  0.074 0.047 0.047 0.052 0.639 0.046 0.046 0.049 
263 UA00014635    (0)   :  0.028 0.103 0.122 0.339 0.020 0.108 0.101 0.180 
264 UA00014673    (0)   :  0.188 0.126 0.115 0.105 0.117 0.120 0.122 0.107 
265 UA00033608    (0)   :  0.071 0.086 0.088 0.115 0.381 0.081 0.083 0.096 
266 UA00064540    (0)   :  0.076 0.097 0.132 0.288 0.037 0.094 0.106 0.170 
267 UA00050256    (0)   :  0.125 0.134 0.131 0.082 0.147 0.133 0.130 0.117 
268 UA00015274    (0)   :  0.071 0.166 0.155 0.104 0.033 0.163 0.165 0.143 
269 UA00062993    (0)   :  0.070 0.141 0.150 0.185 0.018 0.140 0.142 0.153 
270 UA00038364    (0)   :  0.068 0.136 0.131 0.156 0.092 0.134 0.138 0.146 
271 UA00014446    (0)   :  0.036 0.176 0.159 0.127 0.020 0.168 0.160 0.154 
272 UA00063545    (0)   :  0.145 0.079 0.075 0.055 0.429 0.074 0.076 0.067 
273 UA00040054    (0)   :  0.025 0.165 0.162 0.118 0.047 0.165 0.173 0.144 
274 UA00058447    (0)   :  0.035 0.140 0.159 0.188 0.043 0.133 0.144 0.157 
275 UA00046835    (0)   :  0.037 0.126 0.147 0.223 0.035 0.130 0.134 0.169 
276 UA00014608    (0)   :  0.055 0.154 0.158 0.147 0.030 0.149 0.154 0.153 
277    pc012    (0)   :  0.092 0.155 0.143 0.120 0.055 0.148 0.144 0.143 
278    pc002    (0)   :  0.069 0.109 0.101 0.078 0.338 0.109 0.105 0.092 
279 UA00033690    (0)   :  0.040 0.078 0.116 0.304 0.151 0.074 0.087 0.150 
280 UA00013688    (0)   :  0.084 0.148 0.153 0.124 0.048 0.147 0.148 0.146 
281 UA00063666    (0)   :  0.017 0.081 0.107 0.379 0.078 0.076 0.082 0.180 
282 UA00063292    (0)   :  0.022 0.076 0.116 0.417 0.021 0.071 0.082 0.195 
283    pc001    (0)   :  0.073 0.156 0.151 0.136 0.036 0.148 0.153 0.147 
284    pc008    (0)   :  0.048 0.135 0.143 0.198 0.039 0.135 0.146 0.157 
285 UA00034316    (0)   :  0.200 0.122 0.097 0.065 0.182 0.122 0.112 0.101 
286 UA00013046    (0)   :  0.020 0.157 0.136 0.190 0.029 0.169 0.148 0.152 
287 UA00050241    (0)   :  0.016 0.116 0.124 0.309 0.026 0.114 0.119 0.175 
288 UA00048599    (0)   :  0.026 0.124 0.156 0.255 0.021 0.119 0.131 0.168 
289 UA00046649    (0)   :  0.037 0.112 0.106 0.110 0.304 0.112 0.111 0.108 
290 UA00015674    (0)   :  0.056 0.069 0.075 0.128 0.449 0.068 0.072 0.085 
291 UA00013177    (0)   :  0.101 0.116 0.120 0.194 0.097 0.120 0.112 0.141 
292 UA00012814    (0)   :  0.060 0.162 0.160 0.111 0.036 0.159 0.166 0.145 
293 UA00034654    (0)   :  0.027 0.167 0.157 0.140 0.023 0.165 0.166 0.155 
294 UA00046743    (0)   :  0.034 0.120 0.136 0.279 0.027 0.116 0.123 0.166 
295 UA00014854    (0)   :  0.017 0.091 0.134 0.296 0.109 0.088 0.107 0.158 
296 UA00013729    (0)   :  0.045 0.176 0.142 0.103 0.039 0.181 0.166 0.149 
297 UA00063483    (0)   :  0.022 0.140 0.152 0.201 0.029 0.147 0.140 0.169 
298 UA00039326    (0)   :  0.034 0.128 0.145 0.180 0.110 0.124 0.134 0.145 
299 UA00014742    (0)   :  0.021 0.127 0.123 0.273 0.032 0.127 0.120 0.176 
300 UA00049597    (0)   :  0.016 0.083 0.103 0.160 0.357 0.079 0.093 0.109 
301 UA00048067    (0)   :  0.063 0.129 0.133 0.201 0.081 0.119 0.125 0.149 
302 UA00012918    (0)   :  0.017 0.069 0.113 0.333 0.163 0.062 0.083 0.160 
303 UA00013487    (0)   :  0.018 0.185 0.176 0.084 0.019 0.187 0.190 0.141 
304 UA00046759    (0)   :  0.158 0.134 0.124 0.110 0.092 0.130 0.130 0.121 
305 UA00050164    (0)   :  0.037 0.073 0.070 0.046 0.577 0.068 0.069 0.060 
306 UA00049839    (0)   :  0.047 0.131 0.118 0.250 0.028 0.136 0.121 0.169 
307 UA00048444    (0)   :  0.027 0.066 0.094 0.426 0.073 0.064 0.063 0.187 
308 UA00063857    (0)   :  0.018 0.134 0.143 0.222 0.040 0.140 0.141 0.163 
309 UA00014921    (0)   :  0.021 0.096 0.090 0.112 0.395 0.093 0.096 0.098 
310 UA00048895    (0)   :  0.044 0.089 0.088 0.102 0.396 0.094 0.092 0.094 
311 UA00014556    (0)   :  0.140 0.146 0.148 0.113 0.031 0.141 0.146 0.134 
312    pc009    (0)   :  0.016 0.080 0.108 0.412 0.023 0.085 0.082 0.194 
313 UA00014959    (0)   :  0.027 0.084 0.097 0.134 0.378 0.081 0.099 0.099 
314 UA00020709    (0)   :  0.041 0.134 0.148 0.161 0.084 0.138 0.148 0.145 
315 UA00013126    (0)   :  0.021 0.020 0.020 0.022 0.858 0.020 0.019 0.020 
316 UA00013695    (0)   :  0.022 0.031 0.032 0.031 0.791 0.031 0.032 0.031 
317 UA00049344    (0)   :  0.047 0.101 0.097 0.073 0.394 0.099 0.101 0.087 
318 UA00047614    (0)   :  0.106 0.042 0.041 0.038 0.650 0.043 0.041 0.040 
319 UA00014221    (0)   :  0.021 0.112 0.130 0.328 0.013 0.107 0.109 0.180 
320 UA00014346    (0)   :  0.047 0.109 0.126 0.291 0.047 0.107 0.105 0.168 
321 UA00014245    (0)   :  0.026 0.096 0.117 0.199 0.230 0.094 0.108 0.130 
322 UA00014696    (0)   :  0.032 0.023 0.024 0.019 0.830 0.025 0.024 0.023 
323 UA00006991    (0)   :  0.068 0.178 0.160 0.097 0.025 0.165 0.165 0.142 
324 UA00048948    (0)   :  0.060 0.173 0.144 0.113 0.035 0.161 0.160 0.154 
325 UA00002239    (0)   :  0.075 0.171 0.157 0.087 0.037 0.160 0.172 0.141 
326 UA00063459    (0)   :  0.017 0.083 0.120 0.396 0.032 0.078 0.092 0.181 
327 UA00048356    (0)   :  0.107 0.130 0.140 0.171 0.045 0.130 0.128 0.148 
328 UA00063940    (0)   :  0.097 0.173 0.132 0.096 0.042 0.169 0.153 0.137 
329 UA00048130    (0)   :  0.036 0.116 0.123 0.278 0.026 0.121 0.117 0.183 
330 UA00048903    (0)   :  0.020 0.170 0.140 0.150 0.016 0.190 0.159 0.155 
331 UA00064643    (0)   :  0.052 0.165 0.140 0.128 0.052 0.162 0.156 0.144 
332 UA00050233    (0)   :  0.078 0.161 0.143 0.140 0.027 0.159 0.146 0.146 
333 UA00012507    (0)   :  0.142 0.154 0.146 0.093 0.022 0.154 0.150 0.138 
334 UA00064416    (0)   :  0.034 0.183 0.164 0.095 0.023 0.181 0.174 0.145 
335 UA00034724    (0)   :  0.050 0.150 0.138 0.156 0.026 0.164 0.156 0.159 
336 UA00002621    (0)   :  0.029 0.151 0.148 0.172 0.023 0.163 0.151 0.161 
337 UA00033203    (0)   :  0.032 0.179 0.165 0.090 0.041 0.181 0.175 0.138 
338 UA00011996    (0)   :  0.024 0.166 0.161 0.123 0.047 0.162 0.164 0.153 
339 UA00014408    (0)   :  0.272 0.132 0.119 0.075 0.031 0.128 0.129 0.113 
340 UA00049502    (0)   :  0.107 0.147 0.137 0.143 0.025 0.148 0.143 0.150 
341 UA00062695    (0)   :  0.061 0.123 0.129 0.222 0.076 0.116 0.120 0.154 
342 UA00014072    (0)   :  0.040 0.119 0.129 0.266 0.045 0.121 0.115 0.166 
343 UA00003334    (0)   :  0.022 0.140 0.138 0.227 0.030 0.147 0.132 0.163 
344 UA00013835    (0)   :  0.041 0.150 0.147 0.165 0.048 0.144 0.149 0.155 
345 UA00046760    (0)   :  0.032 0.130 0.121 0.157 0.170 0.134 0.121 0.135 
346 UA00014241    (0)   :  0.043 0.143 0.167 0.156 0.024 0.152 0.158 0.158 
347 UA00049585    (0)   :  0.018 0.141 0.142 0.230 0.028 0.139 0.132 0.171 
348 UA00013409    (0)   :  0.144 0.093 0.103 0.270 0.042 0.099 0.093 0.155 
349 UA00047548    (0)   :  0.020 0.162 0.176 0.123 0.035 0.158 0.168 0.159 
350 UA00049038    (0)   :  0.095 0.100 0.098 0.107 0.296 0.100 0.100 0.105 
351 UA00047612    (0)   :  0.053 0.163 0.159 0.127 0.025 0.160 0.163 0.152 
352 UA00014822    (0)   :  0.126 0.110 0.115 0.089 0.241 0.107 0.109 0.103 
353 UA00035299    (0)   :  0.038 0.173 0.153 0.110 0.041 0.178 0.164 0.143 
354 UA00012804    (0)   :  0.053 0.114 0.111 0.090 0.304 0.112 0.109 0.106 
355 UA00049578    (0)   :  0.119 0.148 0.141 0.129 0.030 0.146 0.146 0.141 
356 UA00047672    (0)   :  0.040 0.191 0.163 0.084 0.022 0.179 0.179 0.143 
357 UA00043961    (0)   :  0.067 0.050 0.048 0.059 0.623 0.049 0.050 0.054 
358 UA00064575    (0)   :  0.175 0.120 0.121 0.164 0.038 0.123 0.121 0.138 
359 UA00014732    (0)   :  0.061 0.173 0.154 0.110 0.021 0.172 0.161 0.148 
360 UA00050181    (0)   :  0.050 0.166 0.177 0.103 0.015 0.169 0.172 0.148 
361 UA00033369    (0)   :  0.062 0.140 0.129 0.080 0.202 0.134 0.135 0.117 
362 UA00011982    (0)   :  0.016 0.194 0.144 0.099 0.016 0.204 0.178 0.149 
363 UA00014590    (0)   :  0.055 0.167 0.138 0.088 0.086 0.165 0.163 0.138 
364 UA00047743    (0)   :  0.023 0.188 0.165 0.096 0.022 0.184 0.178 0.144 
365 UA00046621    (0)   :  0.018 0.177 0.170 0.104 0.021 0.170 0.182 0.158 
366 UA00050422    (0)   :  0.103 0.163 0.137 0.107 0.027 0.163 0.157 0.143 
367 UA00002760    (0)   :  0.032 0.147 0.144 0.152 0.068 0.155 0.150 0.151 
368 UA00012999    (0)   :  0.030 0.166 0.144 0.101 0.096 0.168 0.158 0.138 
369 UA00063838    (0)   :  0.035 0.168 0.135 0.156 0.022 0.177 0.157 0.150 
370 UA00003729    (0)   :  0.161 0.107 0.109 0.138 0.155 0.104 0.106 0.119 
371 UA00015348    (0)   :  0.053 0.110 0.107 0.293 0.059 0.111 0.102 0.165 
372 UA00019058    (0)   :  0.088 0.091 0.122 0.311 0.039 0.093 0.091 0.166 
373 UA00049549    (0)   :  0.018 0.062 0.099 0.421 0.093 0.056 0.069 0.182 
374 UA00014334    (0)   :  0.080 0.160 0.170 0.096 0.038 0.157 0.167 0.134 
375 UA00014350    (0)   :  0.013 0.199 0.152 0.089 0.013 0.208 0.181 0.145 
376 UA00049227    (0)   :  0.080 0.141 0.148 0.082 0.147 0.139 0.142 0.121 
377 UA00014051    (0)   :  0.124 0.157 0.156 0.088 0.019 0.163 0.163 0.131 
378 UA00034381    (0)   :  0.090 0.152 0.140 0.132 0.032 0.160 0.149 0.145 
379 UA00002354    (0)   :  0.024 0.180 0.171 0.099 0.019 0.184 0.179 0.145 
380 UA00049892    (0)   :  0.020 0.144 0.130 0.192 0.073 0.152 0.143 0.145 
381 UA00021989    (0)   :  0.047 0.155 0.150 0.141 0.019 0.170 0.165 0.153 
382 UA00048968    (0)   :  0.046 0.166 0.173 0.115 0.024 0.163 0.171 0.143 
383 UA00013174    (0)   :  0.049 0.166 0.161 0.101 0.039 0.172 0.165 0.145 
384 UA00033992    (0)   :  0.029 0.150 0.140 0.083 0.162 0.147 0.154 0.134 
385 UA00015801    (0)   :  0.015 0.191 0.143 0.105 0.012 0.206 0.180 0.148 
386 UA00063303    (0)   :  0.058 0.104 0.113 0.181 0.209 0.101 0.109 0.125 
387 UA00050206    (0)   :  0.029 0.105 0.110 0.353 0.014 0.104 0.096 0.189 
388 UA00014458    (0)   :  0.062 0.144 0.135 0.152 0.081 0.144 0.140 0.142 
389 UA00007204    (0)   :  0.026 0.113 0.135 0.279 0.044 0.114 0.123 0.166 
390 UA00063212    (0)   :  0.135 0.102 0.091 0.175 0.180 0.101 0.092 0.125 
391 UA00013340    (0)   :  0.030 0.158 0.148 0.125 0.082 0.157 0.151 0.149 
392 UA00062743    (0)   :  0.079 0.169 0.182 0.086 0.020 0.157 0.164 0.142 
393 UA00063189    (0)   :  0.478 0.083 0.079 0.059 0.059 0.085 0.082 0.076 
394 UA00035432    (0)   :  0.026 0.145 0.139 0.215 0.025 0.148 0.139 0.162 
395 UA00007958    (0)   :  0.027 0.154 0.187 0.124 0.023 0.158 0.169 0.157 
396 UA00013634    (0)   :  0.047 0.166 0.186 0.093 0.019 0.172 0.171 0.146 
397 UA00048175    (0)   :  0.029 0.188 0.160 0.090 0.011 0.190 0.182 0.150 
398 UA00003202    (0)   :  0.033 0.149 0.160 0.143 0.033 0.164 0.159 0.160 
399 UA00035090    (0)   :  0.085 0.146 0.130 0.162 0.037 0.157 0.139 0.144 
400 UA00064679    (0)   :  0.294 0.115 0.115 0.082 0.048 0.120 0.122 0.104 
401 UA00039518    (0)   :  0.030 0.156 0.170 0.135 0.035 0.160 0.167 0.147 
402 UA00058268    (0)   :  0.043 0.176 0.147 0.115 0.034 0.171 0.161 0.152 
403 UA00049456    (0)   :  0.046 0.121 0.124 0.160 0.177 0.121 0.117 0.134 
404 UA00049550    (0)   :  0.106 0.123 0.120 0.225 0.022 0.129 0.114 0.160 
405 UA00048342    (0)   :  0.053 0.156 0.131 0.134 0.096 0.145 0.143 0.142 
406 UA00063493    (0)   :  0.025 0.166 0.143 0.154 0.019 0.174 0.165 0.155 
407 UA00058261    (0)   :  0.118 0.150 0.156 0.092 0.026 0.164 0.159 0.135 
408 UA00014663    (0)   :  0.061 0.182 0.146 0.091 0.034 0.173 0.165 0.148 
409 UA00048817    (0)   :  0.048 0.143 0.139 0.078 0.185 0.146 0.143 0.118 
410 UA00049381    (0)   :  0.059 0.161 0.176 0.096 0.023 0.163 0.172 0.150 
411 UA00035901    (0)   :  0.250 0.131 0.123 0.088 0.036 0.129 0.128 0.117 
412 UA00013301    (0)   :  0.079 0.103 0.108 0.299 0.042 0.102 0.098 0.170 
413 UA00047926    (0)   :  0.089 0.163 0.147 0.086 0.063 0.164 0.157 0.131 
414 UA00007272    (0)   :  0.137 0.157 0.149 0.084 0.040 0.148 0.156 0.129 
415 UA00016041    (0)   :  0.036 0.139 0.130 0.203 0.056 0.144 0.136 0.155 
416 UA00013502    (0)   :  0.062 0.151 0.156 0.144 0.017 0.163 0.152 0.154 
417 UA00002390    (0)   :  0.041 0.166 0.144 0.093 0.093 0.163 0.158 0.142 
418 UA00034907    (0)   :  0.066 0.155 0.161 0.125 0.023 0.160 0.160 0.150 
419 UA00048821    (0)   :  0.118 0.141 0.130 0.101 0.103 0.141 0.138 0.126 
420 UA00002136    (0)   :  0.059 0.130 0.132 0.171 0.097 0.134 0.126 0.151 
421 UA00011790    (0)   :  0.054 0.156 0.189 0.098 0.039 0.150 0.168 0.144 
422 UA00021586    (0)   :  0.065 0.133 0.129 0.106 0.180 0.137 0.130 0.121 
423 UA00033270    (0)   :  0.063 0.155 0.148 0.129 0.037 0.158 0.163 0.149 
424 UA00048073    (0)   :  0.051 0.154 0.145 0.149 0.039 0.158 0.155 0.149 
425 UA00048856    (0)   :  0.095 0.143 0.165 0.127 0.033 0.143 0.155 0.138 
426 UA00049713    (0)   :  0.052 0.181 0.137 0.098 0.032 0.187 0.169 0.143 
427 UA00046885    (0)   :  0.033 0.151 0.168 0.151 0.040 0.153 0.153 0.151 
428 UA00034893    (0)   :  0.028 0.166 0.141 0.143 0.026 0.182 0.167 0.147 
429 UA00048011    (0)   :  0.078 0.168 0.139 0.117 0.016 0.178 0.156 0.148 
430 UA00015786    (0)   :  0.206 0.130 0.121 0.091 0.064 0.139 0.130 0.118 
431 UA00013162    (0)   :  0.077 0.166 0.186 0.084 0.029 0.157 0.163 0.137 
432 UA00049512    (0)   :  0.069 0.135 0.146 0.169 0.047 0.140 0.142 0.152 
433 UA00004046    (0)   :  0.034 0.166 0.185 0.101 0.018 0.170 0.172 0.153 
434 UA00048881    (0)   :  0.171 0.121 0.128 0.086 0.134 0.120 0.125 0.115 
435 UA00046610    (0)   :  0.091 0.142 0.139 0.085 0.120 0.145 0.147 0.131 
436 UA00033282    (0)   :  0.087 0.153 0.147 0.132 0.042 0.146 0.151 0.142 
437 UA00047561    (0)   :  0.037 0.176 0.167 0.094 0.026 0.172 0.179 0.149 
438 UA00013777    (0)   :  0.141 0.149 0.165 0.093 0.023 0.148 0.152 0.130 
439 UA00062849    (0)   :  0.035 0.114 0.115 0.292 0.036 0.118 0.110 0.180 
440 UA00049786    (0)   :  0.067 0.177 0.156 0.086 0.019 0.177 0.177 0.142 
441 UA00033246    (0)   :  0.017 0.089 0.108 0.400 0.021 0.090 0.083 0.193 
442 UA00045302    (0)   :  0.030 0.180 0.146 0.108 0.038 0.175 0.170 0.153 
443 UA00048637    (0)   :  0.059 0.171 0.153 0.092 0.025 0.180 0.169 0.150 
444 UA00049832    (0)   :  0.034 0.115 0.123 0.223 0.121 0.115 0.120 0.149 
445 UA00022023    (0)   :  0.041 0.159 0.173 0.094 0.078 0.152 0.162 0.140 
446 UA00050192    (0)   :  0.039 0.150 0.147 0.093 0.144 0.144 0.151 0.131 
447 UA00050413    (0)   :  0.058 0.157 0.149 0.150 0.028 0.157 0.151 0.150 
448 UA00013445    (0)   :  0.024 0.171 0.174 0.116 0.017 0.165 0.171 0.162 
449 UA00035496    (0)   :  0.200 0.132 0.132 0.108 0.033 0.132 0.138 0.126 
450 UA00003333    (0)   :  0.266 0.118 0.113 0.077 0.077 0.121 0.123 0.106 
451 UA00064008    (0)   :  0.246 0.136 0.123 0.081 0.023 0.134 0.137 0.120 
452 UA00003427    (0)   :  0.072 0.134 0.130 0.107 0.155 0.137 0.138 0.128 
453 UA00028092    (0)   :  0.138 0.102 0.105 0.096 0.237 0.108 0.107 0.107 
454    pc003    (0)   :  0.636 0.048 0.047 0.038 0.088 0.050 0.046 0.046 
455 UA00034440    (0)   :  0.063 0.132 0.130 0.228 0.031 0.131 0.124 0.160 
456 UA00026062    (0)   :  0.034 0.166 0.193 0.085 0.038 0.164 0.177 0.144 
457 UA00014347    (0)   :  0.095 0.148 0.151 0.128 0.055 0.137 0.150 0.136 
458 UA00021516    (0)   :  0.034 0.184 0.148 0.098 0.027 0.189 0.169 0.151 
459 UA00049347    (0)   :  0.302 0.122 0.115 0.077 0.030 0.124 0.120 0.110 
460 UA00063436    (0)   :  0.361 0.081 0.090 0.155 0.036 0.084 0.083 0.110 
461 UA00047790    (0)   :  0.045 0.161 0.192 0.093 0.030 0.162 0.170 0.147 
462 UA00045714    (0)   :  0.205 0.128 0.121 0.078 0.094 0.130 0.129 0.115 
463 UA00038979    (0)   :  0.044 0.104 0.125 0.243 0.116 0.103 0.110 0.154 
464 UA00016123    (0)   :  0.100 0.146 0.170 0.092 0.066 0.143 0.150 0.133 
465 UA00034765    (0)   :  0.696 0.054 0.050 0.033 0.018 0.051 0.053 0.046 
466 UA00063815    (0)   :  0.477 0.072 0.074 0.069 0.096 0.069 0.072 0.072 
467 UA00034795    (0)   :  0.052 0.124 0.129 0.244 0.039 0.128 0.125 0.159 
468 UA00004000    (0)   :  0.641 0.057 0.057 0.048 0.028 0.057 0.057 0.055 
469 UA00049367    (0)   :  0.104 0.128 0.142 0.186 0.021 0.134 0.130 0.154 
470 UA00034457    (0)   :  0.028 0.160 0.180 0.113 0.040 0.161 0.170 0.148 
471 UA00050015    (0)   :  0.067 0.130 0.142 0.183 0.064 0.134 0.132 0.149 
472 UA00021373    (0)   :  0.052 0.160 0.166 0.120 0.040 0.153 0.159 0.150 
473 UA00050232    (0)   :  0.518 0.067 0.068 0.053 0.094 0.067 0.069 0.064 
474 UA00038724    (0)   :  0.034 0.137 0.153 0.154 0.102 0.135 0.135 0.150 
475 UA00007824    (0)   :  0.086 0.153 0.162 0.084 0.079 0.144 0.161 0.133 
476 UA00048754    (0)   :  0.103 0.156 0.187 0.090 0.016 0.151 0.159 0.137 
477 UA00014271    (0)   :  0.044 0.144 0.160 0.127 0.066 0.150 0.157 0.152 
478 UA00013756    (0)   :  0.161 0.101 0.111 0.197 0.086 0.102 0.103 0.139 
479 UA00014385    (0)   :  0.247 0.120 0.112 0.073 0.108 0.116 0.118 0.106 
480 UA00049609    (0)   :  0.046 0.126 0.143 0.231 0.034 0.127 0.127 0.165 
481 UA00003748    (0)   :  0.285 0.124 0.135 0.077 0.024 0.122 0.126 0.107 
482 UA00063952    (0)   :  0.239 0.129 0.139 0.091 0.019 0.131 0.133 0.119 
483 UA00058348    (0)   :  0.528 0.076 0.076 0.074 0.018 0.079 0.074 0.076 
484 UA00014922    (0)   :  0.709 0.044 0.042 0.039 0.038 0.045 0.043 0.041 
485 UA00003820    (0)   :  0.086 0.161 0.179 0.091 0.017 0.163 0.163 0.141 
486 UA00013693    (0)   :  0.127 0.142 0.146 0.095 0.074 0.141 0.147 0.128 
487 UA00047713    (0)   :  0.604 0.069 0.068 0.042 0.021 0.070 0.066 0.060 
488 UA00034891    (0)   :  0.303 0.110 0.133 0.100 0.035 0.106 0.110 0.104 
489 UA00049223    (0)   :  0.298 0.117 0.113 0.093 0.031 0.119 0.118 0.112 
490 UA00064399    (0)   :  0.562 0.045 0.045 0.026 0.198 0.042 0.044 0.038 
491 UA00013336    (0)   :  0.705 0.041 0.038 0.035 0.065 0.038 0.038 0.039 
492 UA00035291    (0)   :  0.632 0.060 0.066 0.033 0.040 0.056 0.063 0.050 
493 UA00003945    (0)   :  0.581 0.064 0.064 0.052 0.048 0.062 0.065 0.063 
494 UA00014518    (0)   :  0.441 0.094 0.094 0.054 0.043 0.092 0.097 0.084 
495 UA00013583    (0)   :  0.166 0.076 0.083 0.077 0.364 0.076 0.080 0.078 
