

----------------------------------------------------
STRUCTURE by Pritchard, Stephens and Donnelly (2000)
     and Falush, Stephens and Pritchard (2003)
       Code by Pritchard, Falush and Hubisz
             Version 2.3.4 (Jul 2012)
----------------------------------------------------



Command line arguments:   structure -K 9 -o outputfile_K9_2 
Input File:    Puma_SNP_genotypes_cut_AZ_final_HWEonly.str

Run parameters:
   536 individuals
   22 loci
   9 populations assumed
   100000 Burn-in period
   500000 Reps


--------------------------------------------
Overall proportion of membership of the
sample in each of the 9 clusters

Inferred Clusters
  1      2      3      4      5      6      7      8      9    
0.091  0.113  0.113  0.116  0.114  0.113  0.114  0.113  0.113  

--------------------------------------------

Allele-freq. divergence among pops (Net nucleotide distance),
computed using point estimates of P.

      1       2       3       4       5       6       7       8       9      
 1      -    0.0721  0.0695  0.0880  0.0699  0.0691  0.0715  0.0704  0.0709  
 2   0.0721     -    0.0003  0.0424  0.0024  0.0007  0.0009  0.0002  0.0001  
 3   0.0695  0.0003     -    0.0427  0.0011  0.0001  0.0003  0.0001  0.0003  
 4   0.0880  0.0424  0.0427     -    0.0486  0.0431  0.0469  0.0425  0.0411  
 5   0.0699  0.0024  0.0011  0.0486     -    0.0007  0.0004  0.0015  0.0023  
 6   0.0691  0.0007  0.0001  0.0431  0.0007     -    0.0002  0.0002  0.0006  
 7   0.0715  0.0009  0.0003  0.0469  0.0004  0.0002     -    0.0004  0.0009  
 8   0.0704  0.0002  0.0001  0.0425  0.0015  0.0002  0.0004     -    0.0001  
 9   0.0709  0.0001  0.0003  0.0411  0.0023  0.0006  0.0009  0.0001     -    

Average distances (expected heterozygosity) between individuals in same cluster:
cluster  1  : 0.2535 
cluster  2  : 0.3781 
cluster  3  : 0.3788 
cluster  4  : 0.2627 
cluster  5  : 0.3749 
cluster  6  : 0.3777 
cluster  7  : 0.3767 
cluster  8  : 0.3780 
cluster  9  : 0.3779 

--------------------------------------------
Estimated Ln Prob of Data   = -14007.8
Mean value of ln likelihood = -12257.4
Variance of ln likelihood   = 3500.8
Mean value of alpha         = 0.0969

Mean value of Fst_1         = 0.3718
Mean value of Fst_2         = 0.0510
Mean value of Fst_3         = 0.0566
Mean value of Fst_4         = 0.2869
Mean value of Fst_5         = 0.0907
Mean value of Fst_6         = 0.0620
Mean value of Fst_7         = 0.0817
Mean value of Fst_8         = 0.0505
Mean value of Fst_9         = 0.0523


Inferred ancestry of individuals:
        Label (%Miss) :  Inferred clusters
  1 UA00063336   (13)   :  0.295 0.093 0.095 0.038 0.090 0.097 0.090 0.101 0.102 
  2 UA00048914    (9)   :  0.051 0.125 0.125 0.124 0.097 0.116 0.104 0.126 0.132 
  3 UA00014769   (13)   :  0.021 0.158 0.133 0.011 0.141 0.121 0.160 0.131 0.124 
  4 UA00008132   (13)   :  0.068 0.134 0.127 0.047 0.109 0.129 0.117 0.136 0.132 
  5 UA00030462   (13)   :  0.044 0.118 0.115 0.165 0.102 0.116 0.098 0.119 0.123 
  6 UA00034866   (13)   :  0.016 0.133 0.128 0.102 0.107 0.132 0.110 0.136 0.136 
  7 UA00034800    (9)   :  0.565 0.058 0.058 0.056 0.048 0.054 0.053 0.057 0.052 
  8  Puco006    (9)   :  0.030 0.038 0.038 0.717 0.031 0.035 0.034 0.036 0.040 
  9 UA00048874    (4)   :  0.370 0.084 0.083 0.067 0.071 0.078 0.072 0.086 0.089 
 10 UA00049060    (9)   :  0.044 0.130 0.133 0.023 0.135 0.127 0.135 0.135 0.138 
 11 UA00033413    (9)   :  0.019 0.099 0.124 0.035 0.201 0.144 0.168 0.114 0.096 
 12  Puco021    (9)   :  0.069 0.081 0.118 0.017 0.216 0.137 0.176 0.105 0.081 
 13  Puco026    (9)   :  0.048 0.118 0.132 0.018 0.156 0.136 0.138 0.131 0.123 
 14  Puco008    (9)   :  0.135 0.101 0.105 0.167 0.085 0.101 0.092 0.105 0.108 
 15   M01301    (9)   :  0.014 0.106 0.121 0.080 0.172 0.138 0.151 0.116 0.102 
 16   M06306    (9)   :  0.291 0.089 0.102 0.019 0.106 0.101 0.102 0.098 0.094 
 17 UA00032185    (9)   :  0.051 0.130 0.127 0.068 0.124 0.126 0.119 0.128 0.126 
 18 UA00030792    (9)   :  0.908 0.011 0.011 0.013 0.012 0.011 0.011 0.011 0.011 
 19 UA00031647    (9)   :  0.133 0.115 0.114 0.077 0.097 0.115 0.098 0.122 0.130 
 20 UA00031979    (9)   :  0.031 0.127 0.135 0.061 0.129 0.129 0.121 0.133 0.134 
 21  Puco016    (9)   :  0.020 0.122 0.121 0.165 0.096 0.112 0.097 0.127 0.140 
 22  Puco010    (9)   :  0.034 0.124 0.132 0.034 0.149 0.143 0.138 0.129 0.116 
 23    M1035    (9)   :  0.075 0.142 0.132 0.020 0.109 0.130 0.123 0.131 0.139 
 24 UA00034601    (9)   :  0.054 0.113 0.120 0.077 0.132 0.124 0.119 0.128 0.133 
 25 UA00050388    (9)   :  0.052 0.127 0.133 0.061 0.121 0.126 0.118 0.131 0.132 
 26 UA00048699    (9)   :  0.024 0.100 0.093 0.314 0.079 0.094 0.083 0.104 0.110 
 27 UA00064058    (9)   :  0.048 0.140 0.126 0.021 0.124 0.127 0.131 0.139 0.145 
 28 UA00033981    (9)   :  0.039 0.100 0.124 0.038 0.186 0.150 0.157 0.112 0.095 
 29   F05033    (9)   :  0.024 0.130 0.137 0.024 0.152 0.133 0.144 0.132 0.124 
 30 UA00048520    (4)   :  0.126 0.105 0.114 0.069 0.133 0.117 0.122 0.111 0.103 
 31 UA00048422    (4)   :  0.806 0.025 0.026 0.019 0.026 0.026 0.025 0.025 0.024 
 32    PucoB    (4)   :  0.033 0.099 0.131 0.014 0.192 0.134 0.157 0.119 0.121 
 33 UA00047393    (4)   :  0.113 0.139 0.126 0.028 0.100 0.114 0.128 0.130 0.123 
 34 UA00064521    (4)   :  0.028 0.116 0.121 0.151 0.108 0.117 0.102 0.122 0.134 
 35 UA00003043    (4)   :  0.016 0.137 0.127 0.122 0.096 0.120 0.113 0.129 0.141 
 36 UA00063025    (4)   :  0.145 0.105 0.108 0.117 0.100 0.111 0.096 0.111 0.107 
 37 UA00063826    (4)   :  0.035 0.118 0.135 0.024 0.157 0.144 0.140 0.127 0.119 
 38   F07407    (4)   :  0.167 0.082 0.115 0.023 0.173 0.118 0.137 0.099 0.085 
 39 UA00021658    (4)   :  0.035 0.134 0.134 0.034 0.129 0.133 0.124 0.144 0.134 
 40 UA00003794    (4)   :  0.135 0.092 0.114 0.028 0.170 0.114 0.143 0.109 0.095 
 41 UA00041322    (4)   :  0.049 0.133 0.138 0.057 0.106 0.126 0.111 0.140 0.141 
 42 UA00063316    (4)   :  0.068 0.121 0.125 0.077 0.107 0.127 0.113 0.127 0.136 
 43 UA00047705    (4)   :  0.035 0.115 0.132 0.052 0.150 0.131 0.127 0.128 0.129 
 44 UA00033904    (4)   :  0.290 0.093 0.100 0.036 0.102 0.095 0.089 0.094 0.100 
 45 UA00048100    (4)   :  0.019 0.121 0.136 0.040 0.148 0.135 0.139 0.128 0.134 
 46 UA00032212    (4)   :  0.176 0.102 0.108 0.083 0.103 0.111 0.100 0.109 0.107 
 47 UA00031574    (4)   :  0.794 0.023 0.025 0.034 0.026 0.025 0.025 0.025 0.024 
 48 UA00031228    (4)   :  0.872 0.015 0.015 0.021 0.015 0.015 0.015 0.016 0.016 
 49 UA00047707    (4)   :  0.011 0.153 0.132 0.023 0.110 0.128 0.138 0.153 0.150 
 50 UA00030906    (4)   :  0.904 0.011 0.011 0.019 0.011 0.011 0.011 0.011 0.011 
 51 UA00041567    (4)   :  0.043 0.109 0.127 0.052 0.166 0.139 0.143 0.117 0.104 
 52 UA00007624    (4)   :  0.014 0.132 0.131 0.026 0.143 0.135 0.143 0.141 0.134 
 53 UA00034514    (4)   :  0.029 0.142 0.132 0.038 0.120 0.137 0.126 0.133 0.144 
 54 UA00030480    (4)   :  0.103 0.125 0.129 0.024 0.108 0.122 0.110 0.134 0.145 
 55  Puco012    (4)   :  0.026 0.143 0.135 0.046 0.116 0.134 0.122 0.132 0.145 
 56 UA00038677    (9)   :  0.080 0.114 0.118 0.108 0.117 0.121 0.108 0.117 0.117 
 57 UA00048275    (4)   :  0.021 0.120 0.130 0.030 0.153 0.145 0.147 0.128 0.125 
 58 UA00064055    (4)   :  0.028 0.149 0.140 0.045 0.106 0.123 0.123 0.135 0.151 
 59  Puco009    (4)   :  0.016 0.128 0.125 0.167 0.096 0.113 0.109 0.117 0.129 
 60 UA00064561    (4)   :  0.017 0.169 0.129 0.054 0.106 0.109 0.144 0.134 0.137 
 61 UA00003479    (4)   :  0.024 0.149 0.140 0.056 0.109 0.124 0.123 0.129 0.146 
 62 UA00063747    (4)   :  0.013 0.143 0.136 0.043 0.139 0.126 0.140 0.126 0.135 
 63 UA00002558    (4)   :  0.020 0.117 0.122 0.160 0.112 0.121 0.108 0.121 0.121 
 64 UA00048410    (4)   :  0.013 0.137 0.114 0.157 0.097 0.113 0.113 0.129 0.127 
 65 UA00012249    (4)   :  0.016 0.141 0.122 0.077 0.110 0.123 0.122 0.138 0.152 
 66 UA00033818    (4)   :  0.533 0.055 0.062 0.054 0.067 0.058 0.060 0.058 0.053 
 67  Puco020    (4)   :  0.110 0.137 0.120 0.061 0.095 0.113 0.114 0.124 0.126 
 68 UA00002545    (9)   :  0.057 0.156 0.138 0.028 0.107 0.114 0.127 0.129 0.144 
 69 UA00048508    (4)   :  0.022 0.145 0.137 0.032 0.119 0.132 0.127 0.140 0.147 
 70 UA00064100    (4)   :  0.034 0.136 0.136 0.036 0.115 0.133 0.118 0.146 0.146 
 71 UA00014585    (4)   :  0.031 0.138 0.132 0.048 0.115 0.134 0.119 0.134 0.149 
 72 UA00063698    (4)   :  0.076 0.083 0.085 0.333 0.082 0.089 0.079 0.086 0.086 
 73 UA00049753    (4)   :  0.313 0.097 0.102 0.017 0.088 0.098 0.084 0.101 0.100 
 74 UA00049037    (4)   :  0.044 0.138 0.129 0.024 0.121 0.134 0.128 0.139 0.143 
 75 UA00034941    (4)   :  0.047 0.123 0.124 0.055 0.123 0.136 0.127 0.129 0.136 
 76 UA00008083    (4)   :  0.037 0.064 0.064 0.533 0.057 0.064 0.059 0.063 0.060 
 77 UA00015084    (4)   :  0.106 0.082 0.087 0.289 0.090 0.086 0.082 0.088 0.088 
 78 UA00041010    (9)   :  0.262 0.050 0.050 0.403 0.041 0.048 0.044 0.049 0.053 
 79 UA00035261    (4)   :  0.157 0.104 0.109 0.086 0.104 0.111 0.102 0.113 0.114 
 80 UA00035431    (4)   :  0.013 0.119 0.137 0.055 0.143 0.143 0.132 0.130 0.128 
 81 UA00045274    (0)   :  0.055 0.108 0.123 0.076 0.146 0.128 0.127 0.119 0.118 
 82 UA00028200    (4)   :  0.311 0.082 0.088 0.099 0.086 0.085 0.077 0.083 0.090 
 83 UA00064559    (0)   :  0.851 0.018 0.019 0.017 0.020 0.020 0.019 0.018 0.019 
 84 UA00040808    (0)   :  0.253 0.096 0.093 0.113 0.074 0.090 0.082 0.096 0.103 
 85 UA00049156    (0)   :  0.275 0.090 0.089 0.110 0.081 0.091 0.079 0.092 0.093 
 86 UA00003952    (4)   :  0.023 0.065 0.060 0.533 0.054 0.062 0.057 0.067 0.078 
 87 UA00063954    (0)   :  0.091 0.121 0.135 0.025 0.122 0.123 0.117 0.134 0.132 
 88 UA00062934    (0)   :  0.116 0.120 0.126 0.047 0.119 0.116 0.111 0.124 0.121 
 89 UA00033829    (0)   :  0.543 0.040 0.042 0.178 0.036 0.041 0.037 0.041 0.041 
 90 UA00064351    (4)   :  0.027 0.097 0.121 0.070 0.179 0.141 0.158 0.114 0.093 
 91 UA00003697    (4)   :  0.052 0.064 0.065 0.501 0.058 0.066 0.059 0.067 0.069 
 92 UA00063438    (4)   :  0.146 0.115 0.119 0.069 0.100 0.115 0.099 0.121 0.116 
 93 UA00007608    (0)   :  0.155 0.098 0.104 0.136 0.098 0.104 0.093 0.104 0.109 
 94 UA00019683    (4)   :  0.372 0.062 0.083 0.023 0.128 0.086 0.104 0.075 0.066 
 95 UA00007781    (0)   :  0.028 0.121 0.131 0.043 0.149 0.134 0.133 0.131 0.130 
 96 UA00002915    (0)   :  0.272 0.099 0.100 0.060 0.080 0.099 0.086 0.098 0.106 
 97  Puco031    (4)   :  0.030 0.140 0.134 0.043 0.112 0.128 0.119 0.139 0.155 
 98 UA00048280    (4)   :  0.023 0.114 0.130 0.055 0.143 0.140 0.141 0.127 0.127 
 99 UA00048589    (0)   :  0.050 0.108 0.128 0.033 0.173 0.127 0.153 0.119 0.108 
100 UA00034417    (0)   :  0.082 0.115 0.115 0.127 0.096 0.111 0.106 0.121 0.126 
101 UA00050411    (4)   :  0.012 0.150 0.135 0.023 0.125 0.127 0.133 0.144 0.151 
102  Puco029    (4)   :  0.020 0.123 0.143 0.012 0.168 0.136 0.152 0.126 0.120 
103   F03403    (4)   :  0.014 0.085 0.115 0.030 0.228 0.135 0.179 0.114 0.100 
104 UA00049904    (0)   :  0.108 0.110 0.130 0.035 0.128 0.132 0.114 0.123 0.119 
105 UA00035335    (0)   :  0.017 0.137 0.140 0.009 0.162 0.125 0.159 0.122 0.129 
106 UA00012611    (0)   :  0.026 0.137 0.138 0.021 0.126 0.135 0.126 0.141 0.149 
107 UA00050319    (0)   :  0.014 0.084 0.122 0.018 0.230 0.141 0.193 0.114 0.085 
108 UA00032068    (4)   :  0.076 0.131 0.137 0.018 0.115 0.131 0.120 0.132 0.140 
109 UA00032026    (4)   :  0.049 0.132 0.136 0.025 0.124 0.130 0.124 0.142 0.137 
110 UA00030476    (4)   :  0.048 0.078 0.119 0.015 0.228 0.135 0.187 0.108 0.082 
111 UA00046853    (0)   :  0.040 0.098 0.133 0.027 0.192 0.150 0.163 0.111 0.086 
112 UA00040156    (4)   :  0.910 0.011 0.011 0.013 0.011 0.011 0.011 0.011 0.011 
113 UA00030528    (4)   :  0.145 0.130 0.125 0.024 0.092 0.116 0.108 0.128 0.131 
114  Puco025    (4)   :  0.018 0.156 0.138 0.019 0.120 0.121 0.148 0.148 0.132 
115    pc016    (0)   :  0.914 0.010 0.010 0.013 0.011 0.010 0.010 0.011 0.011 
116 UA00030617    (4)   :  0.014 0.163 0.134 0.016 0.123 0.116 0.152 0.141 0.141 
117 UA00030585    (4)   :  0.836 0.019 0.020 0.023 0.023 0.021 0.021 0.018 0.019 
118 UA00032060    (4)   :  0.155 0.110 0.120 0.026 0.119 0.118 0.111 0.125 0.116 
119    pc007    (0)   :  0.042 0.110 0.121 0.034 0.173 0.139 0.155 0.122 0.105 
120 UA00030798    (4)   :  0.794 0.029 0.028 0.015 0.026 0.026 0.026 0.028 0.027 
121 UA00030778    (4)   :  0.011 0.153 0.134 0.017 0.112 0.132 0.136 0.148 0.156 
122 UA00039674    (4)   :  0.877 0.016 0.016 0.014 0.015 0.015 0.015 0.016 0.016 
123 UA00032241    (4)   :  0.013 0.132 0.133 0.018 0.148 0.139 0.148 0.139 0.130 
124 UA00011624    (0)   :  0.019 0.145 0.140 0.027 0.131 0.135 0.138 0.127 0.139 
125 UA00033779    (4)   :  0.020 0.095 0.124 0.028 0.216 0.143 0.169 0.114 0.092 
126 UA00049402    (4)   :  0.032 0.133 0.113 0.114 0.100 0.119 0.112 0.127 0.151 
127 UA00033653    (0)   :  0.016 0.086 0.125 0.024 0.230 0.151 0.184 0.106 0.078 
128 UA00047738    (0)   :  0.040 0.129 0.129 0.067 0.129 0.131 0.125 0.124 0.125 
129 UA00047502    (4)   :  0.044 0.125 0.124 0.140 0.097 0.118 0.102 0.120 0.131 
130 UA00012014    (4)   :  0.028 0.147 0.136 0.038 0.108 0.131 0.125 0.144 0.142 
131 UA00040729    (0)   :  0.030 0.106 0.131 0.021 0.182 0.136 0.151 0.121 0.122 
132 UA00030392    (4)   :  0.027 0.152 0.128 0.019 0.117 0.128 0.138 0.151 0.140 
133 UA00050033    (0)   :  0.045 0.135 0.126 0.026 0.126 0.142 0.135 0.135 0.131 
134 UA00012152    (0)   :  0.013 0.087 0.074 0.454 0.063 0.073 0.071 0.082 0.083 
135 UA00050406    (0)   :  0.032 0.133 0.137 0.033 0.119 0.136 0.122 0.143 0.145 
136 UA00047973    (0)   :  0.023 0.127 0.131 0.032 0.145 0.136 0.132 0.140 0.133 
137 UA00008051    (0)   :  0.068 0.128 0.125 0.082 0.116 0.127 0.118 0.120 0.116 
138 UA00047337    (4)   :  0.140 0.113 0.119 0.031 0.119 0.116 0.117 0.127 0.118 
139 UA00041604    (4)   :  0.059 0.130 0.128 0.084 0.111 0.126 0.110 0.129 0.124 
140 UA00031704    (4)   :  0.017 0.157 0.142 0.013 0.120 0.134 0.136 0.131 0.151 
141 UA00040423    (4)   :  0.060 0.135 0.137 0.026 0.115 0.132 0.120 0.131 0.145 
142 UA00049433    (0)   :  0.045 0.131 0.132 0.079 0.101 0.126 0.113 0.134 0.140 
143 UA00034816    (0)   :  0.025 0.154 0.122 0.087 0.106 0.111 0.135 0.131 0.128 
144 UA00050214    (0)   :  0.017 0.173 0.129 0.018 0.115 0.112 0.154 0.144 0.136 
145 UA00041073    (0)   :  0.050 0.136 0.131 0.069 0.117 0.128 0.119 0.127 0.123 
146 UA00030318    (4)   :  0.020 0.148 0.138 0.053 0.116 0.125 0.132 0.135 0.134 
147 UA00046845    (0)   :  0.036 0.136 0.119 0.095 0.106 0.119 0.119 0.138 0.132 
148 UA00063946    (0)   :  0.029 0.075 0.119 0.021 0.240 0.140 0.198 0.106 0.073 
149 UA00031374    (4)   :  0.029 0.136 0.137 0.051 0.128 0.124 0.126 0.130 0.138 
150    M1136    (4)   :  0.322 0.106 0.092 0.026 0.078 0.086 0.092 0.099 0.100 
151 UA00034299    (0)   :  0.023 0.171 0.122 0.026 0.112 0.110 0.157 0.141 0.137 
152 UA00002387    (4)   :  0.014 0.153 0.147 0.053 0.111 0.121 0.121 0.131 0.149 
153 UA00021855    (0)   :  0.031 0.132 0.137 0.040 0.137 0.153 0.124 0.125 0.121 
154 UA00014500    (0)   :  0.040 0.145 0.134 0.022 0.120 0.127 0.121 0.139 0.152 
155 UA00050419    (4)   :  0.015 0.178 0.127 0.024 0.113 0.112 0.156 0.141 0.134 
156 UA00031854    (4)   :  0.031 0.131 0.129 0.078 0.120 0.127 0.118 0.132 0.134 
157    pc011    (4)   :  0.016 0.161 0.133 0.034 0.110 0.124 0.133 0.138 0.150 
158 UA00033004    (0)   :  0.051 0.150 0.134 0.037 0.105 0.123 0.119 0.134 0.146 
159 UA00046510    (0)   :  0.020 0.133 0.128 0.124 0.102 0.117 0.115 0.131 0.129 
160 UA00048747    (0)   :  0.021 0.153 0.136 0.054 0.110 0.118 0.128 0.135 0.145 
161 UA00014293    (0)   :  0.019 0.160 0.137 0.033 0.114 0.114 0.130 0.137 0.155 
162 UA00047686    (0)   :  0.032 0.120 0.123 0.154 0.097 0.115 0.100 0.129 0.129 
163 UA00033783    (4)   :  0.307 0.071 0.082 0.099 0.106 0.086 0.098 0.081 0.071 
164 UA00042609    (4)   :  0.038 0.114 0.110 0.233 0.085 0.100 0.093 0.107 0.120 
165 UA00031169    (4)   :  0.024 0.169 0.131 0.020 0.108 0.110 0.154 0.143 0.141 
166 UA00035181    (0)   :  0.010 0.126 0.140 0.019 0.160 0.137 0.143 0.131 0.133 
167 UA00050133    (0)   :  0.030 0.142 0.132 0.042 0.117 0.130 0.129 0.140 0.139 
168  Puco011    (4)   :  0.030 0.152 0.129 0.042 0.108 0.119 0.128 0.137 0.155 
169 UA00041476    (0)   :  0.053 0.143 0.130 0.074 0.106 0.115 0.120 0.130 0.130 
170 UA00046702    (0)   :  0.020 0.167 0.124 0.023 0.108 0.124 0.137 0.151 0.147 
171 UA00019940    (0)   :  0.030 0.144 0.138 0.052 0.119 0.132 0.130 0.124 0.131 
172 UA00049813    (0)   :  0.035 0.129 0.137 0.029 0.154 0.150 0.135 0.121 0.110 
173 UA00064165    (0)   :  0.036 0.091 0.092 0.350 0.080 0.090 0.079 0.090 0.093 
174 UA00064421    (0)   :  0.013 0.115 0.106 0.254 0.085 0.102 0.095 0.112 0.118 
175 UA00064569    (4)   :  0.012 0.153 0.130 0.026 0.119 0.128 0.144 0.151 0.137 
176 UA00003996    (0)   :  0.033 0.130 0.115 0.136 0.099 0.115 0.111 0.132 0.129 
177 UA00064491    (4)   :  0.017 0.157 0.127 0.052 0.115 0.122 0.137 0.143 0.131 
178 UA00011899    (0)   :  0.037 0.140 0.143 0.024 0.119 0.136 0.124 0.134 0.143 
179  Puco015    (4)   :  0.089 0.133 0.126 0.039 0.109 0.122 0.119 0.128 0.134 
180 UA00047929    (4)   :  0.022 0.117 0.135 0.016 0.162 0.138 0.153 0.134 0.123 
181 UA00056669    (0)   :  0.019 0.139 0.138 0.057 0.109 0.137 0.118 0.135 0.148 
182 UA00050176    (0)   :  0.047 0.134 0.129 0.071 0.109 0.129 0.115 0.131 0.136 
183  Puco014    (4)   :  0.030 0.125 0.135 0.055 0.134 0.142 0.132 0.122 0.125 
184 UA00019608    (0)   :  0.024 0.150 0.143 0.061 0.104 0.124 0.121 0.131 0.142 
185 UA00064333    (0)   :  0.023 0.157 0.149 0.038 0.105 0.125 0.125 0.129 0.149 
186  Puco013    (4)   :  0.026 0.130 0.123 0.137 0.097 0.115 0.110 0.130 0.131 
187 UA00016092    (0)   :  0.012 0.161 0.134 0.017 0.121 0.123 0.148 0.144 0.139 
188 UA00019060    (0)   :  0.106 0.059 0.058 0.500 0.050 0.058 0.053 0.058 0.057 
189 UA00063532    (0)   :  0.049 0.136 0.120 0.053 0.120 0.133 0.126 0.129 0.134 
190 UA00064117    (0)   :  0.166 0.087 0.086 0.253 0.073 0.084 0.077 0.085 0.088 
191 UA00011969    (0)   :  0.041 0.127 0.131 0.062 0.115 0.136 0.116 0.135 0.138 
192 UA00034586    (4)   :  0.018 0.140 0.136 0.021 0.141 0.140 0.140 0.134 0.130 
193 UA00030736    (4)   :  0.032 0.154 0.133 0.025 0.112 0.135 0.124 0.139 0.147 
194 UA00048493    (0)   :  0.055 0.138 0.130 0.034 0.117 0.128 0.121 0.134 0.143 
195 UA00040466    (0)   :  0.019 0.046 0.044 0.657 0.043 0.047 0.043 0.048 0.053 
196 UA00047659    (0)   :  0.016 0.136 0.137 0.036 0.124 0.140 0.122 0.142 0.147 
197 UA00042002    (4)   :  0.147 0.110 0.114 0.041 0.125 0.119 0.117 0.113 0.113 
198 UA00062606    (0)   :  0.032 0.123 0.127 0.111 0.107 0.124 0.109 0.128 0.139 
199 UA00030615    (4)   :  0.015 0.041 0.038 0.718 0.035 0.038 0.036 0.039 0.040 
200 UA00048899    (0)   :  0.027 0.138 0.136 0.039 0.116 0.136 0.119 0.141 0.149 
201 UA00047725    (0)   :  0.014 0.015 0.015 0.885 0.014 0.014 0.014 0.015 0.015 
202 UA00030866    (4)   :  0.020 0.134 0.128 0.051 0.109 0.138 0.125 0.137 0.157 
203 UA00034564    (0)   :  0.024 0.132 0.137 0.041 0.104 0.135 0.113 0.151 0.164 
204 UA00046520    (0)   :  0.017 0.097 0.120 0.025 0.207 0.145 0.180 0.115 0.094 
205 UA00035027    (0)   :  0.037 0.129 0.127 0.067 0.118 0.136 0.127 0.129 0.131 
206 UA00035421    (0)   :  0.022 0.114 0.109 0.243 0.086 0.103 0.094 0.107 0.122 
207 UA00062740    (4)   :  0.046 0.128 0.118 0.090 0.102 0.129 0.113 0.126 0.147 
208 UA00012360    (0)   :  0.016 0.032 0.031 0.764 0.028 0.032 0.030 0.033 0.035 
209 UA00050203    (0)   :  0.033 0.130 0.131 0.028 0.136 0.133 0.133 0.140 0.136 
210 UA00040534    (4)   :  0.152 0.083 0.082 0.299 0.068 0.080 0.069 0.081 0.085 
211 UA00031261    (4)   :  0.085 0.066 0.066 0.467 0.057 0.065 0.055 0.064 0.075 
212 UA00031917    (4)   :  0.120 0.085 0.088 0.288 0.074 0.085 0.072 0.087 0.100 
213 UA00040798    (4)   :  0.056 0.084 0.086 0.353 0.086 0.090 0.081 0.083 0.082 
214 UA00030598    (4)   :  0.063 0.098 0.091 0.280 0.086 0.098 0.087 0.096 0.101 
215 UA00050385    (0)   :  0.027 0.137 0.136 0.070 0.104 0.125 0.111 0.137 0.152 
216 UA00058283    (0)   :  0.036 0.025 0.026 0.785 0.026 0.026 0.024 0.025 0.026 
217 UA00042297    (4)   :  0.387 0.071 0.072 0.115 0.076 0.081 0.069 0.066 0.065 
218 UA00015415    (4)   :  0.016 0.027 0.027 0.796 0.024 0.028 0.026 0.027 0.030 
219 UA00035531    (0)   :  0.071 0.054 0.051 0.578 0.043 0.051 0.045 0.054 0.054 
220 UA00048683    (0)   :  0.019 0.063 0.063 0.555 0.053 0.059 0.057 0.065 0.066 
221 UA00046734    (4)   :  0.019 0.032 0.031 0.771 0.026 0.030 0.027 0.031 0.032 
222   pcRF01    (0)   :  0.010 0.189 0.146 0.022 0.105 0.103 0.153 0.128 0.142 
223 UA00007223    (0)   :  0.044 0.121 0.119 0.132 0.093 0.123 0.104 0.117 0.146 
224 UA00013841    (0)   :  0.073 0.117 0.132 0.023 0.142 0.129 0.129 0.128 0.127 
225 UA00014196    (0)   :  0.043 0.069 0.061 0.529 0.051 0.062 0.053 0.066 0.066 
226 UA00034635    (0)   :  0.019 0.144 0.135 0.031 0.115 0.146 0.137 0.140 0.133 
227 UA00047371    (0)   :  0.155 0.118 0.115 0.043 0.115 0.118 0.110 0.111 0.114 
228 UA00063544    (0)   :  0.141 0.112 0.123 0.041 0.125 0.120 0.117 0.115 0.106 
229 UA00064246    (0)   :  0.077 0.110 0.114 0.139 0.118 0.115 0.109 0.110 0.108 
230 UA00064328    (0)   :  0.053 0.119 0.121 0.149 0.095 0.112 0.105 0.118 0.127 
231 UA00002952    (0)   :  0.098 0.115 0.109 0.142 0.094 0.111 0.098 0.114 0.119 
232 UA00064079    (0)   :  0.106 0.127 0.123 0.058 0.104 0.116 0.115 0.128 0.123 
233 UA00046793    (0)   :  0.127 0.109 0.101 0.172 0.087 0.100 0.089 0.104 0.113 
234 UA00034769    (0)   :  0.372 0.075 0.079 0.073 0.089 0.083 0.082 0.074 0.074 
235 UA00034949    (0)   :  0.042 0.122 0.114 0.156 0.094 0.113 0.097 0.121 0.140 
236 UA00063753    (0)   :  0.052 0.096 0.118 0.073 0.176 0.139 0.152 0.106 0.089 
237 UA00015713    (0)   :  0.096 0.110 0.127 0.030 0.145 0.131 0.133 0.117 0.111 
238 UA00003494    (0)   :  0.074 0.139 0.122 0.092 0.097 0.112 0.111 0.118 0.135 
239 UA00056767    (0)   :  0.011 0.097 0.125 0.021 0.218 0.153 0.172 0.113 0.090 
240 UA00014461    (0)   :  0.063 0.118 0.113 0.139 0.102 0.112 0.103 0.122 0.128 
241 UA00034669    (0)   :  0.081 0.087 0.090 0.312 0.082 0.086 0.081 0.090 0.093 
242 UA00048164    (0)   :  0.018 0.119 0.120 0.168 0.105 0.111 0.109 0.117 0.133 
243 UA00007974    (0)   :  0.043 0.100 0.126 0.034 0.180 0.139 0.155 0.115 0.109 
244 UA00016166    (0)   :  0.201 0.130 0.108 0.038 0.089 0.102 0.102 0.115 0.115 
245 UA00015653    (0)   :  0.160 0.101 0.106 0.130 0.083 0.105 0.088 0.112 0.117 
246 UA00063882    (0)   :  0.083 0.091 0.088 0.289 0.080 0.087 0.079 0.098 0.105 
247 UA00049027    (0)   :  0.163 0.107 0.114 0.080 0.106 0.109 0.100 0.114 0.106 
248 UA00018878    (0)   :  0.166 0.096 0.114 0.029 0.148 0.114 0.119 0.108 0.108 
249 UA00038796    (0)   :  0.023 0.105 0.109 0.222 0.104 0.107 0.096 0.113 0.120 
250 UA00013465    (0)   :  0.029 0.055 0.056 0.595 0.048 0.057 0.050 0.053 0.057 
251 UA00014604    (0)   :  0.054 0.107 0.111 0.179 0.105 0.114 0.098 0.118 0.114 
252 UA00041913    (0)   :  0.195 0.090 0.111 0.044 0.138 0.126 0.120 0.091 0.084 
253 UA00021632    (0)   :  0.376 0.083 0.082 0.066 0.074 0.083 0.075 0.082 0.079 
254 UA00064027    (0)   :  0.074 0.124 0.131 0.091 0.094 0.120 0.103 0.125 0.138 
255 UA00015023    (0)   :  0.028 0.141 0.124 0.089 0.105 0.119 0.124 0.132 0.138 
256 UA00050243    (0)   :  0.166 0.117 0.120 0.042 0.093 0.112 0.099 0.121 0.130 
257 UA00048298    (0)   :  0.047 0.142 0.133 0.052 0.115 0.132 0.123 0.129 0.128 
258 UA00050437    (0)   :  0.033 0.122 0.113 0.177 0.097 0.116 0.101 0.120 0.122 
259 UA00014262    (0)   :  0.081 0.128 0.131 0.052 0.109 0.121 0.114 0.131 0.133 
260 UA00049129    (0)   :  0.057 0.117 0.127 0.030 0.148 0.138 0.141 0.124 0.120 
261 UA00014740    (0)   :  0.055 0.115 0.127 0.053 0.141 0.135 0.128 0.127 0.118 
262 UA00049612    (0)   :  0.625 0.042 0.043 0.069 0.045 0.046 0.043 0.044 0.042 
263 UA00014635    (0)   :  0.016 0.100 0.126 0.023 0.196 0.139 0.171 0.123 0.106 
264 UA00014673    (0)   :  0.083 0.106 0.112 0.162 0.109 0.107 0.102 0.110 0.109 
265 UA00033608    (0)   :  0.339 0.078 0.085 0.060 0.097 0.093 0.092 0.081 0.075 
266 UA00064540    (0)   :  0.028 0.097 0.117 0.064 0.182 0.135 0.161 0.115 0.101 
267 UA00050256    (0)   :  0.114 0.121 0.113 0.102 0.095 0.111 0.100 0.120 0.125 
268 UA00015274    (0)   :  0.024 0.139 0.131 0.061 0.112 0.124 0.129 0.137 0.142 
269 UA00062993    (0)   :  0.013 0.119 0.134 0.058 0.141 0.139 0.130 0.136 0.131 
270 UA00038364    (0)   :  0.066 0.121 0.126 0.055 0.132 0.128 0.125 0.125 0.123 
271 UA00014446    (0)   :  0.015 0.138 0.142 0.028 0.120 0.138 0.125 0.146 0.148 
272 UA00063545    (0)   :  0.379 0.075 0.070 0.127 0.061 0.073 0.063 0.074 0.078 
273 UA00040054    (0)   :  0.033 0.130 0.138 0.020 0.129 0.131 0.134 0.140 0.144 
274 UA00058447    (0)   :  0.031 0.119 0.133 0.028 0.153 0.138 0.134 0.132 0.132 
275 UA00046835    (0)   :  0.028 0.110 0.125 0.030 0.162 0.136 0.152 0.129 0.128 
276 UA00014608    (0)   :  0.022 0.128 0.136 0.043 0.134 0.137 0.123 0.137 0.140 
277    pc012    (0)   :  0.041 0.121 0.128 0.076 0.120 0.124 0.116 0.133 0.141 
278    pc002    (0)   :  0.301 0.093 0.095 0.062 0.080 0.091 0.085 0.096 0.098 
279 UA00033690    (0)   :  0.112 0.080 0.114 0.032 0.195 0.127 0.158 0.102 0.080 
280 UA00013688    (0)   :  0.034 0.128 0.129 0.068 0.121 0.130 0.118 0.135 0.137 
281 UA00063666    (0)   :  0.061 0.088 0.121 0.014 0.211 0.139 0.182 0.106 0.079 
282 UA00063292    (0)   :  0.016 0.083 0.126 0.018 0.231 0.138 0.195 0.109 0.084 
283    pc001    (0)   :  0.026 0.128 0.130 0.059 0.122 0.134 0.125 0.141 0.135 
284    pc008    (0)   :  0.028 0.115 0.134 0.039 0.155 0.139 0.145 0.126 0.119 
285 UA00034316    (0)   :  0.163 0.101 0.094 0.192 0.078 0.084 0.089 0.100 0.098 
286 UA00013046    (0)   :  0.022 0.134 0.138 0.016 0.146 0.133 0.153 0.136 0.122 
287 UA00050241    (0)   :  0.019 0.107 0.137 0.013 0.183 0.146 0.162 0.128 0.106 
288 UA00048599    (0)   :  0.016 0.114 0.126 0.021 0.173 0.141 0.153 0.127 0.129 
289 UA00046649    (0)   :  0.236 0.100 0.110 0.031 0.107 0.102 0.103 0.110 0.100 
290 UA00015674    (0)   :  0.396 0.067 0.080 0.048 0.095 0.084 0.088 0.074 0.067 
291 UA00013177    (0)   :  0.077 0.103 0.120 0.081 0.149 0.125 0.136 0.105 0.103 
292 UA00012814    (0)   :  0.027 0.138 0.138 0.048 0.116 0.132 0.121 0.139 0.140 
293 UA00034654    (0)   :  0.017 0.139 0.142 0.022 0.128 0.136 0.132 0.141 0.142 
294 UA00046743    (0)   :  0.020 0.108 0.129 0.028 0.190 0.128 0.169 0.119 0.108 
295 UA00014854    (0)   :  0.074 0.087 0.122 0.014 0.209 0.126 0.171 0.105 0.091 
296 UA00013729    (0)   :  0.029 0.146 0.138 0.036 0.120 0.120 0.134 0.139 0.139 
297 UA00063483    (0)   :  0.020 0.130 0.145 0.017 0.153 0.152 0.136 0.127 0.120 
298 UA00039326    (0)   :  0.080 0.112 0.126 0.027 0.154 0.132 0.136 0.119 0.116 
299 UA00014742    (0)   :  0.025 0.110 0.137 0.017 0.172 0.160 0.151 0.122 0.106 
300 UA00049597    (0)   :  0.282 0.081 0.101 0.012 0.135 0.099 0.115 0.090 0.084 
301 UA00048067    (0)   :  0.058 0.114 0.126 0.050 0.141 0.136 0.133 0.127 0.114 
302 UA00012918    (0)   :  0.117 0.071 0.111 0.013 0.212 0.121 0.175 0.102 0.078 
303 UA00013487    (0)   :  0.015 0.189 0.148 0.014 0.113 0.102 0.156 0.118 0.144 
304 UA00046759    (0)   :  0.067 0.120 0.116 0.134 0.106 0.114 0.114 0.116 0.113 
305 UA00050164    (0)   :  0.554 0.064 0.061 0.031 0.054 0.055 0.056 0.061 0.064 
306 UA00049839    (0)   :  0.021 0.115 0.139 0.036 0.170 0.160 0.142 0.119 0.099 
307 UA00048444    (0)   :  0.061 0.079 0.119 0.023 0.226 0.145 0.187 0.098 0.062 
308 UA00063857    (0)   :  0.030 0.121 0.133 0.014 0.156 0.144 0.145 0.133 0.124 
309 UA00014921    (0)   :  0.343 0.087 0.092 0.016 0.096 0.099 0.091 0.092 0.083 
310 UA00048895    (0)   :  0.362 0.080 0.088 0.038 0.090 0.089 0.083 0.086 0.084 
311 UA00014556    (0)   :  0.022 0.122 0.131 0.114 0.111 0.127 0.110 0.128 0.135 
312    pc009    (0)   :  0.018 0.094 0.127 0.013 0.222 0.155 0.188 0.108 0.076 
313 UA00014959    (0)   :  0.298 0.079 0.100 0.023 0.121 0.098 0.107 0.089 0.086 
314 UA00020709    (0)   :  0.059 0.114 0.129 0.033 0.151 0.129 0.132 0.130 0.124 
315 UA00013126    (0)   :  0.874 0.015 0.016 0.017 0.017 0.015 0.016 0.015 0.015 
316 UA00013695    (0)   :  0.796 0.027 0.026 0.018 0.027 0.027 0.027 0.027 0.026 
317 UA00049344    (0)   :  0.326 0.091 0.100 0.038 0.082 0.088 0.080 0.094 0.099 
318 UA00047614    (0)   :  0.637 0.038 0.039 0.096 0.038 0.037 0.038 0.038 0.039 
319 UA00014221    (0)   :  0.009 0.104 0.131 0.016 0.195 0.151 0.164 0.124 0.106 
320 UA00014346    (0)   :  0.036 0.099 0.126 0.037 0.179 0.136 0.157 0.122 0.107 
321 UA00014245    (0)   :  0.178 0.087 0.107 0.021 0.169 0.112 0.135 0.100 0.092 
322 UA00014696    (0)   :  0.846 0.018 0.018 0.024 0.017 0.019 0.018 0.019 0.019 
323 UA00006991    (0)   :  0.018 0.144 0.132 0.052 0.114 0.128 0.120 0.142 0.150 
324 UA00048948    (0)   :  0.027 0.140 0.137 0.048 0.114 0.133 0.119 0.141 0.140 
325 UA00002239    (0)   :  0.027 0.137 0.136 0.063 0.105 0.124 0.118 0.137 0.153 
326 UA00063459    (0)   :  0.023 0.084 0.124 0.013 0.226 0.144 0.185 0.115 0.084 
327 UA00048356    (0)   :  0.033 0.115 0.126 0.088 0.132 0.133 0.129 0.124 0.120 
328 UA00063940    (0)   :  0.035 0.135 0.126 0.081 0.108 0.121 0.121 0.137 0.135 
329 UA00048130    (0)   :  0.018 0.115 0.134 0.029 0.169 0.152 0.147 0.128 0.108 
330 UA00048903    (0)   :  0.012 0.157 0.133 0.016 0.127 0.128 0.147 0.145 0.134 
331 UA00064643    (0)   :  0.041 0.134 0.138 0.043 0.128 0.126 0.130 0.132 0.129 
332 UA00050233    (0)   :  0.021 0.135 0.126 0.066 0.130 0.130 0.128 0.137 0.127 
333 UA00012507    (0)   :  0.016 0.132 0.128 0.116 0.100 0.124 0.111 0.133 0.141 
334 UA00064416    (0)   :  0.018 0.173 0.142 0.027 0.111 0.114 0.143 0.128 0.144 
335 UA00034724    (0)   :  0.020 0.141 0.136 0.040 0.132 0.136 0.133 0.131 0.130 
336 UA00002621    (0)   :  0.017 0.133 0.136 0.024 0.141 0.141 0.144 0.134 0.131 
337 UA00033203    (0)   :  0.033 0.175 0.141 0.025 0.110 0.110 0.144 0.124 0.139 
338 UA00011996    (0)   :  0.034 0.135 0.146 0.018 0.122 0.136 0.121 0.139 0.150 
339 UA00014408    (0)   :  0.024 0.111 0.106 0.248 0.090 0.099 0.095 0.116 0.112 
340 UA00049502    (0)   :  0.018 0.126 0.133 0.086 0.120 0.143 0.117 0.128 0.129 
341 UA00062695    (0)   :  0.058 0.109 0.125 0.049 0.153 0.133 0.140 0.123 0.109 
342 UA00014072    (0)   :  0.033 0.112 0.134 0.032 0.176 0.153 0.146 0.116 0.097 
343 UA00003334    (0)   :  0.023 0.118 0.134 0.017 0.160 0.138 0.156 0.134 0.120 
344 UA00013835    (0)   :  0.037 0.130 0.130 0.032 0.135 0.137 0.129 0.138 0.132 
345 UA00046760    (0)   :  0.148 0.112 0.120 0.027 0.128 0.129 0.116 0.114 0.107 
346 UA00014241    (0)   :  0.018 0.135 0.133 0.034 0.135 0.133 0.134 0.137 0.141 
347 UA00049585    (0)   :  0.021 0.124 0.138 0.014 0.153 0.160 0.140 0.130 0.119 
348 UA00013409    (0)   :  0.034 0.092 0.120 0.119 0.167 0.138 0.141 0.106 0.083 
349 UA00047548    (0)   :  0.028 0.139 0.142 0.016 0.122 0.135 0.124 0.142 0.153 
350 UA00049038    (0)   :  0.257 0.092 0.098 0.083 0.092 0.102 0.090 0.094 0.092 
351 UA00047612    (0)   :  0.019 0.134 0.136 0.043 0.118 0.137 0.122 0.144 0.146 
352 UA00014822    (0)   :  0.194 0.103 0.104 0.103 0.091 0.105 0.092 0.101 0.108 
353 UA00035299    (0)   :  0.033 0.146 0.139 0.030 0.117 0.129 0.132 0.141 0.135 
354 UA00012804    (0)   :  0.263 0.104 0.102 0.045 0.089 0.099 0.094 0.103 0.100 
355 UA00049578    (0)   :  0.023 0.129 0.127 0.100 0.117 0.129 0.123 0.128 0.125 
356 UA00047672    (0)   :  0.016 0.171 0.134 0.032 0.112 0.110 0.143 0.132 0.149 
357 UA00043961    (0)   :  0.611 0.047 0.047 0.060 0.049 0.050 0.046 0.045 0.044 
358 UA00064575    (0)   :  0.029 0.105 0.121 0.146 0.133 0.134 0.116 0.113 0.103 
359 UA00014732    (0)   :  0.016 0.148 0.133 0.050 0.117 0.124 0.130 0.140 0.142 
360 UA00050181    (0)   :  0.011 0.140 0.147 0.039 0.111 0.129 0.116 0.142 0.165 
361 UA00033369    (0)   :  0.162 0.123 0.113 0.052 0.094 0.111 0.102 0.122 0.121 
362 UA00011982    (0)   :  0.013 0.182 0.130 0.013 0.112 0.107 0.163 0.142 0.139 
363 UA00014590    (0)   :  0.070 0.151 0.128 0.045 0.101 0.118 0.119 0.135 0.133 
364 UA00047743    (0)   :  0.017 0.161 0.146 0.018 0.109 0.124 0.134 0.135 0.155 
365 UA00046621    (0)   :  0.016 0.152 0.142 0.014 0.118 0.123 0.138 0.137 0.160 
366 UA00050422    (0)   :  0.020 0.136 0.133 0.086 0.109 0.125 0.121 0.135 0.135 
367 UA00002760    (0)   :  0.055 0.133 0.131 0.025 0.135 0.141 0.128 0.126 0.126 
368 UA00012999    (0)   :  0.076 0.142 0.130 0.024 0.104 0.127 0.119 0.141 0.138 
369 UA00063838    (0)   :  0.017 0.142 0.136 0.029 0.138 0.127 0.149 0.135 0.128 
370 UA00003729    (0)   :  0.126 0.096 0.104 0.138 0.119 0.109 0.106 0.104 0.098 
371 UA00015348    (0)   :  0.048 0.104 0.127 0.041 0.180 0.145 0.149 0.114 0.092 
372 UA00019058    (0)   :  0.030 0.088 0.113 0.076 0.198 0.129 0.159 0.113 0.093 
373 UA00049549    (0)   :  0.076 0.072 0.114 0.015 0.230 0.137 0.190 0.101 0.067 
374 UA00014334    (0)   :  0.028 0.134 0.132 0.063 0.108 0.132 0.117 0.137 0.150 
375 UA00014350    (0)   :  0.010 0.196 0.123 0.010 0.111 0.102 0.171 0.143 0.135 
376 UA00049227    (0)   :  0.113 0.120 0.124 0.068 0.092 0.118 0.101 0.127 0.137 
377 UA00014051    (0)   :  0.014 0.145 0.129 0.104 0.105 0.112 0.119 0.130 0.142 
378 UA00034381    (0)   :  0.024 0.140 0.128 0.073 0.118 0.136 0.120 0.131 0.130 
379 UA00002354    (0)   :  0.015 0.181 0.143 0.019 0.111 0.112 0.150 0.130 0.137 
380 UA00049892    (0)   :  0.056 0.131 0.136 0.017 0.145 0.135 0.147 0.120 0.113 
381 UA00021989    (0)   :  0.016 0.148 0.137 0.039 0.126 0.136 0.133 0.132 0.134 
382 UA00048968    (0)   :  0.018 0.150 0.134 0.035 0.114 0.132 0.131 0.136 0.150 
383 UA00013174    (0)   :  0.030 0.151 0.130 0.040 0.115 0.123 0.127 0.142 0.142 
384 UA00033992    (0)   :  0.137 0.133 0.126 0.024 0.099 0.118 0.108 0.123 0.133 
385 UA00015801    (0)   :  0.009 0.178 0.126 0.012 0.117 0.115 0.161 0.146 0.136 
386 UA00063303    (0)   :  0.163 0.096 0.111 0.050 0.138 0.113 0.127 0.106 0.095 
387 UA00050206    (0)   :  0.011 0.104 0.134 0.023 0.199 0.164 0.160 0.115 0.091 
388 UA00014458    (0)   :  0.066 0.129 0.128 0.052 0.121 0.132 0.128 0.127 0.119 
389 UA00007204    (0)   :  0.031 0.100 0.128 0.020 0.187 0.137 0.165 0.123 0.108 
390 UA00063212    (0)   :  0.150 0.090 0.108 0.110 0.139 0.118 0.111 0.095 0.079 
391 UA00013340    (0)   :  0.064 0.132 0.134 0.024 0.119 0.136 0.119 0.138 0.135 
392 UA00062743    (0)   :  0.016 0.136 0.139 0.063 0.110 0.119 0.112 0.137 0.168 
393 UA00063189    (0)   :  0.049 0.076 0.073 0.448 0.062 0.072 0.065 0.075 0.079 
394 UA00035432    (0)   :  0.020 0.128 0.138 0.021 0.154 0.155 0.144 0.124 0.116 
395 UA00007958    (0)   :  0.018 0.151 0.131 0.022 0.124 0.136 0.133 0.134 0.151 
396 UA00013634    (0)   :  0.015 0.146 0.129 0.037 0.115 0.124 0.128 0.148 0.158 
397 UA00048175    (0)   :  0.009 0.182 0.128 0.023 0.111 0.111 0.160 0.139 0.137 
398 UA00003202    (0)   :  0.024 0.135 0.137 0.025 0.133 0.154 0.130 0.126 0.134 
399 UA00035090    (0)   :  0.026 0.126 0.136 0.069 0.138 0.133 0.133 0.121 0.119 
400 UA00064679    (0)   :  0.038 0.105 0.100 0.262 0.086 0.099 0.094 0.105 0.112 
401 UA00039518    (0)   :  0.030 0.151 0.134 0.024 0.124 0.124 0.136 0.135 0.142 
402 UA00058268    (0)   :  0.026 0.142 0.136 0.037 0.114 0.132 0.130 0.145 0.138 
403 UA00049456    (0)   :  0.143 0.108 0.123 0.037 0.123 0.127 0.120 0.116 0.102 
404 UA00049550    (0)   :  0.016 0.112 0.129 0.086 0.159 0.147 0.137 0.116 0.097 
405 UA00048342    (0)   :  0.071 0.130 0.131 0.044 0.119 0.130 0.127 0.124 0.124 
406 UA00063493    (0)   :  0.014 0.141 0.140 0.020 0.140 0.141 0.140 0.134 0.129 
407 UA00058261    (0)   :  0.020 0.148 0.129 0.098 0.104 0.120 0.120 0.126 0.135 
408 UA00014663    (0)   :  0.026 0.141 0.142 0.047 0.109 0.126 0.121 0.142 0.147 
409 UA00048817    (0)   :  0.161 0.128 0.116 0.037 0.096 0.107 0.107 0.123 0.125 
410 UA00049381    (0)   :  0.018 0.161 0.124 0.048 0.110 0.122 0.134 0.135 0.146 
411 UA00035901    (0)   :  0.026 0.111 0.114 0.217 0.095 0.110 0.096 0.115 0.115 
412 UA00013301    (0)   :  0.033 0.098 0.123 0.061 0.181 0.152 0.151 0.112 0.089 
413 UA00047926    (0)   :  0.053 0.154 0.128 0.076 0.102 0.113 0.124 0.121 0.129 
414 UA00007272    (0)   :  0.029 0.133 0.128 0.109 0.104 0.119 0.109 0.129 0.139 
415 UA00016041    (0)   :  0.040 0.123 0.138 0.029 0.155 0.146 0.140 0.122 0.107 
416 UA00013502    (0)   :  0.014 0.147 0.128 0.051 0.125 0.129 0.136 0.136 0.134 
417 UA00002390    (0)   :  0.071 0.137 0.136 0.033 0.113 0.121 0.118 0.136 0.136 
418 UA00034907    (0)   :  0.017 0.129 0.136 0.054 0.117 0.137 0.119 0.140 0.151 
419 UA00048821    (0)   :  0.074 0.122 0.124 0.104 0.108 0.116 0.106 0.122 0.126 
420 UA00002136    (0)   :  0.069 0.118 0.133 0.046 0.138 0.147 0.131 0.112 0.105 
421 UA00011790    (0)   :  0.032 0.143 0.128 0.043 0.109 0.133 0.124 0.138 0.150 
422 UA00021586    (0)   :  0.151 0.114 0.115 0.054 0.107 0.112 0.107 0.122 0.120 
423 UA00033270    (0)   :  0.028 0.139 0.130 0.051 0.118 0.138 0.124 0.133 0.139 
424 UA00048073    (0)   :  0.029 0.137 0.136 0.041 0.135 0.133 0.134 0.128 0.127 
425 UA00048856    (0)   :  0.025 0.124 0.128 0.075 0.124 0.131 0.118 0.131 0.144 
426 UA00049713    (0)   :  0.025 0.162 0.128 0.043 0.112 0.114 0.142 0.138 0.137 
427 UA00046885    (0)   :  0.031 0.136 0.133 0.026 0.135 0.137 0.131 0.130 0.141 
428 UA00034893    (0)   :  0.020 0.146 0.139 0.022 0.135 0.131 0.150 0.131 0.126 
429 UA00048011    (0)   :  0.012 0.151 0.130 0.066 0.120 0.123 0.131 0.139 0.127 
430 UA00015786    (0)   :  0.050 0.119 0.112 0.187 0.099 0.113 0.099 0.109 0.112 
431 UA00013162    (0)   :  0.021 0.129 0.135 0.062 0.108 0.123 0.112 0.140 0.170 
432 UA00049512    (0)   :  0.037 0.122 0.129 0.057 0.136 0.137 0.128 0.134 0.121 
433 UA00004046    (0)   :  0.014 0.154 0.126 0.028 0.119 0.126 0.135 0.147 0.152 
434 UA00048881    (0)   :  0.105 0.115 0.110 0.142 0.094 0.117 0.098 0.106 0.112 
435 UA00046610    (0)   :  0.101 0.126 0.121 0.071 0.103 0.117 0.105 0.126 0.130 
436 UA00033282    (0)   :  0.028 0.126 0.134 0.070 0.118 0.135 0.120 0.132 0.135 
437 UA00047561    (0)   :  0.020 0.152 0.136 0.030 0.110 0.132 0.127 0.141 0.152 
438 UA00013777    (0)   :  0.016 0.130 0.127 0.113 0.110 0.120 0.108 0.131 0.144 
439 UA00062849    (0)   :  0.028 0.104 0.129 0.028 0.178 0.149 0.158 0.122 0.104 
440 UA00049786    (0)   :  0.015 0.169 0.130 0.054 0.107 0.113 0.141 0.133 0.139 
441 UA00033246    (0)   :  0.016 0.097 0.129 0.014 0.217 0.160 0.175 0.113 0.079 
442 UA00045302    (0)   :  0.028 0.135 0.141 0.023 0.115 0.139 0.124 0.144 0.151 
443 UA00048637    (0)   :  0.020 0.166 0.128 0.048 0.110 0.116 0.134 0.138 0.141 
444 UA00049832    (0)   :  0.094 0.107 0.119 0.028 0.163 0.127 0.144 0.117 0.102 
445 UA00022023    (0)   :  0.060 0.134 0.132 0.033 0.112 0.130 0.115 0.138 0.147 
446 UA00050192    (0)   :  0.110 0.130 0.127 0.031 0.104 0.120 0.108 0.135 0.135 
447 UA00050413    (0)   :  0.020 0.135 0.140 0.047 0.128 0.132 0.126 0.139 0.133 
448 UA00013445    (0)   :  0.012 0.151 0.137 0.020 0.114 0.136 0.128 0.140 0.161 
449 UA00035496    (0)   :  0.024 0.117 0.123 0.167 0.111 0.114 0.101 0.118 0.124 
450 UA00003333    (0)   :  0.058 0.108 0.105 0.251 0.081 0.093 0.090 0.104 0.109 
451 UA00064008    (0)   :  0.017 0.116 0.111 0.222 0.094 0.102 0.099 0.115 0.123 
452 UA00003427    (0)   :  0.125 0.117 0.121 0.058 0.105 0.121 0.106 0.123 0.123 
453 UA00028092    (0)   :  0.204 0.099 0.097 0.125 0.093 0.102 0.086 0.099 0.096 
454    pc003    (0)   :  0.075 0.044 0.043 0.630 0.039 0.044 0.040 0.042 0.044 
455 UA00034440    (0)   :  0.024 0.117 0.128 0.050 0.157 0.146 0.140 0.127 0.111 
456 UA00026062    (0)   :  0.030 0.154 0.141 0.027 0.113 0.118 0.123 0.137 0.157 
