

----------------------------------------------------
STRUCTURE by Pritchard, Stephens and Donnelly (2000)
     and Falush, Stephens and Pritchard (2003)
       Code by Pritchard, Falush and Hubisz
             Version 2.3.4 (Jul 2012)
----------------------------------------------------



Command line arguments:   structure -K 5 -o outputfile_K5_1 
Input File:    Puma_SNP_genotypes_cut_AZ_final_HWEonly.str

Run parameters:
   536 individuals
   22 loci
   5 populations assumed
   100000 Burn-in period
   500000 Reps


--------------------------------------------
Overall proportion of membership of the
sample in each of the 5 clusters

Inferred Clusters
  1      2      3      4      5    
0.205  0.205  0.188  0.205  0.197  

--------------------------------------------

Allele-freq. divergence among pops (Net nucleotide distance),
computed using point estimates of P.

      1       2       3       4       5      
 1      -    0.0026  0.0513  0.0042  0.0432  
 2   0.0026     -    0.0510  0.0002  0.0502  
 3   0.0513  0.0510     -    0.0514  0.0645  
 4   0.0042  0.0002  0.0514     -    0.0524  
 5   0.0432  0.0502  0.0645  0.0524     -    

Average distances (expected heterozygosity) between individuals in same cluster:
cluster  1  : 0.3782 
cluster  2  : 0.3754 
cluster  3  : 0.3147 
cluster  4  : 0.3730 
cluster  5  : 0.2752 

--------------------------------------------
Estimated Ln Prob of Data   = -13043.5
Mean value of ln likelihood = -12332.0
Variance of ln likelihood   = 1423.2
Mean value of alpha         = 0.3102

Mean value of Fst_1         = 0.0452
Mean value of Fst_2         = 0.0980
Mean value of Fst_3         = 0.2389
Mean value of Fst_4         = 0.1084
Mean value of Fst_5         = 0.2594


Inferred ancestry of individuals:
        Label (%Miss) :  Inferred clusters
  1 UA00063336   (13)   :  0.147 0.128 0.504 0.127 0.094 
  2 UA00048914    (9)   :  0.216 0.161 0.194 0.149 0.280 
  3 UA00014769   (13)   :  0.275 0.303 0.093 0.293 0.036 
  4 UA00008132   (13)   :  0.253 0.221 0.184 0.215 0.128 
  5 UA00030462   (13)   :  0.172 0.149 0.159 0.143 0.378 
  6 UA00034866   (13)   :  0.252 0.211 0.070 0.206 0.261 
  7 UA00034800    (9)   :  0.085 0.079 0.658 0.077 0.101 
  8  Puco006    (9)   :  0.079 0.064 0.110 0.063 0.683 
  9 UA00048874    (4)   :  0.110 0.088 0.599 0.084 0.119 
 10 UA00049060    (9)   :  0.260 0.247 0.176 0.242 0.074 
 11 UA00033413    (9)   :  0.180 0.309 0.067 0.348 0.096 
 12  Puco021    (9)   :  0.137 0.275 0.218 0.316 0.053 
 13  Puco026    (9)   :  0.232 0.255 0.194 0.260 0.059 
 14  Puco008    (9)   :  0.148 0.118 0.370 0.114 0.250 
 15   M01301    (9)   :  0.173 0.288 0.055 0.324 0.161 
 16   M06306    (9)   :  0.113 0.125 0.586 0.128 0.048 
 17 UA00032185    (9)   :  0.220 0.224 0.150 0.230 0.176 
 18 UA00030792    (9)   :  0.037 0.036 0.845 0.035 0.047 
 19 UA00031647    (9)   :  0.169 0.134 0.399 0.127 0.170 
 20 UA00031979    (9)   :  0.253 0.220 0.160 0.210 0.158 
 21  Puco016    (9)   :  0.206 0.158 0.074 0.145 0.418 
 22  Puco010    (9)   :  0.229 0.270 0.116 0.286 0.099 
 23    M1035    (9)   :  0.284 0.224 0.234 0.203 0.055 
 24 UA00034601    (9)   :  0.181 0.197 0.201 0.198 0.223 
 25 UA00050388    (9)   :  0.220 0.202 0.236 0.201 0.142 
 26 UA00048699    (9)   :  0.150 0.124 0.065 0.115 0.547 
 27 UA00064058    (9)   :  0.294 0.251 0.154 0.237 0.064 
 28 UA00033981    (9)   :  0.164 0.277 0.139 0.315 0.105 
 29   F05033    (9)   :  0.246 0.289 0.094 0.295 0.076 
 30 UA00048520    (4)   :  0.151 0.178 0.323 0.187 0.160 
 31 UA00048422    (4)   :  0.053 0.057 0.779 0.060 0.051 
 32    PucoB    (4)   :  0.235 0.294 0.126 0.302 0.044 
 33 UA00047393    (4)   :  0.237 0.188 0.329 0.171 0.076 
 34 UA00064521    (4)   :  0.192 0.169 0.120 0.160 0.359 
 35 UA00003043    (4)   :  0.259 0.214 0.063 0.200 0.265 
 36 UA00063025    (4)   :  0.138 0.145 0.351 0.151 0.215 
 37 UA00063826    (4)   :  0.222 0.273 0.137 0.298 0.070 
 38   F07407    (4)   :  0.132 0.213 0.353 0.238 0.064 
 39 UA00021658    (4)   :  0.268 0.258 0.112 0.262 0.100 
 40 UA00003794    (4)   :  0.150 0.213 0.332 0.227 0.078 
 41 UA00041322    (4)   :  0.243 0.186 0.245 0.176 0.149 
 42 UA00063316    (4)   :  0.195 0.179 0.238 0.178 0.211 
 43 UA00047705    (4)   :  0.201 0.219 0.196 0.228 0.156 
 44 UA00033904    (4)   :  0.127 0.108 0.572 0.103 0.089 
 45 UA00048100    (4)   :  0.238 0.270 0.085 0.277 0.130 
 46 UA00032212    (4)   :  0.158 0.150 0.381 0.151 0.160 
 47 UA00031574    (4)   :  0.057 0.060 0.736 0.063 0.084 
 48 UA00031228    (4)   :  0.050 0.046 0.784 0.045 0.075 
 49 UA00047707    (4)   :  0.340 0.284 0.046 0.255 0.075 
 50 UA00030906    (4)   :  0.035 0.033 0.832 0.032 0.068 
 51 UA00041567    (4)   :  0.173 0.266 0.129 0.302 0.130 
 52 UA00007624    (4)   :  0.239 0.304 0.054 0.329 0.074 
 53 UA00034514    (4)   :  0.282 0.257 0.088 0.252 0.121 
 54 UA00030480    (4)   :  0.255 0.180 0.329 0.161 0.075 
 55  Puco012    (4)   :  0.284 0.241 0.092 0.224 0.159 
 56 UA00038677    (9)   :  0.165 0.172 0.258 0.176 0.229 
 57 UA00048275    (4)   :  0.235 0.277 0.097 0.289 0.102 
 58 UA00064055    (4)   :  0.299 0.243 0.104 0.209 0.145 
 59  Puco009    (4)   :  0.223 0.185 0.068 0.172 0.352 
 60 UA00064561    (4)   :  0.313 0.261 0.055 0.241 0.131 
 61 UA00003479    (4)   :  0.287 0.251 0.072 0.229 0.161 
 62 UA00063747    (4)   :  0.264 0.289 0.043 0.291 0.112 
 63 UA00002558    (4)   :  0.193 0.198 0.073 0.210 0.326 
 64 UA00048410    (4)   :  0.236 0.190 0.048 0.180 0.348 
 65 UA00012249    (4)   :  0.291 0.235 0.051 0.210 0.214 
 66 UA00033818    (4)   :  0.092 0.102 0.601 0.103 0.101 
 67  Puco020    (4)   :  0.242 0.197 0.226 0.179 0.156 
 68 UA00002545    (9)   :  0.299 0.255 0.142 0.226 0.078 
 69 UA00048508    (4)   :  0.303 0.269 0.073 0.257 0.098 
 70 UA00064100    (4)   :  0.285 0.226 0.148 0.216 0.125 
 71 UA00014585    (4)   :  0.289 0.243 0.094 0.230 0.144 
 72 UA00063698    (4)   :  0.117 0.118 0.197 0.120 0.448 
 73 UA00049753    (4)   :  0.137 0.120 0.579 0.113 0.051 
 74 UA00049037    (4)   :  0.291 0.255 0.133 0.251 0.070 
 75 UA00034941    (4)   :  0.206 0.199 0.223 0.201 0.171 
 76 UA00008083    (4)   :  0.101 0.093 0.094 0.095 0.617 
 77 UA00015084    (4)   :  0.110 0.111 0.271 0.112 0.395 
 78 UA00041010    (9)   :  0.085 0.068 0.357 0.065 0.425 
 79 UA00035261    (4)   :  0.162 0.147 0.351 0.147 0.193 
 80 UA00035431    (4)   :  0.221 0.283 0.049 0.306 0.140 
 81 UA00045274    (0)   :  0.192 0.212 0.193 0.226 0.176 
 82 UA00028200    (4)   :  0.116 0.109 0.458 0.107 0.209 
 83 UA00064559    (0)   :  0.042 0.045 0.817 0.044 0.051 
 84 UA00040808    (0)   :  0.122 0.098 0.506 0.092 0.182 
 85 UA00049156    (0)   :  0.106 0.097 0.518 0.096 0.184 
 86 UA00003952    (4)   :  0.107 0.087 0.066 0.084 0.656 
 87 UA00063954    (0)   :  0.210 0.172 0.382 0.165 0.071 
 88 UA00062934    (0)   :  0.170 0.145 0.431 0.139 0.116 
 89 UA00033829    (0)   :  0.074 0.068 0.555 0.069 0.234 
 90 UA00064351    (4)   :  0.150 0.275 0.099 0.317 0.159 
 91 UA00003697    (4)   :  0.101 0.094 0.149 0.094 0.563 
 92 UA00063438    (4)   :  0.170 0.143 0.400 0.136 0.150 
 93 UA00007608    (0)   :  0.122 0.120 0.386 0.122 0.249 
 94 UA00019683    (4)   :  0.096 0.150 0.536 0.161 0.057 
 95 UA00007781    (0)   :  0.234 0.252 0.117 0.263 0.133 
 96 UA00002915    (0)   :  0.168 0.132 0.409 0.122 0.168 
 97  Puco031    (4)   :  0.301 0.240 0.109 0.214 0.136 
 98 UA00048280    (4)   :  0.198 0.259 0.106 0.276 0.161 
 99 UA00048589    (0)   :  0.203 0.247 0.202 0.258 0.090 
100 UA00034417    (0)   :  0.213 0.168 0.233 0.158 0.227 
101 UA00050411    (4)   :  0.315 0.296 0.046 0.270 0.073 
102  Puco029    (4)   :  0.259 0.302 0.088 0.315 0.036 
103   F03403    (4)   :  0.170 0.325 0.050 0.369 0.086 
104 UA00049904    (0)   :  0.164 0.203 0.317 0.217 0.100 
105 UA00035335    (0)   :  0.293 0.310 0.067 0.299 0.031 
106 UA00012611    (0)   :  0.313 0.262 0.107 0.245 0.073 
107 UA00050319    (0)   :  0.157 0.344 0.052 0.396 0.052 
108 UA00032068    (4)   :  0.259 0.222 0.258 0.203 0.058 
109 UA00032026    (4)   :  0.264 0.224 0.208 0.218 0.086 
110 UA00030476    (4)   :  0.140 0.302 0.169 0.344 0.045 
111 UA00046853    (0)   :  0.169 0.283 0.150 0.326 0.072 
112 UA00040156    (4)   :  0.035 0.035 0.849 0.035 0.046 
113 UA00030528    (4)   :  0.236 0.166 0.378 0.151 0.068 
114  Puco025    (4)   :  0.313 0.284 0.070 0.274 0.059 
115    pc016    (0)   :  0.035 0.034 0.849 0.033 0.049 
116 UA00030617    (4)   :  0.319 0.299 0.049 0.284 0.049 
117 UA00030585    (4)   :  0.052 0.059 0.755 0.063 0.071 
118 UA00032060    (4)   :  0.186 0.181 0.385 0.180 0.068 
119    pc007    (0)   :  0.183 0.289 0.123 0.317 0.088 
120 UA00030798    (4)   :  0.066 0.062 0.763 0.061 0.048 
121 UA00030778    (4)   :  0.346 0.287 0.049 0.259 0.058 
122 UA00039674    (4)   :  0.043 0.039 0.833 0.039 0.046 
123 UA00032241    (4)   :  0.248 0.315 0.048 0.336 0.052 
124 UA00011624    (0)   :  0.292 0.279 0.085 0.263 0.082 
125 UA00033779    (4)   :  0.153 0.327 0.062 0.385 0.073 
126 UA00049402    (4)   :  0.237 0.185 0.093 0.165 0.319 
127 UA00033653    (0)   :  0.137 0.339 0.057 0.402 0.065 
128 UA00047738    (0)   :  0.213 0.216 0.179 0.223 0.169 
129 UA00047502    (4)   :  0.205 0.153 0.130 0.140 0.372 
130 UA00012014    (4)   :  0.299 0.238 0.124 0.214 0.125 
131 UA00040729    (0)   :  0.213 0.287 0.131 0.300 0.069 
132 UA00030392    (4)   :  0.310 0.279 0.081 0.269 0.061 
133 UA00050033    (0)   :  0.257 0.265 0.128 0.268 0.082 
134 UA00012152    (0)   :  0.156 0.129 0.048 0.123 0.544 
135 UA00050406    (0)   :  0.286 0.239 0.132 0.236 0.108 
136 UA00047973    (0)   :  0.252 0.281 0.086 0.286 0.095 
137 UA00008051    (0)   :  0.208 0.188 0.233 0.185 0.187 
138 UA00047337    (4)   :  0.193 0.192 0.339 0.192 0.083 
139 UA00041604    (4)   :  0.220 0.195 0.217 0.196 0.172 
140 UA00031704    (4)   :  0.327 0.300 0.057 0.271 0.046 
141 UA00040423    (4)   :  0.277 0.225 0.213 0.208 0.076 
142 UA00049433    (0)   :  0.248 0.191 0.165 0.176 0.220 
143 UA00034816    (0)   :  0.278 0.243 0.074 0.224 0.181 
144 UA00050214    (0)   :  0.338 0.284 0.064 0.261 0.053 
145 UA00041073    (0)   :  0.247 0.226 0.122 0.222 0.184 
146 UA00030318    (4)   :  0.282 0.263 0.067 0.254 0.134 
147 UA00046845    (0)   :  0.255 0.209 0.095 0.195 0.246 
148 UA00063946    (0)   :  0.129 0.325 0.106 0.379 0.061 
149 UA00031374    (4)   :  0.273 0.243 0.098 0.237 0.148 
150    M1136    (4)   :  0.204 0.162 0.404 0.151 0.079 
151 UA00034299    (0)   :  0.317 0.275 0.078 0.252 0.078 
152 UA00002387    (4)   :  0.309 0.261 0.050 0.228 0.153 
153 UA00021855    (0)   :  0.232 0.256 0.127 0.269 0.115 
154 UA00014500    (0)   :  0.312 0.254 0.128 0.229 0.077 
155 UA00050419    (4)   :  0.318 0.287 0.050 0.272 0.074 
156 UA00031854    (4)   :  0.246 0.241 0.088 0.238 0.188 
157    pc011    (4)   :  0.317 0.279 0.056 0.252 0.096 
158 UA00033004    (0)   :  0.281 0.234 0.163 0.215 0.106 
159 UA00046510    (0)   :  0.255 0.207 0.075 0.190 0.273 
160 UA00048747    (0)   :  0.301 0.252 0.075 0.229 0.144 
161 UA00014293    (0)   :  0.318 0.279 0.060 0.246 0.098 
162 UA00047686    (0)   :  0.218 0.165 0.163 0.154 0.300 
163 UA00033783    (4)   :  0.110 0.145 0.410 0.156 0.179 
164 UA00042609    (4)   :  0.192 0.157 0.135 0.145 0.371 
165 UA00031169    (4)   :  0.330 0.282 0.069 0.257 0.061 
166 UA00035181    (0)   :  0.274 0.314 0.040 0.308 0.064 
167 UA00050133    (0)   :  0.289 0.250 0.102 0.233 0.126 
168  Puco011    (4)   :  0.302 0.259 0.091 0.236 0.112 
169 UA00041476    (0)   :  0.271 0.218 0.126 0.198 0.187 
170 UA00046702    (0)   :  0.329 0.277 0.059 0.265 0.070 
171 UA00019940    (0)   :  0.276 0.230 0.142 0.217 0.136 
172 UA00049813    (0)   :  0.219 0.276 0.129 0.292 0.084 
173 UA00064165    (0)   :  0.137 0.121 0.121 0.120 0.501 
174 UA00064421    (0)   :  0.203 0.165 0.048 0.155 0.430 
175 UA00064569    (4)   :  0.303 0.284 0.048 0.288 0.076 
176 UA00003996    (0)   :  0.227 0.188 0.086 0.176 0.323 
177 UA00064491    (4)   :  0.273 0.268 0.059 0.258 0.142 
178 UA00011899    (0)   :  0.299 0.257 0.121 0.245 0.079 
179  Puco015    (4)   :  0.239 0.209 0.253 0.194 0.105 
180 UA00047929    (4)   :  0.225 0.310 0.082 0.337 0.046 
181 UA00056669    (0)   :  0.286 0.237 0.083 0.222 0.172 
182 UA00050176    (0)   :  0.262 0.209 0.143 0.196 0.190 
183  Puco014    (4)   :  0.216 0.249 0.124 0.255 0.157 
184 UA00019608    (0)   :  0.298 0.244 0.078 0.214 0.167 
185 UA00064333    (0)   :  0.306 0.263 0.090 0.229 0.111 
186  Puco013    (4)   :  0.235 0.192 0.094 0.180 0.298 
187 UA00016092    (0)   :  0.318 0.298 0.047 0.283 0.054 
188 UA00019060    (0)   :  0.109 0.093 0.185 0.091 0.522 
189 UA00063532    (0)   :  0.247 0.233 0.136 0.230 0.154 
190 UA00064117    (0)   :  0.127 0.111 0.323 0.106 0.333 
191 UA00011969    (0)   :  0.232 0.221 0.146 0.232 0.169 
192 UA00034586    (4)   :  0.271 0.292 0.077 0.289 0.071 
193 UA00030736    (4)   :  0.315 0.251 0.116 0.230 0.088 
194 UA00048493    (0)   :  0.280 0.234 0.160 0.224 0.102 
195 UA00040466    (0)   :  0.079 0.073 0.062 0.073 0.713 
196 UA00047659    (0)   :  0.292 0.260 0.078 0.247 0.122 
197 UA00042002    (4)   :  0.163 0.168 0.393 0.169 0.107 
198 UA00062606    (0)   :  0.224 0.192 0.128 0.180 0.276 
199 UA00030615    (4)   :  0.086 0.077 0.050 0.079 0.708 
200 UA00048899    (0)   :  0.297 0.250 0.103 0.227 0.124 
201 UA00047725    (0)   :  0.039 0.037 0.049 0.038 0.837 
202 UA00030866    (4)   :  0.283 0.220 0.103 0.196 0.197 
203 UA00034564    (0)   :  0.320 0.231 0.105 0.195 0.148 
204 UA00046520    (0)   :  0.151 0.337 0.055 0.394 0.063 
205 UA00035027    (0)   :  0.220 0.209 0.164 0.202 0.204 
206 UA00035421    (0)   :  0.180 0.148 0.063 0.136 0.472 
207 UA00062740    (4)   :  0.202 0.158 0.226 0.147 0.267 
208 UA00012360    (0)   :  0.079 0.070 0.059 0.070 0.722 
209 UA00050203    (0)   :  0.267 0.266 0.107 0.266 0.093 
210 UA00040534    (4)   :  0.119 0.097 0.305 0.091 0.387 
211 UA00031261    (4)   :  0.092 0.075 0.195 0.068 0.570 
212 UA00031917    (4)   :  0.105 0.084 0.342 0.077 0.391 
213 UA00040798    (4)   :  0.140 0.141 0.127 0.145 0.448 
214 UA00030598    (4)   :  0.163 0.145 0.122 0.144 0.427 
215 UA00050385    (0)   :  0.290 0.221 0.106 0.199 0.182 
216 UA00058283    (0)   :  0.059 0.058 0.101 0.058 0.724 
217 UA00042297    (4)   :  0.133 0.129 0.409 0.134 0.196 
218 UA00015415    (4)   :  0.064 0.055 0.053 0.053 0.775 
219 UA00035531    (0)   :  0.089 0.075 0.153 0.071 0.612 
220 UA00048683    (0)   :  0.107 0.095 0.067 0.091 0.640 
221 UA00046734    (4)   :  0.074 0.064 0.076 0.063 0.723 
222   pcRF01    (0)   :  0.336 0.295 0.035 0.267 0.067 
223 UA00007223    (0)   :  0.209 0.162 0.155 0.142 0.333 
224 UA00013841    (0)   :  0.216 0.194 0.340 0.183 0.066 
225 UA00014196    (0)   :  0.094 0.076 0.109 0.073 0.648 
226 UA00034635    (0)   :  0.316 0.251 0.079 0.238 0.116 
227 UA00047371    (0)   :  0.177 0.167 0.379 0.175 0.103 
228 UA00063544    (0)   :  0.170 0.181 0.360 0.183 0.107 
229 UA00064246    (0)   :  0.180 0.190 0.165 0.195 0.269 
230 UA00064328    (0)   :  0.190 0.160 0.214 0.149 0.287 
231 UA00002952    (0)   :  0.161 0.129 0.257 0.122 0.330 
232 UA00064079    (0)   :  0.227 0.184 0.275 0.181 0.133 
233 UA00046793    (0)   :  0.158 0.127 0.230 0.117 0.367 
234 UA00034769    (0)   :  0.101 0.122 0.500 0.129 0.148 
235 UA00034949    (0)   :  0.199 0.147 0.133 0.127 0.394 
236 UA00063753    (0)   :  0.144 0.238 0.197 0.264 0.157 
237 UA00015713    (0)   :  0.178 0.210 0.313 0.216 0.083 
238 UA00003494    (0)   :  0.246 0.197 0.144 0.172 0.241 
239 UA00056767    (0)   :  0.157 0.348 0.035 0.403 0.056 
240 UA00014461    (0)   :  0.190 0.166 0.146 0.157 0.341 
241 UA00034669    (0)   :  0.130 0.116 0.233 0.115 0.405 
242 UA00048164    (0)   :  0.218 0.200 0.070 0.190 0.322 
243 UA00007974    (0)   :  0.166 0.252 0.206 0.282 0.095 
244 UA00016166    (0)   :  0.199 0.152 0.422 0.136 0.090 
245 UA00015653    (0)   :  0.138 0.108 0.411 0.102 0.241 
246 UA00063882    (0)   :  0.138 0.112 0.175 0.109 0.466 
247 UA00049027    (0)   :  0.138 0.141 0.440 0.142 0.139 
248 UA00018878    (0)   :  0.134 0.164 0.460 0.174 0.068 
249 UA00038796    (0)   :  0.148 0.139 0.121 0.137 0.456 
250 UA00013465    (0)   :  0.094 0.088 0.096 0.089 0.633 
251 UA00014604    (0)   :  0.162 0.162 0.202 0.168 0.307 
252 UA00041913    (0)   :  0.127 0.192 0.371 0.208 0.102 
253 UA00021632    (0)   :  0.100 0.089 0.609 0.084 0.117 
254 UA00064027    (0)   :  0.209 0.158 0.281 0.153 0.199 
255 UA00015023    (0)   :  0.251 0.212 0.085 0.199 0.252 
256 UA00050243    (0)   :  0.181 0.142 0.423 0.137 0.117 
257 UA00048298    (0)   :  0.255 0.236 0.148 0.224 0.137 
258 UA00050437    (0)   :  0.198 0.161 0.126 0.153 0.362 
259 UA00014262    (0)   :  0.211 0.178 0.310 0.170 0.131 
260 UA00049129    (0)   :  0.214 0.253 0.176 0.268 0.089 
261 UA00014740    (0)   :  0.190 0.239 0.157 0.255 0.159 
262 UA00049612    (0)   :  0.076 0.078 0.639 0.083 0.124 
263 UA00014635    (0)   :  0.163 0.338 0.050 0.388 0.061 
264 UA00014673    (0)   :  0.146 0.136 0.318 0.136 0.264 
265 UA00033608    (0)   :  0.111 0.124 0.506 0.131 0.128 
266 UA00064540    (0)   :  0.160 0.283 0.095 0.316 0.146 
267 UA00050256    (0)   :  0.176 0.132 0.309 0.125 0.257 
268 UA00015274    (0)   :  0.279 0.236 0.105 0.222 0.159 
269 UA00062993    (0)   :  0.213 0.276 0.058 0.296 0.157 
270 UA00038364    (0)   :  0.190 0.203 0.248 0.216 0.143 
271 UA00014446    (0)   :  0.310 0.268 0.073 0.256 0.093 
272 UA00063545    (0)   :  0.091 0.082 0.549 0.079 0.198 
273 UA00040054    (0)   :  0.292 0.246 0.169 0.228 0.065 
274 UA00058447    (0)   :  0.243 0.265 0.127 0.276 0.089 
275 UA00046835    (0)   :  0.209 0.290 0.093 0.315 0.093 
276 UA00014608    (0)   :  0.251 0.259 0.096 0.257 0.137 
277    pc012    (0)   :  0.226 0.207 0.155 0.214 0.200 
278    pc002    (0)   :  0.145 0.122 0.497 0.117 0.119 
279 UA00033690    (0)   :  0.115 0.214 0.359 0.235 0.077 
280 UA00013688    (0)   :  0.241 0.220 0.130 0.220 0.189 
281 UA00063666    (0)   :  0.133 0.291 0.196 0.340 0.040 
282 UA00063292    (0)   :  0.155 0.337 0.064 0.388 0.056 
283    pc001    (0)   :  0.255 0.233 0.118 0.228 0.166 
284    pc008    (0)   :  0.212 0.263 0.130 0.281 0.114 
285 UA00034316    (0)   :  0.179 0.143 0.280 0.133 0.264 
286 UA00013046    (0)   :  0.247 0.307 0.079 0.318 0.050 
287 UA00050241    (0)   :  0.195 0.321 0.083 0.362 0.040 
288 UA00048599    (0)   :  0.211 0.317 0.062 0.344 0.065 
289 UA00046649    (0)   :  0.135 0.130 0.538 0.129 0.068 
290 UA00015674    (0)   :  0.090 0.122 0.557 0.129 0.102 
291 UA00013177    (0)   :  0.159 0.224 0.200 0.243 0.174 
292 UA00012814    (0)   :  0.275 0.246 0.109 0.229 0.142 
293 UA00034654    (0)   :  0.291 0.282 0.081 0.272 0.074 
294 UA00046743    (0)   :  0.198 0.311 0.076 0.339 0.076 
295 UA00014854    (0)   :  0.160 0.238 0.304 0.259 0.038 
296 UA00013729    (0)   :  0.297 0.252 0.114 0.234 0.103 
297 UA00063483    (0)   :  0.235 0.289 0.094 0.318 0.064 
298 UA00039326    (0)   :  0.196 0.217 0.280 0.226 0.081 
299 UA00014742    (0)   :  0.209 0.306 0.086 0.344 0.055 
300 UA00049597    (0)   :  0.107 0.126 0.604 0.128 0.035 
301 UA00048067    (0)   :  0.170 0.224 0.246 0.238 0.122 
302 UA00012918    (0)   :  0.115 0.223 0.368 0.253 0.041 
303 UA00013487    (0)   :  0.339 0.302 0.048 0.268 0.043 
304 UA00046759    (0)   :  0.179 0.158 0.239 0.161 0.264 
305 UA00050164    (0)   :  0.108 0.091 0.638 0.085 0.078 
306 UA00049839    (0)   :  0.195 0.298 0.073 0.340 0.093 
307 UA00048444    (0)   :  0.115 0.305 0.161 0.360 0.058 
308 UA00063857    (0)   :  0.229 0.297 0.119 0.310 0.045 
309 UA00014921    (0)   :  0.114 0.128 0.586 0.130 0.041 
310 UA00048895    (0)   :  0.127 0.137 0.507 0.144 0.086 
311 UA00014556    (0)   :  0.223 0.194 0.122 0.192 0.268 
312    pc009    (0)   :  0.146 0.346 0.068 0.404 0.036 
313 UA00014959    (0)   :  0.108 0.124 0.586 0.127 0.055 
314 UA00020709    (0)   :  0.221 0.211 0.263 0.209 0.095 
315 UA00013126    (0)   :  0.048 0.051 0.795 0.051 0.056 
316 UA00013695    (0)   :  0.064 0.061 0.760 0.061 0.055 
317 UA00049344    (0)   :  0.107 0.098 0.616 0.096 0.083 
318 UA00047614    (0)   :  0.060 0.057 0.683 0.059 0.142 
319 UA00014221    (0)   :  0.182 0.341 0.037 0.392 0.047 
320 UA00014346    (0)   :  0.163 0.287 0.113 0.333 0.105 
321 UA00014245    (0)   :  0.150 0.189 0.399 0.204 0.058 
322 UA00014696    (0)   :  0.057 0.049 0.752 0.049 0.092 
323 UA00006991    (0)   :  0.298 0.238 0.084 0.214 0.166 
324 UA00048948    (0)   :  0.279 0.242 0.103 0.240 0.136 
325 UA00002239    (0)   :  0.285 0.225 0.121 0.201 0.167 
326 UA00063459    (0)   :  0.150 0.328 0.103 0.379 0.040 
327 UA00048356    (0)   :  0.186 0.236 0.128 0.256 0.194 
328 UA00063940    (0)   :  0.270 0.211 0.107 0.206 0.206 
329 UA00048130    (0)   :  0.176 0.312 0.074 0.352 0.086 
330 UA00048903    (0)   :  0.278 0.306 0.045 0.318 0.052 
331 UA00064643    (0)   :  0.258 0.241 0.132 0.235 0.134 
332 UA00050233    (0)   :  0.253 0.250 0.075 0.254 0.168 
333 UA00012507    (0)   :  0.246 0.196 0.065 0.182 0.311 
334 UA00064416    (0)   :  0.329 0.278 0.064 0.249 0.080 
335 UA00034724    (0)   :  0.265 0.276 0.072 0.275 0.112 
336 UA00002621    (0)   :  0.258 0.296 0.064 0.311 0.070 
337 UA00033203    (0)   :  0.321 0.273 0.091 0.239 0.076 
338 UA00011996    (0)   :  0.286 0.250 0.163 0.235 0.066 
339 UA00014408    (0)   :  0.192 0.155 0.092 0.146 0.414 
340 UA00049502    (0)   :  0.217 0.239 0.077 0.252 0.215 
341 UA00062695    (0)   :  0.179 0.245 0.180 0.268 0.129 
342 UA00014072    (0)   :  0.194 0.294 0.103 0.323 0.086 
343 UA00003334    (0)   :  0.216 0.314 0.070 0.345 0.056 
344 UA00013835    (0)   :  0.233 0.242 0.171 0.247 0.107 
345 UA00046760    (0)   :  0.187 0.210 0.309 0.221 0.073 
346 UA00014241    (0)   :  0.271 0.280 0.066 0.278 0.105 
347 UA00049585    (0)   :  0.252 0.300 0.082 0.322 0.045 
348 UA00013409    (0)   :  0.143 0.245 0.101 0.279 0.233 
349 UA00047548    (0)   :  0.313 0.276 0.100 0.258 0.053 
350 UA00049038    (0)   :  0.131 0.142 0.432 0.147 0.148 
351 UA00047612    (0)   :  0.270 0.257 0.081 0.262 0.131 
352 UA00014822    (0)   :  0.130 0.116 0.432 0.112 0.210 
353 UA00035299    (0)   :  0.304 0.253 0.104 0.234 0.105 
354 UA00012804    (0)   :  0.153 0.138 0.469 0.138 0.102 
355 UA00049578    (0)   :  0.225 0.219 0.088 0.220 0.248 
356 UA00047672    (0)   :  0.326 0.277 0.061 0.244 0.093 
357 UA00043961    (0)   :  0.083 0.089 0.628 0.093 0.107 
358 UA00064575    (0)   :  0.172 0.211 0.093 0.229 0.296 
359 UA00014732    (0)   :  0.297 0.256 0.064 0.250 0.133 
360 UA00050181    (0)   :  0.319 0.262 0.052 0.228 0.139 
361 UA00033369    (0)   :  0.196 0.154 0.376 0.141 0.134 
362 UA00011982    (0)   :  0.346 0.293 0.044 0.275 0.041 
363 UA00014590    (0)   :  0.267 0.212 0.197 0.194 0.129 
364 UA00047743    (0)   :  0.338 0.283 0.074 0.246 0.060 
365 UA00046621    (0)   :  0.330 0.296 0.059 0.270 0.045 
366 UA00050422    (0)   :  0.252 0.213 0.082 0.207 0.246 
367 UA00002760    (0)   :  0.249 0.251 0.170 0.252 0.078 
368 UA00012999    (0)   :  0.280 0.217 0.232 0.200 0.070 
369 UA00063838    (0)   :  0.263 0.286 0.068 0.294 0.089 
370 UA00003729    (0)   :  0.134 0.157 0.297 0.167 0.245 
371 UA00015348    (0)   :  0.166 0.278 0.132 0.314 0.110 
372 UA00019058    (0)   :  0.155 0.280 0.089 0.322 0.153 
373 UA00049549    (0)   :  0.119 0.288 0.214 0.338 0.041 
374 UA00014334    (0)   :  0.268 0.215 0.113 0.196 0.209 
375 UA00014350    (0)   :  0.341 0.309 0.035 0.282 0.034 
376 UA00049227    (0)   :  0.196 0.150 0.342 0.137 0.175 
377 UA00014051    (0)   :  0.271 0.221 0.046 0.198 0.265 
378 UA00034381    (0)   :  0.240 0.247 0.083 0.255 0.174 
379 UA00002354    (0)   :  0.331 0.298 0.050 0.265 0.056 
380 UA00049892    (0)   :  0.218 0.273 0.175 0.284 0.050 
381 UA00021989    (0)   :  0.277 0.282 0.052 0.276 0.113 
382 UA00048968    (0)   :  0.308 0.262 0.070 0.242 0.119 
383 UA00013174    (0)   :  0.294 0.252 0.091 0.236 0.126 
384 UA00033992    (0)   :  0.243 0.197 0.313 0.178 0.069 
385 UA00015801    (0)   :  0.342 0.299 0.036 0.283 0.039 
386 UA00063303    (0)   :  0.143 0.171 0.401 0.181 0.104 
387 UA00050206    (0)   :  0.161 0.341 0.039 0.398 0.061 
388 UA00014458    (0)   :  0.223 0.242 0.161 0.246 0.128 
389 UA00007204    (0)   :  0.190 0.293 0.126 0.328 0.063 
390 UA00063212    (0)   :  0.146 0.182 0.265 0.205 0.201 
391 UA00013340    (0)   :  0.249 0.237 0.211 0.229 0.074 
392 UA00062743    (0)   :  0.288 0.236 0.056 0.206 0.214 
393 UA00063189    (0)   :  0.122 0.107 0.104 0.101 0.565 
394 UA00035432    (0)   :  0.231 0.307 0.067 0.332 0.063 
395 UA00007958    (0)   :  0.306 0.284 0.065 0.272 0.074 
396 UA00013634    (0)   :  0.322 0.264 0.055 0.235 0.124 
397 UA00048175    (0)   :  0.329 0.294 0.031 0.273 0.073 
398 UA00003202    (0)   :  0.273 0.278 0.085 0.275 0.090 
399 UA00035090    (0)   :  0.224 0.251 0.099 0.255 0.170 
400 UA00064679    (0)   :  0.166 0.151 0.099 0.146 0.438 
401 UA00039518    (0)   :  0.290 0.282 0.081 0.272 0.075 
402 UA00058268    (0)   :  0.287 0.254 0.099 0.248 0.113 
403 UA00049456    (0)   :  0.178 0.192 0.333 0.200 0.097 
404 UA00049550    (0)   :  0.197 0.261 0.062 0.296 0.184 
405 UA00048342    (0)   :  0.207 0.205 0.271 0.210 0.106 
406 UA00063493    (0)   :  0.293 0.293 0.055 0.296 0.063 
407 UA00058261    (0)   :  0.266 0.225 0.061 0.208 0.240 
408 UA00014663    (0)   :  0.307 0.234 0.107 0.210 0.142 
409 UA00048817    (0)   :  0.238 0.188 0.290 0.165 0.119 
410 UA00049381    (0)   :  0.309 0.258 0.057 0.240 0.135 
411 UA00035901    (0)   :  0.190 0.166 0.112 0.161 0.372 
412 UA00013301    (0)   :  0.153 0.278 0.102 0.320 0.147 
413 UA00047926    (0)   :  0.274 0.219 0.136 0.198 0.173 
414 UA00007272    (0)   :  0.232 0.180 0.106 0.162 0.319 
415 UA00016041    (0)   :  0.218 0.260 0.162 0.278 0.081 
416 UA00013502    (0)   :  0.264 0.278 0.048 0.276 0.134 
417 UA00002390    (0)   :  0.262 0.206 0.239 0.193 0.099 
418 UA00034907    (0)   :  0.272 0.243 0.078 0.242 0.165 
419 UA00048821    (0)   :  0.198 0.175 0.256 0.168 0.203 
420 UA00002136    (0)   :  0.181 0.207 0.258 0.226 0.128 
421 UA00011790    (0)   :  0.296 0.243 0.101 0.216 0.145 
422 UA00021586    (0)   :  0.199 0.185 0.304 0.177 0.135 
423 UA00033270    (0)   :  0.256 0.243 0.103 0.241 0.157 
424 UA00048073    (0)   :  0.244 0.265 0.108 0.275 0.108 
425 UA00048856    (0)   :  0.235 0.219 0.090 0.216 0.239 
426 UA00049713    (0)   :  0.298 0.257 0.093 0.234 0.119 
427 UA00046885    (0)   :  0.264 0.276 0.101 0.273 0.088 
428 UA00034893    (0)   :  0.282 0.287 0.082 0.282 0.068 
429 UA00048011    (0)   :  0.282 0.254 0.045 0.249 0.171 
430 UA00015786    (0)   :  0.201 0.174 0.153 0.168 0.303 
431 UA00013162    (0)   :  0.289 0.221 0.097 0.190 0.203 
432 UA00049512    (0)   :  0.213 0.244 0.137 0.260 0.147 
433 UA00004046    (0)   :  0.322 0.280 0.049 0.251 0.098 
434 UA00048881    (0)   :  0.170 0.142 0.237 0.137 0.314 
435 UA00046610    (0)   :  0.221 0.180 0.230 0.166 0.203 
436 UA00033282    (0)   :  0.234 0.218 0.150 0.219 0.179 
437 UA00047561    (0)   :  0.327 0.263 0.073 0.238 0.099 
438 UA00013777    (0)   :  0.244 0.199 0.063 0.176 0.318 
439 UA00062849    (0)   :  0.186 0.302 0.081 0.350 0.081 
440 UA00049786    (0)   :  0.311 0.264 0.043 0.243 0.138 
441 UA00033246    (0)   :  0.150 0.348 0.059 0.401 0.041 
442 UA00045302    (0)   :  0.300 0.247 0.138 0.235 0.081 
443 UA00048637    (0)   :  0.305 0.259 0.062 0.241 0.132 
444 UA00049832    (0)   :  0.169 0.228 0.289 0.245 0.069 
445 UA00022023    (0)   :  0.265 0.203 0.239 0.182 0.111 
446 UA00050192    (0)   :  0.222 0.172 0.352 0.159 0.094 
447 UA00050413    (0)   :  0.254 0.258 0.099 0.260 0.129 
448 UA00013445    (0)   :  0.329 0.287 0.050 0.266 0.068 
449 UA00035496    (0)   :  0.196 0.185 0.098 0.185 0.336 
450 UA00003333    (0)   :  0.171 0.144 0.181 0.137 0.367 
451 UA00064008    (0)   :  0.207 0.169 0.066 0.160 0.399 
452 UA00003427    (0)   :  0.200 0.179 0.295 0.169 0.157 
453 UA00028092    (0)   :  0.152 0.145 0.340 0.151 0.212 
454    pc003    (0)   :  0.081 0.076 0.143 0.074 0.625 
455 UA00034440    (0)   :  0.199 0.281 0.070 0.314 0.136 
456 UA00026062    (0)   :  0.319 0.266 0.096 0.232 0.086 
457 UA00014347    (0)   :  0.212 0.207 0.165 0.206 0.209 
458 UA00021516    (0)   :  0.319 0.271 0.070 0.259 0.081 
459 UA00049347    (0)   :  0.178 0.152 0.073 0.144 0.452 
460 UA00063436    (0)   :  0.121 0.162 0.089 0.176 0.452 
461 UA00047790    (0)   :  0.322 0.251 0.085 0.218 0.125 
462 UA00045714    (0)   :  0.181 0.147 0.166 0.140 0.367 
463 UA00038979    (0)   :  0.161 0.249 0.218 0.278 0.095 
464 UA00016123    (0)   :  0.247 0.194 0.144 0.175 0.241 
465 UA00034765    (0)   :  0.082 0.069 0.043 0.067 0.739 
466 UA00063815    (0)   :  0.093 0.092 0.182 0.093 0.540 
467 UA00034795    (0)   :  0.192 0.284 0.086 0.323 0.115 
468 UA00004000    (0)   :  0.093 0.086 0.073 0.085 0.663 
469 UA00049367    (0)   :  0.199 0.269 0.056 0.286 0.190 
470 UA00034457    (0)   :  0.308 0.264 0.108 0.243 0.078 
471 UA00050015    (0)   :  0.205 0.239 0.161 0.255 0.140 
472 UA00021373    (0)   :  0.274 0.246 0.107 0.236 0.137 
473 UA00050232    (0)   :  0.087 0.080 0.157 0.079 0.597 
474 UA00038724    (0)   :  0.223 0.224 0.251 0.220 0.083 
475 UA00007824    (0)   :  0.255 0.202 0.190 0.180 0.173 
476 UA00048754    (0)   :  0.263 0.206 0.049 0.179 0.303 
477 UA00014271    (0)   :  0.257 0.246 0.151 0.239 0.107 
478 UA00013756    (0)   :  0.145 0.196 0.201 0.214 0.243 
479 UA00014385    (0)   :  0.159 0.136 0.195 0.127 0.383 
480 UA00049609    (0)   :  0.207 0.292 0.082 0.320 0.098 
481 UA00003748    (0)   :  0.182 0.144 0.064 0.131 0.479 
482 UA00063952    (0)   :  0.195 0.169 0.052 0.161 0.422 
483 UA00058348    (0)   :  0.123 0.126 0.051 0.129 0.571 
484 UA00014922    (0)   :  0.081 0.077 0.083 0.079 0.680 
485 UA00003820    (0)   :  0.284 0.226 0.048 0.201 0.242 
486 UA00013693    (0)   :  0.220 0.181 0.154 0.168 0.276 
487 UA00047713    (0)   :  0.104 0.086 0.051 0.083 0.678 
488 UA00034891    (0)   :  0.150 0.138 0.116 0.136 0.460 
489 UA00049223    (0)   :  0.177 0.164 0.079 0.171 0.409 
490 UA00064399    (0)   :  0.063 0.051 0.308 0.048 0.531 
491 UA00013336    (0)   :  0.070 0.064 0.126 0.066 0.674 
492 UA00035291    (0)   :  0.082 0.065 0.110 0.059 0.684 
493 UA00003945    (0)   :  0.105 0.094 0.097 0.092 0.612 
494 UA00014518    (0)   :  0.144 0.115 0.086 0.107 0.548 
495 UA00013583    (0)   :  0.096 0.095 0.494 0.094 0.222 
496 UA00011510    (0)   :  0.137 0.118 0.121 0.116 0.508 
497 UA00046860    (0)   :  0.196 0.159 0.112 0.148 0.386 
498 UA00048853    (0)   :  0.141 0.121 0.219 0.115 0.405 
499 UA00012151    (0)   :  0.084 0.070 0.068 0.066 0.712 
500 UA00063930    (0)   :  0.106 0.134 0.448 0.142 0.170 
501 UA00013453    (0)   :  0.175 0.159 0.177 0.153 0.336 
502 UA00039299    (0)   :  0.063 0.060 0.077 0.057 0.743 
503 UA00014280    (0)   :  0.053 0.052 0.039 0.053 0.803 
504 UA00014200    (0)   :  0.126 0.100 0.063 0.096 0.615 
505 UA00040612    (0)   :  0.069 0.058 0.155 0.055 0.663 
506 UA00062679    (0)   :  0.066 0.059 0.108 0.060 0.706 
507 UA00034481    (0)   :  0.092 0.083 0.063 0.082 0.680 
508 UA00011880    (0)   :  0.126 0.180 0.362 0.211 0.120 
509 UA00013421    (0)   :  0.063 0.051 0.207 0.049 0.630 
510 UA00048051    (0)   :  0.049 0.045 0.060 0.044 0.802 
511 UA00063370    (0)   :  0.054 0.049 0.168 0.049 0.681 
512 UA00014716    (0)   :  0.068 0.062 0.113 0.063 0.694 
513 UA00033426    (0)   :  0.138 0.109 0.192 0.101 0.459 
514 UA00015190    (0)   :  0.071 0.062 0.287 0.058 0.521 
515 UA00013730    (0)   :  0.263 0.260 0.138 0.260 0.080 
516 UA00047644    (4)   :  0.123 0.098 0.218 0.092 0.469 
517 UA00031933    (9)   :  0.283 0.235 0.089 0.218 0.175 
518 UA00031541    (9)   :  0.143 0.139 0.157 0.138 0.423 
519   PCO-60    (4)   :  0.235 0.225 0.084 0.223 0.232 
520 UA00030495    (4)   :  0.212 0.199 0.188 0.190 0.211 
521 UA00031133    (4)   :  0.139 0.338 0.080 0.395 0.049 
522 UA00032049    (4)   :  0.181 0.146 0.396 0.140 0.138 
523 UA00030599    (4)   :  0.137 0.276 0.161 0.320 0.106 
524 UA00030250    (4)   :  0.326 0.279 0.064 0.250 0.081 
525 UA00049385    (4)   :  0.165 0.230 0.208 0.251 0.146 
526 UA00031816    (4)   :  0.145 0.335 0.078 0.385 0.057 
527 UA00030275    (4)   :  0.257 0.210 0.183 0.196 0.154 
528 UA00041861    (4)   :  0.262 0.218 0.147 0.202 0.172 
529 UA00041433    (4)   :  0.314 0.281 0.054 0.271 0.079 
530  PCO-114    (4)   :  0.281 0.238 0.064 0.216 0.202 
531 UA00031529    (4)   :  0.256 0.258 0.084 0.263 0.139 
532 UA00039719    (4)   :  0.264 0.253 0.068 0.255 0.159 
533  PCO-442    (4)   :  0.328 0.293 0.049 0.265 0.066 
534   PCO-58    (0)   :  0.296 0.248 0.098 0.222 0.137 
535 UA00048673    (4)   :  0.240 0.219 0.103 0.219 0.219 
536   PCO-63    (4)   :  0.264 0.279 0.054 0.290 0.114 


Estimated Allele Frequencies in each cluster
First column gives estimated ancestral frequencies


Locus 1 : PP01 
2 alleles
0.0% missing data
   1   (0.597) 0.609 0.583 0.862 0.573 0.335 
   2   (0.403) 0.391 0.417 0.138 0.427 0.665 

Locus 2 : PP02 
2 alleles
0.0% missing data
   1   (0.905) 0.909 0.900 0.990 0.895 0.966 
   2   (0.095) 0.091 0.100 0.010 0.105 0.034 

Locus 3 : PP03 
2 alleles
18.3% missing data
   1   (0.789) 0.805 0.757 0.918 0.744 0.969 
   2   (0.211) 0.195 0.243 0.082 0.256 0.031 

Locus 4 : PP04 
2 alleles
0.4% missing data
   1   (0.722) 0.725 0.624 0.648 0.601 0.959 
   2   (0.278) 0.275 0.376 0.352 0.399 0.041 

Locus 5 : PP06 
2 alleles
0.0% missing data
   1   (0.628) 0.625 0.674 0.660 0.693 0.607 
   2   (0.372) 0.375 0.326 0.340 0.307 0.393 

Locus 6 : PP07 
2 alleles
0.0% missing data
   1   (0.691) 0.686 0.635 0.864 0.625 0.945 
   2   (0.309) 0.314 0.365 0.136 0.375 0.055 

Locus 7 : PP09 
2 alleles
0.0% missing data
   1   (0.470) 0.452 0.554 0.630 0.580 0.066 
   2   (0.530) 0.548 0.446 0.370 0.420 0.934 

Locus 8 : PP10 
2 alleles
0.0% missing data
   1   (0.180) 0.141 0.098 0.411 0.088 0.382 
   2   (0.820) 0.859 0.902 0.589 0.912 0.618 

Locus 9 : PP11 
2 alleles
0.0% missing data
   1   (0.678) 0.642 0.705 0.799 0.724 0.819 
   2   (0.322) 0.358 0.295 0.201 0.276 0.181 

Locus 10 : PP12 
2 alleles
0.2% missing data
   1   (0.420) 0.439 0.468 0.286 0.475 0.123 
   2   (0.580) 0.561 0.532 0.714 0.525 0.877 

Locus 11 : PP13 
2 alleles
0.0% missing data
   1   (0.173) 0.155 0.114 0.487 0.104 0.128 
   2   (0.827) 0.845 0.886 0.513 0.896 0.872 

Locus 12 : PP14 
2 alleles
0.2% missing data
   1   (0.862) 0.847 0.878 0.963 0.887 0.913 
   2   (0.138) 0.153 0.122 0.037 0.113 0.087 

Locus 13 : PP15 
2 alleles
0.0% missing data
   1   (0.898) 0.928 0.933 0.409 0.932 0.939 
   2   (0.102) 0.072 0.067 0.591 0.068 0.061 

Locus 14 : PP16 
2 alleles
0.0% missing data
   1   (0.499) 0.513 0.586 0.433 0.608 0.399 
   2   (0.501) 0.487 0.414 0.567 0.392 0.601 

Locus 15 : PP17 
2 alleles
0.2% missing data
   1   (0.652) 0.661 0.633 0.833 0.624 0.508 
   2   (0.348) 0.339 0.367 0.167 0.376 0.492 

Locus 16 : PP18 
2 alleles
0.7% missing data
   1   (0.744) 0.727 0.746 0.893 0.750 0.920 
   2   (0.256) 0.273 0.254 0.107 0.250 0.080 

Locus 17 : PP20 
2 alleles
0.0% missing data
   1   (0.626) 0.649 0.644 0.654 0.642 0.504 
   2   (0.374) 0.351 0.356 0.346 0.358 0.496 

Locus 18 : PP21 
2 alleles
14.9% missing data
   1   (0.859) 0.856 0.823 0.970 0.818 0.988 
   2   (0.141) 0.144 0.177 0.030 0.182 0.012 

Locus 19 : PP22 
2 alleles
1.3% missing data
   1   (0.466) 0.540 0.436 0.068 0.403 0.150 
   2   (0.534) 0.460 0.564 0.932 0.597 0.850 

Locus 20 : PP23 
2 alleles
0.7% missing data
   1   (0.638) 0.619 0.630 0.738 0.631 0.794 
   2   (0.362) 0.381 0.370 0.262 0.369 0.206 

Locus 21 : PP24 
2 alleles
0.2% missing data
   1   (0.798) 0.835 0.855 0.866 0.858 0.583 
   2   (0.202) 0.165 0.145 0.134 0.142 0.417 

Locus 22 : PP25 
2 alleles
0.6% missing data
   1   (0.358) 0.316 0.327 0.698 0.334 0.466 
   2   (0.642) 0.684 0.673 0.302 0.666 0.534 

Values of parameters used in structure:
DATAFILE=Puma_SNP_genotypes_cut_AZ_final_HWEonly.str,	OUTFILE=outputfile_K5_1,	NUMINDS=536,	NUMLOCI=22,	MISSING=-9,	LABEL=1,	POPDATA=0,	POPFLAG=0,	PHENOTYPE=0,	EXTRACOLS=0,	MAXPOPS=5,	BURNIN=100000,	NUMREPS=500000,	USEPOPINFO=0,	INFERALPHA=1,	INFERLAMBDA=0,	POPSPECIFICLAMBDA=0,	POPALPHAS=0,	COMPUTEPROB=1,	NOADMIX=0,	ADMBURNIN=2500,	UPDATEFREQ=200,	PRINTLIKES=0,	INTERMEDSAVE=0,	PRINTKLD=0,	PRINTNET=0,	PRINTLAMBDA=0,	ANCESTDIST=0,	NUMBOXES=1000,	ANCESTPINT=0.90000,	GENSBACK=2,	MIGRPRIOR=0.05000,	PRINTQHAT=0,	PRINTQSUM=0,	ALPHA=1.0000,	FREQSCORR=1,	FPRIORMEAN=0.0100,	FPRIORSD=0.0500,	ONEFST=0,	LAMBDA=1.0000,	UNIFPRIORALPHA=1,	ALPHAMAX=10.0000,	ALPHAPRIORA=1.0000,	ALPHAPRIORB=2.0000,	ALPHAPROPSD=0.0250,	STARTATPOPINFO=0,	RANDOMIZE=1,	LINKAGE=0,	METROFREQ=20,	REPORTHITRATE=0,	MARKOVPHASE=0,	PHASED=0,	PLOIDY=2,	PHASEINFO=0	LOCPRIOR=0, 	LOCPRIORINIT=1.000000, 	LOCDATA=0, 	LOCISPOP=0, 	LOCPRIORSTEP=0.100000, 	MAXLOCPRIOR=20.000000, 	SEED=1716617716,	
[STRAT parameters]:    NUMSIMSTATS=1000,	PHENOTYPECOL=-9,	POOLFREQ=10,	LOCUSxONLY=0,	EMERROR=0.00100,	MISSINGPHENO=-9,	