

----------------------------------------------------
STRUCTURE by Pritchard, Stephens and Donnelly (2000)
     and Falush, Stephens and Pritchard (2003)
       Code by Pritchard, Falush and Hubisz
             Version 2.3.4 (Jul 2012)
----------------------------------------------------



Command line arguments:   structure -K 3 -o outputfile_K3_4 
Input File:    Puma_SNP_genotypes_cut_AZ_final_HWEonly.str

Run parameters:
   536 individuals
   22 loci
   3 populations assumed
   100000 Burn-in period
   500000 Reps


--------------------------------------------
Overall proportion of membership of the
sample in each of the 3 clusters

Inferred Clusters
  1      2      3    
0.329  0.337  0.335  

--------------------------------------------

Allele-freq. divergence among pops (Net nucleotide distance),
computed using point estimates of P.

      1       2       3      
 1      -    0.0511  0.0536  
 2   0.0511     -    0.0392  
 3   0.0536  0.0392     -    

Average distances (expected heterozygosity) between individuals in same cluster:
cluster  1  : 0.3140 
cluster  2  : 0.3531 
cluster  3  : 0.3565 

--------------------------------------------
Estimated Ln Prob of Data   = -12853.6
Mean value of ln likelihood = -12506.8
Variance of ln likelihood   = 693.6
Mean value of alpha         = 0.6481

Mean value of Fst_1         = 0.2111
Mean value of Fst_2         = 0.1076
Mean value of Fst_3         = 0.0918


Inferred ancestry of individuals:
        Label (%Miss) :  Inferred clusters
  1 UA00063336   (13)   :  0.463 0.244 0.292 
  2 UA00048914    (9)   :  0.454 0.342 0.204 
  3 UA00014769   (13)   :  0.090 0.383 0.526 
  4 UA00008132   (13)   :  0.294 0.376 0.329 
  5 UA00030462   (13)   :  0.517 0.248 0.236 
  6 UA00034866   (13)   :  0.290 0.353 0.358 
  7 UA00034800    (9)   :  0.656 0.134 0.211 
  8  Puco006    (9)   :  0.686 0.198 0.116 
  9 UA00048874    (4)   :  0.649 0.193 0.158 
 10 UA00049060    (9)   :  0.175 0.399 0.426 
 11 UA00033413    (9)   :  0.145 0.227 0.628 
 12  Puco021    (9)   :  0.164 0.118 0.718 
 13  Puco026    (9)   :  0.163 0.266 0.572 
 14  Puco008    (9)   :  0.621 0.204 0.175 
 15   M01301    (9)   :  0.168 0.243 0.589 
 16   M06306    (9)   :  0.333 0.161 0.505 
 17 UA00032185    (9)   :  0.299 0.316 0.385 
 18 UA00030792    (9)   :  0.807 0.078 0.115 
 19 UA00031647    (9)   :  0.536 0.232 0.232 
 20 UA00031979    (9)   :  0.296 0.330 0.373 
 21  Puco016    (9)   :  0.330 0.522 0.149 
 22  Puco010    (9)   :  0.217 0.259 0.523 
 23    M1035    (9)   :  0.239 0.418 0.343 
 24 UA00034601    (9)   :  0.353 0.236 0.411 
 25 UA00050388    (9)   :  0.363 0.247 0.390 
 26 UA00048699    (9)   :  0.369 0.479 0.152 
 27 UA00064058    (9)   :  0.171 0.477 0.352 
 28 UA00033981    (9)   :  0.206 0.138 0.656 
 29   F05033    (9)   :  0.138 0.355 0.507 
 30 UA00048520    (4)   :  0.403 0.191 0.406 
 31 UA00048422    (4)   :  0.675 0.091 0.233 
 32    PucoB    (4)   :  0.118 0.247 0.635 
 33 UA00047393    (4)   :  0.328 0.382 0.291 
 34 UA00064521    (4)   :  0.416 0.287 0.297 
 35 UA00003043    (4)   :  0.233 0.570 0.198 
 36 UA00063025    (4)   :  0.539 0.145 0.316 
 37 UA00063826    (4)   :  0.175 0.211 0.615 
 38   F07407    (4)   :  0.263 0.129 0.608 
 39 UA00021658    (4)   :  0.192 0.369 0.439 
 40 UA00003794    (4)   :  0.258 0.169 0.573 
 41 UA00041322    (4)   :  0.399 0.298 0.303 
 42 UA00063316    (4)   :  0.435 0.233 0.332 
 43 UA00047705    (4)   :  0.281 0.226 0.493 
 44 UA00033904    (4)   :  0.545 0.220 0.236 
 45 UA00048100    (4)   :  0.181 0.363 0.456 
 46 UA00032212    (4)   :  0.477 0.219 0.304 
 47 UA00031574    (4)   :  0.728 0.092 0.180 
 48 UA00031228    (4)   :  0.780 0.102 0.118 
 49 UA00047707    (4)   :  0.098 0.705 0.197 
 50 UA00030906    (4)   :  0.858 0.063 0.079 
 51 UA00041567    (4)   :  0.261 0.185 0.554 
 52 UA00007624    (4)   :  0.105 0.325 0.569 
 53 UA00034514    (4)   :  0.191 0.463 0.346 
 54 UA00030480    (4)   :  0.345 0.421 0.235 
 55  Puco012    (4)   :  0.225 0.482 0.293 
 56 UA00038677    (9)   :  0.470 0.198 0.333 
 57 UA00048275    (4)   :  0.184 0.212 0.603 
 58 UA00064055    (4)   :  0.217 0.640 0.143 
 59  Puco009    (4)   :  0.305 0.474 0.221 
 60 UA00064561    (4)   :  0.142 0.713 0.144 
 61 UA00003479    (4)   :  0.205 0.562 0.233 
 62 UA00063747    (4)   :  0.119 0.535 0.345 
 63 UA00002558    (4)   :  0.316 0.304 0.380 
 64 UA00048410    (4)   :  0.196 0.643 0.161 
 65 UA00012249    (4)   :  0.157 0.725 0.118 
 66 UA00033818    (4)   :  0.578 0.135 0.287 
 67  Puco020    (4)   :  0.372 0.436 0.192 
 68 UA00002545    (9)   :  0.202 0.649 0.149 
 69 UA00048508    (4)   :  0.143 0.542 0.315 
 70 UA00064100    (4)   :  0.260 0.369 0.371 
 71 UA00014585    (4)   :  0.222 0.506 0.272 
 72 UA00063698    (4)   :  0.607 0.175 0.218 
 73 UA00049753    (4)   :  0.432 0.201 0.367 
 74 UA00049037    (4)   :  0.180 0.448 0.372 
 75 UA00034941    (4)   :  0.356 0.198 0.446 
 76 UA00008083    (4)   :  0.605 0.222 0.173 
 77 UA00015084    (4)   :  0.650 0.140 0.210 
 78 UA00041010    (9)   :  0.771 0.138 0.091 
 79 UA00035261    (4)   :  0.466 0.247 0.286 
 80 UA00035431    (4)   :  0.152 0.309 0.539 
 81 UA00045274    (0)   :  0.351 0.229 0.420 
 82 UA00028200    (4)   :  0.641 0.161 0.198 
 83 UA00064559    (0)   :  0.728 0.082 0.190 
 84 UA00040808    (0)   :  0.623 0.248 0.129 
 85 UA00049156    (0)   :  0.639 0.158 0.203 
 86 UA00003952    (4)   :  0.506 0.361 0.133 
 87 UA00063954    (0)   :  0.326 0.255 0.419 
 88 UA00062934    (0)   :  0.462 0.224 0.313 
 89 UA00033829    (0)   :  0.758 0.101 0.140 
 90 UA00064351    (4)   :  0.259 0.133 0.607 
 91 UA00003697    (4)   :  0.672 0.158 0.170 
 92 UA00063438    (4)   :  0.541 0.220 0.239 
 93 UA00007608    (0)   :  0.595 0.148 0.257 
 94 UA00019683    (4)   :  0.296 0.110 0.594 
 95 UA00007781    (0)   :  0.229 0.291 0.480 
 96 UA00002915    (0)   :  0.549 0.271 0.180 
 97  Puco031    (4)   :  0.206 0.577 0.217 
 98 UA00048280    (4)   :  0.254 0.170 0.576 
 99 UA00048589    (0)   :  0.227 0.246 0.526 
100 UA00034417    (0)   :  0.420 0.373 0.206 
101 UA00050411    (4)   :  0.096 0.668 0.236 
102  Puco029    (4)   :  0.085 0.294 0.621 
103   F03403    (4)   :  0.119 0.215 0.666 
104 UA00049904    (0)   :  0.314 0.153 0.533 
105 UA00035335    (0)   :  0.081 0.389 0.530 
106 UA00012611    (0)   :  0.177 0.412 0.411 
107 UA00050319    (0)   :  0.095 0.168 0.737 
108 UA00032068    (4)   :  0.254 0.349 0.397 
109 UA00032026    (4)   :  0.223 0.384 0.392 
110 UA00030476    (4)   :  0.137 0.112 0.751 
111 UA00046853    (0)   :  0.194 0.139 0.667 
112 UA00040156    (4)   :  0.806 0.073 0.120 
113 UA00030528    (4)   :  0.383 0.432 0.185 
114  Puco025    (4)   :  0.108 0.546 0.347 
115    pc016    (0)   :  0.822 0.075 0.103 
116 UA00030617    (4)   :  0.085 0.575 0.340 
117 UA00030585    (4)   :  0.686 0.086 0.228 
118 UA00032060    (4)   :  0.295 0.211 0.494 
119    pc007    (0)   :  0.169 0.212 0.618 
120 UA00030798    (4)   :  0.648 0.139 0.213 
121 UA00030778    (4)   :  0.092 0.683 0.225 
122 UA00039674    (4)   :  0.787 0.095 0.118 
123 UA00032241    (4)   :  0.088 0.308 0.604 
124 UA00011624    (0)   :  0.153 0.481 0.366 
125 UA00033779    (4)   :  0.130 0.157 0.713 
126 UA00049402    (4)   :  0.294 0.569 0.137 
127 UA00033653    (0)   :  0.124 0.125 0.752 
128 UA00047738    (0)   :  0.352 0.235 0.413 
129 UA00047502    (4)   :  0.480 0.359 0.161 
130 UA00012014    (4)   :  0.239 0.535 0.227 
131 UA00040729    (0)   :  0.137 0.250 0.613 
132 UA00030392    (4)   :  0.116 0.524 0.360 
133 UA00050033    (0)   :  0.167 0.350 0.483 
134 UA00012152    (0)   :  0.289 0.563 0.148 
135 UA00050406    (0)   :  0.205 0.395 0.400 
136 UA00047973    (0)   :  0.160 0.348 0.493 
137 UA00008051    (0)   :  0.432 0.236 0.332 
138 UA00047337    (4)   :  0.278 0.278 0.445 
139 UA00041604    (4)   :  0.382 0.280 0.338 
140 UA00031704    (4)   :  0.091 0.612 0.296 
141 UA00040423    (4)   :  0.268 0.432 0.300 
142 UA00049433    (0)   :  0.377 0.459 0.164 
143 UA00034816    (0)   :  0.195 0.605 0.199 
144 UA00050214    (0)   :  0.111 0.681 0.209 
145 UA00041073    (0)   :  0.293 0.390 0.316 
146 UA00030318    (4)   :  0.163 0.548 0.289 
147 UA00046845    (0)   :  0.235 0.600 0.165 
148 UA00063946    (0)   :  0.138 0.108 0.754 
149 UA00031374    (4)   :  0.233 0.449 0.318 
150    M1136    (4)   :  0.393 0.376 0.231 
151 UA00034299    (0)   :  0.133 0.687 0.180 
152 UA00002387    (4)   :  0.158 0.717 0.126 
153 UA00021855    (0)   :  0.246 0.232 0.522 
154 UA00014500    (0)   :  0.186 0.529 0.284 
155 UA00050419    (4)   :  0.107 0.661 0.233 
156 UA00031854    (4)   :  0.238 0.397 0.364 
157    pc011    (4)   :  0.121 0.733 0.145 
158 UA00033004    (0)   :  0.245 0.555 0.200 
159 UA00046510    (0)   :  0.250 0.541 0.208 
160 UA00048747    (0)   :  0.187 0.655 0.159 
161 UA00014293    (0)   :  0.136 0.749 0.114 
162 UA00047686    (0)   :  0.438 0.387 0.175 
163 UA00033783    (4)   :  0.533 0.135 0.332 
164 UA00042609    (4)   :  0.426 0.421 0.153 
165 UA00031169    (4)   :  0.122 0.734 0.144 
166 UA00035181    (0)   :  0.087 0.440 0.473 
167 UA00050133    (0)   :  0.203 0.531 0.266 
168  Puco011    (4)   :  0.165 0.702 0.132 
169 UA00041476    (0)   :  0.311 0.507 0.182 
170 UA00046702    (0)   :  0.109 0.707 0.184 
171 UA00019940    (0)   :  0.267 0.383 0.350 
172 UA00049813    (0)   :  0.187 0.243 0.570 
173 UA00064165    (0)   :  0.565 0.233 0.202 
174 UA00064421    (0)   :  0.270 0.527 0.203 
175 UA00064569    (4)   :  0.101 0.516 0.383 
176 UA00003996    (0)   :  0.262 0.569 0.169 
177 UA00064491    (4)   :  0.147 0.548 0.305 
178 UA00011899    (0)   :  0.183 0.454 0.362 
179  Puco015    (4)   :  0.289 0.427 0.284 
180 UA00047929    (4)   :  0.097 0.248 0.656 
181 UA00056669    (0)   :  0.215 0.499 0.286 
182 UA00050176    (0)   :  0.332 0.428 0.240 
183  Puco014    (4)   :  0.287 0.252 0.462 
184 UA00019608    (0)   :  0.217 0.628 0.155 
185 UA00064333    (0)   :  0.209 0.613 0.178 
186  Puco013    (4)   :  0.311 0.476 0.213 
187 UA00016092    (0)   :  0.085 0.615 0.300 
188 UA00019060    (0)   :  0.669 0.197 0.135 
189 UA00063532    (0)   :  0.245 0.406 0.349 
190 UA00064117    (0)   :  0.651 0.199 0.150 
191 UA00011969    (0)   :  0.278 0.320 0.402 
192 UA00034586    (4)   :  0.126 0.336 0.538 
193 UA00030736    (4)   :  0.191 0.520 0.289 
194 UA00048493    (0)   :  0.226 0.464 0.311 
195 UA00040466    (0)   :  0.608 0.238 0.154 
196 UA00047659    (0)   :  0.185 0.409 0.406 
197 UA00042002    (4)   :  0.367 0.227 0.406 
198 UA00062606    (0)   :  0.328 0.436 0.236 
199 UA00030615    (4)   :  0.555 0.261 0.184 
200 UA00048899    (0)   :  0.224 0.422 0.353 
201 UA00047725    (0)   :  0.795 0.108 0.097 
202 UA00030866    (4)   :  0.291 0.437 0.272 
203 UA00034564    (0)   :  0.231 0.575 0.194 
204 UA00046520    (0)   :  0.115 0.155 0.730 
205 UA00035027    (0)   :  0.335 0.272 0.394 
206 UA00035421    (0)   :  0.346 0.521 0.133 
207 UA00062740    (4)   :  0.500 0.235 0.265 
208 UA00012360    (0)   :  0.595 0.236 0.169 
209 UA00050203    (0)   :  0.165 0.397 0.439 
210 UA00040534    (4)   :  0.717 0.154 0.129 
211 UA00031261    (4)   :  0.763 0.142 0.096 
212 UA00031917    (4)   :  0.737 0.158 0.105 
213 UA00040798    (4)   :  0.523 0.214 0.262 
214 UA00030598    (4)   :  0.477 0.282 0.241 
215 UA00050385    (0)   :  0.266 0.544 0.190 
216 UA00058283    (0)   :  0.735 0.130 0.135 
217 UA00042297    (4)   :  0.605 0.164 0.231 
218 UA00015415    (4)   :  0.668 0.222 0.110 
219 UA00035531    (0)   :  0.655 0.232 0.113 
220 UA00048683    (0)   :  0.486 0.349 0.165 
221 UA00046734    (4)   :  0.670 0.191 0.138 
222   pcRF01    (0)   :  0.088 0.799 0.114 
223 UA00007223    (0)   :  0.454 0.397 0.150 
224 UA00013841    (0)   :  0.271 0.312 0.416 
225 UA00014196    (0)   :  0.638 0.253 0.109 
226 UA00034635    (0)   :  0.182 0.478 0.340 
227 UA00047371    (0)   :  0.452 0.151 0.397 
228 UA00063544    (0)   :  0.384 0.203 0.412 
229 UA00064246    (0)   :  0.416 0.271 0.314 
230 UA00064328    (0)   :  0.504 0.277 0.219 
231 UA00002952    (0)   :  0.561 0.248 0.191 
232 UA00064079    (0)   :  0.396 0.285 0.319 
233 UA00046793    (0)   :  0.537 0.323 0.140 
234 UA00034769    (0)   :  0.546 0.131 0.323 
235 UA00034949    (0)   :  0.466 0.425 0.109 
236 UA00063753    (0)   :  0.343 0.122 0.535 
237 UA00015713    (0)   :  0.284 0.176 0.540 
238 UA00003494    (0)   :  0.371 0.524 0.105 
239 UA00056767    (0)   :  0.085 0.178 0.737 
240 UA00014461    (0)   :  0.402 0.389 0.209 
241 UA00034669    (0)   :  0.631 0.159 0.210 
242 UA00048164    (0)   :  0.280 0.447 0.274 
243 UA00007974    (0)   :  0.221 0.140 0.639 
244 UA00016166    (0)   :  0.483 0.338 0.179 
245 UA00015653    (0)   :  0.633 0.169 0.199 
246 UA00063882    (0)   :  0.547 0.292 0.160 
247 UA00049027    (0)   :  0.471 0.172 0.357 
248 UA00018878    (0)   :  0.329 0.139 0.532 
249 UA00038796    (0)   :  0.512 0.224 0.264 
250 UA00013465    (0)   :  0.658 0.171 0.172 
251 UA00014604    (0)   :  0.472 0.174 0.354 
252 UA00041913    (0)   :  0.365 0.126 0.509 
253 UA00021632    (0)   :  0.636 0.141 0.223 
254 UA00064027    (0)   :  0.477 0.267 0.256 
255 UA00015023    (0)   :  0.248 0.559 0.193 
256 UA00050243    (0)   :  0.466 0.298 0.237 
257 UA00048298    (0)   :  0.267 0.416 0.317 
258 UA00050437    (0)   :  0.422 0.356 0.222 
259 UA00014262    (0)   :  0.390 0.333 0.277 
260 UA00049129    (0)   :  0.197 0.266 0.536 
261 UA00014740    (0)   :  0.270 0.225 0.505 
262 UA00049612    (0)   :  0.678 0.114 0.209 
263 UA00014635    (0)   :  0.100 0.167 0.733 
264 UA00014673    (0)   :  0.549 0.181 0.270 
265 UA00033608    (0)   :  0.532 0.144 0.325 
266 UA00064540    (0)   :  0.227 0.163 0.610 
267 UA00050256    (0)   :  0.559 0.241 0.200 
268 UA00015274    (0)   :  0.215 0.510 0.276 
269 UA00062993    (0)   :  0.174 0.234 0.592 
270 UA00038364    (0)   :  0.330 0.231 0.439 
271 UA00014446    (0)   :  0.154 0.411 0.435 
272 UA00063545    (0)   :  0.718 0.136 0.146 
273 UA00040054    (0)   :  0.175 0.499 0.326 
274 UA00058447    (0)   :  0.181 0.261 0.558 
275 UA00046835    (0)   :  0.154 0.274 0.572 
276 UA00014608    (0)   :  0.212 0.296 0.493 
277    pc012    (0)   :  0.329 0.275 0.396 
278    pc002    (0)   :  0.552 0.174 0.273 
279 UA00033690    (0)   :  0.302 0.092 0.606 
280 UA00013688    (0)   :  0.276 0.338 0.386 
281 UA00063666    (0)   :  0.144 0.101 0.755 
282 UA00063292    (0)   :  0.105 0.147 0.748 
283    pc001    (0)   :  0.234 0.379 0.387 
284    pc008    (0)   :  0.204 0.255 0.542 
285 UA00034316    (0)   :  0.532 0.309 0.160 
286 UA00013046    (0)   :  0.104 0.314 0.583 
287 UA00050241    (0)   :  0.088 0.160 0.752 
288 UA00048599    (0)   :  0.113 0.215 0.673 
289 UA00046649    (0)   :  0.398 0.209 0.393 
290 UA00015674    (0)   :  0.505 0.108 0.387 
291 UA00013177    (0)   :  0.384 0.166 0.451 
292 UA00012814    (0)   :  0.218 0.494 0.287 
293 UA00034654    (0)   :  0.130 0.393 0.477 
294 UA00046743    (0)   :  0.125 0.248 0.627 
295 UA00014854    (0)   :  0.162 0.147 0.691 
296 UA00013729    (0)   :  0.196 0.529 0.275 
297 UA00063483    (0)   :  0.138 0.199 0.663 
298 UA00039326    (0)   :  0.254 0.260 0.486 
299 UA00014742    (0)   :  0.127 0.191 0.682 
300 UA00049597    (0)   :  0.284 0.143 0.573 
301 UA00048067    (0)   :  0.307 0.138 0.555 
302 UA00012918    (0)   :  0.186 0.102 0.712 
303 UA00013487    (0)   :  0.091 0.787 0.121 
304 UA00046759    (0)   :  0.512 0.206 0.282 
305 UA00050164    (0)   :  0.630 0.220 0.150 
306 UA00049839    (0)   :  0.163 0.214 0.623 
307 UA00048444    (0)   :  0.179 0.085 0.736 
308 UA00063857    (0)   :  0.102 0.236 0.662 
309 UA00014921    (0)   :  0.331 0.150 0.518 
310 UA00048895    (0)   :  0.428 0.167 0.405 
311 UA00014556    (0)   :  0.391 0.274 0.335 
312    pc009    (0)   :  0.079 0.121 0.799 
313 UA00014959    (0)   :  0.337 0.156 0.507 
314 UA00020709    (0)   :  0.251 0.315 0.434 
315 UA00013126    (0)   :  0.710 0.091 0.199 
316 UA00013695    (0)   :  0.630 0.139 0.232 
317 UA00049344    (0)   :  0.562 0.149 0.289 
318 UA00047614    (0)   :  0.783 0.088 0.129 
319 UA00014221    (0)   :  0.075 0.186 0.739 
320 UA00014346    (0)   :  0.191 0.151 0.658 
321 UA00014245    (0)   :  0.251 0.178 0.571 
322 UA00014696    (0)   :  0.768 0.132 0.100 
323 UA00006991    (0)   :  0.228 0.528 0.245 
324 UA00048948    (0)   :  0.232 0.400 0.368 
325 UA00002239    (0)   :  0.247 0.563 0.190 
326 UA00063459    (0)   :  0.101 0.113 0.786 
327 UA00048356    (0)   :  0.310 0.177 0.514 
328 UA00063940    (0)   :  0.298 0.423 0.280 
329 UA00048130    (0)   :  0.138 0.173 0.689 
330 UA00048903    (0)   :  0.084 0.471 0.445 
331 UA00064643    (0)   :  0.261 0.381 0.358 
332 UA00050233    (0)   :  0.199 0.432 0.369 
333 UA00012507    (0)   :  0.251 0.534 0.215 
334 UA00064416    (0)   :  0.133 0.686 0.181 
335 UA00034724    (0)   :  0.165 0.412 0.422 
336 UA00002621    (0)   :  0.114 0.346 0.540 
337 UA00033203    (0)   :  0.175 0.685 0.140 
338 UA00011996    (0)   :  0.195 0.330 0.475 
339 UA00014408    (0)   :  0.346 0.464 0.191 
340 UA00049502    (0)   :  0.261 0.258 0.481 
341 UA00062695    (0)   :  0.292 0.191 0.518 
342 UA00014072    (0)   :  0.191 0.203 0.606 
343 UA00003334    (0)   :  0.104 0.269 0.627 
344 UA00013835    (0)   :  0.238 0.254 0.508 
345 UA00046760    (0)   :  0.292 0.191 0.518 
346 UA00014241    (0)   :  0.140 0.461 0.399 
347 UA00049585    (0)   :  0.106 0.232 0.663 
348 UA00013409    (0)   :  0.316 0.170 0.514 
349 UA00047548    (0)   :  0.134 0.480 0.385 
350 UA00049038    (0)   :  0.498 0.161 0.341 
351 UA00047612    (0)   :  0.173 0.372 0.455 
352 UA00014822    (0)   :  0.634 0.146 0.221 
353 UA00035299    (0)   :  0.180 0.502 0.318 
354 UA00012804    (0)   :  0.489 0.185 0.326 
355 UA00049578    (0)   :  0.287 0.339 0.374 
356 UA00047672    (0)   :  0.140 0.756 0.104 
357 UA00043961    (0)   :  0.619 0.121 0.260 
358 UA00064575    (0)   :  0.362 0.210 0.428 
359 UA00014732    (0)   :  0.167 0.542 0.291 
360 UA00050181    (0)   :  0.158 0.603 0.238 
361 UA00033369    (0)   :  0.484 0.315 0.201 
362 UA00011982    (0)   :  0.079 0.710 0.211 
363 UA00014590    (0)   :  0.314 0.487 0.199 
364 UA00047743    (0)   :  0.129 0.644 0.227 
365 UA00046621    (0)   :  0.093 0.659 0.248 
366 UA00050422    (0)   :  0.272 0.434 0.295 
367 UA00002760    (0)   :  0.206 0.312 0.482 
368 UA00012999    (0)   :  0.245 0.416 0.339 
369 UA00063838    (0)   :  0.138 0.374 0.488 
370 UA00003729    (0)   :  0.510 0.154 0.337 
371 UA00015348    (0)   :  0.223 0.160 0.617 
372 UA00019058    (0)   :  0.218 0.189 0.593 
373 UA00049549    (0)   :  0.131 0.092 0.777 
374 UA00014334    (0)   :  0.269 0.529 0.202 
375 UA00014350    (0)   :  0.064 0.778 0.158 
376 UA00049227    (0)   :  0.490 0.284 0.226 
377 UA00014051    (0)   :  0.175 0.693 0.132 
378 UA00034381    (0)   :  0.230 0.396 0.374 
379 UA00002354    (0)   :  0.110 0.703 0.187 
380 UA00049892    (0)   :  0.144 0.242 0.613 
381 UA00021989    (0)   :  0.135 0.526 0.338 
382 UA00048968    (0)   :  0.171 0.563 0.266 
383 UA00013174    (0)   :  0.174 0.614 0.212 
384 UA00033992    (0)   :  0.334 0.424 0.242 
385 UA00015801    (0)   :  0.066 0.655 0.279 
386 UA00063303    (0)   :  0.351 0.187 0.462 
387 UA00050206    (0)   :  0.093 0.149 0.759 
388 UA00014458    (0)   :  0.262 0.327 0.411 
389 UA00007204    (0)   :  0.131 0.208 0.661 
390 UA00063212    (0)   :  0.484 0.146 0.370 
391 UA00013340    (0)   :  0.230 0.296 0.474 
392 UA00062743    (0)   :  0.178 0.706 0.116 
393 UA00063189    (0)   :  0.499 0.335 0.166 
394 UA00035432    (0)   :  0.113 0.310 0.577 
395 UA00007958    (0)   :  0.130 0.521 0.349 
396 UA00013634    (0)   :  0.131 0.724 0.145 
397 UA00048175    (0)   :  0.077 0.805 0.118 
398 UA00003202    (0)   :  0.179 0.378 0.443 
399 UA00035090    (0)   :  0.250 0.307 0.443 
400 UA00064679    (0)   :  0.388 0.400 0.212 
401 UA00039518    (0)   :  0.135 0.526 0.338 
402 UA00058268    (0)   :  0.189 0.445 0.366 
403 UA00049456    (0)   :  0.327 0.204 0.470 
404 UA00049550    (0)   :  0.205 0.268 0.527 
405 UA00048342    (0)   :  0.310 0.215 0.476 
406 UA00063493    (0)   :  0.111 0.411 0.478 
407 UA00058261    (0)   :  0.214 0.632 0.154 
408 UA00014663    (0)   :  0.247 0.508 0.245 
409 UA00048817    (0)   :  0.380 0.422 0.198 
410 UA00049381    (0)   :  0.146 0.688 0.166 
411 UA00035901    (0)   :  0.447 0.295 0.258 
412 UA00013301    (0)   :  0.244 0.159 0.597 
413 UA00047926    (0)   :  0.298 0.545 0.158 
414 UA00007272    (0)   :  0.341 0.530 0.129 
415 UA00016041    (0)   :  0.195 0.228 0.577 
416 UA00013502    (0)   :  0.131 0.525 0.344 
417 UA00002390    (0)   :  0.322 0.394 0.284 
418 UA00034907    (0)   :  0.223 0.341 0.436 
419 UA00048821    (0)   :  0.433 0.308 0.259 
420 UA00002136    (0)   :  0.358 0.155 0.487 
421 UA00011790    (0)   :  0.209 0.596 0.195 
422 UA00021586    (0)   :  0.366 0.311 0.323 
423 UA00033270    (0)   :  0.225 0.399 0.376 
424 UA00048073    (0)   :  0.200 0.321 0.479 
425 UA00048856    (0)   :  0.250 0.419 0.331 
426 UA00049713    (0)   :  0.187 0.573 0.239 
427 UA00046885    (0)   :  0.171 0.354 0.475 
428 UA00034893    (0)   :  0.128 0.397 0.475 
429 UA00048011    (0)   :  0.154 0.570 0.277 
430 UA00015786    (0)   :  0.428 0.336 0.235 
431 UA00013162    (0)   :  0.265 0.634 0.101 
432 UA00049512    (0)   :  0.235 0.255 0.510 
433 UA00004046    (0)   :  0.108 0.750 0.142 
434 UA00048881    (0)   :  0.566 0.226 0.208 
435 UA00046610    (0)   :  0.411 0.382 0.207 
436 UA00033282    (0)   :  0.267 0.312 0.421 
437 UA00047561    (0)   :  0.152 0.672 0.177 
438 UA00013777    (0)   :  0.240 0.580 0.180 
439 UA00062849    (0)   :  0.147 0.200 0.653 
440 UA00049786    (0)   :  0.120 0.769 0.111 
441 UA00033246    (0)   :  0.087 0.127 0.786 
442 UA00045302    (0)   :  0.178 0.382 0.440 
443 UA00048637    (0)   :  0.150 0.685 0.165 
444 UA00049832    (0)   :  0.220 0.193 0.587 
445 UA00022023    (0)   :  0.308 0.436 0.257 
446 UA00050192    (0)   :  0.375 0.337 0.288 
447 UA00050413    (0)   :  0.193 0.382 0.425 
448 UA00013445    (0)   :  0.098 0.644 0.258 
449 UA00035496    (0)   :  0.376 0.315 0.308 
450 UA00003333    (0)   :  0.528 0.290 0.182 
451 UA00064008    (0)   :  0.309 0.472 0.219 
452 UA00003427    (0)   :  0.410 0.302 0.288 
453 UA00028092    (0)   :  0.509 0.209 0.283 
454    pc003    (0)   :  0.703 0.163 0.135 
455 UA00034440    (0)   :  0.195 0.267 0.538 
456 UA00026062    (0)   :  0.159 0.732 0.109 
457 UA00014347    (0)   :  0.353 0.261 0.387 
458 UA00021516    (0)   :  0.125 0.661 0.214 
459 UA00049347    (0)   :  0.391 0.421 0.188 
460 UA00063436    (0)   :  0.460 0.198 0.342 
461 UA00047790    (0)   :  0.203 0.616 0.181 
462 UA00045714    (0)   :  0.520 0.293 0.187 
463 UA00038979    (0)   :  0.220 0.175 0.605 
464 UA00016123    (0)   :  0.328 0.477 0.196 
465 UA00034765    (0)   :  0.526 0.346 0.128 
466 UA00063815    (0)   :  0.711 0.125 0.164 
467 UA00034795    (0)   :  0.201 0.225 0.574 
468 UA00004000    (0)   :  0.580 0.237 0.182 
469 UA00049367    (0)   :  0.196 0.319 0.485 
470 UA00034457    (0)   :  0.172 0.491 0.337 
471 UA00050015    (0)   :  0.304 0.200 0.496 
472 UA00021373    (0)   :  0.238 0.436 0.327 
473 UA00050232    (0)   :  0.692 0.169 0.139 
474 UA00038724    (0)   :  0.286 0.221 0.494 
475 UA00007824    (0)   :  0.348 0.490 0.162 
476 UA00048754    (0)   :  0.210 0.646 0.144 
477 UA00014271    (0)   :  0.207 0.397 0.396 
478 UA00013756    (0)   :  0.441 0.161 0.398 
479 UA00014385    (0)   :  0.543 0.297 0.159 
480 UA00049609    (0)   :  0.171 0.257 0.573 
481 UA00003748    (0)   :  0.333 0.514 0.153 
482 UA00063952    (0)   :  0.254 0.520 0.226 
483 UA00058348    (0)   :  0.391 0.328 0.282 
484 UA00014922    (0)   :  0.594 0.233 0.173 
485 UA00003820    (0)   :  0.168 0.693 0.140 
486 UA00013693    (0)   :  0.409 0.370 0.221 
487 UA00047713    (0)   :  0.465 0.401 0.134 
488 UA00034891    (0)   :  0.562 0.177 0.262 
489 UA00049223    (0)   :  0.344 0.375 0.281 
490 UA00064399    (0)   :  0.828 0.107 0.065 
491 UA00013336    (0)   :  0.720 0.147 0.133 
492 UA00035291    (0)   :  0.739 0.174 0.087 
493 UA00003945    (0)   :  0.622 0.225 0.153 
494 UA00014518    (0)   :  0.462 0.392 0.145 
495 UA00013583    (0)   :  0.669 0.132 0.199 
496 UA00011510    (0)   :  0.562 0.266 0.172 
497 UA00046860    (0)   :  0.413 0.414 0.173 
498 UA00048853    (0)   :  0.601 0.234 0.166 
499 UA00012151    (0)   :  0.624 0.265 0.111 
500 UA00063930    (0)   :  0.574 0.126 0.300 
501 UA00013453    (0)   :  0.527 0.261 0.212 
502 UA00039299    (0)   :  0.719 0.160 0.121 
503 UA00014280    (0)   :  0.640 0.196 0.164 
504 UA00014200    (0)   :  0.437 0.451 0.113 
505 UA00040612    (0)   :  0.753 0.150 0.097 
506 UA00062679    (0)   :  0.737 0.143 0.120 
507 UA00034481    (0)   :  0.567 0.260 0.173 
508 UA00011880    (0)   :  0.439 0.121 0.440 
509 UA00013421    (0)   :  0.809 0.121 0.071 
510 UA00048051    (0)   :  0.761 0.140 0.099 
511 UA00063370    (0)   :  0.813 0.099 0.088 
512 UA00014716    (0)   :  0.748 0.128 0.124 
513 UA00033426    (0)   :  0.636 0.265 0.099 
514 UA00015190    (0)   :  0.781 0.122 0.097 
515 UA00013730    (0)   :  0.189 0.381 0.430 
516 UA00047644    (4)   :  0.679 0.179 0.141 
517 UA00031933    (9)   :  0.233 0.550 0.217 
518 UA00031541    (9)   :  0.482 0.282 0.236 
519   PCO-60    (4)   :  0.235 0.403 0.362 
520 UA00030495    (4)   :  0.397 0.275 0.328 
521 UA00031133    (4)   :  0.099 0.115 0.786 
522 UA00032049    (4)   :  0.523 0.219 0.258 
523 UA00030599    (4)   :  0.251 0.121 0.628 
524 UA00030250    (4)   :  0.140 0.635 0.224 
525 UA00049385    (4)   :  0.293 0.154 0.553 
526 UA00031816    (4)   :  0.115 0.105 0.781 
527 UA00030275    (4)   :  0.324 0.441 0.235 
528 UA00041861    (4)   :  0.259 0.473 0.269 
529 UA00041433    (4)   :  0.114 0.527 0.359 
530  PCO-114    (4)   :  0.186 0.662 0.152 
531 UA00031529    (4)   :  0.178 0.411 0.411 
532 UA00039719    (4)   :  0.179 0.489 0.332 
533  PCO-442    (4)   :  0.096 0.718 0.186 
534   PCO-58    (0)   :  0.198 0.696 0.106 
535 UA00048673    (4)   :  0.298 0.321 0.381 
536   PCO-63    (4)   :  0.154 0.399 0.447 


Estimated Allele Frequencies in each cluster
First column gives estimated ancestral frequencies


Locus 1 : PP01 
2 alleles
0.0% missing data
   1   (0.577) 0.589 0.593 0.586 
   2   (0.423) 0.411 0.407 0.414 

Locus 2 : PP02 
2 alleles
0.0% missing data
   1   (0.880) 0.981 0.916 0.897 
   2   (0.120) 0.019 0.084 0.103 

Locus 3 : PP03 
2 alleles
18.3% missing data
   1   (0.785) 0.955 0.862 0.693 
   2   (0.215) 0.045 0.138 0.307 

Locus 4 : PP04 
2 alleles
0.4% missing data
   1   (0.660) 0.831 0.825 0.476 
   2   (0.340) 0.169 0.175 0.524 

Locus 5 : PP06 
2 alleles
0.0% missing data
   1   (0.647) 0.634 0.563 0.759 
   2   (0.353) 0.366 0.437 0.241 

Locus 6 : PP07 
2 alleles
0.0% missing data
   1   (0.694) 0.942 0.734 0.570 
   2   (0.306) 0.058 0.266 0.430 

Locus 7 : PP09 
2 alleles
0.0% missing data
   1   (0.522) 0.314 0.280 0.774 
   2   (0.478) 0.686 0.720 0.226 

Locus 8 : PP10 
2 alleles
0.0% missing data
   1   (0.186) 0.440 0.127 0.096 
   2   (0.814) 0.560 0.873 0.904 

Locus 9 : PP11 
2 alleles
0.0% missing data
   1   (0.701) 0.828 0.579 0.803 
   2   (0.299) 0.172 0.421 0.197 

Locus 10 : PP12 
2 alleles
0.2% missing data
   1   (0.420) 0.148 0.430 0.503 
   2   (0.580) 0.852 0.570 0.497 

Locus 11 : PP13 
2 alleles
0.0% missing data
   1   (0.181) 0.352 0.142 0.088 
   2   (0.819) 0.648 0.858 0.912 

Locus 12 : PP14 
2 alleles
0.2% missing data
   1   (0.856) 0.938 0.815 0.937 
   2   (0.144) 0.062 0.185 0.063 

Locus 13 : PP15 
2 alleles
0.0% missing data
   1   (0.866) 0.663 0.976 0.862 
   2   (0.134) 0.337 0.024 0.138 

Locus 14 : PP16 
2 alleles
0.0% missing data
   1   (0.547) 0.385 0.464 0.677 
   2   (0.453) 0.615 0.536 0.323 

Locus 15 : PP17 
2 alleles
0.2% missing data
   1   (0.622) 0.673 0.660 0.618 
   2   (0.378) 0.327 0.340 0.382 

Locus 16 : PP18 
2 alleles
0.7% missing data
   1   (0.755) 0.904 0.713 0.800 
   2   (0.245) 0.096 0.287 0.200 

Locus 17 : PP20 
2 alleles
0.0% missing data
   1   (0.625) 0.520 0.692 0.643 
   2   (0.375) 0.480 0.308 0.357 

Locus 18 : PP21 
2 alleles
14.9% missing data
   1   (0.845) 0.985 0.877 0.806 
   2   (0.155) 0.015 0.123 0.194 

Locus 19 : PP22 
2 alleles
1.3% missing data
   1   (0.350) 0.065 0.694 0.211 
   2   (0.650) 0.935 0.306 0.789 

Locus 20 : PP23 
2 alleles
0.7% missing data
   1   (0.637) 0.795 0.603 0.647 
   2   (0.363) 0.205 0.397 0.353 

Locus 21 : PP24 
2 alleles
0.2% missing data
   1   (0.789) 0.693 0.862 0.843 
   2   (0.211) 0.307 0.138 0.157 

Locus 22 : PP25 
2 alleles
0.6% missing data
   1   (0.392) 0.613 0.264 0.396 
   2   (0.608) 0.387 0.736 0.604 

Values of parameters used in structure:
DATAFILE=Puma_SNP_genotypes_cut_AZ_final_HWEonly.str,	OUTFILE=outputfile_K3_4,	NUMINDS=536,	NUMLOCI=22,	MISSING=-9,	LABEL=1,	POPDATA=0,	POPFLAG=0,	PHENOTYPE=0,	EXTRACOLS=0,	MAXPOPS=3,	BURNIN=100000,	NUMREPS=500000,	USEPOPINFO=0,	INFERALPHA=1,	INFERLAMBDA=0,	POPSPECIFICLAMBDA=0,	POPALPHAS=0,	COMPUTEPROB=1,	NOADMIX=0,	ADMBURNIN=2500,	UPDATEFREQ=200,	PRINTLIKES=0,	INTERMEDSAVE=0,	PRINTKLD=0,	PRINTNET=0,	PRINTLAMBDA=0,	ANCESTDIST=0,	NUMBOXES=1000,	ANCESTPINT=0.90000,	GENSBACK=2,	MIGRPRIOR=0.05000,	PRINTQHAT=0,	PRINTQSUM=0,	ALPHA=1.0000,	FREQSCORR=1,	FPRIORMEAN=0.0100,	FPRIORSD=0.0500,	ONEFST=0,	LAMBDA=1.0000,	UNIFPRIORALPHA=1,	ALPHAMAX=10.0000,	ALPHAPRIORA=1.0000,	ALPHAPRIORB=2.0000,	ALPHAPROPSD=0.0250,	STARTATPOPINFO=0,	RANDOMIZE=1,	LINKAGE=0,	METROFREQ=20,	REPORTHITRATE=0,	MARKOVPHASE=0,	PHASED=0,	PLOIDY=2,	PHASEINFO=0	LOCPRIOR=0, 	LOCPRIORINIT=1.000000, 	LOCDATA=0, 	LOCISPOP=0, 	LOCPRIORSTEP=0.100000, 	MAXLOCPRIOR=20.000000, 	SEED=1716609021,	
[STRAT parameters]:    NUMSIMSTATS=1000,	PHENOTYPECOL=-9,	POOLFREQ=10,	LOCUSxONLY=0,	EMERROR=0.00100,	MISSINGPHENO=-9,	