

----------------------------------------------------
STRUCTURE by Pritchard, Stephens and Donnelly (2000)
     and Falush, Stephens and Pritchard (2003)
       Code by Pritchard, Falush and Hubisz
             Version 2.3.4 (Jul 2012)
----------------------------------------------------



Command line arguments:   structure -K 3 -o outputfile_K3_5 
Input File:    Puma_SNP_genotypes_cut_AZ_final_HWEonly.str

Run parameters:
   536 individuals
   22 loci
   3 populations assumed
   100000 Burn-in period
   500000 Reps


--------------------------------------------
Overall proportion of membership of the
sample in each of the 3 clusters

Inferred Clusters
  1      2      3    
0.334  0.328  0.338  

--------------------------------------------

Allele-freq. divergence among pops (Net nucleotide distance),
computed using point estimates of P.

      1       2       3      
 1      -    0.0526  0.0383  
 2   0.0526     -    0.0504  
 3   0.0383  0.0504     -    

Average distances (expected heterozygosity) between individuals in same cluster:
cluster  1  : 0.3572 
cluster  2  : 0.3144 
cluster  3  : 0.3536 

--------------------------------------------
Estimated Ln Prob of Data   = -12858.7
Mean value of ln likelihood = -12506.3
Variance of ln likelihood   = 704.9
Mean value of alpha         = 0.6269

Mean value of Fst_1         = 0.0878
Mean value of Fst_2         = 0.2102
Mean value of Fst_3         = 0.1074


Inferred ancestry of individuals:
        Label (%Miss) :  Inferred clusters
  1 UA00063336   (13)   :  0.294 0.460 0.246 
  2 UA00048914    (9)   :  0.201 0.461 0.338 
  3 UA00014769   (13)   :  0.524 0.088 0.389 
  4 UA00008132   (13)   :  0.331 0.288 0.381 
  5 UA00030462   (13)   :  0.233 0.520 0.247 
  6 UA00034866   (13)   :  0.360 0.285 0.355 
  7 UA00034800    (9)   :  0.214 0.655 0.132 
  8  Puco006    (9)   :  0.112 0.695 0.193 
  9 UA00048874    (4)   :  0.158 0.654 0.189 
 10 UA00049060    (9)   :  0.420 0.172 0.408 
 11 UA00033413    (9)   :  0.630 0.143 0.226 
 12  Puco021    (9)   :  0.726 0.159 0.115 
 13  Puco026    (9)   :  0.573 0.159 0.267 
 14  Puco008    (9)   :  0.175 0.625 0.199 
 15   M01301    (9)   :  0.582 0.169 0.249 
 16   M06306    (9)   :  0.511 0.329 0.160 
 17 UA00032185    (9)   :  0.389 0.299 0.313 
 18 UA00030792    (9)   :  0.115 0.809 0.076 
 19 UA00031647    (9)   :  0.233 0.540 0.227 
 20 UA00031979    (9)   :  0.374 0.295 0.331 
 21  Puco016    (9)   :  0.147 0.334 0.519 
 22  Puco010    (9)   :  0.526 0.215 0.258 
 23    M1035    (9)   :  0.352 0.235 0.413 
 24 UA00034601    (9)   :  0.414 0.350 0.236 
 25 UA00050388    (9)   :  0.400 0.359 0.241 
 26 UA00048699    (9)   :  0.149 0.369 0.482 
 27 UA00064058    (9)   :  0.351 0.166 0.483 
 28 UA00033981    (9)   :  0.659 0.202 0.139 
 29   F05033    (9)   :  0.507 0.134 0.358 
 30 UA00048520    (4)   :  0.405 0.403 0.191 
 31 UA00048422    (4)   :  0.233 0.677 0.090 
 32    PucoB    (4)   :  0.643 0.114 0.244 
 33 UA00047393    (4)   :  0.292 0.325 0.383 
 34 UA00064521    (4)   :  0.298 0.422 0.280 
 35 UA00003043    (4)   :  0.192 0.229 0.579 
 36 UA00063025    (4)   :  0.317 0.540 0.143 
 37 UA00063826    (4)   :  0.617 0.172 0.212 
 38   F07407    (4)   :  0.615 0.257 0.127 
 39 UA00021658    (4)   :  0.438 0.188 0.374 
 40 UA00003794    (4)   :  0.579 0.254 0.167 
 41 UA00041322    (4)   :  0.306 0.399 0.296 
 42 UA00063316    (4)   :  0.333 0.435 0.232 
 43 UA00047705    (4)   :  0.499 0.280 0.221 
 44 UA00033904    (4)   :  0.234 0.552 0.214 
 45 UA00048100    (4)   :  0.458 0.179 0.362 
 46 UA00032212    (4)   :  0.302 0.483 0.215 
 47 UA00031574    (4)   :  0.180 0.730 0.090 
 48 UA00031228    (4)   :  0.117 0.784 0.099 
 49 UA00047707    (4)   :  0.191 0.097 0.712 
 50 UA00030906    (4)   :  0.078 0.860 0.061 
 51 UA00041567    (4)   :  0.558 0.260 0.182 
 52 UA00007624    (4)   :  0.566 0.103 0.331 
 53 UA00034514    (4)   :  0.345 0.186 0.469 
 54 UA00030480    (4)   :  0.232 0.342 0.426 
 55  Puco012    (4)   :  0.295 0.222 0.484 
 56 UA00038677    (9)   :  0.330 0.474 0.196 
 57 UA00048275    (4)   :  0.608 0.180 0.212 
 58 UA00064055    (4)   :  0.142 0.212 0.647 
 59  Puco009    (4)   :  0.218 0.306 0.475 
 60 UA00064561    (4)   :  0.140 0.141 0.719 
 61 UA00003479    (4)   :  0.233 0.202 0.565 
 62 UA00063747    (4)   :  0.340 0.116 0.544 
 63 UA00002558    (4)   :  0.380 0.317 0.303 
 64 UA00048410    (4)   :  0.159 0.195 0.646 
 65 UA00012249    (4)   :  0.115 0.155 0.730 
 66 UA00033818    (4)   :  0.286 0.582 0.132 
 67  Puco020    (4)   :  0.190 0.372 0.438 
 68 UA00002545    (9)   :  0.147 0.199 0.654 
 69 UA00048508    (4)   :  0.310 0.139 0.550 
 70 UA00064100    (4)   :  0.369 0.259 0.372 
 71 UA00014585    (4)   :  0.272 0.217 0.511 
 72 UA00063698    (4)   :  0.213 0.616 0.171 
 73 UA00049753    (4)   :  0.371 0.431 0.198 
 74 UA00049037    (4)   :  0.368 0.177 0.455 
 75 UA00034941    (4)   :  0.450 0.352 0.198 
 76 UA00008083    (4)   :  0.170 0.610 0.220 
 77 UA00015084    (4)   :  0.209 0.653 0.138 
 78 UA00041010    (9)   :  0.089 0.775 0.136 
 79 UA00035261    (4)   :  0.282 0.473 0.245 
 80 UA00035431    (4)   :  0.544 0.150 0.306 
 81 UA00045274    (0)   :  0.427 0.343 0.230 
 82 UA00028200    (4)   :  0.196 0.645 0.159 
 83 UA00064559    (0)   :  0.188 0.732 0.080 
 84 UA00040808    (0)   :  0.128 0.626 0.246 
 85 UA00049156    (0)   :  0.199 0.644 0.157 
 86 UA00003952    (4)   :  0.132 0.518 0.350 
 87 UA00063954    (0)   :  0.422 0.321 0.257 
 88 UA00062934    (0)   :  0.317 0.462 0.221 
 89 UA00033829    (0)   :  0.139 0.762 0.099 
 90 UA00064351    (4)   :  0.609 0.259 0.131 
 91 UA00003697    (4)   :  0.170 0.676 0.154 
 92 UA00063438    (4)   :  0.242 0.543 0.215 
 93 UA00007608    (0)   :  0.256 0.599 0.145 
 94 UA00019683    (4)   :  0.600 0.291 0.108 
 95 UA00007781    (0)   :  0.486 0.225 0.289 
 96 UA00002915    (0)   :  0.181 0.554 0.265 
 97  Puco031    (4)   :  0.220 0.203 0.577 
 98 UA00048280    (4)   :  0.582 0.251 0.167 
 99 UA00048589    (0)   :  0.528 0.224 0.248 
100 UA00034417    (0)   :  0.202 0.426 0.371 
101 UA00050411    (4)   :  0.230 0.093 0.677 
102  Puco029    (4)   :  0.617 0.082 0.300 
103   F03403    (4)   :  0.669 0.115 0.216 
104 UA00049904    (0)   :  0.536 0.310 0.153 
105 UA00035335    (0)   :  0.528 0.079 0.393 
106 UA00012611    (0)   :  0.414 0.172 0.415 
107 UA00050319    (0)   :  0.739 0.093 0.168 
108 UA00032068    (4)   :  0.399 0.250 0.351 
109 UA00032026    (4)   :  0.392 0.221 0.387 
110 UA00030476    (4)   :  0.761 0.132 0.108 
111 UA00046853    (0)   :  0.668 0.193 0.139 
112 UA00040156    (4)   :  0.118 0.811 0.072 
113 UA00030528    (4)   :  0.186 0.382 0.433 
114  Puco025    (4)   :  0.336 0.106 0.557 
115    pc016    (0)   :  0.103 0.824 0.074 
116 UA00030617    (4)   :  0.331 0.083 0.586 
117 UA00030585    (4)   :  0.225 0.689 0.086 
118 UA00032060    (4)   :  0.502 0.290 0.208 
119    pc007    (0)   :  0.620 0.166 0.214 
120 UA00030798    (4)   :  0.211 0.651 0.138 
121 UA00030778    (4)   :  0.218 0.090 0.692 
122 UA00039674    (4)   :  0.117 0.790 0.093 
123 UA00032241    (4)   :  0.606 0.084 0.310 
124 UA00011624    (0)   :  0.367 0.152 0.481 
125 UA00033779    (4)   :  0.716 0.127 0.157 
126 UA00049402    (4)   :  0.136 0.292 0.573 
127 UA00033653    (0)   :  0.758 0.120 0.122 
128 UA00047738    (0)   :  0.422 0.348 0.230 
129 UA00047502    (4)   :  0.161 0.479 0.360 
130 UA00012014    (4)   :  0.224 0.233 0.543 
131 UA00040729    (0)   :  0.614 0.134 0.253 
132 UA00030392    (4)   :  0.357 0.113 0.531 
133 UA00050033    (0)   :  0.476 0.162 0.362 
134 UA00012152    (0)   :  0.147 0.292 0.562 
135 UA00050406    (0)   :  0.402 0.200 0.398 
136 UA00047973    (0)   :  0.494 0.157 0.349 
137 UA00008051    (0)   :  0.325 0.438 0.236 
138 UA00047337    (4)   :  0.448 0.272 0.280 
139 UA00041604    (4)   :  0.341 0.381 0.278 
140 UA00031704    (4)   :  0.291 0.089 0.620 
141 UA00040423    (4)   :  0.300 0.264 0.437 
142 UA00049433    (0)   :  0.164 0.374 0.462 
143 UA00034816    (0)   :  0.199 0.194 0.607 
144 UA00050214    (0)   :  0.203 0.108 0.689 
145 UA00041073    (0)   :  0.314 0.292 0.394 
146 UA00030318    (4)   :  0.284 0.159 0.558 
147 UA00046845    (0)   :  0.162 0.233 0.605 
148 UA00063946    (0)   :  0.761 0.133 0.106 
149 UA00031374    (4)   :  0.315 0.231 0.454 
150    M1136    (4)   :  0.228 0.393 0.379 
151 UA00034299    (0)   :  0.177 0.132 0.692 
152 UA00002387    (4)   :  0.124 0.158 0.718 
153 UA00021855    (0)   :  0.524 0.243 0.232 
154 UA00014500    (0)   :  0.282 0.181 0.537 
155 UA00050419    (4)   :  0.224 0.105 0.672 
156 UA00031854    (4)   :  0.362 0.236 0.402 
157    pc011    (4)   :  0.142 0.118 0.740 
158 UA00033004    (0)   :  0.198 0.241 0.561 
159 UA00046510    (0)   :  0.206 0.248 0.546 
160 UA00048747    (0)   :  0.158 0.185 0.657 
161 UA00014293    (0)   :  0.113 0.133 0.754 
162 UA00047686    (0)   :  0.172 0.440 0.388 
163 UA00033783    (4)   :  0.330 0.536 0.133 
164 UA00042609    (4)   :  0.151 0.431 0.417 
165 UA00031169    (4)   :  0.139 0.118 0.743 
166 UA00035181    (0)   :  0.473 0.084 0.443 
167 UA00050133    (0)   :  0.261 0.199 0.540 
168  Puco011    (4)   :  0.131 0.165 0.704 
169 UA00041476    (0)   :  0.180 0.309 0.511 
170 UA00046702    (0)   :  0.180 0.107 0.713 
171 UA00019940    (0)   :  0.353 0.264 0.383 
172 UA00049813    (0)   :  0.576 0.184 0.240 
173 UA00064165    (0)   :  0.199 0.571 0.230 
174 UA00064421    (0)   :  0.204 0.269 0.528 
175 UA00064569    (4)   :  0.380 0.099 0.521 
176 UA00003996    (0)   :  0.165 0.262 0.573 
177 UA00064491    (4)   :  0.300 0.145 0.556 
178 UA00011899    (0)   :  0.365 0.181 0.454 
179  Puco015    (4)   :  0.281 0.290 0.429 
180 UA00047929    (4)   :  0.658 0.094 0.247 
181 UA00056669    (0)   :  0.288 0.213 0.499 
182 UA00050176    (0)   :  0.240 0.329 0.430 
183  Puco014    (4)   :  0.464 0.285 0.251 
184 UA00019608    (0)   :  0.155 0.212 0.633 
185 UA00064333    (0)   :  0.179 0.208 0.613 
186  Puco013    (4)   :  0.215 0.314 0.471 
187 UA00016092    (0)   :  0.293 0.083 0.623 
188 UA00019060    (0)   :  0.133 0.675 0.192 
189 UA00063532    (0)   :  0.347 0.243 0.409 
190 UA00064117    (0)   :  0.149 0.652 0.198 
191 UA00011969    (0)   :  0.401 0.278 0.321 
192 UA00034586    (4)   :  0.539 0.123 0.338 
193 UA00030736    (4)   :  0.288 0.185 0.527 
194 UA00048493    (0)   :  0.311 0.226 0.463 
195 UA00040466    (0)   :  0.150 0.619 0.231 
196 UA00047659    (0)   :  0.404 0.180 0.416 
197 UA00042002    (4)   :  0.407 0.367 0.226 
198 UA00062606    (0)   :  0.231 0.326 0.443 
199 UA00030615    (4)   :  0.180 0.568 0.252 
200 UA00048899    (0)   :  0.351 0.220 0.429 
201 UA00047725    (0)   :  0.095 0.800 0.104 
202 UA00030866    (4)   :  0.272 0.288 0.441 
203 UA00034564    (0)   :  0.193 0.225 0.581 
204 UA00046520    (0)   :  0.734 0.112 0.154 
205 UA00035027    (0)   :  0.396 0.330 0.274 
206 UA00035421    (0)   :  0.128 0.346 0.526 
207 UA00062740    (4)   :  0.264 0.503 0.233 
208 UA00012360    (0)   :  0.166 0.602 0.232 
209 UA00050203    (0)   :  0.438 0.162 0.400 
210 UA00040534    (4)   :  0.128 0.721 0.150 
211 UA00031261    (4)   :  0.093 0.771 0.136 
212 UA00031917    (4)   :  0.103 0.743 0.154 
213 UA00040798    (4)   :  0.256 0.532 0.212 
214 UA00030598    (4)   :  0.238 0.481 0.281 
215 UA00050385    (0)   :  0.188 0.266 0.545 
216 UA00058283    (0)   :  0.131 0.743 0.126 
217 UA00042297    (4)   :  0.229 0.611 0.160 
218 UA00015415    (4)   :  0.107 0.680 0.213 
219 UA00035531    (0)   :  0.111 0.662 0.228 
220 UA00048683    (0)   :  0.162 0.498 0.340 
221 UA00046734    (4)   :  0.134 0.678 0.188 
222   pcRF01    (0)   :  0.112 0.086 0.803 
223 UA00007223    (0)   :  0.147 0.460 0.392 
224 UA00013841    (0)   :  0.426 0.264 0.310 
225 UA00014196    (0)   :  0.107 0.645 0.248 
226 UA00034635    (0)   :  0.337 0.179 0.484 
227 UA00047371    (0)   :  0.403 0.449 0.149 
228 UA00063544    (0)   :  0.413 0.382 0.204 
229 UA00064246    (0)   :  0.312 0.419 0.268 
230 UA00064328    (0)   :  0.220 0.506 0.274 
231 UA00002952    (0)   :  0.188 0.563 0.248 
232 UA00064079    (0)   :  0.320 0.394 0.286 
233 UA00046793    (0)   :  0.136 0.547 0.317 
234 UA00034769    (0)   :  0.323 0.549 0.128 
235 UA00034949    (0)   :  0.108 0.468 0.424 
236 UA00063753    (0)   :  0.543 0.338 0.119 
237 UA00015713    (0)   :  0.547 0.275 0.178 
238 UA00003494    (0)   :  0.104 0.372 0.524 
239 UA00056767    (0)   :  0.739 0.083 0.178 
240 UA00014461    (0)   :  0.205 0.404 0.391 
241 UA00034669    (0)   :  0.206 0.636 0.157 
242 UA00048164    (0)   :  0.276 0.278 0.446 
243 UA00007974    (0)   :  0.646 0.218 0.136 
244 UA00016166    (0)   :  0.181 0.485 0.335 
245 UA00015653    (0)   :  0.196 0.637 0.167 
246 UA00063882    (0)   :  0.161 0.551 0.288 
247 UA00049027    (0)   :  0.358 0.472 0.170 
248 UA00018878    (0)   :  0.540 0.323 0.136 
249 UA00038796    (0)   :  0.262 0.516 0.222 
250 UA00013465    (0)   :  0.170 0.663 0.167 
251 UA00014604    (0)   :  0.358 0.472 0.170 
252 UA00041913    (0)   :  0.513 0.361 0.125 
253 UA00021632    (0)   :  0.223 0.634 0.143 
254 UA00064027    (0)   :  0.258 0.480 0.262 
255 UA00015023    (0)   :  0.189 0.249 0.562 
256 UA00050243    (0)   :  0.241 0.467 0.292 
257 UA00048298    (0)   :  0.312 0.267 0.421 
258 UA00050437    (0)   :  0.222 0.423 0.355 
259 UA00014262    (0)   :  0.275 0.390 0.335 
260 UA00049129    (0)   :  0.539 0.192 0.269 
261 UA00014740    (0)   :  0.508 0.266 0.226 
262 UA00049612    (0)   :  0.203 0.683 0.114 
263 UA00014635    (0)   :  0.733 0.098 0.168 
264 UA00014673    (0)   :  0.272 0.550 0.178 
265 UA00033608    (0)   :  0.322 0.536 0.142 
266 UA00064540    (0)   :  0.613 0.225 0.162 
267 UA00050256    (0)   :  0.196 0.561 0.243 
268 UA00015274    (0)   :  0.278 0.212 0.511 
269 UA00062993    (0)   :  0.598 0.169 0.233 
270 UA00038364    (0)   :  0.441 0.327 0.231 
271 UA00014446    (0)   :  0.438 0.151 0.411 
272 UA00063545    (0)   :  0.144 0.726 0.130 
273 UA00040054    (0)   :  0.319 0.173 0.509 
274 UA00058447    (0)   :  0.562 0.176 0.261 
275 UA00046835    (0)   :  0.576 0.150 0.274 
276 UA00014608    (0)   :  0.491 0.209 0.300 
277    pc012    (0)   :  0.397 0.326 0.277 
278    pc002    (0)   :  0.271 0.555 0.174 
279 UA00033690    (0)   :  0.612 0.297 0.091 
280 UA00013688    (0)   :  0.382 0.274 0.344 
281 UA00063666    (0)   :  0.765 0.138 0.096 
282 UA00063292    (0)   :  0.751 0.103 0.146 
283    pc001    (0)   :  0.390 0.232 0.378 
284    pc008    (0)   :  0.544 0.201 0.255 
285 UA00034316    (0)   :  0.157 0.537 0.305 
286 UA00013046    (0)   :  0.577 0.101 0.321 
287 UA00050241    (0)   :  0.755 0.086 0.159 
288 UA00048599    (0)   :  0.672 0.111 0.217 
289 UA00046649    (0)   :  0.397 0.396 0.207 
290 UA00015674    (0)   :  0.386 0.508 0.106 
291 UA00013177    (0)   :  0.449 0.385 0.166 
292 UA00012814    (0)   :  0.288 0.216 0.496 
293 UA00034654    (0)   :  0.473 0.128 0.399 
294 UA00046743    (0)   :  0.622 0.124 0.254 
295 UA00014854    (0)   :  0.698 0.157 0.145 
296 UA00013729    (0)   :  0.273 0.194 0.533 
297 UA00063483    (0)   :  0.672 0.134 0.195 
298 UA00039326    (0)   :  0.491 0.249 0.260 
299 UA00014742    (0)   :  0.689 0.123 0.188 
300 UA00049597    (0)   :  0.576 0.282 0.142 
301 UA00048067    (0)   :  0.563 0.301 0.136 
302 UA00012918    (0)   :  0.718 0.180 0.102 
303 UA00013487    (0)   :  0.116 0.089 0.794 
304 UA00046759    (0)   :  0.284 0.513 0.203 
305 UA00050164    (0)   :  0.146 0.635 0.219 
306 UA00049839    (0)   :  0.631 0.159 0.210 
307 UA00048444    (0)   :  0.740 0.177 0.083 
308 UA00063857    (0)   :  0.663 0.099 0.238 
309 UA00014921    (0)   :  0.525 0.325 0.150 
310 UA00048895    (0)   :  0.406 0.427 0.167 
311 UA00014556    (0)   :  0.335 0.394 0.271 
312    pc009    (0)   :  0.801 0.078 0.121 
313 UA00014959    (0)   :  0.512 0.334 0.154 
314 UA00020709    (0)   :  0.435 0.249 0.317 
315 UA00013126    (0)   :  0.196 0.714 0.090 
316 UA00013695    (0)   :  0.229 0.634 0.137 
317 UA00049344    (0)   :  0.289 0.564 0.147 
318 UA00047614    (0)   :  0.127 0.788 0.085 
319 UA00014221    (0)   :  0.744 0.072 0.183 
320 UA00014346    (0)   :  0.667 0.185 0.148 
321 UA00014245    (0)   :  0.576 0.248 0.176 
322 UA00014696    (0)   :  0.097 0.775 0.128 
323 UA00006991    (0)   :  0.243 0.223 0.534 
324 UA00048948    (0)   :  0.367 0.228 0.405 
325 UA00002239    (0)   :  0.190 0.247 0.563 
326 UA00063459    (0)   :  0.789 0.097 0.114 
327 UA00048356    (0)   :  0.518 0.303 0.179 
328 UA00063940    (0)   :  0.280 0.293 0.426 
329 UA00048130    (0)   :  0.695 0.133 0.172 
330 UA00048903    (0)   :  0.439 0.082 0.479 
331 UA00064643    (0)   :  0.357 0.255 0.388 
332 UA00050233    (0)   :  0.371 0.195 0.434 
333 UA00012507    (0)   :  0.213 0.251 0.536 
334 UA00064416    (0)   :  0.177 0.132 0.691 
335 UA00034724    (0)   :  0.429 0.164 0.407 
336 UA00002621    (0)   :  0.540 0.111 0.350 
337 UA00033203    (0)   :  0.138 0.170 0.692 
338 UA00011996    (0)   :  0.481 0.189 0.330 
339 UA00014408    (0)   :  0.190 0.349 0.462 
340 UA00049502    (0)   :  0.483 0.260 0.257 
341 UA00062695    (0)   :  0.523 0.287 0.190 
342 UA00014072    (0)   :  0.609 0.185 0.205 
343 UA00003334    (0)   :  0.623 0.102 0.275 
344 UA00013835    (0)   :  0.514 0.232 0.254 
345 UA00046760    (0)   :  0.518 0.289 0.193 
346 UA00014241    (0)   :  0.398 0.136 0.466 
347 UA00049585    (0)   :  0.664 0.104 0.232 
348 UA00013409    (0)   :  0.518 0.316 0.167 
349 UA00047548    (0)   :  0.387 0.130 0.483 
350 UA00049038    (0)   :  0.341 0.500 0.159 
351 UA00047612    (0)   :  0.457 0.169 0.374 
352 UA00014822    (0)   :  0.220 0.638 0.142 
353 UA00035299    (0)   :  0.318 0.177 0.505 
354 UA00012804    (0)   :  0.325 0.490 0.185 
355 UA00049578    (0)   :  0.374 0.286 0.341 
356 UA00047672    (0)   :  0.100 0.140 0.761 
357 UA00043961    (0)   :  0.255 0.626 0.119 
358 UA00064575    (0)   :  0.428 0.362 0.210 
359 UA00014732    (0)   :  0.286 0.164 0.550 
360 UA00050181    (0)   :  0.238 0.155 0.607 
361 UA00033369    (0)   :  0.198 0.486 0.317 
362 UA00011982    (0)   :  0.205 0.077 0.717 
363 UA00014590    (0)   :  0.200 0.315 0.486 
364 UA00047743    (0)   :  0.223 0.126 0.651 
365 UA00046621    (0)   :  0.246 0.091 0.662 
366 UA00050422    (0)   :  0.296 0.274 0.430 
367 UA00002760    (0)   :  0.485 0.203 0.312 
368 UA00012999    (0)   :  0.339 0.241 0.419 
369 UA00063838    (0)   :  0.485 0.135 0.380 
370 UA00003729    (0)   :  0.332 0.516 0.152 
371 UA00015348    (0)   :  0.619 0.222 0.159 
372 UA00019058    (0)   :  0.594 0.217 0.189 
373 UA00049549    (0)   :  0.784 0.127 0.089 
374 UA00014334    (0)   :  0.197 0.265 0.537 
375 UA00014350    (0)   :  0.153 0.062 0.785 
376 UA00049227    (0)   :  0.225 0.494 0.281 
377 UA00014051    (0)   :  0.129 0.172 0.699 
378 UA00034381    (0)   :  0.370 0.230 0.399 
379 UA00002354    (0)   :  0.183 0.107 0.710 
380 UA00049892    (0)   :  0.613 0.142 0.246 
381 UA00021989    (0)   :  0.334 0.135 0.531 
382 UA00048968    (0)   :  0.263 0.167 0.570 
383 UA00013174    (0)   :  0.204 0.171 0.625 
384 UA00033992    (0)   :  0.240 0.332 0.428 
385 UA00015801    (0)   :  0.270 0.065 0.665 
386 UA00063303    (0)   :  0.462 0.350 0.189 
387 UA00050206    (0)   :  0.761 0.091 0.147 
388 UA00014458    (0)   :  0.407 0.260 0.333 
389 UA00007204    (0)   :  0.663 0.127 0.210 
390 UA00063212    (0)   :  0.370 0.489 0.141 
391 UA00013340    (0)   :  0.478 0.224 0.298 
392 UA00062743    (0)   :  0.114 0.177 0.709 
393 UA00063189    (0)   :  0.164 0.507 0.330 
394 UA00035432    (0)   :  0.578 0.110 0.311 
395 UA00007958    (0)   :  0.342 0.126 0.532 
396 UA00013634    (0)   :  0.139 0.129 0.733 
397 UA00048175    (0)   :  0.112 0.075 0.814 
398 UA00003202    (0)   :  0.444 0.172 0.384 
399 UA00035090    (0)   :  0.441 0.250 0.309 
400 UA00064679    (0)   :  0.208 0.397 0.395 
401 UA00039518    (0)   :  0.339 0.133 0.528 
402 UA00058268    (0)   :  0.362 0.186 0.452 
403 UA00049456    (0)   :  0.473 0.324 0.203 
404 UA00049550    (0)   :  0.532 0.205 0.263 
405 UA00048342    (0)   :  0.476 0.309 0.215 
406 UA00063493    (0)   :  0.474 0.107 0.419 
407 UA00058261    (0)   :  0.150 0.210 0.640 
408 UA00014663    (0)   :  0.246 0.248 0.507 
409 UA00048817    (0)   :  0.195 0.382 0.423 
410 UA00049381    (0)   :  0.160 0.143 0.697 
411 UA00035901    (0)   :  0.261 0.451 0.288 
412 UA00013301    (0)   :  0.602 0.242 0.157 
413 UA00047926    (0)   :  0.156 0.296 0.548 
414 UA00007272    (0)   :  0.125 0.343 0.532 
415 UA00016041    (0)   :  0.583 0.189 0.228 
416 UA00013502    (0)   :  0.342 0.130 0.528 
417 UA00002390    (0)   :  0.286 0.321 0.393 
418 UA00034907    (0)   :  0.433 0.220 0.347 
419 UA00048821    (0)   :  0.259 0.438 0.304 
420 UA00002136    (0)   :  0.490 0.354 0.156 
421 UA00011790    (0)   :  0.191 0.208 0.600 
422 UA00021586    (0)   :  0.320 0.366 0.314 
423 UA00033270    (0)   :  0.376 0.221 0.403 
424 UA00048073    (0)   :  0.480 0.197 0.323 
425 UA00048856    (0)   :  0.327 0.247 0.426 
426 UA00049713    (0)   :  0.230 0.186 0.584 
427 UA00046885    (0)   :  0.473 0.166 0.360 
428 UA00034893    (0)   :  0.475 0.126 0.399 
429 UA00048011    (0)   :  0.276 0.151 0.573 
430 UA00015786    (0)   :  0.234 0.430 0.336 
431 UA00013162    (0)   :  0.099 0.265 0.636 
432 UA00049512    (0)   :  0.507 0.236 0.257 
433 UA00004046    (0)   :  0.137 0.106 0.757 
434 UA00048881    (0)   :  0.209 0.567 0.224 
435 UA00046610    (0)   :  0.206 0.410 0.384 
436 UA00033282    (0)   :  0.424 0.263 0.313 
437 UA00047561    (0)   :  0.172 0.150 0.678 
438 UA00013777    (0)   :  0.175 0.237 0.587 
439 UA00062849    (0)   :  0.658 0.145 0.198 
440 UA00049786    (0)   :  0.108 0.119 0.773 
441 UA00033246    (0)   :  0.788 0.085 0.127 
442 UA00045302    (0)   :  0.441 0.176 0.383 
443 UA00048637    (0)   :  0.160 0.145 0.695 
444 UA00049832    (0)   :  0.594 0.213 0.193 
445 UA00022023    (0)   :  0.256 0.304 0.440 
446 UA00050192    (0)   :  0.292 0.372 0.337 
447 UA00050413    (0)   :  0.425 0.193 0.381 
448 UA00013445    (0)   :  0.259 0.096 0.646 
449 UA00035496    (0)   :  0.306 0.381 0.313 
450 UA00003333    (0)   :  0.182 0.530 0.288 
451 UA00064008    (0)   :  0.217 0.307 0.475 
452 UA00003427    (0)   :  0.289 0.409 0.302 
453 UA00028092    (0)   :  0.278 0.512 0.210 
454    pc003    (0)   :  0.133 0.708 0.159 
455 UA00034440    (0)   :  0.543 0.187 0.269 
456 UA00026062    (0)   :  0.109 0.158 0.733 
457 UA00014347    (0)   :  0.388 0.353 0.259 
458 UA00021516    (0)   :  0.210 0.123 0.667 
459 UA00049347    (0)   :  0.186 0.396 0.418 
460 UA00063436    (0)   :  0.339 0.464 0.197 
461 UA00047790    (0)   :  0.179 0.198 0.623 
462 UA00045714    (0)   :  0.184 0.523 0.293 
463 UA00038979    (0)   :  0.607 0.215 0.178 
464 UA00016123    (0)   :  0.195 0.330 0.474 
465 UA00034765    (0)   :  0.125 0.533 0.342 
466 UA00063815    (0)   :  0.162 0.716 0.123 
467 UA00034795    (0)   :  0.577 0.196 0.227 
468 UA00004000    (0)   :  0.181 0.589 0.231 
469 UA00049367    (0)   :  0.486 0.194 0.320 
470 UA00034457    (0)   :  0.336 0.167 0.497 
471 UA00050015    (0)   :  0.503 0.300 0.197 
472 UA00021373    (0)   :  0.326 0.231 0.442 
473 UA00050232    (0)   :  0.137 0.698 0.165 
474 UA00038724    (0)   :  0.500 0.282 0.218 
475 UA00007824    (0)   :  0.159 0.349 0.492 
476 UA00048754    (0)   :  0.142 0.210 0.648 
477 UA00014271    (0)   :  0.394 0.205 0.401 
478 UA00013756    (0)   :  0.399 0.441 0.161 
479 UA00014385    (0)   :  0.158 0.547 0.295 
480 UA00049609    (0)   :  0.577 0.165 0.258 
481 UA00003748    (0)   :  0.149 0.334 0.517 
482 UA00063952    (0)   :  0.223 0.251 0.526 
483 UA00058348    (0)   :  0.280 0.394 0.326 
484 UA00014922    (0)   :  0.167 0.606 0.226 
485 UA00003820    (0)   :  0.136 0.166 0.697 
486 UA00013693    (0)   :  0.219 0.411 0.370 
487 UA00047713    (0)   :  0.131 0.472 0.397 
488 UA00034891    (0)   :  0.263 0.562 0.175 
489 UA00049223    (0)   :  0.279 0.345 0.377 
490 UA00064399    (0)   :  0.064 0.831 0.105 
491 UA00013336    (0)   :  0.129 0.730 0.141 
492 UA00035291    (0)   :  0.084 0.749 0.167 
493 UA00003945    (0)   :  0.149 0.627 0.223 
494 UA00014518    (0)   :  0.144 0.464 0.392 
495 UA00013583    (0)   :  0.198 0.673 0.128 
496 UA00011510    (0)   :  0.167 0.566 0.266 
497 UA00046860    (0)   :  0.166 0.415 0.419 
498 UA00048853    (0)   :  0.162 0.604 0.234 
499 UA00012151    (0)   :  0.109 0.631 0.260 
500 UA00063930    (0)   :  0.300 0.576 0.124 
501 UA00013453    (0)   :  0.213 0.525 0.262 
502 UA00039299    (0)   :  0.118 0.727 0.155 
503 UA00014280    (0)   :  0.163 0.643 0.194 
504 UA00014200    (0)   :  0.113 0.435 0.453 
505 UA00040612    (0)   :  0.094 0.762 0.144 
506 UA00062679    (0)   :  0.116 0.747 0.137 
507 UA00034481    (0)   :  0.172 0.574 0.254 
508 UA00011880    (0)   :  0.443 0.440 0.118 
509 UA00013421    (0)   :  0.070 0.815 0.115 
510 UA00048051    (0)   :  0.097 0.767 0.136 
511 UA00063370    (0)   :  0.085 0.820 0.095 
512 UA00014716    (0)   :  0.122 0.754 0.124 
513 UA00033426    (0)   :  0.097 0.641 0.262 
514 UA00015190    (0)   :  0.096 0.786 0.118 
515 UA00013730    (0)   :  0.430 0.183 0.388 
516 UA00047644    (4)   :  0.139 0.688 0.173 
517 UA00031933    (9)   :  0.215 0.229 0.556 
518 UA00031541    (9)   :  0.232 0.488 0.281 
519   PCO-60    (4)   :  0.364 0.231 0.405 
520 UA00030495    (4)   :  0.329 0.395 0.276 
521 UA00031133    (4)   :  0.790 0.096 0.115 
522 UA00032049    (4)   :  0.261 0.523 0.216 
523 UA00030599    (4)   :  0.636 0.244 0.120 
524 UA00030250    (4)   :  0.219 0.137 0.644 
525 UA00049385    (4)   :  0.556 0.293 0.151 
526 UA00031816    (4)   :  0.787 0.111 0.102 
527 UA00030275    (4)   :  0.233 0.323 0.444 
528 UA00041861    (4)   :  0.266 0.255 0.479 
529 UA00041433    (4)   :  0.359 0.112 0.528 
530  PCO-114    (4)   :  0.149 0.185 0.666 
531 UA00031529    (4)   :  0.407 0.178 0.415 
532 UA00039719    (4)   :  0.324 0.178 0.498 
533  PCO-442    (4)   :  0.184 0.093 0.723 
534   PCO-58    (0)   :  0.103 0.195 0.702 
535 UA00048673    (4)   :  0.388 0.296 0.315 
536   PCO-63    (4)   :  0.442 0.150 0.408 


Estimated Allele Frequencies in each cluster
First column gives estimated ancestral frequencies


Locus 1 : PP01 
2 alleles
0.0% missing data
   1   (0.578) 0.586 0.588 0.594 
   2   (0.422) 0.414 0.412 0.406 

Locus 2 : PP02 
2 alleles
0.0% missing data
   1   (0.881) 0.898 0.980 0.916 
   2   (0.119) 0.102 0.020 0.084 

Locus 3 : PP03 
2 alleles
18.3% missing data
   1   (0.782) 0.693 0.954 0.863 
   2   (0.218) 0.307 0.046 0.137 

Locus 4 : PP04 
2 alleles
0.4% missing data
   1   (0.657) 0.479 0.831 0.822 
   2   (0.343) 0.521 0.169 0.178 

Locus 5 : PP06 
2 alleles
0.0% missing data
   1   (0.650) 0.758 0.633 0.565 
   2   (0.350) 0.242 0.367 0.435 

Locus 6 : PP07 
2 alleles
0.0% missing data
   1   (0.691) 0.571 0.941 0.733 
   2   (0.309) 0.429 0.059 0.267 

Locus 7 : PP09 
2 alleles
0.0% missing data
   1   (0.529) 0.771 0.312 0.284 
   2   (0.471) 0.229 0.688 0.716 

Locus 8 : PP10 
2 alleles
0.0% missing data
   1   (0.185) 0.099 0.437 0.127 
   2   (0.815) 0.901 0.563 0.873 

Locus 9 : PP11 
2 alleles
0.0% missing data
   1   (0.704) 0.802 0.826 0.582 
   2   (0.296) 0.198 0.174 0.418 

Locus 10 : PP12 
2 alleles
0.2% missing data
   1   (0.421) 0.500 0.149 0.431 
   2   (0.579) 0.500 0.851 0.569 

Locus 11 : PP13 
2 alleles
0.0% missing data
   1   (0.180) 0.091 0.349 0.142 
   2   (0.820) 0.909 0.651 0.858 

Locus 12 : PP14 
2 alleles
0.2% missing data
   1   (0.859) 0.938 0.938 0.815 
   2   (0.141) 0.062 0.062 0.185 

Locus 13 : PP15 
2 alleles
0.0% missing data
   1   (0.865) 0.860 0.665 0.975 
   2   (0.135) 0.140 0.335 0.025 

Locus 14 : PP16 
2 alleles
0.0% missing data
   1   (0.549) 0.674 0.386 0.466 
   2   (0.451) 0.326 0.614 0.534 

Locus 15 : PP17 
2 alleles
0.2% missing data
   1   (0.624) 0.620 0.671 0.660 
   2   (0.376) 0.380 0.329 0.340 

Locus 16 : PP18 
2 alleles
0.7% missing data
   1   (0.755) 0.800 0.903 0.713 
   2   (0.245) 0.200 0.097 0.287 

Locus 17 : PP20 
2 alleles
0.0% missing data
   1   (0.626) 0.642 0.520 0.693 
   2   (0.374) 0.358 0.480 0.307 

Locus 18 : PP21 
2 alleles
14.9% missing data
   1   (0.844) 0.806 0.985 0.876 
   2   (0.156) 0.194 0.015 0.124 

Locus 19 : PP22 
2 alleles
1.3% missing data
   1   (0.349) 0.211 0.067 0.691 
   2   (0.651) 0.789 0.933 0.309 

Locus 20 : PP23 
2 alleles
0.7% missing data
   1   (0.637) 0.650 0.793 0.602 
   2   (0.363) 0.350 0.207 0.398 

Locus 21 : PP24 
2 alleles
0.2% missing data
   1   (0.790) 0.841 0.694 0.864 
   2   (0.210) 0.159 0.306 0.136 

Locus 22 : PP25 
2 alleles
0.6% missing data
   1   (0.393) 0.397 0.610 0.266 
   2   (0.607) 0.603 0.390 0.734 

Values of parameters used in structure:
DATAFILE=Puma_SNP_genotypes_cut_AZ_final_HWEonly.str,	OUTFILE=outputfile_K3_5,	NUMINDS=536,	NUMLOCI=22,	MISSING=-9,	LABEL=1,	POPDATA=0,	POPFLAG=0,	PHENOTYPE=0,	EXTRACOLS=0,	MAXPOPS=3,	BURNIN=100000,	NUMREPS=500000,	USEPOPINFO=0,	INFERALPHA=1,	INFERLAMBDA=0,	POPSPECIFICLAMBDA=0,	POPALPHAS=0,	COMPUTEPROB=1,	NOADMIX=0,	ADMBURNIN=2500,	UPDATEFREQ=200,	PRINTLIKES=0,	INTERMEDSAVE=0,	PRINTKLD=0,	PRINTNET=0,	PRINTLAMBDA=0,	ANCESTDIST=0,	NUMBOXES=1000,	ANCESTPINT=0.90000,	GENSBACK=2,	MIGRPRIOR=0.05000,	PRINTQHAT=0,	PRINTQSUM=0,	ALPHA=1.0000,	FREQSCORR=1,	FPRIORMEAN=0.0100,	FPRIORSD=0.0500,	ONEFST=0,	LAMBDA=1.0000,	UNIFPRIORALPHA=1,	ALPHAMAX=10.0000,	ALPHAPRIORA=1.0000,	ALPHAPRIORB=2.0000,	ALPHAPROPSD=0.0250,	STARTATPOPINFO=0,	RANDOMIZE=1,	LINKAGE=0,	METROFREQ=20,	REPORTHITRATE=0,	MARKOVPHASE=0,	PHASED=0,	PLOIDY=2,	PHASEINFO=0	LOCPRIOR=0, 	LOCPRIORINIT=1.000000, 	LOCDATA=0, 	LOCISPOP=0, 	LOCPRIORSTEP=0.100000, 	MAXLOCPRIOR=20.000000, 	SEED=1716609500,	
[STRAT parameters]:    NUMSIMSTATS=1000,	PHENOTYPECOL=-9,	POOLFREQ=10,	LOCUSxONLY=0,	EMERROR=0.00100,	MISSINGPHENO=-9,	