

----------------------------------------------------
STRUCTURE by Pritchard, Stephens and Donnelly (2000)
     and Falush, Stephens and Pritchard (2003)
       Code by Pritchard, Falush and Hubisz
             Version 2.3.4 (Jul 2012)
----------------------------------------------------



Command line arguments:   structure -K 7 -o outputfile_K7_8 
Input File:    Puma_SNP_genotypes_cut_AZ_final_HWEonly.str

Run parameters:
   536 individuals
   22 loci
   7 populations assumed
   100000 Burn-in period
   500000 Reps


--------------------------------------------
Overall proportion of membership of the
sample in each of the 7 clusters

Inferred Clusters
  1      2      3      4      5      6      7    
0.146  0.127  0.146  0.146  0.144  0.146  0.146  

--------------------------------------------

Allele-freq. divergence among pops (Net nucleotide distance),
computed using point estimates of P.

      1       2       3       4       5       6       7      
 1      -    0.0600  0.0002  0.0013  0.0430  0.0003  0.0010  
 2   0.0600     -    0.0627  0.0593  0.0774  0.0600  0.0599  
 3   0.0002  0.0627     -    0.0012  0.0466  0.0003  0.0009  
 4   0.0013  0.0593  0.0012     -    0.0481  0.0003  0.0000  
 5   0.0430  0.0774  0.0466  0.0481     -    0.0460  0.0483  
 6   0.0003  0.0600  0.0003  0.0003  0.0460     -    0.0002  
 7   0.0010  0.0599  0.0009  0.0000  0.0483  0.0002     -    

Average distances (expected heterozygosity) between individuals in same cluster:
cluster  1  : 0.3788 
cluster  2  : 0.2815 
cluster  3  : 0.3763 
cluster  4  : 0.3781 
cluster  5  : 0.2649 
cluster  6  : 0.3784 
cluster  7  : 0.3778 

--------------------------------------------
Estimated Ln Prob of Data   = -13449.4
Mean value of ln likelihood = -12289.9
Variance of ln likelihood   = 2319.0
Mean value of alpha         = 0.1644

Mean value of Fst_1         = 0.0501
Mean value of Fst_2         = 0.3045
Mean value of Fst_3         = 0.0689
Mean value of Fst_4         = 0.0806
Mean value of Fst_5         = 0.2824
Mean value of Fst_6         = 0.0655
Mean value of Fst_7         = 0.0780


Inferred ancestry of individuals:
        Label (%Miss) :  Inferred clusters
  1 UA00063336   (13)   :  0.120 0.394 0.105 0.107 0.055 0.110 0.109 
  2 UA00048914    (9)   :  0.160 0.098 0.148 0.137 0.178 0.141 0.138 
  3 UA00014769   (13)   :  0.164 0.044 0.225 0.170 0.018 0.191 0.188 
  4 UA00008132   (13)   :  0.177 0.110 0.165 0.153 0.071 0.163 0.161 
  5 UA00030462   (13)   :  0.145 0.080 0.130 0.131 0.254 0.132 0.128 
  6 UA00034866   (13)   :  0.180 0.030 0.153 0.163 0.151 0.162 0.160 
  7 UA00034800    (9)   :  0.062 0.625 0.060 0.060 0.070 0.061 0.061 
  8  Puco006    (9)   :  0.054 0.055 0.048 0.047 0.702 0.048 0.047 
  9 UA00048874    (4)   :  0.090 0.492 0.085 0.078 0.086 0.086 0.082 
 10 UA00049060    (9)   :  0.169 0.090 0.196 0.158 0.039 0.173 0.176 
 11 UA00033413    (9)   :  0.145 0.033 0.153 0.225 0.055 0.186 0.202 
 12  Puco021    (9)   :  0.122 0.130 0.135 0.217 0.029 0.170 0.196 
 13  Puco026    (9)   :  0.162 0.099 0.170 0.181 0.031 0.175 0.182 
 14  Puco008    (9)   :  0.126 0.230 0.111 0.109 0.201 0.115 0.108 
 15   M01301    (9)   :  0.136 0.026 0.161 0.199 0.109 0.177 0.193 
 16   M06306    (9)   :  0.103 0.443 0.098 0.114 0.028 0.105 0.110 
 17 UA00032185    (9)   :  0.159 0.088 0.159 0.157 0.103 0.167 0.167 
 18 UA00030792    (9)   :  0.020 0.878 0.020 0.020 0.024 0.019 0.020 
 19 UA00031647    (9)   :  0.148 0.235 0.122 0.129 0.110 0.130 0.126 
 20 UA00031979    (9)   :  0.171 0.066 0.173 0.164 0.091 0.169 0.166 
 21  Puco016    (9)   :  0.167 0.037 0.143 0.134 0.240 0.144 0.134 
 22  Puco010    (9)   :  0.161 0.060 0.174 0.190 0.056 0.178 0.182 
 23    M1035    (9)   :  0.179 0.132 0.180 0.153 0.031 0.167 0.158 
 24 UA00034601    (9)   :  0.155 0.104 0.138 0.166 0.128 0.153 0.156 
 25 UA00050388    (9)   :  0.168 0.107 0.153 0.161 0.088 0.162 0.161 
 26 UA00048699    (9)   :  0.129 0.039 0.113 0.102 0.397 0.115 0.105 
 27 UA00064058    (9)   :  0.184 0.080 0.188 0.167 0.034 0.179 0.168 
 28 UA00033981    (9)   :  0.138 0.072 0.140 0.214 0.062 0.179 0.195 
 29   F05033    (9)   :  0.168 0.047 0.188 0.182 0.040 0.184 0.192 
 30 UA00048520    (4)   :  0.125 0.219 0.126 0.146 0.103 0.137 0.145 
 31 UA00048422    (4)   :  0.034 0.797 0.033 0.037 0.029 0.034 0.035 
 32    PucoB    (4)   :  0.164 0.061 0.162 0.212 0.023 0.178 0.201 
 33 UA00047393    (4)   :  0.163 0.196 0.168 0.132 0.044 0.152 0.146 
 34 UA00064521    (4)   :  0.159 0.053 0.133 0.144 0.222 0.142 0.146 
 35 UA00003043    (4)   :  0.174 0.030 0.176 0.144 0.170 0.159 0.148 
 36 UA00063025    (4)   :  0.126 0.231 0.110 0.128 0.159 0.120 0.125 
 37 UA00063826    (4)   :  0.163 0.065 0.159 0.201 0.038 0.182 0.193 
 38   F07407    (4)   :  0.114 0.252 0.123 0.169 0.037 0.145 0.159 
 39 UA00021658    (4)   :  0.184 0.059 0.174 0.170 0.054 0.179 0.180 
 40 UA00003794    (4)   :  0.122 0.229 0.133 0.166 0.045 0.145 0.160 
 41 UA00041322    (4)   :  0.177 0.101 0.153 0.158 0.088 0.167 0.156 
 42 UA00063316    (4)   :  0.166 0.123 0.139 0.152 0.125 0.150 0.146 
 43 UA00047705    (4)   :  0.161 0.082 0.151 0.173 0.088 0.170 0.175 
 44 UA00033904    (4)   :  0.106 0.428 0.102 0.103 0.056 0.100 0.105 
 45 UA00048100    (4)   :  0.174 0.037 0.174 0.184 0.068 0.182 0.180 
 46 UA00032212    (4)   :  0.125 0.276 0.122 0.122 0.115 0.122 0.118 
 47 UA00031574    (4)   :  0.037 0.763 0.035 0.037 0.053 0.037 0.038 
 48 UA00031228    (4)   :  0.027 0.834 0.026 0.025 0.037 0.026 0.026 
 49 UA00047707    (4)   :  0.203 0.021 0.214 0.159 0.037 0.186 0.180 
 50 UA00030906    (4)   :  0.019 0.872 0.018 0.019 0.035 0.019 0.019 
 51 UA00041567    (4)   :  0.142 0.071 0.147 0.197 0.082 0.176 0.185 
 52 UA00007624    (4)   :  0.169 0.026 0.188 0.184 0.040 0.193 0.201 
 53 UA00034514    (4)   :  0.197 0.047 0.181 0.170 0.063 0.173 0.169 
 54 UA00030480    (4)   :  0.174 0.171 0.153 0.157 0.040 0.157 0.149 
 55  Puco012    (4)   :  0.195 0.046 0.178 0.161 0.080 0.174 0.165 
 56 UA00038677    (9)   :  0.144 0.145 0.128 0.144 0.159 0.139 0.142 
 57 UA00048275    (4)   :  0.169 0.041 0.158 0.206 0.051 0.181 0.193 
 58 UA00064055    (4)   :  0.198 0.051 0.184 0.163 0.073 0.165 0.165 
 59  Puco009    (4)   :  0.157 0.031 0.155 0.133 0.238 0.147 0.140 
 60 UA00064561    (4)   :  0.178 0.028 0.227 0.139 0.077 0.176 0.174 
 61 UA00003479    (4)   :  0.188 0.041 0.183 0.163 0.090 0.175 0.161 
 62 UA00063747    (4)   :  0.179 0.022 0.183 0.186 0.064 0.181 0.186 
 63 UA00002558    (4)   :  0.149 0.036 0.140 0.149 0.227 0.149 0.150 
 64 UA00048410    (4)   :  0.160 0.024 0.164 0.128 0.229 0.154 0.142 
 65 UA00012249    (4)   :  0.195 0.027 0.195 0.150 0.114 0.165 0.153 
 66 UA00033818    (4)   :  0.067 0.574 0.067 0.075 0.070 0.072 0.075 
 67  Puco020    (4)   :  0.158 0.160 0.167 0.129 0.092 0.152 0.143 
 68 UA00002545    (9)   :  0.193 0.090 0.196 0.154 0.043 0.163 0.160 
 69 UA00048508    (4)   :  0.188 0.038 0.193 0.166 0.051 0.187 0.177 
 70 UA00064100    (4)   :  0.189 0.067 0.171 0.166 0.061 0.173 0.174 
 71 UA00014585    (4)   :  0.192 0.051 0.177 0.166 0.077 0.172 0.165 
 72 UA00063698    (4)   :  0.102 0.125 0.092 0.100 0.388 0.095 0.097 
 73 UA00049753    (4)   :  0.117 0.424 0.104 0.114 0.028 0.107 0.106 
 74 UA00049037    (4)   :  0.193 0.071 0.180 0.171 0.038 0.174 0.173 
 75 UA00034941    (4)   :  0.171 0.094 0.143 0.177 0.094 0.161 0.160 
 76 UA00008083    (4)   :  0.076 0.057 0.072 0.071 0.582 0.070 0.072 
 77 UA00015084    (4)   :  0.098 0.174 0.089 0.099 0.343 0.099 0.098 
 78 UA00041010    (9)   :  0.062 0.301 0.056 0.053 0.415 0.057 0.055 
 79 UA00035261    (4)   :  0.138 0.241 0.122 0.125 0.124 0.127 0.124 
 80 UA00035431    (4)   :  0.167 0.023 0.166 0.194 0.080 0.186 0.184 
 81 UA00045274    (0)   :  0.154 0.102 0.141 0.168 0.113 0.158 0.164 
 82 UA00028200    (4)   :  0.101 0.383 0.089 0.098 0.137 0.096 0.095 
 83 UA00064559    (0)   :  0.027 0.837 0.026 0.028 0.028 0.027 0.027 
 84 UA00040808    (0)   :  0.101 0.399 0.099 0.086 0.132 0.095 0.088 
 85 UA00049156    (0)   :  0.097 0.414 0.086 0.088 0.136 0.090 0.088 
 86 UA00003952    (4)   :  0.085 0.038 0.079 0.070 0.577 0.078 0.073 
 87 UA00063954    (0)   :  0.162 0.192 0.149 0.147 0.040 0.153 0.157 
 88 UA00062934    (0)   :  0.144 0.238 0.136 0.133 0.074 0.138 0.136 
 89 UA00033829    (0)   :  0.052 0.559 0.048 0.050 0.193 0.049 0.050 
 90 UA00064351    (4)   :  0.130 0.047 0.143 0.209 0.105 0.173 0.193 
 91 UA00003697    (4)   :  0.083 0.086 0.076 0.074 0.528 0.079 0.074 
 92 UA00063438    (4)   :  0.143 0.248 0.125 0.126 0.099 0.132 0.127 
 93 UA00007608    (0)   :  0.116 0.251 0.105 0.113 0.184 0.116 0.116 
 94 UA00019683    (4)   :  0.080 0.461 0.087 0.119 0.034 0.102 0.118 
 95 UA00007781    (0)   :  0.172 0.053 0.159 0.185 0.071 0.173 0.187 
 96 UA00002915    (0)   :  0.134 0.332 0.116 0.110 0.091 0.112 0.106 
 97  Puco031    (4)   :  0.195 0.054 0.177 0.163 0.068 0.176 0.167 
 98 UA00048280    (4)   :  0.163 0.044 0.148 0.195 0.091 0.173 0.187 
 99 UA00048589    (0)   :  0.152 0.102 0.161 0.183 0.053 0.168 0.181 
100 UA00034417    (0)   :  0.155 0.135 0.142 0.132 0.162 0.139 0.136 
101 UA00050411    (4)   :  0.203 0.022 0.214 0.167 0.038 0.181 0.175 
102  Puco029    (4)   :  0.170 0.041 0.192 0.197 0.019 0.186 0.195 
103   F03403    (4)   :  0.133 0.025 0.155 0.234 0.049 0.187 0.218 
104 UA00049904    (0)   :  0.146 0.189 0.131 0.162 0.057 0.155 0.161 
105 UA00035335    (0)   :  0.174 0.031 0.206 0.189 0.016 0.194 0.191 
106 UA00012611    (0)   :  0.201 0.049 0.176 0.180 0.036 0.180 0.178 
107 UA00050319    (0)   :  0.132 0.026 0.156 0.240 0.028 0.192 0.226 
108 UA00032068    (4)   :  0.182 0.137 0.162 0.163 0.029 0.165 0.163 
109 UA00032026    (4)   :  0.180 0.101 0.170 0.163 0.043 0.172 0.171 
110 UA00030476    (4)   :  0.122 0.088 0.141 0.231 0.025 0.180 0.214 
111 UA00046853    (0)   :  0.132 0.078 0.151 0.218 0.044 0.185 0.193 
112 UA00040156    (4)   :  0.019 0.883 0.019 0.019 0.023 0.019 0.019 
113 UA00030528    (4)   :  0.157 0.238 0.152 0.128 0.038 0.148 0.140 
114  Puco025    (4)   :  0.180 0.034 0.222 0.166 0.030 0.185 0.182 
115    pc016    (0)   :  0.019 0.885 0.019 0.018 0.024 0.018 0.018 
116 UA00030617    (4)   :  0.180 0.024 0.227 0.164 0.026 0.189 0.191 
117 UA00030585    (4)   :  0.031 0.799 0.031 0.034 0.039 0.032 0.035 
118 UA00032060    (4)   :  0.143 0.254 0.135 0.142 0.039 0.143 0.144 
119    pc007    (0)   :  0.144 0.074 0.154 0.201 0.052 0.183 0.193 
120 UA00030798    (4)   :  0.041 0.778 0.037 0.039 0.025 0.041 0.038 
121 UA00030778    (4)   :  0.202 0.022 0.212 0.169 0.029 0.187 0.179 
122 UA00039674    (4)   :  0.025 0.856 0.024 0.023 0.024 0.024 0.024 
123 UA00032241    (4)   :  0.162 0.023 0.193 0.196 0.028 0.201 0.197 
124 UA00011624    (0)   :  0.182 0.038 0.201 0.180 0.043 0.180 0.176 
125 UA00033779    (4)   :  0.133 0.034 0.155 0.237 0.043 0.185 0.213 
126 UA00049402    (4)   :  0.183 0.052 0.159 0.144 0.174 0.149 0.139 
127 UA00033653    (0)   :  0.124 0.028 0.152 0.248 0.038 0.188 0.221 
128 UA00047738    (0)   :  0.158 0.082 0.159 0.167 0.107 0.167 0.162 
129 UA00047502    (4)   :  0.155 0.072 0.142 0.132 0.225 0.142 0.131 
130 UA00012014    (4)   :  0.196 0.056 0.181 0.165 0.066 0.173 0.164 
131 UA00040729    (0)   :  0.158 0.063 0.177 0.194 0.036 0.177 0.195 
132 UA00030392    (4)   :  0.187 0.044 0.207 0.157 0.031 0.189 0.184 
133 UA00050033    (0)   :  0.179 0.076 0.180 0.173 0.042 0.175 0.176 
134 UA00012152    (0)   :  0.104 0.024 0.109 0.085 0.490 0.094 0.094 
135 UA00050406    (0)   :  0.195 0.059 0.173 0.172 0.054 0.176 0.170 
136 UA00047973    (0)   :  0.183 0.042 0.170 0.190 0.051 0.179 0.185 
137 UA00008051    (0)   :  0.149 0.127 0.158 0.142 0.124 0.152 0.149 
138 UA00047337    (4)   :  0.145 0.232 0.145 0.140 0.048 0.144 0.145 
139 UA00041604    (4)   :  0.155 0.113 0.155 0.143 0.121 0.159 0.153 
140 UA00031704    (4)   :  0.202 0.029 0.207 0.180 0.022 0.183 0.176 
141 UA00040423    (4)   :  0.183 0.109 0.177 0.161 0.042 0.170 0.158 
142 UA00049433    (0)   :  0.178 0.083 0.162 0.151 0.125 0.154 0.146 
143 UA00034816    (0)   :  0.166 0.042 0.209 0.136 0.118 0.169 0.161 
144 UA00050214    (0)   :  0.181 0.031 0.241 0.150 0.028 0.184 0.185 
145 UA00041073    (0)   :  0.168 0.076 0.176 0.152 0.106 0.161 0.163 
146 UA00030318    (4)   :  0.184 0.034 0.195 0.163 0.077 0.173 0.174 
147 UA00046845    (0)   :  0.178 0.056 0.181 0.135 0.137 0.160 0.153 
148 UA00063946    (0)   :  0.116 0.052 0.144 0.247 0.034 0.183 0.225 
149 UA00031374    (4)   :  0.178 0.051 0.184 0.167 0.082 0.173 0.166 
150    M1136    (4)   :  0.128 0.355 0.130 0.106 0.041 0.121 0.119 
151 UA00034299    (0)   :  0.179 0.039 0.235 0.145 0.041 0.183 0.177 
152 UA00002387    (4)   :  0.192 0.024 0.197 0.158 0.086 0.173 0.171 
153 UA00021855    (0)   :  0.171 0.060 0.164 0.183 0.065 0.177 0.178 
154 UA00014500    (0)   :  0.201 0.066 0.177 0.175 0.038 0.175 0.168 
155 UA00050419    (4)   :  0.179 0.025 0.242 0.151 0.039 0.184 0.180 
156 UA00031854    (4)   :  0.171 0.049 0.167 0.165 0.116 0.165 0.166 
157    pc011    (4)   :  0.201 0.029 0.212 0.160 0.051 0.173 0.174 
158 UA00033004    (0)   :  0.185 0.086 0.190 0.155 0.059 0.165 0.161 
159 UA00046510    (0)   :  0.168 0.036 0.173 0.139 0.169 0.162 0.153 
160 UA00048747    (0)   :  0.188 0.037 0.200 0.159 0.082 0.168 0.165 
161 UA00014293    (0)   :  0.205 0.032 0.198 0.166 0.054 0.175 0.170 
162 UA00047686    (0)   :  0.156 0.070 0.147 0.135 0.212 0.142 0.139 
163 UA00033783    (4)   :  0.089 0.355 0.095 0.115 0.130 0.104 0.112 
164 UA00042609    (4)   :  0.139 0.072 0.130 0.122 0.292 0.124 0.120 
165 UA00031169    (4)   :  0.186 0.039 0.231 0.152 0.033 0.177 0.181 
166 UA00035181    (0)   :  0.183 0.018 0.186 0.202 0.032 0.187 0.193 
167 UA00050133    (0)   :  0.187 0.053 0.187 0.163 0.068 0.172 0.171 
168  Puco011    (4)   :  0.196 0.050 0.202 0.157 0.065 0.166 0.163 
169 UA00041476    (0)   :  0.170 0.078 0.184 0.139 0.112 0.159 0.157 
170 UA00046702    (0)   :  0.196 0.032 0.234 0.150 0.035 0.178 0.175 
171 UA00019940    (0)   :  0.173 0.062 0.185 0.160 0.086 0.173 0.161 
172 UA00049813    (0)   :  0.161 0.066 0.177 0.187 0.049 0.179 0.181 
173 UA00064165    (0)   :  0.110 0.062 0.100 0.098 0.428 0.103 0.099 
174 UA00064421    (0)   :  0.146 0.023 0.134 0.124 0.311 0.135 0.126 
175 UA00064569    (4)   :  0.188 0.022 0.211 0.166 0.041 0.188 0.184 
176 UA00003996    (0)   :  0.164 0.053 0.169 0.130 0.192 0.148 0.145 
177 UA00064491    (4)   :  0.175 0.030 0.211 0.152 0.079 0.180 0.173 
178 UA00011899    (0)   :  0.188 0.064 0.179 0.172 0.041 0.181 0.174 
179  Puco015    (4)   :  0.165 0.151 0.169 0.141 0.060 0.162 0.152 
180 UA00047929    (4)   :  0.160 0.040 0.185 0.203 0.026 0.183 0.204 
181 UA00056669    (0)   :  0.190 0.036 0.175 0.164 0.090 0.176 0.169 
182 UA00050176    (0)   :  0.180 0.078 0.171 0.152 0.103 0.162 0.152 
183  Puco014    (4)   :  0.172 0.058 0.156 0.177 0.088 0.175 0.174 
184 UA00019608    (0)   :  0.186 0.041 0.186 0.162 0.095 0.171 0.159 
185 UA00064333    (0)   :  0.188 0.042 0.206 0.160 0.063 0.177 0.164 
186  Puco013    (4)   :  0.171 0.047 0.153 0.146 0.196 0.144 0.143 
187 UA00016092    (0)   :  0.192 0.023 0.231 0.165 0.027 0.181 0.180 
188 UA00019060    (0)   :  0.073 0.136 0.072 0.066 0.513 0.072 0.068 
189 UA00063532    (0)   :  0.176 0.080 0.169 0.161 0.082 0.165 0.166 
190 UA00064117    (0)   :  0.098 0.250 0.092 0.088 0.292 0.092 0.087 
191 UA00011969    (0)   :  0.172 0.072 0.165 0.162 0.097 0.166 0.166 
192 UA00034586    (4)   :  0.175 0.034 0.187 0.189 0.037 0.186 0.192 
193 UA00030736    (4)   :  0.199 0.059 0.183 0.168 0.044 0.175 0.172 
194 UA00048493    (0)   :  0.182 0.092 0.184 0.153 0.055 0.169 0.165 
195 UA00040466    (0)   :  0.063 0.032 0.057 0.056 0.679 0.058 0.053 
196 UA00047659    (0)   :  0.198 0.032 0.172 0.180 0.059 0.177 0.181 
197 UA00042002    (4)   :  0.136 0.254 0.131 0.143 0.064 0.137 0.135 
198 UA00062606    (0)   :  0.171 0.060 0.157 0.149 0.165 0.152 0.145 
199 UA00030615    (4)   :  0.054 0.025 0.052 0.050 0.713 0.053 0.052 
200 UA00048899    (0)   :  0.201 0.048 0.170 0.175 0.062 0.176 0.167 
201 UA00047725    (0)   :  0.023 0.025 0.022 0.022 0.863 0.023 0.022 
202 UA00030866    (4)   :  0.200 0.042 0.168 0.178 0.091 0.171 0.151 
203 UA00034564    (0)   :  0.203 0.045 0.179 0.166 0.068 0.176 0.163 
204 UA00046520    (0)   :  0.130 0.029 0.157 0.238 0.039 0.190 0.217 
205 UA00035027    (0)   :  0.173 0.073 0.151 0.172 0.113 0.161 0.158 
206 UA00035421    (0)   :  0.141 0.036 0.137 0.121 0.325 0.125 0.116 
207 UA00062740    (4)   :  0.171 0.096 0.133 0.159 0.150 0.149 0.142 
208 UA00012360    (0)   :  0.048 0.029 0.047 0.045 0.739 0.047 0.045 
209 UA00050203    (0)   :  0.178 0.055 0.178 0.178 0.046 0.186 0.178 
210 UA00040534    (4)   :  0.096 0.215 0.086 0.084 0.345 0.091 0.084 
211 UA00031261    (4)   :  0.079 0.123 0.067 0.070 0.528 0.070 0.063 
212 UA00031917    (4)   :  0.098 0.217 0.087 0.086 0.341 0.088 0.083 
213 UA00040798    (4)   :  0.104 0.087 0.101 0.105 0.392 0.107 0.104 
214 UA00030598    (4)   :  0.122 0.085 0.111 0.113 0.343 0.116 0.110 
215 UA00050385    (0)   :  0.189 0.050 0.169 0.163 0.103 0.172 0.154 
216 UA00058283    (0)   :  0.037 0.057 0.035 0.037 0.760 0.037 0.037 
217 UA00042297    (4)   :  0.093 0.399 0.088 0.092 0.146 0.092 0.090 
218 UA00015415    (4)   :  0.040 0.028 0.038 0.037 0.785 0.037 0.035 
219 UA00035531    (0)   :  0.067 0.101 0.060 0.058 0.596 0.060 0.059 
220 UA00048683    (0)   :  0.080 0.035 0.079 0.070 0.591 0.078 0.069 
221 UA00046734    (4)   :  0.046 0.037 0.044 0.042 0.746 0.044 0.042 
222   pcRF01    (0)   :  0.189 0.017 0.243 0.158 0.037 0.178 0.177 
223 UA00007223    (0)   :  0.166 0.081 0.140 0.143 0.202 0.137 0.131 
224 UA00013841    (0)   :  0.162 0.164 0.163 0.157 0.037 0.157 0.160 
225 UA00014196    (0)   :  0.074 0.066 0.067 0.063 0.599 0.069 0.064 
226 UA00034635    (0)   :  0.201 0.036 0.186 0.173 0.056 0.175 0.173 
227 UA00047371    (0)   :  0.142 0.235 0.127 0.146 0.068 0.135 0.146 
228 UA00063544    (0)   :  0.134 0.233 0.139 0.145 0.065 0.142 0.142 
229 UA00064246    (0)   :  0.139 0.109 0.133 0.146 0.189 0.140 0.143 
230 UA00064328    (0)   :  0.148 0.109 0.131 0.130 0.215 0.135 0.131 
231 UA00002952    (0)   :  0.139 0.156 0.119 0.123 0.221 0.122 0.120 
232 UA00064079    (0)   :  0.155 0.168 0.153 0.138 0.086 0.151 0.150 
233 UA00046793    (0)   :  0.128 0.166 0.122 0.110 0.249 0.117 0.107 
234 UA00034769    (0)   :  0.086 0.448 0.083 0.101 0.100 0.089 0.093 
235 UA00034949    (0)   :  0.158 0.071 0.135 0.132 0.242 0.137 0.124 
236 UA00063753    (0)   :  0.127 0.102 0.131 0.195 0.107 0.162 0.176 
237 UA00015713    (0)   :  0.147 0.177 0.141 0.170 0.048 0.158 0.159 
238 UA00003494    (0)   :  0.172 0.103 0.169 0.133 0.140 0.144 0.139 
239 UA00056767    (0)   :  0.129 0.018 0.155 0.247 0.033 0.192 0.226 
240 UA00014461    (0)   :  0.153 0.097 0.144 0.127 0.210 0.135 0.134 
241 UA00034669    (0)   :  0.109 0.138 0.092 0.102 0.355 0.102 0.102 
242 UA00048164    (0)   :  0.165 0.033 0.149 0.147 0.218 0.147 0.141 
243 UA00007974    (0)   :  0.141 0.092 0.143 0.204 0.053 0.173 0.194 
244 UA00016166    (0)   :  0.137 0.294 0.142 0.118 0.057 0.129 0.122 
245 UA00015653    (0)   :  0.124 0.269 0.103 0.111 0.169 0.116 0.108 
246 UA00063882    (0)   :  0.115 0.118 0.105 0.099 0.358 0.106 0.099 
247 UA00049027    (0)   :  0.123 0.294 0.114 0.120 0.103 0.121 0.125 
248 UA00018878    (0)   :  0.122 0.301 0.115 0.145 0.042 0.131 0.144 
249 UA00038796    (0)   :  0.134 0.052 0.116 0.132 0.312 0.126 0.129 
250 UA00013465    (0)   :  0.073 0.051 0.066 0.068 0.604 0.071 0.067 
251 UA00014604    (0)   :  0.134 0.105 0.125 0.138 0.227 0.136 0.135 
252 UA00041913    (0)   :  0.109 0.290 0.115 0.151 0.066 0.129 0.140 
253 UA00021632    (0)   :  0.085 0.512 0.077 0.076 0.088 0.083 0.079 
254 UA00064027    (0)   :  0.157 0.146 0.140 0.138 0.129 0.145 0.145 
255 UA00015023    (0)   :  0.169 0.048 0.178 0.139 0.145 0.162 0.158 
256 UA00050243    (0)   :  0.148 0.275 0.129 0.123 0.066 0.132 0.127 
257 UA00048298    (0)   :  0.172 0.082 0.177 0.157 0.081 0.166 0.163 
258 UA00050437    (0)   :  0.151 0.059 0.141 0.125 0.247 0.140 0.137 
259 UA00014262    (0)   :  0.160 0.163 0.153 0.145 0.078 0.153 0.147 
260 UA00049129    (0)   :  0.160 0.099 0.165 0.179 0.051 0.170 0.176 
261 UA00014740    (0)   :  0.154 0.095 0.150 0.182 0.085 0.165 0.170 
262 UA00049612    (0)   :  0.054 0.642 0.053 0.056 0.084 0.055 0.056 
263 UA00014635    (0)   :  0.137 0.027 0.160 0.230 0.036 0.190 0.220 
264 UA00014673    (0)   :  0.123 0.175 0.117 0.121 0.218 0.120 0.126 
265 UA00033608    (0)   :  0.094 0.426 0.089 0.105 0.086 0.097 0.103 
266 UA00064540    (0)   :  0.139 0.049 0.142 0.205 0.096 0.171 0.199 
267 UA00050256    (0)   :  0.143 0.184 0.128 0.127 0.159 0.133 0.128 
268 UA00015274    (0)   :  0.183 0.046 0.186 0.165 0.090 0.168 0.163 
269 UA00062993    (0)   :  0.171 0.026 0.154 0.193 0.088 0.178 0.191 
270 UA00038364    (0)   :  0.156 0.130 0.144 0.164 0.088 0.160 0.159 
271 UA00014446    (0)   :  0.196 0.030 0.180 0.178 0.046 0.184 0.185 
272 UA00063545    (0)   :  0.079 0.476 0.072 0.072 0.157 0.074 0.069 
273 UA00040054    (0)   :  0.182 0.073 0.191 0.170 0.034 0.175 0.175 
274 UA00058447    (0)   :  0.179 0.059 0.157 0.193 0.045 0.180 0.188 
275 UA00046835    (0)   :  0.167 0.050 0.165 0.197 0.049 0.174 0.198 
276 UA00014608    (0)   :  0.180 0.042 0.162 0.183 0.070 0.181 0.182 
277    pc012    (0)   :  0.168 0.076 0.154 0.160 0.115 0.165 0.162 
278    pc002    (0)   :  0.112 0.393 0.100 0.103 0.082 0.106 0.105 
279 UA00033690    (0)   :  0.106 0.210 0.123 0.190 0.049 0.149 0.174 
280 UA00013688    (0)   :  0.178 0.065 0.154 0.162 0.105 0.169 0.167 
281 UA00063666    (0)   :  0.116 0.105 0.139 0.224 0.022 0.184 0.209 
282 UA00063292    (0)   :  0.125 0.029 0.152 0.249 0.029 0.191 0.224 
283    pc001    (0)   :  0.181 0.051 0.166 0.169 0.090 0.175 0.168 
284    pc008    (0)   :  0.160 0.059 0.170 0.185 0.065 0.177 0.184 
285 UA00034316    (0)   :  0.119 0.213 0.125 0.100 0.221 0.113 0.109 
286 UA00013046    (0)   :  0.162 0.039 0.207 0.187 0.026 0.184 0.195 
287 UA00050241    (0)   :  0.143 0.038 0.169 0.223 0.021 0.198 0.208 
288 UA00048599    (0)   :  0.168 0.030 0.163 0.219 0.035 0.183 0.202 
289 UA00046649    (0)   :  0.107 0.402 0.111 0.112 0.044 0.112 0.112 
290 UA00015674    (0)   :  0.079 0.491 0.077 0.099 0.069 0.088 0.097 
291 UA00013177    (0)   :  0.129 0.124 0.143 0.167 0.119 0.154 0.163 
292 UA00012814    (0)   :  0.186 0.051 0.184 0.164 0.079 0.172 0.164 
293 UA00034654    (0)   :  0.182 0.033 0.188 0.186 0.038 0.184 0.189 
294 UA00046743    (0)   :  0.143 0.037 0.174 0.210 0.043 0.185 0.209 
295 UA00014854    (0)   :  0.126 0.160 0.147 0.197 0.022 0.160 0.188 
296 UA00013729    (0)   :  0.179 0.054 0.200 0.155 0.058 0.180 0.174 
297 UA00063483    (0)   :  0.179 0.041 0.162 0.204 0.031 0.188 0.195 
298 UA00039326    (0)   :  0.155 0.154 0.154 0.167 0.044 0.161 0.165 
299 UA00014742    (0)   :  0.157 0.043 0.158 0.221 0.029 0.193 0.199 
300 UA00049597    (0)   :  0.096 0.445 0.098 0.120 0.020 0.107 0.114 
301 UA00048067    (0)   :  0.149 0.115 0.138 0.183 0.077 0.161 0.177 
302 UA00012918    (0)   :  0.105 0.220 0.127 0.193 0.022 0.151 0.183 
303 UA00013487    (0)   :  0.190 0.026 0.243 0.167 0.024 0.172 0.177 
304 UA00046759    (0)   :  0.139 0.127 0.133 0.136 0.195 0.136 0.135 
305 UA00050164    (0)   :  0.076 0.595 0.073 0.068 0.047 0.072 0.069 
306 UA00049839    (0)   :  0.153 0.037 0.165 0.209 0.057 0.187 0.191 
307 UA00048444    (0)   :  0.103 0.093 0.134 0.239 0.035 0.184 0.213 
308 UA00063857    (0)   :  0.167 0.058 0.176 0.197 0.023 0.184 0.196 
309 UA00014921    (0)   :  0.100 0.466 0.096 0.107 0.026 0.101 0.104 
310 UA00048895    (0)   :  0.101 0.438 0.097 0.103 0.052 0.102 0.106 
311 UA00014556    (0)   :  0.166 0.048 0.148 0.159 0.169 0.159 0.151 
312    pc009    (0)   :  0.124 0.033 0.157 0.249 0.020 0.195 0.223 
313 UA00014959    (0)   :  0.090 0.470 0.097 0.107 0.033 0.098 0.105 
314 UA00020709    (0)   :  0.161 0.131 0.162 0.165 0.053 0.162 0.165 
315 UA00013126    (0)   :  0.026 0.837 0.026 0.028 0.029 0.027 0.028 
316 UA00013695    (0)   :  0.039 0.780 0.037 0.037 0.030 0.038 0.039 
317 UA00049344    (0)   :  0.099 0.479 0.088 0.095 0.055 0.094 0.091 
318 UA00047614    (0)   :  0.045 0.664 0.044 0.043 0.116 0.044 0.044 
319 UA00014221    (0)   :  0.144 0.017 0.162 0.235 0.026 0.197 0.219 
320 UA00014346    (0)   :  0.139 0.062 0.145 0.211 0.061 0.183 0.200 
321 UA00014245    (0)   :  0.112 0.287 0.127 0.152 0.033 0.137 0.153 
322 UA00014696    (0)   :  0.031 0.804 0.031 0.030 0.045 0.031 0.028 
323 UA00006991    (0)   :  0.195 0.036 0.173 0.161 0.087 0.177 0.172 
324 UA00048948    (0)   :  0.188 0.049 0.175 0.160 0.077 0.181 0.170 
325 UA00002239    (0)   :  0.188 0.053 0.179 0.155 0.093 0.169 0.163 
326 UA00063459    (0)   :  0.129 0.047 0.148 0.242 0.022 0.191 0.222 
327 UA00048356    (0)   :  0.156 0.063 0.142 0.178 0.131 0.161 0.169 
328 UA00063940    (0)   :  0.174 0.059 0.173 0.146 0.120 0.168 0.160 
329 UA00048130    (0)   :  0.151 0.035 0.152 0.217 0.048 0.187 0.209 
330 UA00048903    (0)   :  0.177 0.022 0.221 0.171 0.027 0.190 0.193 
331 UA00064643    (0)   :  0.173 0.069 0.186 0.160 0.070 0.172 0.170 
332 UA00050233    (0)   :  0.169 0.038 0.181 0.165 0.101 0.176 0.170 
333 UA00012507    (0)   :  0.175 0.029 0.161 0.143 0.180 0.158 0.153 
334 UA00064416    (0)   :  0.189 0.031 0.217 0.164 0.045 0.179 0.175 
335 UA00034724    (0)   :  0.175 0.037 0.185 0.178 0.064 0.180 0.181 
336 UA00002621    (0)   :  0.178 0.031 0.191 0.190 0.038 0.183 0.190 
337 UA00033203    (0)   :  0.186 0.050 0.221 0.158 0.041 0.173 0.171 
338 UA00011996    (0)   :  0.195 0.068 0.159 0.184 0.032 0.179 0.182 
339 UA00014408    (0)   :  0.140 0.045 0.136 0.120 0.307 0.129 0.122 
340 UA00049502    (0)   :  0.172 0.036 0.153 0.172 0.130 0.171 0.165 
341 UA00062695    (0)   :  0.144 0.099 0.144 0.190 0.078 0.167 0.178 
342 UA00014072    (0)   :  0.151 0.059 0.154 0.207 0.052 0.184 0.192 
343 UA00003334    (0)   :  0.161 0.040 0.188 0.198 0.028 0.183 0.200 
344 UA00013835    (0)   :  0.171 0.074 0.161 0.181 0.055 0.180 0.178 
345 UA00046760    (0)   :  0.143 0.211 0.138 0.158 0.041 0.153 0.155 
346 UA00014241    (0)   :  0.190 0.032 0.191 0.178 0.053 0.181 0.175 
347 UA00049585    (0)   :  0.169 0.039 0.163 0.208 0.024 0.195 0.202 
348 UA00013409    (0)   :  0.117 0.057 0.134 0.190 0.168 0.164 0.170 
349 UA00047548    (0)   :  0.195 0.049 0.179 0.191 0.026 0.186 0.174 
350 UA00049038    (0)   :  0.109 0.346 0.103 0.113 0.104 0.114 0.111 
351 UA00047612    (0)   :  0.185 0.035 0.172 0.176 0.066 0.182 0.183 
352 UA00014822    (0)   :  0.122 0.297 0.103 0.113 0.149 0.110 0.106 
353 UA00035299    (0)   :  0.186 0.054 0.195 0.159 0.051 0.179 0.175 
354 UA00012804    (0)   :  0.123 0.351 0.112 0.114 0.066 0.115 0.119 
355 UA00049578    (0)   :  0.165 0.042 0.154 0.164 0.151 0.161 0.163 
356 UA00047672    (0)   :  0.192 0.030 0.220 0.158 0.050 0.183 0.167 
357 UA00043961    (0)   :  0.056 0.633 0.057 0.062 0.073 0.060 0.060 
358 UA00064575    (0)   :  0.145 0.050 0.129 0.165 0.208 0.148 0.154 
359 UA00014732    (0)   :  0.187 0.030 0.191 0.160 0.078 0.178 0.176 
360 UA00050181    (0)   :  0.206 0.021 0.182 0.180 0.064 0.177 0.170 
361 UA00033369    (0)   :  0.149 0.249 0.133 0.127 0.079 0.135 0.129 
362 UA00011982    (0)   :  0.179 0.022 0.248 0.149 0.021 0.192 0.190 
363 UA00014590    (0)   :  0.172 0.113 0.183 0.139 0.073 0.162 0.158 
364 UA00047743    (0)   :  0.189 0.032 0.210 0.174 0.030 0.188 0.177 
365 UA00046621    (0)   :  0.198 0.029 0.218 0.172 0.023 0.187 0.173 
366 UA00050422    (0)   :  0.172 0.039 0.171 0.152 0.139 0.165 0.163 
367 UA00002760    (0)   :  0.172 0.095 0.177 0.174 0.043 0.172 0.167 
368 UA00012999    (0)   :  0.177 0.127 0.175 0.153 0.039 0.165 0.165 
369 UA00063838    (0)   :  0.167 0.032 0.202 0.174 0.047 0.189 0.189 
370 UA00003729    (0)   :  0.119 0.196 0.111 0.131 0.186 0.126 0.131 
371 UA00015348    (0)   :  0.132 0.076 0.146 0.207 0.067 0.180 0.192 
372 UA00019058    (0)   :  0.126 0.051 0.143 0.210 0.106 0.169 0.195 
373 UA00049549    (0)   :  0.105 0.123 0.135 0.231 0.023 0.173 0.209 
374 UA00014334    (0)   :  0.193 0.054 0.170 0.159 0.106 0.165 0.154 
375 UA00014350    (0)   :  0.180 0.017 0.263 0.148 0.017 0.189 0.186 
376 UA00049227    (0)   :  0.163 0.193 0.131 0.137 0.103 0.142 0.132 
377 UA00014051    (0)   :  0.180 0.024 0.177 0.149 0.154 0.160 0.157 
378 UA00034381    (0)   :  0.173 0.044 0.180 0.160 0.104 0.170 0.169 
379 UA00002354    (0)   :  0.190 0.026 0.226 0.165 0.031 0.180 0.182 
380 UA00049892    (0)   :  0.149 0.096 0.189 0.181 0.028 0.178 0.179 
381 UA00021989    (0)   :  0.181 0.026 0.197 0.173 0.061 0.181 0.182 
382 UA00048968    (0)   :  0.196 0.033 0.192 0.169 0.061 0.177 0.173 
383 UA00013174    (0)   :  0.189 0.051 0.193 0.158 0.065 0.176 0.167 
384 UA00033992    (0)   :  0.166 0.204 0.161 0.139 0.039 0.147 0.144 
385 UA00015801    (0)   :  0.181 0.017 0.243 0.154 0.020 0.194 0.191 
386 UA00063303    (0)   :  0.120 0.274 0.123 0.145 0.069 0.131 0.139 
387 UA00050206    (0)   :  0.130 0.020 0.159 0.243 0.037 0.197 0.214 
388 UA00014458    (0)   :  0.157 0.100 0.171 0.160 0.076 0.166 0.170 
389 UA00007204    (0)   :  0.147 0.063 0.167 0.204 0.033 0.183 0.204 
390 UA00063212    (0)   :  0.113 0.209 0.113 0.149 0.150 0.133 0.133 
391 UA00013340    (0)   :  0.178 0.112 0.163 0.169 0.039 0.171 0.168 
392 UA00062743    (0)   :  0.203 0.027 0.182 0.162 0.102 0.168 0.156 
393 UA00063189    (0)   :  0.097 0.072 0.090 0.082 0.489 0.086 0.084 
394 UA00035432    (0)   :  0.167 0.036 0.182 0.197 0.034 0.189 0.195 
395 UA00007958    (0)   :  0.203 0.032 0.199 0.177 0.036 0.178 0.176 
396 UA00013634    (0)   :  0.204 0.026 0.200 0.167 0.059 0.175 0.170 
397 UA00048175    (0)   :  0.184 0.016 0.247 0.148 0.038 0.186 0.181 
398 UA00003202    (0)   :  0.192 0.043 0.181 0.186 0.045 0.179 0.174 
399 UA00035090    (0)   :  0.157 0.049 0.172 0.173 0.107 0.173 0.168 
400 UA00064679    (0)   :  0.130 0.060 0.131 0.115 0.326 0.121 0.116 
401 UA00039518    (0)   :  0.190 0.047 0.194 0.178 0.039 0.176 0.177 
402 UA00058268    (0)   :  0.181 0.048 0.185 0.165 0.058 0.183 0.180 
403 UA00049456    (0)   :  0.133 0.223 0.139 0.152 0.058 0.145 0.150 
404 UA00049550    (0)   :  0.146 0.031 0.154 0.191 0.128 0.174 0.176 
405 UA00048342    (0)   :  0.155 0.139 0.153 0.160 0.067 0.164 0.161 
406 UA00063493    (0)   :  0.178 0.026 0.203 0.183 0.033 0.189 0.187 
407 UA00058261    (0)   :  0.181 0.034 0.190 0.141 0.148 0.155 0.152 
408 UA00014663    (0)   :  0.186 0.049 0.181 0.155 0.080 0.180 0.169 
409 UA00048817    (0)   :  0.154 0.212 0.159 0.130 0.063 0.146 0.137 
410 UA00049381    (0)   :  0.201 0.030 0.207 0.157 0.074 0.165 0.166 
411 UA00035901    (0)   :  0.144 0.051 0.132 0.128 0.278 0.136 0.130 
412 UA00013301    (0)   :  0.129 0.054 0.148 0.210 0.094 0.178 0.188 
413 UA00047926    (0)   :  0.171 0.081 0.183 0.143 0.110 0.156 0.155 
414 UA00007272    (0)   :  0.169 0.053 0.158 0.143 0.183 0.150 0.143 
415 UA00016041    (0)   :  0.154 0.079 0.167 0.193 0.048 0.178 0.181 
416 UA00013502    (0)   :  0.181 0.023 0.195 0.172 0.076 0.178 0.176 
417 UA00002390    (0)   :  0.178 0.126 0.171 0.151 0.054 0.160 0.161 
418 UA00034907    (0)   :  0.191 0.033 0.168 0.175 0.084 0.182 0.169 
419 UA00048821    (0)   :  0.146 0.145 0.149 0.136 0.143 0.143 0.137 
420 UA00002136    (0)   :  0.147 0.140 0.138 0.177 0.079 0.157 0.163 
421 UA00011790    (0)   :  0.201 0.052 0.189 0.167 0.074 0.162 0.155 
422 UA00021586    (0)   :  0.144 0.222 0.144 0.133 0.082 0.139 0.137 
423 UA00033270    (0)   :  0.180 0.051 0.178 0.163 0.082 0.173 0.172 
424 UA00048073    (0)   :  0.174 0.055 0.177 0.173 0.065 0.176 0.181 
425 UA00048856    (0)   :  0.177 0.046 0.166 0.162 0.122 0.166 0.160 
426 UA00049713    (0)   :  0.174 0.044 0.222 0.147 0.065 0.178 0.170 
427 UA00046885    (0)   :  0.187 0.052 0.168 0.186 0.045 0.179 0.183 
428 UA00034893    (0)   :  0.171 0.037 0.211 0.173 0.035 0.187 0.185 
429 UA00048011    (0)   :  0.175 0.022 0.197 0.153 0.099 0.182 0.172 
430 UA00015786    (0)   :  0.143 0.090 0.143 0.128 0.233 0.135 0.130 
431 UA00013162    (0)   :  0.191 0.042 0.178 0.167 0.103 0.166 0.154 
432 UA00049512    (0)   :  0.162 0.067 0.161 0.180 0.088 0.172 0.171 
433 UA00004046    (0)   :  0.213 0.025 0.212 0.159 0.046 0.174 0.171 
434 UA00048881    (0)   :  0.136 0.160 0.123 0.125 0.209 0.125 0.122 
435 UA00046610    (0)   :  0.166 0.150 0.150 0.135 0.115 0.146 0.139 
436 UA00033282    (0)   :  0.173 0.064 0.160 0.162 0.106 0.171 0.164 
437 UA00047561    (0)   :  0.202 0.036 0.200 0.161 0.050 0.178 0.172 
438 UA00013777    (0)   :  0.178 0.031 0.154 0.158 0.177 0.155 0.147 
439 UA00062849    (0)   :  0.145 0.046 0.154 0.216 0.047 0.193 0.199 
440 UA00049786    (0)   :  0.185 0.024 0.231 0.144 0.079 0.170 0.166 
441 UA00033246    (0)   :  0.126 0.028 0.154 0.254 0.023 0.197 0.219 
442 UA00045302    (0)   :  0.194 0.057 0.181 0.166 0.040 0.184 0.177 
443 UA00048637    (0)   :  0.195 0.034 0.211 0.149 0.075 0.168 0.170 
444 UA00049832    (0)   :  0.137 0.173 0.146 0.174 0.042 0.162 0.166 
445 UA00022023    (0)   :  0.188 0.113 0.162 0.163 0.057 0.166 0.151 
446 UA00050192    (0)   :  0.166 0.192 0.146 0.146 0.052 0.152 0.146 
447 UA00050413    (0)   :  0.179 0.043 0.175 0.174 0.074 0.178 0.175 
448 UA00013445    (0)   :  0.203 0.023 0.202 0.173 0.033 0.185 0.181 
449 UA00035496    (0)   :  0.149 0.046 0.136 0.143 0.241 0.143 0.143 
450 UA00003333    (0)   :  0.126 0.104 0.122 0.111 0.308 0.118 0.111 
451 UA00064008    (0)   :  0.151 0.032 0.143 0.123 0.284 0.135 0.132 
452 UA00003427    (0)   :  0.153 0.188 0.138 0.141 0.091 0.147 0.143 
453 UA00028092    (0)   :  0.120 0.271 0.111 0.110 0.157 0.115 0.116 
454    pc003    (0)   :  0.056 0.104 0.055 0.052 0.629 0.053 0.052 
455 UA00034440    (0)   :  0.154 0.039 0.158 0.197 0.080 0.181 0.191 
456 UA00026062    (0)   :  0.198 0.051 0.204 0.166 0.045 0.169 0.167 
457 UA00014347    (0)   :  0.168 0.075 0.148 0.162 0.123 0.161 0.163 
458 UA00021516    (0)   :  0.187 0.037 0.224 0.150 0.042 0.183 0.176 
459 UA00049347    (0)   :  0.132 0.041 0.132 0.113 0.346 0.122 0.115 
460 UA00063436    (0)   :  0.100 0.047 0.101 0.125 0.394 0.114 0.118 
461 UA00047790    (0)   :  0.213 0.040 0.177 0.170 0.061 0.174 0.165 
462 UA00045714    (0)   :  0.140 0.113 0.131 0.117 0.252 0.126 0.121 
463 UA00038979    (0)   :  0.133 0.143 0.146 0.186 0.055 0.160 0.177 
464 UA00016123    (0)   :  0.182 0.083 0.157 0.152 0.129 0.153 0.144 
465 UA00034765    (0)   :  0.059 0.023 0.057 0.048 0.708 0.055 0.050 
466 UA00063815    (0)   :  0.083 0.117 0.072 0.082 0.490 0.076 0.079 
467 UA00034795    (0)   :  0.153 0.049 0.155 0.201 0.066 0.184 0.190 
468 UA00004000    (0)   :  0.069 0.038 0.061 0.065 0.642 0.063 0.063 
469 UA00049367    (0)   :  0.160 0.029 0.158 0.184 0.125 0.167 0.176 
470 UA00034457    (0)   :  0.197 0.053 0.188 0.179 0.038 0.178 0.166 
471 UA00050015    (0)   :  0.163 0.084 0.147 0.181 0.085 0.164 0.175 
472 UA00021373    (0)   :  0.194 0.054 0.173 0.172 0.069 0.173 0.164 
473 UA00050232    (0)   :  0.073 0.110 0.065 0.068 0.546 0.071 0.066 
474 UA00038724    (0)   :  0.169 0.132 0.147 0.179 0.044 0.164 0.164 
475 UA00007824    (0)   :  0.179 0.107 0.164 0.149 0.105 0.152 0.144 
476 UA00048754    (0)   :  0.194 0.022 0.162 0.164 0.138 0.171 0.150 
477 UA00014271    (0)   :  0.180 0.090 0.175 0.168 0.058 0.166 0.164 
478 UA00013756    (0)   :  0.124 0.119 0.125 0.158 0.186 0.140 0.148 
479 UA00014385    (0)   :  0.128 0.131 0.121 0.111 0.284 0.117 0.107 
480 UA00049609    (0)   :  0.162 0.046 0.164 0.197 0.056 0.181 0.193 
481 UA00003748    (0)   :  0.148 0.032 0.126 0.123 0.331 0.125 0.115 
482 UA00063952    (0)   :  0.152 0.027 0.142 0.131 0.277 0.137 0.134 
483 UA00058348    (0)   :  0.091 0.025 0.089 0.088 0.529 0.088 0.089 
484 UA00014922    (0)   :  0.054 0.048 0.050 0.050 0.697 0.051 0.049 
485 UA00003820    (0)   :  0.199 0.023 0.176 0.166 0.114 0.169 0.153 
486 UA00013693    (0)   :  0.170 0.094 0.153 0.143 0.156 0.146 0.138 
487 UA00047713    (0)   :  0.079 0.027 0.072 0.066 0.619 0.071 0.067 
488 UA00034891    (0)   :  0.131 0.048 0.108 0.130 0.344 0.121 0.117 
489 UA00049223    (0)   :  0.132 0.042 0.129 0.123 0.325 0.126 0.123 
490 UA00064399    (0)   :  0.050 0.224 0.043 0.043 0.557 0.044 0.039 
491 UA00013336    (0)   :  0.047 0.078 0.044 0.046 0.694 0.046 0.045 
492 UA00035291    (0)   :  0.065 0.054 0.057 0.060 0.650 0.059 0.056 
493 UA00003945    (0)   :  0.074 0.061 0.072 0.069 0.594 0.067 0.063 
494 UA00014518    (0)   :  0.104 0.052 0.101 0.089 0.465 0.098 0.090 
495 UA00013583    (0)   :  0.084 0.418 0.077 0.083 0.177 0.080 0.081 
496 UA00011510    (0)   :  0.114 0.078 0.103 0.100 0.400 0.102 0.102 
497 UA00046860    (0)   :  0.147 0.068 0.145 0.117 0.272 0.130 0.122 
498 UA00048853    (0)   :  0.113 0.152 0.108 0.098 0.319 0.108 0.102 
499 UA00012151    (0)   :  0.059 0.039 0.056 0.053 0.685 0.056 0.051 
500 UA00063930    (0)   :  0.086 0.412 0.084 0.102 0.126 0.093 0.098 
501 UA00013453    (0)   :  0.133 0.122 0.129 0.121 0.247 0.127 0.122 
502 UA00039299    (0)   :  0.044 0.044 0.041 0.040 0.751 0.041 0.039 
503 UA00014280    (0)   :  0.032 0.020 0.029 0.032 0.825 0.032 0.030 
504 UA00014200    (0)   :  0.099 0.037 0.097 0.080 0.514 0.091 0.083 
505 UA00040612    (0)   :  0.047 0.104 0.044 0.042 0.678 0.044 0.042 
506 UA00062679    (0)   :  0.043 0.063 0.041 0.039 0.735 0.040 0.039 
507 UA00034481    (0)   :  0.064 0.034 0.061 0.057 0.663 0.061 0.059 
508 UA00011880    (0)   :  0.106 0.282 0.108 0.151 0.081 0.133 0.139 
509 UA00013421    (0)   :  0.044 0.132 0.042 0.042 0.661 0.041 0.038 
510 UA00048051    (0)   :  0.030 0.030 0.028 0.028 0.827 0.028 0.028 
511 UA00063370    (0)   :  0.036 0.108 0.033 0.033 0.726 0.032 0.032 
512 UA00014716    (0)   :  0.043 0.063 0.040 0.040 0.733 0.041 0.039 
513 UA00033426    (0)   :  0.094 0.145 0.102 0.079 0.412 0.084 0.085 
514 UA00015190    (0)   :  0.048 0.188 0.043 0.042 0.589 0.045 0.044 
515 UA00013730    (0)   :  0.184 0.071 0.179 0.174 0.042 0.173 0.177 
516 UA00047644    (4)   :  0.103 0.119 0.087 0.088 0.426 0.090 0.087 
517 UA00031933    (9)   :  0.198 0.043 0.188 0.161 0.081 0.168 0.160 
518 UA00031541    (9)   :  0.106 0.112 0.104 0.094 0.386 0.101 0.097 
519   PCO-60    (4)   :  0.166 0.036 0.170 0.161 0.133 0.169 0.166 
520 UA00030495    (4)   :  0.169 0.100 0.141 0.161 0.129 0.150 0.151 
521 UA00031133    (4)   :  0.120 0.035 0.149 0.252 0.026 0.187 0.232 
522 UA00032049    (4)   :  0.149 0.239 0.127 0.140 0.077 0.134 0.135 
523 UA00030599    (4)   :  0.119 0.084 0.136 0.215 0.070 0.175 0.200 
524 UA00030250    (4)   :  0.196 0.030 0.202 0.173 0.043 0.176 0.181 
525 UA00049385    (4)   :  0.141 0.098 0.143 0.183 0.098 0.161 0.177 
526 UA00031816    (4)   :  0.120 0.033 0.147 0.252 0.033 0.187 0.229 
527 UA00030275    (4)   :  0.181 0.099 0.165 0.162 0.075 0.165 0.153 
528 UA00041861    (4)   :  0.186 0.074 0.172 0.163 0.082 0.168 0.155 
529 UA00041433    (4)   :  0.202 0.026 0.196 0.162 0.038 0.192 0.185 
530  PCO-114    (4)   :  0.194 0.032 0.194 0.155 0.101 0.166 0.158 
531 UA00031529    (4)   :  0.183 0.040 0.172 0.179 0.071 0.180 0.176 
532 UA00039719    (4)   :  0.170 0.037 0.198 0.151 0.092 0.179 0.173 
533  PCO-442    (4)   :  0.199 0.026 0.223 0.166 0.035 0.175 0.177 
534   PCO-58    (0)   :  0.185 0.054 0.204 0.150 0.078 0.165 0.163 
535 UA00048673    (4)   :  0.182 0.044 0.158 0.162 0.121 0.168 0.166 
536   PCO-63    (4)   :  0.169 0.027 0.184 0.181 0.069 0.184 0.185 


Estimated Allele Frequencies in each cluster
First column gives estimated ancestral frequencies


Locus 1 : PP01 
2 alleles
0.0% missing data
   1   (0.585) 0.590 0.909 0.597 0.577 0.331 0.586 0.578 
   2   (0.415) 0.410 0.091 0.403 0.423 0.669 0.414 0.422 

Locus 2 : PP02 
2 alleles
0.0% missing data
   1   (0.920) 0.920 0.992 0.913 0.911 0.965 0.910 0.910 
