

----------------------------------------------------
STRUCTURE by Pritchard, Stephens and Donnelly (2000)
     and Falush, Stephens and Pritchard (2003)
       Code by Pritchard, Falush and Hubisz
             Version 2.3.4 (Jul 2012)
----------------------------------------------------



Command line arguments:   structure -K 8 -o outputfile_K8_4 
Input File:    Puma_SNP_genotypes_cut_AZ_final_HWEonly.str

Run parameters:
   536 individuals
   22 loci
   8 populations assumed
   100000 Burn-in period
   500000 Reps


--------------------------------------------
Overall proportion of membership of the
sample in each of the 8 clusters

Inferred Clusters
  1      2      3      4      5      6      7      8    
0.128  0.127  0.127  0.107  0.128  0.128  0.129  0.127  

--------------------------------------------

Allele-freq. divergence among pops (Net nucleotide distance),
computed using point estimates of P.

      1       2       3       4       5       6       7       8      
 1      -    0.0414  0.0404  0.0822  0.0463  0.0456  0.0507  0.0463  
 2   0.0414     -    0.0002  0.0619  0.0007  0.0007  0.0026  0.0012  
 3   0.0404  0.0002     -    0.0634  0.0013  0.0014  0.0040  0.0007  
 4   0.0822  0.0619  0.0634     -    0.0640  0.0635  0.0652  0.0713  
 5   0.0463  0.0007  0.0013  0.0640     -    0.0000  0.0007  0.0024  
 6   0.0456  0.0007  0.0014  0.0635  0.0000     -    0.0007  0.0026  
 7   0.0507  0.0026  0.0040  0.0652  0.0007  0.0007     -    0.0056  
 8   0.0463  0.0012  0.0007  0.0713  0.0024  0.0026  0.0056     -    

Average distances (expected heterozygosity) between individuals in same cluster:
cluster  1  : 0.2636 
cluster  2  : 0.3797 
cluster  3  : 0.3786 
cluster  4  : 0.2685 
cluster  5  : 0.3769 
cluster  6  : 0.3780 
cluster  7  : 0.3732 
cluster  8  : 0.3747 

--------------------------------------------
Estimated Ln Prob of Data   = -13758.9
Mean value of ln likelihood = -12280.1
Variance of ln likelihood   = 2957.7
Mean value of alpha         = 0.1227

Mean value of Fst_1         = 0.2836
Mean value of Fst_2         = 0.0345
Mean value of Fst_3         = 0.0314
Mean value of Fst_4         = 0.3328
Mean value of Fst_5         = 0.0723
Mean value of Fst_6         = 0.0686
Mean value of Fst_7         = 0.1010
Mean value of Fst_8         = 0.0709


Inferred ancestry of individuals:
        Label (%Miss) :  Inferred clusters
  1 UA00063336   (13)   :  0.045 0.116 0.112 0.342 0.101 0.099 0.092 0.092 
  2 UA00048914    (9)   :  0.146 0.151 0.151 0.071 0.120 0.126 0.103 0.133 
  3 UA00014769   (13)   :  0.014 0.129 0.139 0.030 0.162 0.141 0.146 0.240 
  4 UA00008132   (13)   :  0.055 0.156 0.161 0.084 0.138 0.138 0.118 0.150 
  5 UA00030462   (13)   :  0.202 0.142 0.143 0.060 0.114 0.121 0.100 0.118 
  6 UA00034866   (13)   :  0.119 0.166 0.167 0.021 0.133 0.141 0.120 0.132 
  7 UA00034800    (9)   :  0.060 0.059 0.061 0.598 0.057 0.056 0.050 0.058 
  8  Puco006    (9)   :  0.709 0.047 0.046 0.041 0.040 0.040 0.036 0.041 
  9 UA00048874    (4)   :  0.076 0.096 0.094 0.434 0.074 0.079 0.066 0.081 
 10 UA00049060    (9)   :  0.029 0.160 0.152 0.064 0.148 0.141 0.130 0.176 
 11 UA00033413    (9)   :  0.044 0.110 0.095 0.024 0.182 0.186 0.265 0.093 
 12  Puco021    (9)   :  0.022 0.099 0.075 0.096 0.184 0.186 0.272 0.066 
 13  Puco026    (9)   :  0.023 0.163 0.142 0.071 0.157 0.153 0.165 0.126 
 14  Puco008    (9)   :  0.180 0.122 0.125 0.180 0.100 0.104 0.086 0.103 
 15   M01301    (9)   :  0.092 0.113 0.103 0.019 0.165 0.174 0.219 0.114 
 16   M06306    (9)   :  0.022 0.111 0.102 0.368 0.104 0.103 0.107 0.083 
 17 UA00032185    (9)   :  0.080 0.151 0.147 0.069 0.140 0.141 0.135 0.139 
 18 UA00030792    (9)   :  0.017 0.015 0.015 0.896 0.014 0.014 0.014 0.014 
 19 UA00031647    (9)   :  0.091 0.143 0.146 0.174 0.111 0.116 0.100 0.119 
 20 UA00031979    (9)   :  0.072 0.166 0.155 0.044 0.146 0.147 0.131 0.139 
 21  Puco016    (9)   :  0.201 0.141 0.155 0.027 0.118 0.125 0.102 0.131 
 22  Puco010    (9)   :  0.043 0.147 0.138 0.044 0.158 0.162 0.170 0.139 
 23    M1035    (9)   :  0.025 0.168 0.166 0.097 0.137 0.138 0.123 0.147 
 24 UA00034601    (9)   :  0.098 0.154 0.141 0.075 0.138 0.137 0.141 0.116 
 25 UA00050388    (9)   :  0.072 0.161 0.153 0.073 0.140 0.145 0.127 0.129 
 26 UA00048699    (9)   :  0.351 0.113 0.117 0.029 0.097 0.101 0.083 0.109 
 27 UA00064058    (9)   :  0.026 0.160 0.162 0.059 0.145 0.144 0.139 0.164 
 28 UA00033981    (9)   :  0.050 0.105 0.093 0.052 0.180 0.183 0.251 0.086 
 29   F05033    (9)   :  0.030 0.150 0.143 0.035 0.166 0.153 0.168 0.155 
 30 UA00048520    (4)   :  0.082 0.128 0.121 0.170 0.130 0.130 0.138 0.101 
 31 UA00048422    (4)   :  0.022 0.028 0.028 0.803 0.030 0.030 0.032 0.026 
 32    PucoB    (4)   :  0.017 0.161 0.124 0.044 0.166 0.174 0.204 0.109 
 33 UA00047393    (4)   :  0.035 0.140 0.152 0.147 0.131 0.122 0.103 0.170 
 34 UA00064521    (4)   :  0.184 0.152 0.140 0.039 0.120 0.130 0.117 0.118 
 35 UA00003043    (4)   :  0.143 0.147 0.156 0.022 0.128 0.130 0.110 0.164 
 36 UA00063025    (4)   :  0.132 0.128 0.127 0.185 0.111 0.112 0.110 0.095 
 37 UA00063826    (4)   :  0.030 0.143 0.138 0.046 0.161 0.175 0.191 0.116 
 38   F07407    (4)   :  0.029 0.113 0.087 0.208 0.145 0.148 0.198 0.072 
 39 UA00021658    (4)   :  0.041 0.164 0.165 0.044 0.147 0.145 0.136 0.157 
 40 UA00003794    (4)   :  0.035 0.128 0.102 0.181 0.147 0.143 0.179 0.085 
 41 UA00041322    (4)   :  0.070 0.172 0.171 0.069 0.136 0.138 0.109 0.135 
 42 UA00063316    (4)   :  0.098 0.151 0.153 0.091 0.130 0.136 0.122 0.118 
 43 UA00047705    (4)   :  0.067 0.167 0.144 0.052 0.151 0.146 0.152 0.121 
 44 UA00033904    (4)   :  0.043 0.120 0.107 0.366 0.093 0.093 0.082 0.094 
 45 UA00048100    (4)   :  0.053 0.150 0.149 0.026 0.163 0.154 0.176 0.130 
 46 UA00032212    (4)   :  0.098 0.120 0.123 0.224 0.111 0.114 0.109 0.102 
 47 UA00031574    (4)   :  0.042 0.029 0.029 0.784 0.030 0.030 0.030 0.026 
 48 UA00031228    (4)   :  0.028 0.020 0.020 0.854 0.019 0.019 0.019 0.020 
 49 UA00047707    (4)   :  0.029 0.157 0.169 0.015 0.153 0.141 0.119 0.217 
 50 UA00030906    (4)   :  0.026 0.014 0.014 0.890 0.014 0.014 0.014 0.014 
 51 UA00041567    (4)   :  0.063 0.124 0.114 0.055 0.163 0.168 0.209 0.103 
 52 UA00007624    (4)   :  0.033 0.145 0.137 0.019 0.166 0.154 0.182 0.165 
 53 UA00034514    (4)   :  0.048 0.152 0.165 0.036 0.147 0.144 0.145 0.163 
 54 UA00030480    (4)   :  0.029 0.157 0.163 0.132 0.128 0.130 0.111 0.150 
 55  Puco012    (4)   :  0.059 0.164 0.173 0.033 0.142 0.141 0.129 0.160 
 56 UA00038677    (9)   :  0.129 0.144 0.136 0.109 0.127 0.129 0.120 0.105 
 57 UA00048275    (4)   :  0.038 0.148 0.133 0.028 0.166 0.166 0.203 0.116 
 58 UA00064055    (4)   :  0.057 0.156 0.174 0.037 0.137 0.141 0.122 0.176 
 59  Puco009    (4)   :  0.199 0.137 0.149 0.022 0.124 0.124 0.106 0.138 
 60 UA00064561    (4)   :  0.066 0.129 0.146 0.021 0.150 0.127 0.110 0.251 
 61 UA00003479    (4)   :  0.068 0.148 0.167 0.030 0.137 0.142 0.129 0.178 
 62 UA00063747    (4)   :  0.052 0.144 0.143 0.016 0.152 0.159 0.166 0.167 
 63 UA00002558    (4)   :  0.189 0.142 0.140 0.026 0.130 0.133 0.125 0.115 
 64 UA00048410    (4)   :  0.191 0.133 0.145 0.018 0.128 0.119 0.101 0.164 
 65 UA00012249    (4)   :  0.093 0.141 0.163 0.020 0.138 0.138 0.115 0.193 
 66 UA00033818    (4)   :  0.059 0.068 0.063 0.560 0.066 0.062 0.067 0.055 
 67  Puco020    (4)   :  0.073 0.140 0.151 0.130 0.123 0.124 0.102 0.157 
 68 UA00002545    (9)   :  0.034 0.136 0.159 0.070 0.143 0.133 0.114 0.210 
 69 UA00048508    (4)   :  0.039 0.163 0.168 0.028 0.148 0.148 0.136 0.171 
 70 UA00064100    (4)   :  0.045 0.183 0.175 0.046 0.138 0.144 0.125 0.144 
 71 UA00014585    (4)   :  0.060 0.161 0.169 0.038 0.140 0.145 0.132 0.155 
 72 UA00063698    (4)   :  0.365 0.096 0.096 0.099 0.089 0.089 0.088 0.078 
 73 UA00049753    (4)   :  0.021 0.118 0.115 0.372 0.095 0.097 0.087 0.095 
 74 UA00049037    (4)   :  0.029 0.159 0.164 0.053 0.144 0.148 0.136 0.167 
 75 UA00034941    (4)   :  0.068 0.158 0.150 0.067 0.141 0.145 0.147 0.124 
 76 UA00008083    (4)   :  0.557 0.069 0.071 0.045 0.065 0.065 0.064 0.064 
 77 UA00015084    (4)   :  0.313 0.106 0.097 0.138 0.091 0.094 0.088 0.073 
 78 UA00041010    (9)   :  0.397 0.057 0.059 0.293 0.047 0.049 0.044 0.053 
 79 UA00035261    (4)   :  0.102 0.132 0.129 0.196 0.115 0.114 0.107 0.105 
 80 UA00035431    (4)   :  0.064 0.153 0.142 0.016 0.162 0.163 0.173 0.128 
 81 UA00045274    (0)   :  0.089 0.160 0.135 0.074 0.139 0.145 0.150 0.107 
 82 UA00028200    (4)   :  0.113 0.101 0.099 0.349 0.089 0.089 0.085 0.075 
 83 UA00064559    (0)   :  0.021 0.022 0.022 0.847 0.022 0.022 0.023 0.020 
 84 UA00040808    (0)   :  0.120 0.104 0.106 0.331 0.086 0.085 0.070 0.098 
 85 UA00049156    (0)   :  0.121 0.096 0.099 0.350 0.086 0.087 0.081 0.081 
 86 UA00003952    (4)   :  0.559 0.074 0.076 0.028 0.063 0.066 0.058 0.075 
 87 UA00063954    (0)   :  0.030 0.167 0.158 0.133 0.133 0.135 0.115 0.130 
 88 UA00062934    (0)   :  0.058 0.159 0.148 0.170 0.123 0.125 0.103 0.114 
 89 UA00033829    (0)   :  0.179 0.049 0.050 0.550 0.044 0.044 0.041 0.043 
 90 UA00064351    (4)   :  0.085 0.105 0.091 0.035 0.173 0.180 0.249 0.081 
 91 UA00003697    (4)   :  0.516 0.076 0.079 0.067 0.067 0.070 0.060 0.064 
 92 UA00063438    (4)   :  0.081 0.140 0.144 0.191 0.114 0.119 0.098 0.114 
 93 UA00007608    (0)   :  0.159 0.120 0.117 0.199 0.106 0.111 0.096 0.092 
 94 UA00019683    (4)   :  0.028 0.081 0.062 0.427 0.108 0.104 0.136 0.053 
 95 UA00007781    (0)   :  0.054 0.174 0.151 0.038 0.151 0.156 0.157 0.121 
 96 UA00002915    (0)   :  0.074 0.123 0.123 0.297 0.100 0.099 0.086 0.098 
 97  Puco031    (4)   :  0.052 0.168 0.167 0.040 0.139 0.144 0.112 0.178 
 98 UA00048280    (4)   :  0.069 0.151 0.142 0.031 0.154 0.161 0.181 0.111 
 99 UA00048589    (0)   :  0.041 0.145 0.121 0.071 0.163 0.162 0.194 0.104 
100 UA00034417    (0)   :  0.143 0.140 0.142 0.103 0.117 0.118 0.104 0.133 
101 UA00050411    (4)   :  0.029 0.150 0.167 0.016 0.156 0.146 0.134 0.202 
102  Puco029    (4)   :  0.014 0.161 0.141 0.029 0.169 0.159 0.176 0.151 
103   F03403    (4)   :  0.038 0.123 0.086 0.018 0.183 0.196 0.280 0.075 
104 UA00049904    (0)   :  0.045 0.144 0.139 0.150 0.137 0.138 0.138 0.109 
105 UA00035335    (0)   :  0.012 0.153 0.142 0.022 0.162 0.158 0.163 0.187 
106 UA00012611    (0)   :  0.026 0.188 0.170 0.033 0.148 0.149 0.141 0.146 
107 UA00050319    (0)   :  0.022 0.103 0.068 0.019 0.195 0.212 0.312 0.069 
108 UA00032068    (4)   :  0.023 0.169 0.168 0.101 0.138 0.136 0.120 0.145 
109 UA00032026    (4)   :  0.032 0.170 0.167 0.072 0.140 0.137 0.118 0.164 
110 UA00030476    (4)   :  0.019 0.111 0.070 0.064 0.192 0.197 0.286 0.060 
111 UA00046853    (0)   :  0.034 0.100 0.090 0.057 0.180 0.193 0.249 0.096 
112 UA00040156    (4)   :  0.017 0.015 0.014 0.898 0.014 0.014 0.014 0.014 
113 UA00030528    (4)   :  0.030 0.148 0.153 0.189 0.120 0.117 0.091 0.151 
114  Puco025    (4)   :  0.023 0.141 0.156 0.024 0.158 0.139 0.125 0.234 
115    pc016    (0)   :  0.017 0.014 0.014 0.901 0.014 0.013 0.013 0.013 
116 UA00030617    (4)   :  0.020 0.141 0.155 0.018 0.158 0.140 0.131 0.236 
117 UA00030585    (4)   :  0.029 0.024 0.024 0.818 0.027 0.026 0.029 0.022 
118 UA00032060    (4)   :  0.031 0.141 0.132 0.205 0.128 0.125 0.120 0.117 
119    pc007    (0)   :  0.043 0.121 0.108 0.054 0.171 0.170 0.227 0.106 
120 UA00030798    (4)   :  0.019 0.035 0.033 0.790 0.031 0.031 0.030 0.031 
121 UA00030778    (4)   :  0.021 0.170 0.182 0.015 0.151 0.141 0.126 0.193 
122 UA00039674    (4)   :  0.018 0.020 0.020 0.868 0.019 0.019 0.017 0.018 
123 UA00032241    (4)   :  0.022 0.141 0.138 0.017 0.164 0.159 0.183 0.175 
124 UA00011624    (0)   :  0.033 0.153 0.157 0.026 0.157 0.151 0.151 0.173 
125 UA00033779    (4)   :  0.034 0.105 0.081 0.025 0.186 0.202 0.282 0.085 
126 UA00049402    (4)   :  0.135 0.142 0.152 0.040 0.127 0.131 0.121 0.152 
127 UA00033653    (0)   :  0.029 0.089 0.063 0.020 0.198 0.211 0.320 0.070 
128 UA00047738    (0)   :  0.082 0.152 0.148 0.056 0.145 0.145 0.141 0.131 
129 UA00047502    (4)   :  0.176 0.144 0.149 0.054 0.120 0.125 0.101 0.131 
130 UA00012014    (4)   :  0.049 0.167 0.176 0.039 0.141 0.146 0.117 0.164 
131 UA00040729    (0)   :  0.028 0.152 0.127 0.044 0.168 0.161 0.188 0.133 
132 UA00030392    (4)   :  0.023 0.142 0.158 0.034 0.163 0.140 0.125 0.216 
133 UA00050033    (0)   :  0.033 0.144 0.153 0.058 0.152 0.146 0.150 0.163 
134 UA00012152    (0)   :  0.474 0.086 0.092 0.017 0.079 0.078 0.068 0.106 
135 UA00050406    (0)   :  0.042 0.174 0.174 0.043 0.147 0.140 0.130 0.152 
136 UA00047973    (0)   :  0.040 0.162 0.154 0.030 0.153 0.165 0.165 0.132 
137 UA00008051    (0)   :  0.100 0.139 0.137 0.095 0.133 0.131 0.118 0.146 
138 UA00047337    (4)   :  0.038 0.136 0.136 0.188 0.130 0.126 0.118 0.128 
139 UA00041604    (4)   :  0.097 0.152 0.151 0.079 0.133 0.130 0.116 0.141 
140 UA00031704    (4)   :  0.017 0.156 0.170 0.021 0.154 0.148 0.146 0.189 
141 UA00040423    (4)   :  0.032 0.159 0.163 0.080 0.138 0.145 0.125 0.158 
142 UA00049433    (0)   :  0.098 0.154 0.162 0.060 0.128 0.135 0.111 0.153 
143 UA00034816    (0)   :  0.098 0.127 0.146 0.031 0.145 0.128 0.104 0.222 
144 UA00050214    (0)   :  0.022 0.129 0.147 0.023 0.158 0.132 0.110 0.280 
145 UA00041073    (0)   :  0.085 0.139 0.152 0.061 0.141 0.137 0.126 0.160 
146 UA00030318    (4)   :  0.062 0.142 0.157 0.025 0.150 0.143 0.132 0.188 
147 UA00046845    (0)   :  0.113 0.141 0.152 0.044 0.138 0.124 0.106 0.182 
148 UA00063946    (0)   :  0.027 0.087 0.055 0.037 0.203 0.211 0.325 0.055 
149 UA00031374    (4)   :  0.063 0.158 0.162 0.037 0.141 0.147 0.124 0.167 
150    M1136    (4)   :  0.033 0.107 0.115 0.334 0.102 0.097 0.075 0.137 
151 UA00034299    (0)   :  0.032 0.127 0.146 0.030 0.154 0.129 0.108 0.274 
152 UA00002387    (4)   :  0.066 0.151 0.166 0.018 0.139 0.143 0.115 0.202 
153 UA00021855    (0)   :  0.050 0.151 0.154 0.042 0.155 0.160 0.153 0.135 
154 UA00014500    (0)   :  0.027 0.169 0.169 0.050 0.139 0.144 0.134 0.167 
155 UA00050419    (4)   :  0.030 0.122 0.151 0.019 0.153 0.129 0.117 0.279 
156 UA00031854    (4)   :  0.093 0.155 0.152 0.038 0.140 0.145 0.136 0.140 
157    pc011    (4)   :  0.041 0.144 0.168 0.021 0.147 0.133 0.126 0.220 
158 UA00033004    (0)   :  0.047 0.156 0.163 0.065 0.138 0.137 0.121 0.173 
159 UA00046510    (0)   :  0.144 0.151 0.152 0.027 0.133 0.126 0.109 0.159 
160 UA00048747    (0)   :  0.063 0.153 0.167 0.027 0.143 0.136 0.114 0.196 
161 UA00014293    (0)   :  0.042 0.145 0.162 0.024 0.146 0.140 0.127 0.212 
162 UA00047686    (0)   :  0.179 0.150 0.153 0.046 0.120 0.117 0.096 0.139 
163 UA00033783    (4)   :  0.111 0.087 0.076 0.328 0.103 0.104 0.125 0.067 
164 UA00042609    (4)   :  0.260 0.124 0.128 0.053 0.105 0.107 0.095 0.129 
165 UA00031169    (4)   :  0.026 0.133 0.155 0.030 0.147 0.133 0.111 0.265 
166 UA00035181    (0)   :  0.024 0.167 0.151 0.013 0.159 0.164 0.180 0.143 
167 UA00050133    (0)   :  0.051 0.156 0.164 0.039 0.146 0.142 0.128 0.173 
168  Puco011    (4)   :  0.051 0.141 0.160 0.038 0.143 0.134 0.123 0.210 
169 UA00041476    (0)   :  0.090 0.142 0.154 0.064 0.134 0.131 0.108 0.177 
170 UA00046702    (0)   :  0.028 0.142 0.162 0.025 0.151 0.132 0.124 0.237 
171 UA00019940    (0)   :  0.067 0.150 0.153 0.042 0.148 0.140 0.124 0.175 
172 UA00049813    (0)   :  0.037 0.138 0.135 0.048 0.162 0.164 0.180 0.135 
173 UA00064165    (0)   :  0.380 0.111 0.107 0.046 0.091 0.093 0.080 0.093 
174 UA00064421    (0)   :  0.282 0.128 0.133 0.017 0.112 0.110 0.093 0.124 
175 UA00064569    (4)   :  0.031 0.146 0.158 0.015 0.159 0.143 0.139 0.208 
176 UA00003996    (0)   :  0.163 0.139 0.147 0.041 0.125 0.122 0.108 0.155 
177 UA00064491    (4)   :  0.063 0.129 0.147 0.022 0.159 0.136 0.124 0.220 
178 UA00011899    (0)   :  0.031 0.163 0.170 0.047 0.149 0.151 0.132 0.157 
179  Puco015    (4)   :  0.047 0.147 0.151 0.116 0.135 0.133 0.117 0.154 
180 UA00047929    (4)   :  0.020 0.142 0.131 0.029 0.167 0.162 0.198 0.151 
181 UA00056669    (0)   :  0.072 0.164 0.171 0.026 0.142 0.147 0.120 0.158 
182 UA00050176    (0)   :  0.084 0.163 0.169 0.057 0.126 0.137 0.123 0.140 
183  Puco014    (4)   :  0.068 0.146 0.147 0.039 0.154 0.154 0.168 0.123 
184 UA00019608    (0)   :  0.074 0.157 0.169 0.030 0.136 0.137 0.113 0.183 
185 UA00064333    (0)   :  0.048 0.153 0.171 0.030 0.143 0.143 0.116 0.196 
186  Puco013    (4)   :  0.163 0.150 0.154 0.034 0.125 0.125 0.112 0.137 
187 UA00016092    (0)   :  0.021 0.141 0.161 0.016 0.161 0.136 0.132 0.232 
188 UA00019060    (0)   :  0.507 0.068 0.070 0.119 0.057 0.062 0.053 0.065 
189 UA00063532    (0)   :  0.066 0.148 0.151 0.062 0.144 0.141 0.145 0.142 
190 UA00064117    (0)   :  0.274 0.092 0.098 0.206 0.083 0.083 0.078 0.086 
191 UA00011969    (0)   :  0.075 0.160 0.160 0.054 0.141 0.142 0.131 0.137 
192 UA00034586    (4)   :  0.028 0.151 0.149 0.024 0.163 0.161 0.167 0.158 
193 UA00030736    (4)   :  0.033 0.170 0.179 0.042 0.143 0.145 0.128 0.160 
194 UA00048493    (0)   :  0.043 0.159 0.169 0.070 0.144 0.136 0.127 0.153 
195 UA00040466    (0)   :  0.666 0.054 0.056 0.024 0.050 0.049 0.050 0.050 
196 UA00047659    (0)   :  0.044 0.183 0.173 0.022 0.151 0.150 0.133 0.143 
197 UA00042002    (4)   :  0.049 0.142 0.126 0.193 0.130 0.127 0.131 0.101 
198 UA00062606    (0)   :  0.130 0.147 0.152 0.044 0.133 0.132 0.117 0.145 
199 UA00030615    (4)   :  0.718 0.046 0.047 0.019 0.043 0.044 0.039 0.043 
200 UA00048899    (0)   :  0.046 0.171 0.177 0.035 0.146 0.153 0.129 0.143 
201 UA00047725    (0)   :  0.877 0.018 0.018 0.018 0.017 0.017 0.017 0.017 
202 UA00030866    (4)   :  0.067 0.154 0.171 0.029 0.143 0.150 0.139 0.147 
203 UA00034564    (0)   :  0.052 0.165 0.167 0.031 0.139 0.146 0.126 0.175 
204 UA00046520    (0)   :  0.030 0.107 0.079 0.022 0.189 0.200 0.291 0.083 
205 UA00035027    (0)   :  0.087 0.149 0.154 0.051 0.142 0.146 0.148 0.124 
206 UA00035421    (0)   :  0.281 0.115 0.132 0.028 0.107 0.106 0.098 0.132 
207 UA00062740    (4)   :  0.115 0.150 0.154 0.066 0.125 0.133 0.133 0.125 
208 UA00012360    (0)   :  0.760 0.038 0.040 0.021 0.036 0.034 0.032 0.039 
209 UA00050203    (0)   :  0.035 0.160 0.150 0.041 0.154 0.156 0.157 0.147 
210 UA00040534    (4)   :  0.316 0.099 0.098 0.182 0.078 0.081 0.064 0.081 
211 UA00031261    (4)   :  0.497 0.074 0.078 0.101 0.063 0.067 0.055 0.065 
212 UA00031917    (4)   :  0.304 0.097 0.102 0.166 0.083 0.085 0.074 0.088 
213 UA00040798    (4)   :  0.381 0.089 0.090 0.071 0.096 0.094 0.091 0.088 
214 UA00030598    (4)   :  0.308 0.109 0.114 0.070 0.101 0.102 0.097 0.098 
215 UA00050385    (0)   :  0.082 0.162 0.170 0.036 0.138 0.138 0.122 0.151 
216 UA00058283    (0)   :  0.775 0.032 0.031 0.045 0.030 0.029 0.030 0.027 
217 UA00042297    (4)   :  0.128 0.080 0.082 0.396 0.080 0.081 0.081 0.072 
218 UA00015415    (4)   :  0.789 0.035 0.034 0.020 0.030 0.030 0.028 0.034 
219 UA00035531    (0)   :  0.593 0.057 0.063 0.082 0.051 0.053 0.045 0.058 
220 UA00048683    (0)   :  0.573 0.073 0.072 0.026 0.065 0.065 0.058 0.068 
221 UA00046734    (4)   :  0.760 0.038 0.038 0.026 0.035 0.035 0.032 0.036 
222   pcRF01    (0)   :  0.028 0.135 0.158 0.013 0.144 0.132 0.116 0.274 
223 UA00007223    (0)   :  0.162 0.136 0.155 0.059 0.118 0.126 0.113 0.130 
224 UA00013841    (0)   :  0.028 0.159 0.145 0.114 0.142 0.139 0.127 0.146 
225 UA00014196    (0)   :  0.563 0.070 0.073 0.053 0.061 0.063 0.052 0.065 
226 UA00034635    (0)   :  0.042 0.157 0.172 0.025 0.153 0.150 0.140 0.160 
227 UA00047371    (0)   :  0.053 0.146 0.137 0.190 0.121 0.124 0.121 0.108 
228 UA00063544    (0)   :  0.051 0.133 0.126 0.186 0.133 0.126 0.129 0.115 
229 UA00064246    (0)   :  0.162 0.129 0.129 0.088 0.124 0.128 0.132 0.107 
230 UA00064328    (0)   :  0.174 0.141 0.149 0.076 0.120 0.122 0.100 0.119 
231 UA00002952    (0)   :  0.175 0.131 0.130 0.122 0.111 0.116 0.103 0.112 
232 UA00064079    (0)   :  0.070 0.147 0.148 0.133 0.129 0.126 0.106 0.141 
233 UA00046793    (0)   :  0.205 0.122 0.126 0.144 0.103 0.102 0.091 0.107 
234 UA00034769    (0)   :  0.083 0.082 0.078 0.411 0.089 0.091 0.099 0.067 
235 UA00034949    (0)   :  0.191 0.137 0.144 0.053 0.115 0.122 0.105 0.133 
236 UA00063753    (0)   :  0.090 0.104 0.095 0.074 0.166 0.164 0.227 0.080 
237 UA00015713    (0)   :  0.037 0.135 0.129 0.131 0.146 0.151 0.168 0.104 
238 UA00003494    (0)   :  0.116 0.132 0.148 0.084 0.122 0.120 0.114 0.165 
239 UA00056767    (0)   :  0.026 0.101 0.074 0.013 0.189 0.210 0.301 0.085 
240 UA00014461    (0)   :  0.170 0.132 0.139 0.080 0.122 0.121 0.112 0.124 
241 UA00034669    (0)   :  0.331 0.110 0.110 0.106 0.091 0.090 0.079 0.083 
242 UA00048164    (0)   :  0.189 0.142 0.141 0.024 0.125 0.127 0.114 0.137 
243 UA00007974    (0)   :  0.042 0.143 0.113 0.063 0.166 0.172 0.213 0.089 
244 UA00016166    (0)   :  0.046 0.129 0.130 0.246 0.109 0.109 0.085 0.145 
245 UA00015653    (0)   :  0.148 0.126 0.128 0.208 0.101 0.101 0.088 0.100 
246 UA00063882    (0)   :  0.321 0.111 0.114 0.095 0.091 0.093 0.079 0.098 
247 UA00049027    (0)   :  0.090 0.125 0.121 0.223 0.114 0.117 0.108 0.102 
248 UA00018878    (0)   :  0.035 0.140 0.116 0.228 0.128 0.128 0.140 0.086 
249 UA00038796    (0)   :  0.263 0.139 0.129 0.035 0.108 0.114 0.104 0.107 
250 UA00013465    (0)   :  0.604 0.064 0.068 0.038 0.059 0.059 0.054 0.054 
251 UA00014604    (0)   :  0.205 0.138 0.133 0.074 0.114 0.121 0.115 0.101 
252 UA00041913    (0)   :  0.054 0.091 0.093 0.246 0.133 0.135 0.167 0.082 
253 UA00021632    (0)   :  0.072 0.088 0.088 0.458 0.074 0.079 0.066 0.076 
254 UA00064027    (0)   :  0.107 0.161 0.156 0.102 0.125 0.121 0.104 0.124 
255 UA00015023    (0)   :  0.114 0.143 0.160 0.037 0.134 0.124 0.110 0.178 
256 UA00050243    (0)   :  0.052 0.142 0.147 0.214 0.115 0.120 0.094 0.114 
257 UA00048298    (0)   :  0.061 0.148 0.156 0.061 0.142 0.140 0.131 0.162 
258 UA00050437    (0)   :  0.209 0.147 0.146 0.043 0.116 0.116 0.097 0.126 
259 UA00014262    (0)   :  0.062 0.157 0.158 0.117 0.130 0.129 0.113 0.135 
260 UA00049129    (0)   :  0.039 0.135 0.133 0.075 0.155 0.155 0.174 0.133 
261 UA00014740    (0)   :  0.067 0.141 0.133 0.071 0.149 0.156 0.165 0.118 
262 UA00049612    (0)   :  0.076 0.047 0.047 0.642 0.051 0.048 0.048 0.042 
263 UA00014635    (0)   :  0.028 0.123 0.090 0.020 0.175 0.195 0.268 0.100 
264 UA00014673    (0)   :  0.190 0.133 0.119 0.123 0.114 0.114 0.106 0.100 
265 UA00033608    (0)   :  0.071 0.088 0.087 0.390 0.096 0.095 0.102 0.070 
266 UA00064540    (0)   :  0.078 0.114 0.102 0.037 0.171 0.175 0.240 0.083 
267 UA00050256    (0)   :  0.127 0.141 0.150 0.145 0.113 0.118 0.095 0.110 
268 UA00015274    (0)   :  0.071 0.159 0.161 0.032 0.137 0.141 0.124 0.175 
269 UA00062993    (0)   :  0.068 0.161 0.149 0.018 0.148 0.164 0.171 0.122 
270 UA00038364    (0)   :  0.069 0.145 0.145 0.093 0.142 0.145 0.145 0.115 
271 UA00014446    (0)   :  0.035 0.178 0.179 0.021 0.146 0.152 0.133 0.156 
272 UA00063545    (0)   :  0.140 0.081 0.082 0.432 0.066 0.072 0.060 0.067 
273 UA00040054    (0)   :  0.025 0.164 0.166 0.049 0.147 0.138 0.122 0.188 
274 UA00058447    (0)   :  0.035 0.167 0.151 0.042 0.156 0.160 0.170 0.119 
275 UA00046835    (0)   :  0.038 0.149 0.129 0.037 0.166 0.160 0.201 0.120 
276 UA00014608    (0)   :  0.053 0.173 0.170 0.031 0.150 0.151 0.145 0.127 
277    pc012    (0)   :  0.090 0.164 0.155 0.055 0.136 0.139 0.126 0.136 
278    pc002    (0)   :  0.069 0.113 0.110 0.345 0.091 0.096 0.082 0.094 
279 UA00033690    (0)   :  0.039 0.110 0.075 0.159 0.158 0.165 0.229 0.064 
280 UA00013688    (0)   :  0.083 0.163 0.162 0.047 0.134 0.143 0.136 0.132 
281 UA00063666    (0)   :  0.016 0.091 0.066 0.079 0.195 0.201 0.291 0.060 
282 UA00063292    (0)   :  0.022 0.096 0.065 0.021 0.200 0.213 0.318 0.065 
283    pc001    (0)   :  0.072 0.166 0.166 0.034 0.147 0.144 0.137 0.134 
284    pc008    (0)   :  0.050 0.153 0.136 0.039 0.160 0.159 0.181 0.121 
285 UA00034316    (0)   :  0.201 0.109 0.116 0.186 0.096 0.094 0.076 0.122 
286 UA00013046    (0)   :  0.019 0.137 0.134 0.029 0.170 0.155 0.172 0.184 
287 UA00050241    (0)   :  0.016 0.129 0.109 0.027 0.183 0.180 0.247 0.109 
288 UA00048599    (0)   :  0.026 0.158 0.133 0.021 0.167 0.171 0.214 0.110 
289 UA00046649    (0)   :  0.037 0.120 0.113 0.322 0.103 0.106 0.101 0.099 
290 UA00015674    (0)   :  0.057 0.080 0.068 0.450 0.089 0.090 0.106 0.059 
291 UA00013177    (0)   :  0.097 0.122 0.110 0.099 0.144 0.150 0.173 0.104 
292 UA00012814    (0)   :  0.061 0.160 0.169 0.037 0.142 0.140 0.132 0.160 
293 UA00034654    (0)   :  0.027 0.172 0.167 0.024 0.152 0.152 0.150 0.156 
294 UA00046743    (0)   :  0.035 0.128 0.106 0.027 0.172 0.175 0.236 0.120 
295 UA00014854    (0)   :  0.017 0.126 0.092 0.114 0.167 0.170 0.233 0.081 
296 UA00013729    (0)   :  0.044 0.150 0.164 0.040 0.149 0.137 0.111 0.204 
297 UA00063483    (0)   :  0.023 0.151 0.155 0.029 0.164 0.165 0.184 0.130 
298 UA00039326    (0)   :  0.034 0.146 0.128 0.113 0.150 0.150 0.162 0.118 
299 UA00014742    (0)   :  0.022 0.126 0.121 0.032 0.178 0.187 0.226 0.109 
300 UA00049597    (0)   :  0.016 0.104 0.083 0.373 0.110 0.113 0.129 0.073 
301 UA00048067    (0)   :  0.062 0.140 0.131 0.079 0.148 0.158 0.179 0.103 
302 UA00012918    (0)   :  0.016 0.105 0.065 0.167 0.166 0.173 0.252 0.056 
303 UA00013487    (0)   :  0.019 0.129 0.151 0.020 0.140 0.140 0.115 0.286 
304 UA00046759    (0)   :  0.160 0.136 0.133 0.094 0.124 0.125 0.113 0.115 
305 UA00050164    (0)   :  0.037 0.071 0.071 0.577 0.059 0.061 0.052 0.072 
306 UA00049839    (0)   :  0.045 0.121 0.119 0.028 0.171 0.178 0.217 0.121 
307 UA00048444    (0)   :  0.027 0.068 0.046 0.073 0.200 0.211 0.321 0.054 
308 UA00063857    (0)   :  0.017 0.149 0.138 0.042 0.168 0.157 0.190 0.139 
309 UA00014921    (0)   :  0.020 0.100 0.095 0.408 0.098 0.099 0.100 0.081 
310 UA00048895    (0)   :  0.044 0.097 0.091 0.405 0.091 0.093 0.096 0.084 
311 UA00014556    (0)   :  0.134 0.155 0.157 0.032 0.135 0.141 0.121 0.125 
312    pc009    (0)   :  0.016 0.085 0.065 0.024 0.200 0.212 0.316 0.082 
313 UA00014959    (0)   :  0.027 0.101 0.082 0.400 0.103 0.101 0.111 0.076 
314 UA00020709    (0)   :  0.041 0.164 0.144 0.089 0.144 0.143 0.145 0.129 
315 UA00013126    (0)   :  0.022 0.019 0.020 0.860 0.020 0.020 0.021 0.019 
316 UA00013695    (0)   :  0.022 0.033 0.032 0.793 0.031 0.030 0.031 0.029 
317 UA00049344    (0)   :  0.045 0.106 0.103 0.406 0.088 0.090 0.078 0.084 
318 UA00047614    (0)   :  0.105 0.044 0.043 0.651 0.042 0.040 0.038 0.037 
319 UA00014221    (0)   :  0.021 0.127 0.101 0.012 0.181 0.196 0.264 0.097 
320 UA00014346    (0)   :  0.047 0.129 0.101 0.046 0.171 0.184 0.240 0.082 
321 UA00014245    (0)   :  0.025 0.127 0.095 0.241 0.134 0.130 0.159 0.088 
322 UA00014696    (0)   :  0.031 0.024 0.026 0.828 0.022 0.023 0.022 0.023 
323 UA00006991    (0)   :  0.066 0.181 0.175 0.025 0.135 0.142 0.115 0.160 
324 UA00048948    (0)   :  0.060 0.162 0.170 0.035 0.148 0.150 0.127 0.148 
325 UA00002239    (0)   :  0.075 0.166 0.166 0.037 0.138 0.139 0.113 0.166 
326 UA00063459    (0)   :  0.017 0.111 0.074 0.031 0.192 0.208 0.301 0.066 
327 UA00048356    (0)   :  0.105 0.149 0.141 0.044 0.145 0.148 0.158 0.111 
328 UA00063940    (0)   :  0.098 0.153 0.156 0.044 0.140 0.133 0.107 0.168 
329 UA00048130    (0)   :  0.037 0.135 0.116 0.026 0.171 0.188 0.224 0.103 
330 UA00048903    (0)   :  0.021 0.133 0.147 0.016 0.164 0.145 0.145 0.228 
331 UA00064643    (0)   :  0.054 0.148 0.147 0.052 0.151 0.149 0.136 0.163 
332 UA00050233    (0)   :  0.077 0.149 0.147 0.028 0.152 0.147 0.146 0.154 
333 UA00012507    (0)   :  0.143 0.158 0.165 0.021 0.128 0.132 0.110 0.142 
334 UA00064416    (0)   :  0.033 0.149 0.164 0.023 0.140 0.142 0.117 0.232 
335 UA00034724    (0)   :  0.050 0.153 0.151 0.027 0.157 0.153 0.153 0.157 
336 UA00002621    (0)   :  0.030 0.151 0.148 0.023 0.161 0.159 0.166 0.164 
337 UA00033203    (0)   :  0.030 0.137 0.156 0.040 0.143 0.134 0.111 0.247 
338 UA00011996    (0)   :  0.024 0.178 0.175 0.048 0.145 0.156 0.133 0.141 
339 UA00014408    (0)   :  0.274 0.131 0.133 0.032 0.109 0.106 0.093 0.122 
340 UA00049502    (0)   :  0.103 0.158 0.161 0.025 0.142 0.150 0.139 0.123 
341 UA00062695    (0)   :  0.059 0.133 0.124 0.075 0.154 0.164 0.193 0.098 
342 UA00014072    (0)   :  0.039 0.117 0.109 0.044 0.172 0.184 0.227 0.108 
343 UA00003334    (0)   :  0.022 0.136 0.125 0.030 0.170 0.166 0.194 0.157 
344 UA00013835    (0)   :  0.041 0.166 0.159 0.051 0.151 0.153 0.154 0.126 
345 UA00046760    (0)   :  0.032 0.128 0.128 0.175 0.138 0.145 0.144 0.109 
346 UA00014241    (0)   :  0.042 0.154 0.153 0.023 0.161 0.151 0.156 0.160 
347 UA00049585    (0)   :  0.018 0.145 0.138 0.027 0.167 0.180 0.197 0.128 
348 UA00013409    (0)   :  0.142 0.096 0.088 0.042 0.158 0.170 0.218 0.085 
349 UA00047548    (0)   :  0.020 0.173 0.174 0.035 0.147 0.156 0.137 0.158 
350 UA00049038    (0)   :  0.093 0.105 0.104 0.302 0.104 0.103 0.102 0.087 
351 UA00047612    (0)   :  0.051 0.167 0.166 0.025 0.150 0.152 0.136 0.152 
352 UA00014822    (0)   :  0.122 0.117 0.118 0.242 0.102 0.105 0.099 0.093 
353 UA00035299    (0)   :  0.039 0.152 0.161 0.041 0.156 0.139 0.118 0.194 
354 UA00012804    (0)   :  0.054 0.122 0.123 0.300 0.102 0.107 0.095 0.097 
355 UA00049578    (0)   :  0.117 0.149 0.152 0.030 0.143 0.143 0.134 0.131 
356 UA00047672    (0)   :  0.040 0.138 0.155 0.021 0.148 0.134 0.109 0.254 
357 UA00043961    (0)   :  0.064 0.052 0.051 0.627 0.052 0.052 0.054 0.048 
358 UA00064575    (0)   :  0.175 0.123 0.127 0.037 0.140 0.142 0.150 0.106 
359 UA00014732    (0)   :  0.062 0.164 0.173 0.021 0.144 0.140 0.123 0.172 
360 UA00050181    (0)   :  0.049 0.172 0.171 0.014 0.148 0.153 0.130 0.161 
361 UA00033369    (0)   :  0.063 0.134 0.145 0.201 0.115 0.118 0.094 0.130 
362 UA00011982    (0)   :  0.016 0.119 0.152 0.016 0.161 0.131 0.108 0.296 
363 UA00014590    (0)   :  0.056 0.156 0.164 0.088 0.131 0.127 0.106 0.171 
364 UA00047743    (0)   :  0.023 0.156 0.166 0.022 0.149 0.145 0.118 0.221 
365 UA00046621    (0)   :  0.017 0.151 0.170 0.021 0.149 0.146 0.127 0.219 
366 UA00050422    (0)   :  0.107 0.160 0.159 0.028 0.141 0.138 0.117 0.151 
367 UA00002760    (0)   :  0.032 0.144 0.149 0.072 0.154 0.148 0.156 0.145 
368 UA00012999    (0)   :  0.029 0.157 0.166 0.096 0.137 0.138 0.110 0.167 
369 UA00063838    (0)   :  0.036 0.146 0.138 0.022 0.162 0.149 0.152 0.194 
370 UA00003729    (0)   :  0.160 0.122 0.113 0.156 0.116 0.119 0.129 0.085 
371 UA00015348    (0)   :  0.053 0.106 0.094 0.060 0.173 0.183 0.235 0.096 
372 UA00019058    (0)   :  0.090 0.113 0.087 0.039 0.165 0.179 0.249 0.078 
373 UA00049549    (0)   :  0.018 0.083 0.051 0.095 0.189 0.203 0.307 0.054 
374 UA00014334    (0)   :  0.081 0.157 0.163 0.039 0.136 0.139 0.125 0.160 
375 UA00014350    (0)   :  0.013 0.110 0.141 0.013 0.160 0.124 0.111 0.329 
376 UA00049227    (0)   :  0.081 0.148 0.148 0.144 0.120 0.126 0.106 0.126 
377 UA00014051    (0)   :  0.129 0.148 0.154 0.019 0.134 0.127 0.108 0.181 
378 UA00034381    (0)   :  0.084 0.143 0.152 0.032 0.146 0.143 0.140 0.160 
379 UA00002354    (0)   :  0.024 0.132 0.158 0.019 0.153 0.138 0.119 0.257 
380 UA00049892    (0)   :  0.021 0.123 0.121 0.074 0.166 0.154 0.167 0.175 
381 UA00021989    (0)   :  0.049 0.144 0.153 0.019 0.148 0.153 0.147 0.186 
382 UA00048968    (0)   :  0.047 0.162 0.171 0.024 0.143 0.147 0.134 0.171 
383 UA00013174    (0)   :  0.050 0.146 0.159 0.038 0.153 0.136 0.116 0.201 
384 UA00033992    (0)   :  0.030 0.151 0.159 0.164 0.125 0.124 0.107 0.141 
385 UA00015801    (0)   :  0.015 0.129 0.148 0.012 0.165 0.136 0.118 0.277 
386 UA00063303    (0)   :  0.057 0.118 0.100 0.216 0.130 0.135 0.152 0.093 
387 UA00050206    (0)   :  0.029 0.100 0.085 0.014 0.186 0.210 0.275 0.102 
388 UA00014458    (0)   :  0.061 0.134 0.139 0.083 0.145 0.141 0.148 0.149 
389 UA00007204    (0)   :  0.025 0.136 0.111 0.044 0.177 0.168 0.229 0.110 
390 UA00063212    (0)   :  0.132 0.094 0.096 0.183 0.129 0.134 0.149 0.083 
391 UA00013340    (0)   :  0.030 0.170 0.167 0.085 0.140 0.143 0.133 0.131 
392 UA00062743    (0)   :  0.077 0.149 0.171 0.020 0.135 0.146 0.123 0.178 
393 UA00063189    (0)   :  0.480 0.081 0.085 0.057 0.075 0.075 0.066 0.081 
394 UA00035432    (0)   :  0.027 0.130 0.133 0.026 0.172 0.170 0.190 0.151 
395 UA00007958    (0)   :  0.027 0.157 0.170 0.023 0.147 0.147 0.155 0.173 
396 UA00013634    (0)   :  0.047 0.152 0.168 0.019 0.142 0.146 0.127 0.200 
397 UA00048175    (0)   :  0.029 0.120 0.150 0.011 0.158 0.124 0.114 0.294 
398 UA00003202    (0)   :  0.033 0.151 0.164 0.032 0.154 0.156 0.162 0.150 
399 UA00035090    (0)   :  0.086 0.141 0.137 0.037 0.150 0.151 0.154 0.144 
400 UA00064679    (0)   :  0.297 0.117 0.119 0.047 0.104 0.104 0.093 0.118 
401 UA00039518    (0)   :  0.030 0.146 0.154 0.037 0.154 0.148 0.140 0.192 
402 UA00058268    (0)   :  0.045 0.159 0.170 0.035 0.148 0.145 0.124 0.174 
403 UA00049456    (0)   :  0.045 0.124 0.125 0.180 0.136 0.133 0.142 0.115 
404 UA00049550    (0)   :  0.108 0.118 0.114 0.023 0.158 0.171 0.194 0.114 
405 UA00048342    (0)   :  0.053 0.152 0.145 0.102 0.144 0.144 0.130 0.130 
406 UA00063493    (0)   :  0.025 0.148 0.154 0.019 0.163 0.163 0.147 0.180 
407 UA00058261    (0)   :  0.122 0.132 0.155 0.026 0.133 0.128 0.116 0.189 
408 UA00014663    (0)   :  0.060 0.169 0.174 0.036 0.140 0.142 0.110 0.168 
409 UA00048817    (0)   :  0.047 0.135 0.144 0.180 0.123 0.118 0.096 0.157 
410 UA00049381    (0)   :  0.059 0.137 0.161 0.022 0.142 0.138 0.129 0.212 
411 UA00035901    (0)   :  0.244 0.133 0.136 0.036 0.117 0.119 0.101 0.115 
412 UA00013301    (0)   :  0.076 0.102 0.088 0.042 0.175 0.188 0.241 0.088 
413 UA00047926    (0)   :  0.090 0.138 0.150 0.064 0.132 0.129 0.106 0.192 
414 UA00007272    (0)   :  0.142 0.148 0.152 0.039 0.128 0.129 0.106 0.157 
415 UA00016041    (0)   :  0.036 0.134 0.130 0.056 0.164 0.166 0.181 0.134 
416 UA00013502    (0)   :  0.060 0.137 0.150 0.017 0.156 0.149 0.149 0.182 
417 UA00002390    (0)   :  0.040 0.170 0.170 0.091 0.134 0.135 0.113 0.147 
418 UA00034907    (0)   :  0.067 0.166 0.169 0.023 0.147 0.155 0.136 0.135 
419 UA00048821    (0)   :  0.116 0.138 0.142 0.106 0.129 0.125 0.111 0.132 
420 UA00002136    (0)   :  0.061 0.131 0.135 0.098 0.154 0.150 0.157 0.113 
421 UA00011790    (0)   :  0.057 0.146 0.168 0.039 0.138 0.137 0.143 0.171 
422 UA00021586    (0)   :  0.065 0.133 0.137 0.184 0.125 0.121 0.108 0.129 
423 UA00033270    (0)   :  0.063 0.160 0.159 0.037 0.145 0.144 0.139 0.152 
424 UA00048073    (0)   :  0.049 0.154 0.152 0.040 0.149 0.153 0.151 0.152 
425 UA00048856    (0)   :  0.096 0.155 0.155 0.032 0.145 0.139 0.133 0.145 
426 UA00049713    (0)   :  0.052 0.138 0.154 0.032 0.149 0.133 0.114 0.228 
427 UA00046885    (0)   :  0.032 0.167 0.161 0.040 0.151 0.152 0.157 0.140 
428 UA00034893    (0)   :  0.027 0.138 0.148 0.027 0.157 0.150 0.149 0.204 
429 UA00048011    (0)   :  0.077 0.148 0.154 0.016 0.149 0.140 0.127 0.189 
430 UA00015786    (0)   :  0.205 0.130 0.136 0.067 0.117 0.114 0.106 0.125 
431 UA00013162    (0)   :  0.077 0.156 0.165 0.029 0.133 0.146 0.123 0.171 
432 UA00049512    (0)   :  0.069 0.145 0.144 0.048 0.152 0.156 0.162 0.124 
433 UA00004046    (0)   :  0.035 0.149 0.165 0.019 0.149 0.144 0.130 0.210 
434 UA00048881    (0)   :  0.172 0.127 0.138 0.128 0.108 0.111 0.105 0.110 
435 UA00046610    (0)   :  0.091 0.146 0.157 0.117 0.126 0.122 0.104 0.137 
436 UA00033282    (0)   :  0.085 0.156 0.158 0.043 0.141 0.144 0.134 0.139 
437 UA00047561    (0)   :  0.037 0.160 0.171 0.026 0.149 0.139 0.124 0.195 
438 UA00013777    (0)   :  0.141 0.149 0.157 0.022 0.129 0.134 0.122 0.146 
439 UA00062849    (0)   :  0.035 0.124 0.109 0.036 0.175 0.182 0.239 0.101 
440 UA00049786    (0)   :  0.064 0.127 0.150 0.019 0.150 0.125 0.114 0.251 
441 UA00033246    (0)   :  0.017 0.093 0.075 0.021 0.204 0.212 0.301 0.077 
442 UA00045302    (0)   :  0.029 0.171 0.175 0.040 0.147 0.149 0.122 0.168 
443 UA00048637    (0)   :  0.060 0.133 0.159 0.026 0.147 0.128 0.119 0.228 
444 UA00049832    (0)   :  0.034 0.124 0.112 0.130 0.151 0.156 0.188 0.104 
445 UA00022023    (0)   :  0.041 0.163 0.175 0.081 0.133 0.137 0.122 0.148 
446 UA00050192    (0)   :  0.038 0.161 0.160 0.143 0.128 0.128 0.107 0.135 
447 UA00050413    (0)   :  0.059 0.157 0.151 0.029 0.154 0.152 0.150 0.146 
448 UA00013445    (0)   :  0.024 0.163 0.174 0.017 0.149 0.157 0.140 0.175 
449 UA00035496    (0)   :  0.197 0.150 0.141 0.032 0.120 0.130 0.111 0.119 
450 UA00003333    (0)   :  0.272 0.120 0.121 0.079 0.105 0.104 0.089 0.109 
451 UA00064008    (0)   :  0.242 0.133 0.135 0.023 0.115 0.119 0.097 0.136 
452 UA00003427    (0)   :  0.071 0.145 0.147 0.150 0.125 0.128 0.115 0.119 
453 UA00028092    (0)   :  0.138 0.109 0.113 0.237 0.103 0.100 0.098 0.102 
454    pc003    (0)   :  0.633 0.048 0.052 0.087 0.045 0.045 0.045 0.045 
455 UA00034440    (0)   :  0.062 0.131 0.124 0.030 0.165 0.175 0.200 0.114 
456 UA00026062    (0)   :  0.034 0.146 0.164 0.038 0.144 0.142 0.122 0.211 
457 UA00014347    (0)   :  0.095 0.165 0.156 0.055 0.135 0.145 0.129 0.120 
458 UA00021516    (0)   :  0.034 0.138 0.157 0.029 0.159 0.135 0.118 0.232 
459 UA00049347    (0)   :  0.300 0.117 0.124 0.031 0.108 0.105 0.094 0.122 
460 UA00063436    (0)   :  0.371 0.081 0.083 0.036 0.109 0.109 0.137 0.075 
461 UA00047790    (0)   :  0.045 0.164 0.176 0.029 0.142 0.147 0.133 0.163 
462 UA00045714    (0)   :  0.208 0.130 0.138 0.092 0.109 0.109 0.094 0.120 
463 UA00038979    (0)   :  0.044 0.123 0.102 0.119 0.155 0.161 0.200 0.097 
464 UA00016123    (0)   :  0.099 0.148 0.158 0.065 0.130 0.135 0.123 0.141 
465 UA00034765    (0)   :  0.701 0.049 0.053 0.018 0.043 0.045 0.039 0.052 
466 UA00063815    (0)   :  0.463 0.080 0.078 0.096 0.071 0.075 0.072 0.065 
467 UA00034795    (0)   :  0.052 0.126 0.119 0.038 0.167 0.177 0.210 0.111 
468 UA00004000    (0)   :  0.640 0.060 0.059 0.028 0.055 0.053 0.053 0.051 
469 UA00049367    (0)   :  0.102 0.136 0.130 0.021 0.151 0.159 0.179 0.121 
470 UA00034457    (0)   :  0.028 0.156 0.171 0.039 0.149 0.148 0.142 0.167 
471 UA00050015    (0)   :  0.066 0.144 0.138 0.063 0.150 0.160 0.171 0.107 
472 UA00021373    (0)   :  0.051 0.167 0.170 0.040 0.146 0.143 0.137 0.146 
473 UA00050232    (0)   :  0.517 0.071 0.072 0.094 0.062 0.066 0.059 0.059 
474 UA00038724    (0)   :  0.034 0.149 0.157 0.097 0.142 0.150 0.152 0.120 
475 UA00007824    (0)   :  0.086 0.143 0.159 0.078 0.130 0.133 0.112 0.158 
476 UA00048754    (0)   :  0.106 0.149 0.160 0.016 0.134 0.146 0.132 0.157 
477 UA00014271    (0)   :  0.044 0.149 0.155 0.068 0.145 0.141 0.143 0.154 
478 UA00013756    (0)   :  0.163 0.108 0.101 0.088 0.135 0.143 0.175 0.087 
479 UA00014385    (0)   :  0.252 0.116 0.119 0.107 0.103 0.104 0.089 0.111 
480 UA00049609    (0)   :  0.045 0.133 0.127 0.034 0.166 0.173 0.204 0.119 
481 UA00003748    (0)   :  0.284 0.127 0.129 0.024 0.106 0.111 0.099 0.121 
482 UA00063952    (0)   :  0.240 0.135 0.141 0.020 0.116 0.115 0.106 0.126 
483 UA00058348    (0)   :  0.527 0.079 0.078 0.018 0.077 0.072 0.076 0.073 
484 UA00014922    (0)   :  0.714 0.042 0.043 0.037 0.041 0.041 0.039 0.042 
485 UA00003820    (0)   :  0.089 0.151 0.164 0.017 0.140 0.142 0.124 0.175 
486 UA00013693    (0)   :  0.126 0.145 0.154 0.074 0.124 0.127 0.118 0.132 
487 UA00047713    (0)   :  0.596 0.070 0.070 0.021 0.062 0.061 0.052 0.068 
488 UA00034891    (0)   :  0.294 0.117 0.119 0.034 0.106 0.115 0.114 0.102 
489 UA00049223    (0)   :  0.298 0.119 0.117 0.032 0.108 0.109 0.101 0.116 
490 UA00064399    (0)   :  0.560 0.044 0.049 0.195 0.036 0.040 0.035 0.042 
491 UA00013336    (0)   :  0.708 0.040 0.041 0.062 0.037 0.039 0.038 0.036 
492 UA00035291    (0)   :  0.616 0.060 0.065 0.040 0.053 0.058 0.050 0.058 
493 UA00003945    (0)   :  0.584 0.062 0.069 0.046 0.059 0.058 0.062 0.060 
494 UA00014518    (0)   :  0.432 0.095 0.103 0.043 0.083 0.080 0.070 0.095 
495 UA00013583    (0)   :  0.163 0.082 0.085 0.361 0.081 0.081 0.079 0.068 
