

----------------------------------------------------
STRUCTURE by Pritchard, Stephens and Donnelly (2000)
     and Falush, Stephens and Pritchard (2003)
       Code by Pritchard, Falush and Hubisz
             Version 2.3.4 (Jul 2012)
----------------------------------------------------



Command line arguments:   structure -K 6 -o outputfile_K6_9 
Input File:    Puma_SNP_genotypes_cut_AZ_final_HWEonly.str

Run parameters:
   536 individuals
   22 loci
   6 populations assumed
   100000 Burn-in period
   500000 Reps


--------------------------------------------
Overall proportion of membership of the
sample in each of the 6 clusters

Inferred Clusters
  1      2      3      4      5      6    
0.170  0.170  0.153  0.171  0.170  0.166  

--------------------------------------------

Allele-freq. divergence among pops (Net nucleotide distance),
computed using point estimates of P.

      1       2       3       4       5       6      
 1      -    0.0013  0.0541  0.0048  0.0012  0.0459  
 2   0.0013     -    0.0600  0.0106  0.0001  0.0469  
 3   0.0541  0.0600     -    0.0570  0.0574  0.0717  
 4   0.0048  0.0106  0.0570     -    0.0107  0.0593  
 5   0.0012  0.0001  0.0574  0.0107     -    0.0444  
 6   0.0459  0.0469  0.0717  0.0593  0.0444     -    

Average distances (expected heterozygosity) between individuals in same cluster:
cluster  1  : 0.3795 
cluster  2  : 0.3743 
cluster  3  : 0.2981 
cluster  4  : 0.3660 
cluster  5  : 0.3775 
cluster  6  : 0.2681 

--------------------------------------------
Estimated Ln Prob of Data   = -13304.2
Mean value of ln likelihood = -12305.5
Variance of ln likelihood   = 1997.4
Mean value of alpha         = 0.2221

Mean value of Fst_1         = 0.0674
Mean value of Fst_2         = 0.0688
Mean value of Fst_3         = 0.2710
Mean value of Fst_4         = 0.1153
Mean value of Fst_5         = 0.0481
Mean value of Fst_6         = 0.2756


Inferred ancestry of individuals:
        Label (%Miss) :  Inferred clusters
  1 UA00063336   (13)   :  0.124 0.118 0.451 0.110 0.127 0.070 
  2 UA00048914    (9)   :  0.167 0.172 0.141 0.117 0.183 0.220 
  3 UA00014769   (13)   :  0.204 0.264 0.064 0.209 0.234 0.025 
  4 UA00008132   (13)   :  0.191 0.202 0.140 0.164 0.209 0.094 
  5 UA00030462   (13)   :  0.151 0.140 0.115 0.127 0.154 0.314 
  6 UA00034866   (13)   :  0.206 0.183 0.044 0.169 0.202 0.194 
  7 UA00034800    (9)   :  0.069 0.068 0.644 0.064 0.072 0.083 
  8  Puco006    (9)   :  0.061 0.061 0.079 0.047 0.063 0.689 
  9 UA00048874    (4)   :  0.090 0.092 0.562 0.066 0.097 0.093 
 10 UA00049060    (9)   :  0.193 0.220 0.130 0.185 0.219 0.052 
 11 UA00033413    (9)   :  0.216 0.156 0.046 0.374 0.136 0.072 
 12  Puco021    (9)   :  0.195 0.120 0.165 0.381 0.102 0.038 
 13  Puco026    (9)   :  0.203 0.187 0.139 0.239 0.190 0.042 
 14  Puco008    (9)   :  0.128 0.121 0.300 0.095 0.136 0.221 
 15   M01301    (9)   :  0.199 0.157 0.037 0.337 0.137 0.133 
 16   M06306    (9)   :  0.114 0.095 0.523 0.129 0.103 0.036 
 17 UA00032185    (9)   :  0.192 0.180 0.117 0.195 0.185 0.131 
 18 UA00030792    (9)   :  0.026 0.026 0.861 0.026 0.027 0.033 
 19 UA00031647    (9)   :  0.148 0.137 0.314 0.111 0.154 0.135 
 20 UA00031979    (9)   :  0.208 0.186 0.102 0.176 0.210 0.118 
 21  Puco016    (9)   :  0.163 0.172 0.052 0.109 0.185 0.318 
 22  Puco010    (9)   :  0.213 0.186 0.080 0.260 0.186 0.075 
 23    M1035    (9)   :  0.202 0.217 0.174 0.145 0.221 0.040 
 24 UA00034601    (9)   :  0.178 0.151 0.145 0.190 0.166 0.170 
 25 UA00050388    (9)   :  0.190 0.169 0.162 0.185 0.185 0.110 
 26 UA00048699    (9)   :  0.123 0.138 0.049 0.089 0.139 0.462 
 27 UA00064058    (9)   :  0.211 0.236 0.109 0.165 0.235 0.045 
 28 UA00033981    (9)   :  0.210 0.135 0.099 0.352 0.124 0.080 
 29   F05033    (9)   :  0.210 0.217 0.065 0.245 0.211 0.053 
 30 UA00048520    (4)   :  0.152 0.127 0.271 0.194 0.133 0.123 
 31 UA00048422    (4)   :  0.045 0.041 0.786 0.049 0.041 0.038 
 32    PucoB    (4)   :  0.225 0.180 0.086 0.294 0.185 0.030 
 33 UA00047393    (4)   :  0.169 0.199 0.256 0.120 0.199 0.056 
 34 UA00064521    (4)   :  0.174 0.147 0.081 0.150 0.168 0.281 
 35 UA00003043    (4)   :  0.186 0.221 0.041 0.126 0.219 0.206 
 36 UA00063025    (4)   :  0.135 0.114 0.291 0.149 0.125 0.186 
 37 UA00063826    (4)   :  0.222 0.171 0.091 0.296 0.169 0.051 
 38   F07407    (4)   :  0.158 0.114 0.298 0.274 0.108 0.047 
 39 UA00021658    (4)   :  0.215 0.212 0.080 0.205 0.218 0.070 
 40 UA00003794    (4)   :  0.160 0.126 0.277 0.251 0.127 0.059 
 41 UA00041322    (4)   :  0.196 0.175 0.162 0.147 0.205 0.115 
 42 UA00063316    (4)   :  0.182 0.156 0.169 0.164 0.172 0.157 
 43 UA00047705    (4)   :  0.194 0.161 0.130 0.224 0.175 0.116 
 44 UA00033904    (4)   :  0.107 0.105 0.509 0.091 0.117 0.071 
 45 UA00048100    (4)   :  0.211 0.197 0.054 0.245 0.201 0.091 
 46 UA00032212    (4)   :  0.137 0.131 0.328 0.134 0.134 0.136 
 47 UA00031574    (4)   :  0.046 0.043 0.746 0.052 0.045 0.068 
 48 UA00031228    (4)   :  0.035 0.035 0.807 0.032 0.036 0.054 
 49 UA00047707    (4)   :  0.227 0.285 0.031 0.139 0.267 0.051 
 50 UA00030906    (4)   :  0.025 0.024 0.852 0.024 0.026 0.049 
 51 UA00041567    (4)   :  0.205 0.144 0.092 0.314 0.142 0.103 
 52 UA00007624    (4)   :  0.220 0.212 0.037 0.279 0.200 0.053 
 53 UA00034514    (4)   :  0.210 0.229 0.062 0.183 0.232 0.084 
 54 UA00030480    (4)   :  0.189 0.185 0.240 0.123 0.212 0.052 
 55  Puco012    (4)   :  0.206 0.231 0.063 0.162 0.228 0.111 
 56 UA00038677    (9)   :  0.162 0.135 0.194 0.171 0.150 0.189 
 57 UA00048275    (4)   :  0.231 0.169 0.062 0.288 0.181 0.071 
 58 UA00064055    (4)   :  0.206 0.249 0.072 0.124 0.250 0.099 
 59  Puco009    (4)   :  0.171 0.181 0.045 0.126 0.188 0.289 
 60 UA00064561    (4)   :  0.197 0.292 0.038 0.117 0.260 0.096 
 61 UA00003479    (4)   :  0.206 0.235 0.051 0.147 0.242 0.119 
 62 UA00063747    (4)   :  0.216 0.231 0.030 0.223 0.218 0.082 
 63 UA00002558    (4)   :  0.172 0.155 0.050 0.189 0.160 0.273 
 64 UA00048410    (4)   :  0.168 0.206 0.033 0.115 0.202 0.276 
 65 UA00012249    (4)   :  0.193 0.263 0.036 0.115 0.243 0.150 
 66 UA00033818    (4)   :  0.084 0.076 0.584 0.096 0.077 0.083 
 67  Puco020    (4)   :  0.173 0.206 0.187 0.117 0.199 0.118 
 68 UA00002545    (9)   :  0.194 0.270 0.112 0.117 0.251 0.057 
 69 UA00048508    (4)   :  0.219 0.244 0.052 0.173 0.244 0.069 
 70 UA00064100    (4)   :  0.216 0.202 0.100 0.174 0.225 0.083 
 71 UA00014585    (4)   :  0.209 0.230 0.068 0.158 0.232 0.103 
 72 UA00063698    (4)   :  0.109 0.098 0.156 0.112 0.106 0.419 
 73 UA00049753    (4)   :  0.119 0.107 0.514 0.099 0.124 0.036 
 74 UA00049037    (4)   :  0.211 0.237 0.094 0.178 0.230 0.050 
 75 UA00034941    (4)   :  0.196 0.162 0.146 0.189 0.181 0.127 
 76 UA00008083    (4)   :  0.083 0.082 0.071 0.079 0.083 0.601 
 77 UA00015084    (4)   :  0.105 0.090 0.221 0.115 0.097 0.371 
 78 UA00041010    (9)   :  0.068 0.065 0.328 0.051 0.070 0.418 
 79 UA00035261    (4)   :  0.143 0.132 0.292 0.131 0.145 0.155 
 80 UA00035431    (4)   :  0.223 0.182 0.032 0.276 0.184 0.103 
 81 UA00045274    (0)   :  0.185 0.150 0.141 0.219 0.166 0.139 
 82 UA00028200    (4)   :  0.108 0.098 0.417 0.099 0.107 0.171 
 83 UA00064559    (0)   :  0.034 0.031 0.828 0.038 0.032 0.037 
 84 UA00040808    (0)   :  0.100 0.108 0.460 0.067 0.112 0.153 
 85 UA00049156    (0)   :  0.097 0.092 0.475 0.086 0.096 0.154 
 86 UA00003952    (4)   :  0.089 0.093 0.049 0.062 0.098 0.610 
 87 UA00063954    (0)   :  0.170 0.163 0.287 0.147 0.180 0.052 
 88 UA00062934    (0)   :  0.149 0.139 0.334 0.131 0.155 0.093 
 89 UA00033829    (0)   :  0.060 0.056 0.558 0.056 0.059 0.211 
 90 UA00064351    (4)   :  0.204 0.126 0.066 0.358 0.116 0.130 
 91 UA00003697    (4)   :  0.088 0.081 0.110 0.079 0.088 0.554 
 92 UA00063438    (4)   :  0.146 0.134 0.331 0.117 0.152 0.120 
 93 UA00007608    (0)   :  0.122 0.102 0.325 0.119 0.116 0.215 
 94 UA00019683    (4)   :  0.112 0.082 0.499 0.185 0.078 0.044 
 95 UA00007781    (0)   :  0.209 0.179 0.076 0.244 0.196 0.096 
 96 UA00002915    (0)   :  0.136 0.135 0.364 0.098 0.144 0.122 
 97  Puco031    (4)   :  0.215 0.229 0.078 0.141 0.246 0.091 
 98 UA00048280    (4)   :  0.215 0.160 0.066 0.276 0.164 0.119 
 99 UA00048589    (0)   :  0.195 0.165 0.143 0.260 0.170 0.067 
100 UA00034417    (0)   :  0.161 0.176 0.176 0.117 0.185 0.186 
101 UA00050411    (4)   :  0.214 0.285 0.032 0.152 0.266 0.052 
102  Puco029    (4)   :  0.214 0.213 0.060 0.275 0.213 0.025 
103   F03403    (4)   :  0.222 0.141 0.034 0.409 0.130 0.064 
104 UA00049904    (0)   :  0.173 0.135 0.255 0.218 0.143 0.076 
105 UA00035335    (0)   :  0.225 0.239 0.044 0.227 0.243 0.022 
106 UA00012611    (0)   :  0.228 0.218 0.071 0.192 0.242 0.049 
107 UA00050319    (0)   :  0.225 0.139 0.035 0.447 0.116 0.038 
108 UA00032068    (4)   :  0.200 0.193 0.187 0.162 0.217 0.040 
109 UA00032026    (4)   :  0.202 0.209 0.146 0.165 0.219 0.060 
110 UA00030476    (4)   :  0.204 0.123 0.122 0.414 0.104 0.033 
111 UA00046853    (0)   :  0.207 0.139 0.109 0.367 0.123 0.055 
112 UA00040156    (4)   :  0.025 0.025 0.866 0.026 0.025 0.032 
113 UA00030528    (4)   :  0.166 0.184 0.309 0.103 0.189 0.049 
114  Puco025    (4)   :  0.206 0.289 0.048 0.165 0.252 0.041 
115    pc016    (0)   :  0.025 0.025 0.867 0.024 0.026 0.034 
116 UA00030617    (4)   :  0.218 0.287 0.034 0.171 0.257 0.034 
117 UA00030585    (4)   :  0.043 0.038 0.777 0.051 0.038 0.052 
118 UA00032060    (4)   :  0.165 0.142 0.321 0.166 0.155 0.050 
119    pc007    (0)   :  0.206 0.161 0.092 0.335 0.138 0.067 
120 UA00030798    (4)   :  0.050 0.049 0.768 0.047 0.052 0.034 
121 UA00030778    (4)   :  0.229 0.285 0.032 0.147 0.268 0.039 
122 UA00039674    (4)   :  0.031 0.031 0.845 0.029 0.031 0.033 
123 UA00032241    (4)   :  0.229 0.213 0.033 0.289 0.198 0.037 
124 UA00011624    (0)   :  0.216 0.245 0.056 0.186 0.239 0.058 
125 UA00033779    (4)   :  0.216 0.139 0.044 0.429 0.114 0.057 
126 UA00049402    (4)   :  0.177 0.210 0.071 0.112 0.206 0.224 
127 UA00033653    (0)   :  0.221 0.127 0.038 0.469 0.097 0.049 
128 UA00047738    (0)   :  0.190 0.170 0.120 0.205 0.179 0.137 
129 UA00047502    (4)   :  0.166 0.165 0.095 0.107 0.180 0.287 
130 UA00012014    (4)   :  0.206 0.241 0.084 0.141 0.241 0.087 
131 UA00040729    (0)   :  0.206 0.188 0.090 0.287 0.180 0.049 
132 UA00030392    (4)   :  0.216 0.266 0.058 0.173 0.245 0.041 
133 UA00050033    (0)   :  0.207 0.219 0.095 0.214 0.208 0.057 
134 UA00012152    (0)   :  0.109 0.137 0.034 0.076 0.132 0.512 
135 UA00050406    (0)   :  0.228 0.210 0.086 0.179 0.224 0.073 
136 UA00047973    (0)   :  0.218 0.197 0.059 0.257 0.199 0.069 
137 UA00008051    (0)   :  0.170 0.169 0.170 0.159 0.178 0.154 
138 UA00047337    (4)   :  0.164 0.165 0.285 0.165 0.162 0.061 
139 UA00041604    (4)   :  0.177 0.180 0.159 0.156 0.184 0.142 
140 UA00031704    (4)   :  0.225 0.277 0.039 0.163 0.265 0.031 
141 UA00040423    (4)   :  0.201 0.215 0.150 0.149 0.230 0.055 
142 UA00049433    (0)   :  0.182 0.211 0.118 0.118 0.211 0.161 
143 UA00034816    (0)   :  0.187 0.261 0.053 0.126 0.234 0.139 
144 UA00050214    (0)   :  0.200 0.320 0.044 0.123 0.275 0.037 
145 UA00041073    (0)   :  0.187 0.211 0.092 0.168 0.203 0.140 
146 UA00030318    (4)   :  0.202 0.245 0.046 0.166 0.240 0.100 
147 UA00046845    (0)   :  0.182 0.236 0.072 0.118 0.215 0.177 
148 UA00063946    (0)   :  0.215 0.120 0.071 0.456 0.092 0.045 
149 UA00031374    (4)   :  0.205 0.217 0.068 0.173 0.228 0.109 
150    M1136    (4)   :  0.139 0.168 0.378 0.096 0.163 0.056 
151 UA00034299    (0)   :  0.202 0.298 0.054 0.120 0.270 0.056 
152 UA00002387    (4)   :  0.203 0.267 0.034 0.126 0.261 0.110 
153 UA00021855    (0)   :  0.214 0.184 0.085 0.244 0.188 0.086 
154 UA00014500    (0)   :  0.226 0.234 0.089 0.153 0.248 0.050 
155 UA00050419    (4)   :  0.200 0.310 0.034 0.137 0.267 0.051 
156 UA00031854    (4)   :  0.198 0.198 0.064 0.192 0.202 0.145 
157    pc011    (4)   :  0.209 0.295 0.039 0.123 0.267 0.067 
158 UA00033004    (0)   :  0.195 0.240 0.116 0.130 0.243 0.077 
159 UA00046510    (0)   :  0.187 0.209 0.050 0.130 0.215 0.210 
160 UA00048747    (0)   :  0.198 0.268 0.052 0.127 0.251 0.104 
161 UA00014293    (0)   :  0.208 0.291 0.044 0.116 0.272 0.070 
162 UA00047686    (0)   :  0.168 0.176 0.108 0.109 0.191 0.249 
163 UA00033783    (4)   :  0.117 0.096 0.370 0.171 0.095 0.152 
164 UA00042609    (4)   :  0.151 0.160 0.096 0.097 0.175 0.321 
165 UA00031169    (4)   :  0.198 0.315 0.051 0.117 0.274 0.045 
166 UA00035181    (0)   :  0.229 0.218 0.027 0.260 0.222 0.044 
167 UA00050133    (0)   :  0.211 0.236 0.070 0.155 0.240 0.088 
168  Puco011    (4)   :  0.201 0.279 0.067 0.116 0.256 0.082 
169 UA00041476    (0)   :  0.184 0.232 0.095 0.124 0.222 0.143 
170 UA00046702    (0)   :  0.213 0.303 0.042 0.132 0.261 0.049 
171 UA00019940    (0)   :  0.203 0.217 0.090 0.162 0.223 0.105 
172 UA00049813    (0)   :  0.210 0.188 0.092 0.271 0.178 0.061 
173 UA00064165    (0)   :  0.115 0.110 0.086 0.099 0.125 0.464 
174 UA00064421    (0)   :  0.159 0.166 0.032 0.112 0.175 0.357 
175 UA00064569    (4)   :  0.221 0.259 0.032 0.193 0.243 0.051 
176 UA00003996    (0)   :  0.163 0.213 0.066 0.117 0.196 0.246 
177 UA00064491    (4)   :  0.196 0.263 0.040 0.168 0.229 0.104 
178 UA00011899    (0)   :  0.225 0.220 0.086 0.178 0.235 0.055 
179  Puco015    (4)   :  0.181 0.206 0.197 0.139 0.202 0.075 
180 UA00047929    (4)   :  0.218 0.196 0.057 0.312 0.182 0.034 
181 UA00056669    (0)   :  0.216 0.224 0.053 0.158 0.229 0.121 
182 UA00050176    (0)   :  0.193 0.201 0.104 0.147 0.216 0.139 
183  Puco014    (4)   :  0.206 0.175 0.082 0.235 0.184 0.118 
184 UA00019608    (0)   :  0.207 0.243 0.055 0.126 0.248 0.121 
185 UA00064333    (0)   :  0.204 0.264 0.061 0.128 0.259 0.083 
186  Puco013    (4)   :  0.179 0.188 0.065 0.128 0.201 0.238 
187 UA00016092    (0)   :  0.211 0.299 0.031 0.161 0.261 0.037 
188 UA00019060    (0)   :  0.085 0.085 0.153 0.070 0.088 0.518 
189 UA00063532    (0)   :  0.197 0.206 0.103 0.185 0.199 0.110 
190 UA00064117    (0)   :  0.103 0.107 0.282 0.084 0.113 0.312 
191 UA00011969    (0)   :  0.197 0.188 0.102 0.191 0.194 0.128 
192 UA00034586    (4)   :  0.226 0.212 0.050 0.249 0.213 0.049 
193 UA00030736    (4)   :  0.222 0.239 0.079 0.153 0.248 0.060 
194 UA00048493    (0)   :  0.203 0.226 0.119 0.159 0.220 0.073 
195 UA00040466    (0)   :  0.067 0.066 0.043 0.059 0.070 0.695 
196 UA00047659    (0)   :  0.228 0.215 0.050 0.193 0.232 0.082 
197 UA00042002    (4)   :  0.150 0.139 0.318 0.168 0.144 0.081 
198 UA00062606    (0)   :  0.182 0.187 0.087 0.135 0.200 0.209 
199 UA00030615    (4)   :  0.065 0.065 0.035 0.061 0.067 0.708 
200 UA00048899    (0)   :  0.224 0.211 0.070 0.176 0.234 0.085 
201 UA00047725    (0)   :  0.029 0.028 0.034 0.028 0.029 0.851 
202 UA00030866    (4)   :  0.222 0.204 0.062 0.151 0.233 0.129 
203 UA00034564    (0)   :  0.217 0.230 0.068 0.135 0.255 0.095 
204 UA00046520    (0)   :  0.222 0.140 0.039 0.436 0.115 0.049 
205 UA00035027    (0)   :  0.199 0.175 0.108 0.180 0.189 0.149 
206 UA00035421    (0)   :  0.142 0.160 0.047 0.093 0.165 0.393 
207 UA00062740    (4)   :  0.176 0.160 0.150 0.134 0.180 0.200 
208 UA00012360    (0)   :  0.058 0.061 0.040 0.052 0.060 0.729 
209 UA00050203    (0)   :  0.219 0.207 0.074 0.218 0.220 0.063 
210 UA00040534    (4)   :  0.101 0.093 0.253 0.075 0.106 0.371 
211 UA00031261    (4)   :  0.077 0.074 0.157 0.057 0.088 0.546 
212 UA00031917    (4)   :  0.094 0.088 0.283 0.065 0.105 0.364 
213 UA00040798    (4)   :  0.122 0.113 0.104 0.132 0.112 0.418 
214 UA00030598    (4)   :  0.135 0.132 0.099 0.122 0.137 0.376 
215 UA00050385    (0)   :  0.204 0.224 0.071 0.133 0.238 0.130 
216 UA00058283    (0)   :  0.045 0.043 0.073 0.046 0.044 0.749 
217 UA00042297    (4)   :  0.111 0.104 0.395 0.115 0.104 0.171 
218 UA00015415    (4)   :  0.047 0.049 0.037 0.039 0.051 0.778 
219 UA00035531    (0)   :  0.070 0.072 0.124 0.053 0.078 0.603 
220 UA00048683    (0)   :  0.088 0.091 0.048 0.070 0.096 0.607 
221 UA00046734    (4)   :  0.054 0.053 0.052 0.047 0.057 0.736 
222   pcRF01    (0)   :  0.202 0.325 0.024 0.113 0.287 0.049 
223 UA00007223    (0)   :  0.165 0.171 0.112 0.106 0.189 0.256 
224 UA00013841    (0)   :  0.179 0.178 0.242 0.158 0.195 0.049 
225 UA00014196    (0)   :  0.074 0.077 0.082 0.055 0.080 0.631 
226 UA00034635    (0)   :  0.225 0.238 0.051 0.175 0.234 0.078 
227 UA00047371    (0)   :  0.162 0.135 0.303 0.169 0.147 0.085 
228 UA00063544    (0)   :  0.154 0.143 0.292 0.180 0.148 0.083 
229 UA00064246    (0)   :  0.170 0.150 0.129 0.179 0.155 0.217 
230 UA00064328    (0)   :  0.152 0.154 0.154 0.125 0.166 0.249 
231 UA00002952    (0)   :  0.138 0.134 0.195 0.108 0.149 0.276 
232 UA00064079    (0)   :  0.172 0.181 0.217 0.141 0.183 0.105 
233 UA00046793    (0)   :  0.130 0.142 0.193 0.091 0.147 0.297 
234 UA00034769    (0)   :  0.105 0.087 0.462 0.132 0.089 0.126 
235 UA00034949    (0)   :  0.159 0.171 0.095 0.095 0.180 0.300 
236 UA00063753    (0)   :  0.188 0.122 0.135 0.313 0.112 0.130 
237 UA00015713    (0)   :  0.182 0.146 0.235 0.228 0.146 0.062 
238 UA00003494    (0)   :  0.170 0.224 0.117 0.097 0.207 0.184 
239 UA00056767    (0)   :  0.227 0.144 0.025 0.450 0.112 0.042 
240 UA00014461    (0)   :  0.154 0.168 0.117 0.125 0.169 0.267 
241 UA00034669    (0)   :  0.115 0.102 0.185 0.106 0.114 0.378 
242 UA00048164    (0)   :  0.179 0.172 0.048 0.150 0.186 0.266 
243 UA00007974    (0)   :  0.200 0.136 0.137 0.322 0.134 0.070 
244 UA00016166    (0)   :  0.146 0.163 0.359 0.095 0.170 0.068 
245 UA00015653    (0)   :  0.126 0.110 0.350 0.094 0.122 0.197 
246 UA00063882    (0)   :  0.116 0.118 0.143 0.089 0.129 0.404 
247 UA00049027    (0)   :  0.130 0.117 0.372 0.139 0.125 0.118 
248 UA00018878    (0)   :  0.143 0.111 0.384 0.194 0.116 0.052 
249 UA00038796    (0)   :  0.142 0.123 0.081 0.133 0.135 0.386 
250 UA00013465    (0)   :  0.083 0.077 0.070 0.074 0.080 0.618 
251 UA00014604    (0)   :  0.153 0.132 0.150 0.167 0.134 0.264 
252 UA00041913    (0)   :  0.150 0.112 0.316 0.233 0.106 0.083 
253 UA00021632    (0)   :  0.086 0.081 0.569 0.077 0.088 0.099 
254 UA00064027    (0)   :  0.176 0.153 0.212 0.128 0.176 0.156 
255 UA00015023    (0)   :  0.179 0.227 0.062 0.128 0.215 0.189 
256 UA00050243    (0)   :  0.150 0.150 0.346 0.110 0.160 0.085 
257 UA00048298    (0)   :  0.194 0.220 0.108 0.162 0.214 0.102 
258 UA00050437    (0)   :  0.158 0.163 0.089 0.124 0.166 0.300 
259 UA00014262    (0)   :  0.169 0.174 0.225 0.138 0.191 0.103 
260 UA00049129    (0)   :  0.201 0.184 0.131 0.246 0.173 0.066 
261 UA00014740    (0)   :  0.195 0.155 0.121 0.252 0.159 0.118 
262 UA00049612    (0)   :  0.065 0.060 0.644 0.070 0.061 0.101 
263 UA00014635    (0)   :  0.218 0.149 0.036 0.421 0.129 0.046 
264 UA00014673    (0)   :  0.132 0.119 0.244 0.132 0.131 0.241 
265 UA00033608    (0)   :  0.112 0.092 0.460 0.138 0.095 0.102 
266 UA00064540    (0)   :  0.201 0.136 0.068 0.348 0.128 0.119 
267 UA00050256    (0)   :  0.150 0.139 0.247 0.110 0.152 0.202 
268 UA00015274    (0)   :  0.205 0.224 0.068 0.152 0.237 0.114 
269 UA00062993    (0)   :  0.222 0.176 0.038 0.276 0.172 0.116 
270 UA00038364    (0)   :  0.179 0.155 0.182 0.210 0.161 0.112 
271 UA00014446    (0)   :  0.232 0.219 0.045 0.199 0.241 0.063 
272 UA00063545    (0)   :  0.078 0.076 0.523 0.067 0.082 0.175 
273 UA00040054    (0)   :  0.210 0.237 0.109 0.154 0.246 0.045 
274 UA00058447    (0)   :  0.222 0.178 0.084 0.262 0.192 0.061 
275 UA00046835    (0)   :  0.215 0.184 0.065 0.292 0.177 0.067 
276 UA00014608    (0)   :  0.221 0.189 0.065 0.222 0.209 0.094 
277    pc012    (0)   :  0.190 0.179 0.109 0.186 0.185 0.151 
278    pc002    (0)   :  0.122 0.108 0.451 0.101 0.122 0.097 
279 UA00033690    (0)   :  0.159 0.101 0.276 0.309 0.094 0.060 
280 UA00013688    (0)   :  0.199 0.184 0.093 0.186 0.199 0.139 
281 UA00063666    (0)   :  0.203 0.119 0.139 0.412 0.098 0.029 
282 UA00063292    (0)   :  0.223 0.134 0.041 0.450 0.113 0.040 
283    pc001    (0)   :  0.205 0.190 0.077 0.196 0.210 0.121 
284    pc008    (0)   :  0.204 0.177 0.088 0.264 0.184 0.082 
285 UA00034316    (0)   :  0.126 0.154 0.241 0.091 0.148 0.241 
286 UA00013046    (0)   :  0.214 0.224 0.054 0.263 0.211 0.034 
287 UA00050241    (0)   :  0.221 0.162 0.056 0.381 0.151 0.029 
288 UA00048599    (0)   :  0.228 0.179 0.042 0.333 0.170 0.047 
289 UA00046649    (0)   :  0.118 0.113 0.481 0.119 0.115 0.053 
290 UA00015674    (0)   :  0.095 0.077 0.528 0.142 0.076 0.083 
291 UA00013177    (0)   :  0.174 0.138 0.153 0.256 0.135 0.144 
292 UA00012814    (0)   :  0.205 0.230 0.073 0.162 0.229 0.102 
293 UA00034654    (0)   :  0.229 0.224 0.051 0.212 0.232 0.051 
294 UA00046743    (0)   :  0.214 0.172 0.054 0.346 0.157 0.056 
295 UA00014854    (0)   :  0.180 0.132 0.223 0.306 0.129 0.029 
296 UA00013729    (0)   :  0.198 0.258 0.078 0.143 0.249 0.074 
297 UA00063483    (0)   :  0.233 0.181 0.062 0.293 0.188 0.044 
298 UA00039326    (0)   :  0.183 0.162 0.204 0.218 0.173 0.060 
299 UA00014742    (0)   :  0.235 0.166 0.059 0.346 0.155 0.039 
300 UA00049597    (0)   :  0.110 0.090 0.531 0.147 0.097 0.026 
301 UA00048067    (0)   :  0.191 0.137 0.171 0.264 0.141 0.097 
302 UA00012918    (0)   :  0.162 0.104 0.285 0.325 0.094 0.030 
303 UA00013487    (0)   :  0.205 0.327 0.035 0.110 0.293 0.031 
304 UA00046759    (0)   :  0.155 0.141 0.170 0.148 0.150 0.235 
305 UA00050164    (0)   :  0.082 0.088 0.619 0.061 0.092 0.059 
306 UA00049839    (0)   :  0.224 0.168 0.051 0.333 0.152 0.072 
307 UA00048444    (0)   :  0.200 0.109 0.115 0.452 0.081 0.043 
308 UA00063857    (0)   :  0.222 0.190 0.082 0.289 0.185 0.031 
309 UA00014921    (0)   :  0.111 0.097 0.531 0.129 0.100 0.032 
310 UA00048895    (0)   :  0.113 0.109 0.471 0.133 0.107 0.067 
311 UA00014556    (0)   :  0.194 0.169 0.075 0.166 0.187 0.209 
312    pc009    (0)   :  0.218 0.138 0.046 0.468 0.105 0.026 
313 UA00014959    (0)   :  0.104 0.090 0.535 0.131 0.097 0.042 
314 UA00020709    (0)   :  0.186 0.179 0.185 0.190 0.189 0.070 
315 UA00013126    (0)   :  0.036 0.034 0.815 0.041 0.034 0.040 
316 UA00013695    (0)   :  0.048 0.047 0.772 0.047 0.047 0.039 
317 UA00049344    (0)   :  0.099 0.090 0.561 0.089 0.097 0.065 
318 UA00047614    (0)   :  0.051 0.048 0.677 0.051 0.049 0.123 
319 UA00014221    (0)   :  0.225 0.157 0.025 0.416 0.141 0.035 
320 UA00014346    (0)   :  0.211 0.136 0.083 0.363 0.128 0.079 
321 UA00014245    (0)   :  0.150 0.120 0.342 0.219 0.126 0.042 
322 UA00014696    (0)   :  0.040 0.041 0.780 0.032 0.044 0.063 
323 UA00006991    (0)   :  0.214 0.222 0.054 0.147 0.246 0.117 
324 UA00048948    (0)   :  0.217 0.213 0.071 0.179 0.222 0.099 
325 UA00002239    (0)   :  0.205 0.222 0.079 0.132 0.238 0.123 
326 UA00063459    (0)   :  0.221 0.133 0.068 0.439 0.109 0.030 
327 UA00048356    (0)   :  0.198 0.152 0.089 0.247 0.154 0.161 
328 UA00063940    (0)   :  0.194 0.215 0.076 0.148 0.212 0.155 
329 UA00048130    (0)   :  0.224 0.154 0.050 0.371 0.137 0.062 
330 UA00048903    (0)   :  0.216 0.265 0.031 0.217 0.234 0.036 
331 UA00064643    (0)   :  0.201 0.213 0.093 0.186 0.211 0.096 
332 UA00050233    (0)   :  0.203 0.208 0.053 0.202 0.206 0.128 
333 UA00012507    (0)   :  0.192 0.189 0.043 0.134 0.209 0.232 
334 UA00064416    (0)   :  0.211 0.287 0.043 0.131 0.271 0.058 
335 UA00034724    (0)   :  0.215 0.222 0.050 0.222 0.209 0.082 
336 UA00002621    (0)   :  0.222 0.220 0.044 0.256 0.207 0.051 
337 UA00033203    (0)   :  0.203 0.289 0.066 0.114 0.274 0.053 
338 UA00011996    (0)   :  0.226 0.201 0.104 0.196 0.228 0.045 
339 UA00014408    (0)   :  0.146 0.164 0.064 0.108 0.166 0.351 
340 UA00049502    (0)   :  0.206 0.172 0.052 0.227 0.176 0.166 
341 UA00062695    (0)   :  0.194 0.145 0.132 0.285 0.144 0.099 
342 UA00014072    (0)   :  0.217 0.166 0.075 0.328 0.147 0.066 
343 UA00003334    (0)   :  0.216 0.198 0.052 0.316 0.180 0.039 
344 UA00013835    (0)   :  0.207 0.176 0.114 0.238 0.190 0.074 
345 UA00046760    (0)   :  0.175 0.151 0.253 0.216 0.151 0.054 
346 UA00014241    (0)   :  0.216 0.227 0.045 0.218 0.222 0.072 
347 UA00049585    (0)   :  0.237 0.189 0.055 0.303 0.184 0.031 
348 UA00013409    (0)   :  0.186 0.125 0.072 0.314 0.108 0.194 
349 UA00047548    (0)   :  0.238 0.228 0.066 0.186 0.245 0.036 
350 UA00049038    (0)   :  0.125 0.109 0.387 0.144 0.111 0.125 
351 UA00047612    (0)   :  0.225 0.212 0.052 0.201 0.220 0.090 
352 UA00014822    (0)   :  0.122 0.104 0.365 0.109 0.119 0.181 
353 UA00035299    (0)   :  0.213 0.245 0.072 0.159 0.239 0.071 
354 UA00012804    (0)   :  0.135 0.120 0.414 0.119 0.131 0.080 
355 UA00049578    (0)   :  0.189 0.182 0.060 0.187 0.185 0.196 
356 UA00047672    (0)   :  0.211 0.295 0.042 0.108 0.276 0.067 
357 UA00043961    (0)   :  0.073 0.066 0.624 0.081 0.067 0.088 
358 UA00064575    (0)   :  0.178 0.142 0.067 0.226 0.140 0.247 
359 UA00014732    (0)   :  0.216 0.238 0.044 0.168 0.238 0.097 
360 UA00050181    (0)   :  0.229 0.234 0.032 0.153 0.262 0.091 
361 UA00033369    (0)   :  0.155 0.158 0.308 0.108 0.171 0.099 
362 UA00011982    (0)   :  0.207 0.322 0.031 0.129 0.283 0.028 
363 UA00014590    (0)   :  0.185 0.230 0.145 0.123 0.223 0.095 
364 UA00047743    (0)   :  0.223 0.270 0.048 0.138 0.280 0.040 
365 UA00046621    (0)   :  0.226 0.277 0.039 0.150 0.276 0.031 
366 UA00050422    (0)   :  0.187 0.203 0.056 0.159 0.209 0.185 
367 UA00002760    (0)   :  0.209 0.201 0.124 0.213 0.198 0.056 
368 UA00012999    (0)   :  0.194 0.222 0.173 0.140 0.219 0.051 
369 UA00063838    (0)   :  0.206 0.229 0.045 0.236 0.222 0.062 
370 UA00003729    (0)   :  0.139 0.111 0.242 0.175 0.116 0.216 
371 UA00015348    (0)   :  0.203 0.142 0.100 0.346 0.124 0.086 
372 UA00019058    (0)   :  0.198 0.130 0.066 0.361 0.120 0.126 
373 UA00049549    (0)   :  0.195 0.108 0.156 0.427 0.084 0.030 
374 UA00014334    (0)   :  0.197 0.218 0.077 0.132 0.232 0.145 
375 UA00014350    (0)   :  0.197 0.355 0.024 0.115 0.285 0.023 
376 UA00049227    (0)   :  0.165 0.155 0.259 0.115 0.174 0.133 
377 UA00014051    (0)   :  0.188 0.231 0.033 0.117 0.232 0.199 
378 UA00034381    (0)   :  0.194 0.218 0.059 0.194 0.198 0.136 
379 UA00002354    (0)   :  0.203 0.310 0.036 0.128 0.282 0.041 
380 UA00049892    (0)   :  0.201 0.199 0.125 0.256 0.182 0.037 
381 UA00021989    (0)   :  0.213 0.241 0.035 0.198 0.233 0.080 
382 UA00048968    (0)   :  0.213 0.247 0.045 0.162 0.250 0.083 
383 UA00013174    (0)   :  0.202 0.256 0.067 0.139 0.247 0.089 
384 UA00033992    (0)   :  0.176 0.195 0.253 0.119 0.207 0.050 
385 UA00015801    (0)   :  0.212 0.317 0.024 0.146 0.273 0.027 
386 UA00063303    (0)   :  0.144 0.123 0.334 0.191 0.125 0.083 
387 UA00050206    (0)   :  0.227 0.145 0.027 0.437 0.118 0.046 
388 UA00014458    (0)   :  0.192 0.198 0.123 0.202 0.188 0.096 
389 UA00007204    (0)   :  0.203 0.169 0.090 0.338 0.154 0.045 
390 UA00063212    (0)   :  0.154 0.119 0.230 0.215 0.110 0.172 
391 UA00013340    (0)   :  0.208 0.189 0.155 0.190 0.205 0.053 
392 UA00062743    (0)   :  0.205 0.243 0.040 0.121 0.251 0.141 
393 UA00063189    (0)   :  0.096 0.110 0.084 0.080 0.108 0.522 
394 UA00035432    (0)   :  0.225 0.206 0.047 0.290 0.187 0.044 
395 UA00007958    (0)   :  0.225 0.253 0.044 0.179 0.249 0.050 
396 UA00013634    (0)   :  0.212 0.279 0.037 0.127 0.266 0.079 
397 UA00048175    (0)   :  0.200 0.333 0.022 0.118 0.275 0.052 
398 UA00003202    (0)   :  0.224 0.221 0.058 0.218 0.218 0.061 
399 UA00035090    (0)   :  0.199 0.187 0.068 0.229 0.187 0.131 
400 UA00064679    (0)   :  0.135 0.150 0.074 0.110 0.149 0.382 
401 UA00039518    (0)   :  0.219 0.244 0.059 0.181 0.246 0.052 
402 UA00058268    (0)   :  0.217 0.234 0.067 0.172 0.233 0.077 
403 UA00049456    (0)   :  0.167 0.148 0.270 0.194 0.147 0.074 
404 UA00049550    (0)   :  0.206 0.164 0.043 0.284 0.151 0.152 
405 UA00048342    (0)   :  0.184 0.168 0.200 0.193 0.172 0.083 
406 UA00063493    (0)   :  0.227 0.234 0.037 0.222 0.235 0.045 
407 UA00058261    (0)   :  0.181 0.243 0.043 0.116 0.229 0.188 
408 UA00014663    (0)   :  0.214 0.230 0.072 0.143 0.239 0.102 
409 UA00048817    (0)   :  0.168 0.194 0.242 0.111 0.200 0.085 
410 UA00049381    (0)   :  0.197 0.281 0.040 0.128 0.258 0.095 
411 UA00035901    (0)   :  0.161 0.148 0.076 0.129 0.162 0.324 
412 UA00013301    (0)   :  0.202 0.132 0.072 0.359 0.117 0.117 
413 UA00047926    (0)   :  0.182 0.242 0.103 0.111 0.225 0.137 
414 UA00007272    (0)   :  0.168 0.199 0.075 0.109 0.208 0.241 
415 UA00016041    (0)   :  0.209 0.177 0.111 0.268 0.172 0.062 
416 UA00013502    (0)   :  0.209 0.239 0.032 0.205 0.217 0.097 
417 UA00002390    (0)   :  0.190 0.209 0.176 0.140 0.214 0.072 
418 UA00034907    (0)   :  0.225 0.204 0.048 0.192 0.216 0.115 
419 UA00048821    (0)   :  0.163 0.165 0.194 0.136 0.174 0.168 
420 UA00002136    (0)   :  0.191 0.149 0.187 0.222 0.152 0.100 
421 UA00011790    (0)   :  0.203 0.252 0.070 0.133 0.244 0.099 
422 UA00021586    (0)   :  0.158 0.165 0.260 0.144 0.168 0.105 
423 UA00033270    (0)   :  0.200 0.216 0.071 0.187 0.215 0.111 
424 UA00048073    (0)   :  0.209 0.201 0.075 0.229 0.204 0.082 
425 UA00048856    (0)   :  0.194 0.195 0.063 0.173 0.207 0.170 
426 UA00049713    (0)   :  0.192 0.277 0.062 0.133 0.250 0.086 
427 UA00046885    (0)   :  0.221 0.211 0.070 0.225 0.212 0.061 
428 UA00034893    (0)   :  0.219 0.244 0.053 0.209 0.227 0.047 
429 UA00048011    (0)   :  0.205 0.240 0.031 0.164 0.235 0.126 
430 UA00015786    (0)   :  0.154 0.172 0.114 0.127 0.170 0.262 
431 UA00013162    (0)   :  0.205 0.233 0.063 0.116 0.246 0.138 
432 UA00049512    (0)   :  0.205 0.173 0.095 0.242 0.174 0.112 
433 UA00004046    (0)   :  0.206 0.295 0.034 0.129 0.271 0.064 
434 UA00048881    (0)   :  0.146 0.141 0.190 0.118 0.148 0.257 
435 UA00046610    (0)   :  0.166 0.188 0.183 0.122 0.191 0.150 
436 UA00033282    (0)   :  0.204 0.185 0.097 0.187 0.192 0.135 
437 UA00047561    (0)   :  0.211 0.266 0.050 0.134 0.273 0.067 
438 UA00013777    (0)   :  0.181 0.201 0.044 0.126 0.215 0.233 
439 UA00062849    (0)   :  0.216 0.157 0.060 0.363 0.144 0.060 
440 UA00049786    (0)   :  0.196 0.303 0.031 0.110 0.261 0.100 
441 UA00033246    (0)   :  0.226 0.137 0.041 0.459 0.106 0.031 
442 UA00045302    (0)   :  0.226 0.220 0.088 0.178 0.233 0.055 
443 UA00048637    (0)   :  0.191 0.292 0.045 0.122 0.253 0.097 
444 UA00049832    (0)   :  0.174 0.151 0.225 0.259 0.139 0.052 
445 UA00022023    (0)   :  0.199 0.210 0.162 0.136 0.218 0.076 
446 UA00050192    (0)   :  0.174 0.174 0.265 0.126 0.194 0.066 
447 UA00050413    (0)   :  0.209 0.210 0.065 0.209 0.211 0.096 
448 UA00013445    (0)   :  0.226 0.265 0.033 0.166 0.266 0.044 
449 UA00035496    (0)   :  0.170 0.151 0.066 0.158 0.171 0.283 
450 UA00003333    (0)   :  0.133 0.144 0.136 0.105 0.150 0.332 
451 UA00064008    (0)   :  0.156 0.175 0.044 0.118 0.176 0.331 
452 UA00003427    (0)   :  0.163 0.161 0.238 0.147 0.174 0.117 
453 UA00028092    (0)   :  0.132 0.129 0.297 0.128 0.130 0.184 
454    pc003    (0)   :  0.065 0.067 0.117 0.058 0.067 0.626 
455 UA00034440    (0)   :  0.219 0.164 0.051 0.306 0.156 0.103 
456 UA00026062    (0)   :  0.207 0.281 0.069 0.115 0.268 0.059 
457 UA00014347    (0)   :  0.192 0.161 0.111 0.191 0.187 0.158 
458 UA00021516    (0)   :  0.205 0.296 0.050 0.135 0.258 0.055 
459 UA00049347    (0)   :  0.138 0.156 0.053 0.105 0.159 0.390 
460 UA00063436    (0)   :  0.131 0.103 0.062 0.184 0.100 0.419 
461 UA00047790    (0)   :  0.219 0.254 0.056 0.136 0.253 0.081 
462 UA00045714    (0)   :  0.142 0.150 0.135 0.107 0.158 0.307 
463 UA00038979    (0)   :  0.183 0.137 0.176 0.299 0.133 0.071 
464 UA00016123    (0)   :  0.190 0.199 0.106 0.127 0.211 0.168 
465 UA00034765    (0)   :  0.061 0.067 0.030 0.048 0.069 0.726 
466 UA00063815    (0)   :  0.086 0.075 0.143 0.089 0.083 0.524 
467 UA00034795    (0)   :  0.214 0.159 0.062 0.321 0.156 0.087 
468 UA00004000    (0)   :  0.075 0.076 0.053 0.068 0.075 0.654 
469 UA00049367    (0)   :  0.202 0.173 0.038 0.264 0.169 0.154 
470 UA00034457    (0)   :  0.223 0.240 0.072 0.165 0.247 0.052 
471 UA00050015    (0)   :  0.208 0.153 0.114 0.251 0.164 0.109 
472 UA00021373    (0)   :  0.208 0.218 0.075 0.176 0.228 0.094 
473 UA00050232    (0)   :  0.075 0.075 0.130 0.066 0.077 0.577 
474 UA00038724    (0)   :  0.202 0.169 0.178 0.207 0.186 0.059 
475 UA00007824    (0)   :  0.177 0.216 0.141 0.115 0.221 0.131 
476 UA00048754    (0)   :  0.205 0.212 0.032 0.128 0.227 0.196 
477 UA00014271    (0)   :  0.199 0.221 0.111 0.182 0.211 0.076 
478 UA00013756    (0)   :  0.163 0.123 0.150 0.235 0.118 0.211 
479 UA00014385    (0)   :  0.129 0.140 0.157 0.097 0.146 0.332 
480 UA00049609    (0)   :  0.218 0.178 0.060 0.304 0.167 0.074 
481 UA00003748    (0)   :  0.145 0.154 0.044 0.097 0.163 0.397 
482 UA00063952    (0)   :  0.159 0.174 0.037 0.125 0.172 0.332 
483 UA00058348    (0)   :  0.108 0.100 0.034 0.110 0.099 0.549 
484 UA00014922    (0)   :  0.063 0.063 0.062 0.061 0.065 0.686 
485 UA00003820    (0)   :  0.209 0.233 0.032 0.125 0.244 0.157 
486 UA00013693    (0)   :  0.173 0.182 0.118 0.129 0.191 0.207 
487 UA00047713    (0)   :  0.083 0.087 0.036 0.060 0.090 0.644 
488 UA00034891    (0)   :  0.142 0.122 0.075 0.130 0.136 0.395 
489 UA00049223    (0)   :  0.145 0.156 0.056 0.130 0.149 0.365 
490 UA00064399    (0)   :  0.051 0.051 0.260 0.037 0.057 0.544 
491 UA00013336    (0)   :  0.057 0.052 0.098 0.054 0.055 0.683 
492 UA00035291    (0)   :  0.068 0.066 0.078 0.047 0.071 0.670 
493 UA00003945    (0)   :  0.084 0.084 0.073 0.070 0.085 0.604 
494 UA00014518    (0)   :  0.108 0.125 0.067 0.078 0.123 0.500 
495 UA00013583    (0)   :  0.094 0.081 0.452 0.090 0.084 0.199 
496 UA00011510    (0)   :  0.115 0.116 0.097 0.095 0.122 0.456 
497 UA00046860    (0)   :  0.147 0.172 0.084 0.102 0.167 0.328 
498 UA00048853    (0)   :  0.120 0.121 0.181 0.092 0.125 0.361 
499 UA00012151    (0)   :  0.064 0.069 0.051 0.047 0.070 0.700 
500 UA00063930    (0)   :  0.109 0.089 0.418 0.151 0.086 0.147 
501 UA00013453    (0)   :  0.145 0.143 0.143 0.126 0.154 0.289 
502 UA00039299    (0)   :  0.051 0.048 0.056 0.044 0.051 0.750 
503 UA00014280    (0)   :  0.040 0.039 0.027 0.041 0.039 0.813 
504 UA00014200    (0)   :  0.099 0.112 0.047 0.066 0.110 0.565 
505 UA00040612    (0)   :  0.051 0.052 0.127 0.043 0.054 0.674 
506 UA00062679    (0)   :  0.049 0.050 0.081 0.046 0.052 0.722 
507 UA00034481    (0)   :  0.074 0.072 0.045 0.061 0.076 0.670 
508 UA00011880    (0)   :  0.149 0.103 0.310 0.242 0.099 0.098 
509 UA00013421    (0)   :  0.049 0.049 0.168 0.037 0.053 0.644 
510 UA00048051    (0)   :  0.036 0.036 0.042 0.033 0.038 0.815 
511 UA00063370    (0)   :  0.042 0.039 0.132 0.037 0.043 0.707 
512 UA00014716    (0)   :  0.052 0.049 0.084 0.047 0.051 0.716 
513 UA00033426    (0)   :  0.100 0.116 0.160 0.067 0.119 0.438 
514 UA00015190    (0)   :  0.055 0.052 0.237 0.045 0.058 0.553 
515 UA00013730    (0)   :  0.207 0.215 0.099 0.204 0.217 0.058 
516 UA00047644    (4)   :  0.104 0.098 0.162 0.078 0.109 0.450 
517 UA00031933    (9)   :  0.211 0.227 0.062 0.142 0.242 0.116 
518 UA00031541    (9)   :  0.117 0.123 0.128 0.111 0.120 0.400 
519   PCO-60    (4)   :  0.197 0.194 0.054 0.184 0.196 0.175 
520 UA00030495    (4)   :  0.188 0.169 0.132 0.166 0.182 0.163 
521 UA00031133    (4)   :  0.221 0.127 0.052 0.460 0.106 0.035 
522 UA00032049    (4)   :  0.154 0.137 0.317 0.129 0.161 0.102 
523 UA00030599    (4)   :  0.195 0.116 0.114 0.393 0.100 0.084 
524 UA00030250    (4)   :  0.215 0.279 0.043 0.140 0.265 0.057 
525 UA00049385    (4)   :  0.187 0.136 0.147 0.274 0.138 0.119 
526 UA00031816    (4)   :  0.222 0.122 0.048 0.467 0.099 0.042 
527 UA00030275    (4)   :  0.192 0.207 0.133 0.143 0.219 0.107 
528 UA00041861    (4)   :  0.200 0.211 0.102 0.150 0.223 0.113 
529 UA00041433    (4)   :  0.230 0.245 0.036 0.183 0.253 0.053 
530  PCO-114    (4)   :  0.193 0.246 0.044 0.125 0.251 0.142 
531 UA00031529    (4)   :  0.217 0.206 0.057 0.217 0.208 0.096 
532 UA00039719    (4)   :  0.199 0.240 0.049 0.176 0.217 0.118 
533  PCO-442    (4)   :  0.216 0.291 0.034 0.136 0.276 0.046 
534   PCO-58    (0)   :  0.191 0.281 0.072 0.106 0.251 0.099 
535 UA00048673    (4)   :  0.206 0.186 0.067 0.181 0.199 0.161 
536   PCO-63    (4)   :  0.224 0.218 0.037 0.233 0.200 0.087 


Estimated Allele Frequencies in each cluster
First column gives estimated ancestral frequencies


Locus 1 : PP01 
2 alleles
0.0% missing data
   1   (0.593) 0.586 0.607 0.889 0.550 0.604 0.329 
   2   (0.407) 0.414 0.393 0.111 0.450 0.396 0.671 

Locus 2 : PP02 
2 alleles
0.0% missing data
   1   (0.915) 0.909 0.912 0.991 0.895 0.917 0.967 
   2   (0.085) 0.091 0.088 0.009 0.105 0.083 0.033 

Locus 3 : PP03 
2 alleles
18.3% missing data
   1   (0.797) 0.776 0.818 0.936 0.717 0.812 0.976 
   2   (0.203) 0.224 0.182 0.064 0.283 0.188 0.024 

Locus 4 : PP04 
2 alleles
0.4% missing data
   1   (0.728) 0.670 0.719 0.648 0.537 0.727 0.964 
   2   (0.272) 0.330 0.281 0.352 0.463 0.273 0.036 

Locus 5 : PP06 
2 alleles
0.0% missing data
   1   (0.624) 0.653 0.634 0.658 0.723 0.620 0.621 
   2   (0.376) 0.347 0.366 0.342 0.277 0.380 0.379 

Locus 6 : PP07 
2 alleles
0.0% missing data
   1   (0.700) 0.664 0.695 0.899 0.599 0.697 0.956 
   2   (0.300) 0.336 0.305 0.101 0.401 0.303 0.044 

Locus 7 : PP09 
2 alleles
0.0% missing data
   1   (0.461) 0.516 0.445 0.622 0.659 0.445 0.056 
   2   (0.539) 0.484 0.555 0.378 0.341 0.555 0.944 

Locus 8 : PP10 
2 alleles
0.0% missing data
   1   (0.191) 0.144 0.136 0.424 0.095 0.155 0.390 
   2   (0.809) 0.856 0.864 0.576 0.905 0.845 0.610 

Locus 9 : PP11 
2 alleles
0.0% missing data
   1   (0.679) 0.700 0.646 0.826 0.786 0.648 0.821 
   2   (0.321) 0.300 0.354 0.174 0.214 0.352 0.179 

Locus 10 : PP12 
2 alleles
0.2% missing data
   1   (0.417) 0.442 0.437 0.263 0.477 0.432 0.097 
   2   (0.583) 0.558 0.563 0.737 0.523 0.568 0.903 

Locus 11 : PP13 
2 alleles
0.0% missing data
   1   (0.176) 0.139 0.148 0.515 0.095 0.159 0.137 
   2   (0.824) 0.861 0.852 0.485 0.905 0.841 0.863 

Locus 12 : PP14 
2 alleles
0.2% missing data
   1   (0.870) 0.879 0.847 0.970 0.920 0.854 0.916 
   2   (0.130) 0.121 0.153 0.030 0.080 0.146 0.084 

Locus 13 : PP15 
2 alleles
0.0% missing data
   1   (0.893) 0.914 0.932 0.359 0.902 0.922 0.929 
   2   (0.107) 0.086 0.068 0.641 0.098 0.078 0.071 

Locus 14 : PP16 
2 alleles
0.0% missing data
   1   (0.488) 0.544 0.521 0.430 0.638 0.504 0.409 
   2   (0.512) 0.456 0.479 0.570 0.362 0.496 0.591 

Locus 15 : PP17 
2 alleles
0.2% missing data
   1   (0.659) 0.643 0.659 0.852 0.605 0.666 0.493 
   2   (0.341) 0.357 0.341 0.148 0.395 0.334 0.507 

Locus 16 : PP18 
2 alleles
0.7% missing data
   1   (0.755) 0.757 0.730 0.900 0.790 0.739 0.925 
   2   (0.245) 0.243 0.270 0.100 0.210 0.261 0.075 

Locus 17 : PP20 
2 alleles
0.0% missing data
   1   (0.627) 0.635 0.656 0.659 0.624 0.646 0.496 
   2   (0.373) 0.365 0.344 0.341 0.376 0.354 0.504 

Locus 18 : PP21 
2 alleles
14.9% missing data
   1   (0.864) 0.845 0.864 0.976 0.807 0.862 0.990 
   2   (0.136) 0.155 0.136 0.024 0.193 0.138 0.010 

Locus 19 : PP22 
2 alleles
1.3% missing data
   1   (0.452) 0.435 0.529 0.051 0.280 0.517 0.108 
   2   (0.548) 0.565 0.471 0.949 0.720 0.483 0.892 

Locus 20 : PP23 
2 alleles
0.7% missing data
   1   (0.648) 0.645 0.618 0.732 0.667 0.630 0.799 
   2   (0.352) 0.355 0.382 0.268 0.333 0.370 0.201 

Locus 21 : PP24 
2 alleles
0.2% missing data
   1   (0.794) 0.824 0.846 0.889 0.845 0.827 0.572 
   2   (0.206) 0.176 0.154 0.111 0.155 0.173 0.428 

Locus 22 : PP25 
2 alleles
0.6% missing data
   1   (0.360) 0.345 0.314 0.748 0.373 0.323 0.475 
   2   (0.640) 0.655 0.686 0.252 0.627 0.677 0.525 

Values of parameters used in structure:
