

----------------------------------------------------
STRUCTURE by Pritchard, Stephens and Donnelly (2000)
     and Falush, Stephens and Pritchard (2003)
       Code by Pritchard, Falush and Hubisz
             Version 2.3.4 (Jul 2012)
----------------------------------------------------



Command line arguments:   structure -K 4 -o outputfile_K4_3 
Input File:    Puma_SNP_genotypes_cut_AZ_final_HWEonly.str

Run parameters:
   536 individuals
   22 loci
   4 populations assumed
   100000 Burn-in period
   500000 Reps


--------------------------------------------
Overall proportion of membership of the
sample in each of the 4 clusters

Inferred Clusters
  1      2      3      4    
0.258  0.245  0.240  0.257  

--------------------------------------------

Allele-freq. divergence among pops (Net nucleotide distance),
computed using point estimates of P.

      1       2       3       4      
 1      -    0.0472  0.0586  0.0365  
 2   0.0472     -    0.0498  0.0592  
 3   0.0586  0.0498     -    0.0419  
 4   0.0365  0.0592  0.0419     -    

Average distances (expected heterozygosity) between individuals in same cluster:
cluster  1  : 0.3551 
cluster  2  : 0.2940 
cluster  3  : 0.3394 
cluster  4  : 0.3566 

--------------------------------------------
Estimated Ln Prob of Data   = -12930.5
Mean value of ln likelihood = -12375.2
Variance of ln likelihood   = 1110.7
Mean value of alpha         = 0.4003

Mean value of Fst_1         = 0.1124
Mean value of Fst_2         = 0.2100
Mean value of Fst_3         = 0.1699
Mean value of Fst_4         = 0.1023


Inferred ancestry of individuals:
        Label (%Miss) :  Inferred clusters
  1 UA00063336   (13)   :  0.148 0.125 0.586 0.141 
  2 UA00048914    (9)   :  0.218 0.362 0.278 0.141 
  3 UA00014769   (13)   :  0.514 0.048 0.134 0.303 
  4 UA00008132   (13)   :  0.306 0.172 0.249 0.274 
  5 UA00030462   (13)   :  0.143 0.461 0.223 0.173 
  6 UA00034866   (13)   :  0.198 0.347 0.119 0.337 
  7 UA00034800    (9)   :  0.085 0.128 0.690 0.097 
  8  Puco006    (9)   :  0.084 0.707 0.143 0.066 
  9 UA00048874    (4)   :  0.113 0.146 0.665 0.076 
 10 UA00049060    (9)   :  0.365 0.105 0.257 0.273 
 11 UA00033413    (9)   :  0.175 0.130 0.105 0.590 
 12  Puco021    (9)   :  0.090 0.071 0.309 0.530 
 13  Puco026    (9)   :  0.253 0.084 0.286 0.377 
 14  Puco008    (9)   :  0.141 0.299 0.446 0.114 
 15   M01301    (9)   :  0.172 0.195 0.081 0.552 
 16   M06306    (9)   :  0.090 0.063 0.682 0.166 
 17 UA00032185    (9)   :  0.229 0.244 0.200 0.326 
 18 UA00030792    (9)   :  0.044 0.067 0.842 0.047 
 19 UA00031647    (9)   :  0.139 0.214 0.519 0.128 
 20 UA00031979    (9)   :  0.263 0.223 0.266 0.248 
 21  Puco016    (9)   :  0.243 0.557 0.101 0.099 
 22  Puco010    (9)   :  0.209 0.132 0.173 0.485 
 23    M1035    (9)   :  0.400 0.082 0.315 0.203 
 24 UA00034601    (9)   :  0.133 0.293 0.286 0.287 
 25 UA00050388    (9)   :  0.184 0.184 0.361 0.271 
 26 UA00048699    (9)   :  0.169 0.651 0.084 0.097 
 27 UA00064058    (9)   :  0.458 0.095 0.222 0.225 
 28 UA00033981    (9)   :  0.098 0.128 0.217 0.558 
 29   F05033    (9)   :  0.350 0.105 0.140 0.404 
 30 UA00048520    (4)   :  0.124 0.198 0.413 0.264 
 31 UA00048422    (4)   :  0.057 0.067 0.791 0.085 
 32    PucoB    (4)   :  0.222 0.064 0.201 0.512 
 33 UA00047393    (4)   :  0.312 0.106 0.430 0.152 
 34 UA00064521    (4)   :  0.129 0.472 0.183 0.215 
 35 UA00003043    (4)   :  0.409 0.344 0.091 0.156 
 36 UA00063025    (4)   :  0.092 0.243 0.439 0.226 
 37 UA00063826    (4)   :  0.155 0.096 0.203 0.545 
 38   F07407    (4)   :  0.095 0.085 0.427 0.392 
 39 UA00021658    (4)   :  0.296 0.144 0.166 0.395 
 40 UA00003794    (4)   :  0.129 0.103 0.430 0.339 
 41 UA00041322    (4)   :  0.203 0.206 0.381 0.210 
 42 UA00063316    (4)   :  0.145 0.278 0.327 0.250 
 43 UA00047705    (4)   :  0.152 0.200 0.310 0.338 
 44 UA00033904    (4)   :  0.128 0.114 0.660 0.098 
 45 UA00048100    (4)   :  0.307 0.189 0.137 0.367 
 46 UA00032212    (4)   :  0.157 0.196 0.453 0.194 
 47 UA00031574    (4)   :  0.057 0.108 0.747 0.088 
 48 UA00031228    (4)   :  0.063 0.108 0.773 0.056 
 49 UA00047707    (4)   :  0.664 0.110 0.071 0.155 
 50 UA00030906    (4)   :  0.040 0.095 0.822 0.043 
 51 UA00041567    (4)   :  0.128 0.167 0.171 0.533 
 52 UA00007624    (4)   :  0.270 0.101 0.079 0.551 
 53 UA00034514    (4)   :  0.384 0.174 0.126 0.316 
 54 UA00030480    (4)   :  0.285 0.115 0.480 0.120 
 55  Puco012    (4)   :  0.374 0.235 0.131 0.260 
 56 UA00038677    (9)   :  0.133 0.274 0.340 0.253 
 57 UA00048275    (4)   :  0.152 0.143 0.162 0.542 
 58 UA00064055    (4)   :  0.525 0.220 0.151 0.105 
 59  Puco009    (4)   :  0.290 0.458 0.104 0.147 
 60 UA00064561    (4)   :  0.645 0.172 0.076 0.107 
 61 UA00003479    (4)   :  0.466 0.227 0.101 0.206 
 62 UA00063747    (4)   :  0.462 0.144 0.062 0.332 
 63 UA00002558    (4)   :  0.163 0.399 0.109 0.329 
 64 UA00048410    (4)   :  0.347 0.466 0.064 0.123 
 65 UA00012249    (4)   :  0.522 0.311 0.069 0.098 
 66 UA00033818    (4)   :  0.086 0.121 0.641 0.152 
 67  Puco020    (4)   :  0.357 0.232 0.274 0.137 
 68 UA00002545    (9)   :  0.624 0.109 0.178 0.088 
 69 UA00048508    (4)   :  0.464 0.149 0.104 0.282 
 70 UA00064100    (4)   :  0.255 0.200 0.231 0.314 
 71 UA00014585    (4)   :  0.385 0.219 0.132 0.263 
 72 UA00063698    (4)   :  0.100 0.508 0.235 0.157 
 73 UA00049753    (4)   :  0.116 0.071 0.685 0.128 
 74 UA00049037    (4)   :  0.421 0.102 0.192 0.285 
 75 UA00034941    (4)   :  0.121 0.223 0.338 0.318 
 76 UA00008083    (4)   :  0.107 0.656 0.122 0.114 
 77 UA00015084    (4)   :  0.084 0.440 0.318 0.159 
 78 UA00041010    (9)   :  0.088 0.498 0.355 0.060 
 79 UA00035261    (4)   :  0.151 0.260 0.420 0.168 
 80 UA00035431    (4)   :  0.192 0.185 0.075 0.547 
 81 UA00045274    (0)   :  0.159 0.213 0.275 0.353 
 82 UA00028200    (4)   :  0.099 0.272 0.503 0.126 
 83 UA00064559    (0)   :  0.044 0.070 0.821 0.065 
 84 UA00040808    (0)   :  0.151 0.240 0.541 0.068 
 85 UA00049156    (0)   :  0.101 0.232 0.555 0.112 
 86 UA00003952    (4)   :  0.122 0.716 0.087 0.074 
 87 UA00063954    (0)   :  0.182 0.097 0.538 0.183 
 88 UA00062934    (0)   :  0.151 0.144 0.556 0.149 
 89 UA00033829    (0)   :  0.068 0.269 0.570 0.093 
 90 UA00064351    (4)   :  0.086 0.189 0.161 0.564 
 91 UA00003697    (4)   :  0.086 0.594 0.193 0.128 
 92 UA00063438    (4)   :  0.151 0.191 0.506 0.153 
 93 UA00007608    (0)   :  0.081 0.291 0.466 0.162 
 94 UA00019683    (4)   :  0.071 0.072 0.598 0.259 
 95 UA00007781    (0)   :  0.201 0.181 0.182 0.436 
 96 UA00002915    (0)   :  0.171 0.257 0.450 0.122 
 97  Puco031    (4)   :  0.446 0.209 0.171 0.174 
 98 UA00048280    (4)   :  0.106 0.202 0.178 0.513 
 99 UA00048589    (0)   :  0.232 0.119 0.298 0.351 
100 UA00034417    (0)   :  0.261 0.299 0.309 0.131 
101 UA00050411    (4)   :  0.652 0.107 0.067 0.174 
102  Puco029    (4)   :  0.367 0.051 0.139 0.443 
103   F03403    (4)   :  0.142 0.115 0.079 0.664 
104 UA00049904    (0)   :  0.090 0.127 0.419 0.364 
105 UA00035335    (0)   :  0.508 0.043 0.100 0.349 
106 UA00012611    (0)   :  0.358 0.112 0.170 0.360 
107 UA00050319    (0)   :  0.134 0.070 0.082 0.714 
108 UA00032068    (4)   :  0.310 0.088 0.367 0.235 
109 UA00032026    (4)   :  0.302 0.124 0.322 0.253 
110 UA00030476    (4)   :  0.087 0.060 0.250 0.602 
111 UA00046853    (0)   :  0.117 0.092 0.215 0.575 
112 UA00040156    (4)   :  0.042 0.065 0.844 0.049 
113 UA00030528    (4)   :  0.296 0.103 0.506 0.096 
114  Puco025    (4)   :  0.578 0.083 0.102 0.237 
115    pc016    (0)   :  0.043 0.070 0.843 0.044 
116 UA00030617    (4)   :  0.603 0.068 0.069 0.260 
117 UA00030585    (4)   :  0.053 0.094 0.753 0.100 
118 UA00032060    (4)   :  0.157 0.091 0.493 0.259 
119    pc007    (0)   :  0.175 0.116 0.169 0.540 
120 UA00030798    (4)   :  0.076 0.066 0.778 0.080 
121 UA00030778    (4)   :  0.664 0.090 0.077 0.169 
122 UA00039674    (4)   :  0.052 0.066 0.833 0.049 
123 UA00032241    (4)   :  0.266 0.074 0.073 0.587 
124 UA00011624    (0)   :  0.514 0.116 0.130 0.241 
125 UA00033779    (4)   :  0.111 0.094 0.099 0.696 
126 UA00049402    (4)   :  0.324 0.452 0.122 0.101 
127 UA00033653    (0)   :  0.083 0.085 0.089 0.743 
128 UA00047738    (0)   :  0.189 0.216 0.284 0.311 
129 UA00047502    (4)   :  0.201 0.502 0.172 0.125 
130 UA00012014    (4)   :  0.459 0.185 0.191 0.166 
131 UA00040729    (0)   :  0.233 0.095 0.209 0.463 
132 UA00030392    (4)   :  0.490 0.092 0.115 0.303 
133 UA00050033    (0)   :  0.314 0.114 0.178 0.394 
134 UA00012152    (0)   :  0.246 0.600 0.067 0.087 
135 UA00050406    (0)   :  0.292 0.165 0.213 0.330 
136 UA00047973    (0)   :  0.270 0.128 0.130 0.471 
137 UA00008051    (0)   :  0.201 0.222 0.338 0.238 
138 UA00047337    (4)   :  0.209 0.116 0.427 0.248 
139 UA00041604    (4)   :  0.226 0.218 0.300 0.256 
140 UA00031704    (4)   :  0.640 0.066 0.079 0.216 
141 UA00040423    (4)   :  0.396 0.117 0.316 0.171 
142 UA00049433    (0)   :  0.343 0.313 0.224 0.119 
143 UA00034816    (0)   :  0.522 0.239 0.093 0.146 
144 UA00050214    (0)   :  0.711 0.072 0.090 0.127 
145 UA00041073    (0)   :  0.309 0.241 0.161 0.289 
146 UA00030318    (4)   :  0.494 0.186 0.097 0.223 
147 UA00046845    (0)   :  0.398 0.350 0.123 0.129 
148 UA00063946    (0)   :  0.079 0.081 0.180 0.659 
149 UA00031374    (4)   :  0.373 0.206 0.144 0.276 
150    M1136    (4)   :  0.282 0.116 0.481 0.121 
151 UA00034299    (0)   :  0.669 0.115 0.106 0.110 
152 UA00002387    (4)   :  0.595 0.231 0.072 0.102 
153 UA00021855    (0)   :  0.181 0.150 0.193 0.476 
154 UA00014500    (0)   :  0.460 0.118 0.197 0.225 
155 UA00050419    (4)   :  0.656 0.098 0.068 0.178 
156 UA00031854    (4)   :  0.296 0.252 0.117 0.335 
157    pc011    (4)   :  0.689 0.135 0.076 0.100 
158 UA00033004    (0)   :  0.508 0.155 0.219 0.118 
159 UA00046510    (0)   :  0.359 0.375 0.107 0.159 
160 UA00048747    (0)   :  0.576 0.200 0.105 0.119 
161 UA00014293    (0)   :  0.699 0.138 0.080 0.083 
162 UA00047686    (0)   :  0.265 0.386 0.238 0.111 
163 UA00033783    (4)   :  0.094 0.210 0.461 0.235 
164 UA00042609    (4)   :  0.278 0.445 0.181 0.095 
165 UA00031169    (4)   :  0.728 0.087 0.090 0.095 
166 UA00035181    (0)   :  0.391 0.090 0.063 0.456 
167 UA00050133    (0)   :  0.441 0.189 0.148 0.222 
168  Puco011    (4)   :  0.633 0.164 0.119 0.083 
169 UA00041476    (0)   :  0.426 0.265 0.159 0.150 
170 UA00046702    (0)   :  0.673 0.104 0.076 0.147 
171 UA00019940    (0)   :  0.351 0.186 0.230 0.233 
172 UA00049813    (0)   :  0.213 0.111 0.191 0.485 
173 UA00064165    (0)   :  0.128 0.566 0.165 0.141 
174 UA00064421    (0)   :  0.233 0.546 0.069 0.152 
175 UA00064569    (4)   :  0.501 0.107 0.073 0.319 
176 UA00003996    (0)   :  0.333 0.429 0.107 0.131 
177 UA00064491    (4)   :  0.460 0.196 0.081 0.262 
178 UA00011899    (0)   :  0.381 0.123 0.177 0.319 
179  Puco015    (4)   :  0.361 0.153 0.326 0.160 
180 UA00047929    (4)   :  0.247 0.062 0.125 0.567 
181 UA00056669    (0)   :  0.371 0.251 0.124 0.253 
182 UA00050176    (0)   :  0.303 0.288 0.193 0.217 
183  Puco014    (4)   :  0.196 0.216 0.185 0.403 
184 UA00019608    (0)   :  0.512 0.242 0.114 0.132 
185 UA00064333    (0)   :  0.590 0.163 0.131 0.117 
186  Puco013    (4)   :  0.311 0.387 0.139 0.164 
187 UA00016092    (0)   :  0.653 0.075 0.067 0.205 
188 UA00019060    (0)   :  0.122 0.571 0.211 0.095 
189 UA00063532    (0)   :  0.306 0.226 0.178 0.290 
190 UA00064117    (0)   :  0.153 0.395 0.350 0.102 
191 UA00011969    (0)   :  0.220 0.229 0.208 0.343 
192 UA00034586    (4)   :  0.325 0.102 0.122 0.451 
193 UA00030736    (4)   :  0.463 0.135 0.169 0.233 
194 UA00048493    (0)   :  0.391 0.153 0.214 0.242 
195 UA00040466    (0)   :  0.079 0.755 0.083 0.082 
196 UA00047659    (0)   :  0.320 0.183 0.138 0.360 
197 UA00042002    (4)   :  0.155 0.145 0.484 0.216 
198 UA00062606    (0)   :  0.298 0.365 0.186 0.152 
199 UA00030615    (4)   :  0.091 0.740 0.070 0.100 
200 UA00048899    (0)   :  0.314 0.193 0.168 0.325 
201 UA00047725    (0)   :  0.043 0.835 0.071 0.051 
202 UA00030866    (4)   :  0.286 0.321 0.181 0.213 
203 UA00034564    (0)   :  0.407 0.252 0.191 0.150 
204 UA00046520    (0)   :  0.116 0.081 0.084 0.719 
205 UA00035027    (0)   :  0.176 0.274 0.255 0.294 
206 UA00035421    (0)   :  0.242 0.589 0.082 0.087 
207 UA00062740    (4)   :  0.126 0.358 0.343 0.174 
208 UA00012360    (0)   :  0.089 0.736 0.086 0.089 
209 UA00050203    (0)   :  0.329 0.142 0.155 0.374 
210 UA00040534    (4)   :  0.108 0.443 0.348 0.101 
211 UA00031261    (4)   :  0.084 0.620 0.227 0.069 
212 UA00031917    (4)   :  0.097 0.460 0.379 0.064 
213 UA00040798    (4)   :  0.126 0.506 0.163 0.205 
214 UA00030598    (4)   :  0.142 0.528 0.146 0.184 
215 UA00050385    (0)   :  0.411 0.286 0.163 0.140 
216 UA00058283    (0)   :  0.058 0.728 0.130 0.084 
217 UA00042297    (4)   :  0.124 0.254 0.430 0.193 
218 UA00015415    (4)   :  0.077 0.795 0.073 0.055 
219 UA00035531    (0)   :  0.099 0.651 0.182 0.067 
220 UA00048683    (0)   :  0.134 0.686 0.091 0.088 
221 UA00046734    (4)   :  0.080 0.739 0.107 0.074 
222   pcRF01    (0)   :  0.782 0.090 0.049 0.079 
223 UA00007223    (0)   :  0.240 0.457 0.203 0.100 
224 UA00013841    (0)   :  0.248 0.092 0.483 0.177 
225 UA00014196    (0)   :  0.108 0.697 0.131 0.064 
226 UA00034635    (0)   :  0.390 0.172 0.123 0.315 
227 UA00047371    (0)   :  0.111 0.124 0.491 0.274 
228 UA00063544    (0)   :  0.155 0.139 0.452 0.253 
229 UA00064246    (0)   :  0.189 0.329 0.212 0.270 
230 UA00064328    (0)   :  0.201 0.351 0.293 0.156 
231 UA00002952    (0)   :  0.140 0.402 0.334 0.123 
232 UA00064079    (0)   :  0.223 0.171 0.373 0.233 
233 UA00046793    (0)   :  0.178 0.485 0.249 0.089 
234 UA00034769    (0)   :  0.082 0.188 0.536 0.194 
235 UA00034949    (0)   :  0.227 0.531 0.166 0.075 
236 UA00063753    (0)   :  0.083 0.182 0.281 0.454 
237 UA00015713    (0)   :  0.134 0.112 0.413 0.340 
238 UA00003494    (0)   :  0.420 0.344 0.161 0.075 
239 UA00056767    (0)   :  0.113 0.069 0.051 0.767 
240 UA00014461    (0)   :  0.219 0.456 0.175 0.151 
241 UA00034669    (0)   :  0.097 0.427 0.316 0.160 
242 UA00048164    (0)   :  0.272 0.405 0.112 0.211 
243 UA00007974    (0)   :  0.089 0.121 0.314 0.476 
244 UA00016166    (0)   :  0.252 0.120 0.534 0.094 
245 UA00015653    (0)   :  0.093 0.290 0.498 0.119 
246 UA00063882    (0)   :  0.131 0.557 0.207 0.105 
247 UA00049027    (0)   :  0.117 0.160 0.528 0.195 
248 UA00018878    (0)   :  0.088 0.083 0.569 0.261 
249 UA00038796    (0)   :  0.107 0.542 0.177 0.174 
250 UA00013465    (0)   :  0.087 0.672 0.128 0.113 
251 UA00014604    (0)   :  0.094 0.346 0.285 0.275 
252 UA00041913    (0)   :  0.092 0.124 0.426 0.358 
253 UA00021632    (0)   :  0.090 0.135 0.671 0.104 
254 UA00064027    (0)   :  0.169 0.278 0.379 0.174 
255 UA00015023    (0)   :  0.381 0.361 0.113 0.145 
256 UA00050243    (0)   :  0.186 0.176 0.509 0.129 
257 UA00048298    (0)   :  0.379 0.183 0.198 0.240 
258 UA00050437    (0)   :  0.201 0.461 0.179 0.160 
259 UA00014262    (0)   :  0.247 0.184 0.409 0.161 
260 UA00049129    (0)   :  0.236 0.117 0.253 0.394 
261 UA00014740    (0)   :  0.139 0.207 0.227 0.427 
262 UA00049612    (0)   :  0.075 0.146 0.668 0.111 
263 UA00014635    (0)   :  0.115 0.078 0.072 0.734 
264 UA00014673    (0)   :  0.117 0.292 0.422 0.169 
265 UA00033608    (0)   :  0.093 0.156 0.560 0.192 
266 UA00064540    (0)   :  0.109 0.175 0.149 0.568 
267 UA00050256    (0)   :  0.138 0.344 0.390 0.128 
268 UA00015274    (0)   :  0.420 0.222 0.164 0.194 
269 UA00062993    (0)   :  0.124 0.206 0.096 0.574 
270 UA00038364    (0)   :  0.158 0.182 0.349 0.310 
271 UA00014446    (0)   :  0.318 0.143 0.124 0.415 
272 UA00063545    (0)   :  0.093 0.247 0.573 0.087 
273 UA00040054    (0)   :  0.455 0.100 0.275 0.171 
274 UA00058447    (0)   :  0.192 0.128 0.205 0.475 
275 UA00046835    (0)   :  0.199 0.129 0.139 0.533 
276 UA00014608    (0)   :  0.196 0.192 0.156 0.456 
277    pc012    (0)   :  0.170 0.263 0.234 0.333 
278    pc002    (0)   :  0.117 0.156 0.573 0.153 
279 UA00033690    (0)   :  0.065 0.090 0.472 0.374 
280 UA00013688    (0)   :  0.227 0.252 0.197 0.324 
281 UA00063666    (0)   :  0.077 0.053 0.270 0.600 
282 UA00063292    (0)   :  0.122 0.077 0.104 0.697 
283    pc001    (0)   :  0.263 0.242 0.190 0.306 
284    pc008    (0)   :  0.217 0.149 0.207 0.427 
285 UA00034316    (0)   :  0.240 0.333 0.318 0.108 
286 UA00013046    (0)   :  0.355 0.069 0.118 0.457 
287 UA00050241    (0)   :  0.157 0.055 0.134 0.654 
288 UA00048599    (0)   :  0.161 0.090 0.097 0.651 
289 UA00046649    (0)   :  0.142 0.086 0.623 0.149 
290 UA00015674    (0)   :  0.068 0.125 0.608 0.200 
291 UA00013177    (0)   :  0.127 0.210 0.269 0.394 
292 UA00012814    (0)   :  0.429 0.204 0.157 0.210 
293 UA00034654    (0)   :  0.377 0.110 0.137 0.377 
294 UA00046743    (0)   :  0.248 0.101 0.120 0.531 
295 UA00014854    (0)   :  0.139 0.051 0.431 0.379 
296 UA00013729    (0)   :  0.491 0.149 0.170 0.190 
297 UA00063483    (0)   :  0.138 0.088 0.142 0.632 
298 UA00039326    (0)   :  0.212 0.114 0.380 0.294 
299 UA00014742    (0)   :  0.146 0.075 0.124 0.655 
300 UA00049597    (0)   :  0.090 0.045 0.709 0.155 
301 UA00048067    (0)   :  0.092 0.145 0.357 0.406 
302 UA00012918    (0)   :  0.077 0.054 0.490 0.379 
303 UA00013487    (0)   :  0.812 0.058 0.062 0.069 
304 UA00046759    (0)   :  0.144 0.307 0.338 0.212 
305 UA00050164    (0)   :  0.139 0.108 0.680 0.072 
306 UA00049839    (0)   :  0.161 0.115 0.106 0.618 
307 UA00048444    (0)   :  0.059 0.075 0.221 0.645 
308 UA00063857    (0)   :  0.242 0.062 0.186 0.509 
309 UA00014921    (0)   :  0.099 0.055 0.666 0.180 
310 UA00048895    (0)   :  0.113 0.108 0.567 0.211 
311 UA00014556    (0)   :  0.184 0.361 0.210 0.244 
312    pc009    (0)   :  0.114 0.048 0.112 0.726 
313 UA00014959    (0)   :  0.100 0.072 0.659 0.169 
314 UA00020709    (0)   :  0.259 0.131 0.378 0.232 
315 UA00013126    (0)   :  0.054 0.075 0.796 0.075 
316 UA00013695    (0)   :  0.070 0.078 0.771 0.080 
317 UA00049344    (0)   :  0.083 0.102 0.702 0.114 
318 UA00047614    (0)   :  0.053 0.160 0.710 0.076 
319 UA00014221    (0)   :  0.143 0.062 0.060 0.735 
320 UA00014346    (0)   :  0.094 0.132 0.160 0.615 
321 UA00014245    (0)   :  0.140 0.075 0.505 0.279 
322 UA00014696    (0)   :  0.077 0.137 0.738 0.049 
323 UA00006991    (0)   :  0.405 0.245 0.139 0.211 
324 UA00048948    (0)   :  0.310 0.205 0.154 0.331 
325 UA00002239    (0)   :  0.427 0.259 0.187 0.127 
326 UA00063459    (0)   :  0.091 0.054 0.164 0.691 
327 UA00048356    (0)   :  0.114 0.221 0.191 0.475 
328 UA00063940    (0)   :  0.292 0.286 0.158 0.264 
329 UA00048130    (0)   :  0.104 0.112 0.108 0.676 
330 UA00048903    (0)   :  0.459 0.074 0.064 0.403 
331 UA00064643    (0)   :  0.322 0.195 0.193 0.291 
332 UA00050233    (0)   :  0.332 0.235 0.108 0.325 
333 UA00012507    (0)   :  0.289 0.452 0.095 0.163 
334 UA00064416    (0)   :  0.663 0.111 0.091 0.136 
335 UA00034724    (0)   :  0.354 0.153 0.103 0.390 
336 UA00002621    (0)   :  0.318 0.095 0.101 0.485 
337 UA00033203    (0)   :  0.685 0.107 0.117 0.091 
338 UA00011996    (0)   :  0.252 0.099 0.271 0.377 
339 UA00014408    (0)   :  0.231 0.517 0.131 0.122 
340 UA00049502    (0)   :  0.133 0.269 0.121 0.477 
341 UA00062695    (0)   :  0.140 0.161 0.249 0.450 
342 UA00014072    (0)   :  0.161 0.108 0.136 0.595 
343 UA00003334    (0)   :  0.238 0.078 0.106 0.577 
344 UA00013835    (0)   :  0.188 0.148 0.281 0.384 
345 UA00046760    (0)   :  0.149 0.094 0.384 0.373 
346 UA00014241    (0)   :  0.404 0.152 0.096 0.347 
347 UA00049585    (0)   :  0.182 0.063 0.123 0.632 
348 UA00013409    (0)   :  0.103 0.272 0.146 0.479 
349 UA00047548    (0)   :  0.443 0.082 0.153 0.321 
350 UA00049038    (0)   :  0.109 0.180 0.498 0.213 
351 UA00047612    (0)   :  0.254 0.192 0.136 0.418 
352 UA00014822    (0)   :  0.094 0.248 0.514 0.143 
353 UA00035299    (0)   :  0.429 0.159 0.157 0.255 
354 UA00012804    (0)   :  0.130 0.125 0.569 0.176 
355 UA00049578    (0)   :  0.216 0.321 0.134 0.328 
356 UA00047672    (0)   :  0.712 0.136 0.089 0.063 
357 UA00043961    (0)   :  0.079 0.129 0.655 0.136 
358 UA00064575    (0)   :  0.110 0.350 0.130 0.410 
359 UA00014732    (0)   :  0.456 0.186 0.096 0.262 
360 UA00050181    (0)   :  0.492 0.216 0.089 0.204 
361 UA00033369    (0)   :  0.228 0.189 0.469 0.115 
362 UA00011982    (0)   :  0.744 0.058 0.061 0.136 
363 UA00014590    (0)   :  0.419 0.189 0.258 0.134 
364 UA00047743    (0)   :  0.650 0.091 0.117 0.142 
365 UA00046621    (0)   :  0.673 0.065 0.088 0.173 
366 UA00050422    (0)   :  0.291 0.340 0.128 0.240 
367 UA00002760    (0)   :  0.288 0.110 0.237 0.364 
368 UA00012999    (0)   :  0.362 0.103 0.334 0.201 
369 UA00063838    (0)   :  0.353 0.125 0.106 0.415 
370 UA00003729    (0)   :  0.098 0.282 0.373 0.246 
371 UA00015348    (0)   :  0.111 0.133 0.177 0.578 
372 UA00019058    (0)   :  0.121 0.181 0.129 0.569 
373 UA00049549    (0)   :  0.070 0.054 0.307 0.569 
374 UA00014334    (0)   :  0.389 0.308 0.160 0.143 
375 UA00014350    (0)   :  0.816 0.046 0.047 0.091 
376 UA00049227    (0)   :  0.156 0.244 0.462 0.138 
377 UA00014051    (0)   :  0.457 0.368 0.061 0.113 
378 UA00034381    (0)   :  0.314 0.225 0.115 0.345 
379 UA00002354    (0)   :  0.732 0.077 0.069 0.122 
380 UA00049892    (0)   :  0.267 0.069 0.240 0.424 
381 UA00021989    (0)   :  0.435 0.156 0.074 0.334 
382 UA00048968    (0)   :  0.510 0.172 0.101 0.218 
383 UA00013174    (0)   :  0.525 0.189 0.124 0.162 
384 UA00033992    (0)   :  0.364 0.105 0.391 0.140 
385 UA00015801    (0)   :  0.695 0.056 0.053 0.196 
386 UA00063303    (0)   :  0.140 0.128 0.495 0.238 
387 UA00050206    (0)   :  0.096 0.076 0.058 0.770 
388 UA00014458    (0)   :  0.296 0.173 0.202 0.330 
389 UA00007204    (0)   :  0.196 0.085 0.204 0.514 
390 UA00063212    (0)   :  0.103 0.241 0.311 0.345 
391 UA00013340    (0)   :  0.246 0.104 0.304 0.346 
392 UA00062743    (0)   :  0.486 0.343 0.080 0.091 
393 UA00063189    (0)   :  0.147 0.627 0.122 0.103 
394 UA00035432    (0)   :  0.265 0.086 0.097 0.553 
395 UA00007958    (0)   :  0.501 0.108 0.096 0.295 
396 UA00013634    (0)   :  0.623 0.189 0.081 0.108 
397 UA00048175    (0)   :  0.769 0.101 0.044 0.087 
398 UA00003202    (0)   :  0.308 0.130 0.123 0.439 
399 UA00035090    (0)   :  0.249 0.220 0.148 0.383 
400 UA00064679    (0)   :  0.220 0.518 0.125 0.138 
401 UA00039518    (0)   :  0.515 0.107 0.113 0.265 
402 UA00058268    (0)   :  0.366 0.160 0.154 0.319 
403 UA00049456    (0)   :  0.161 0.125 0.422 0.292 
404 UA00049550    (0)   :  0.178 0.226 0.091 0.506 
405 UA00048342    (0)   :  0.173 0.131 0.392 0.304 
406 UA00063493    (0)   :  0.404 0.090 0.085 0.422 
407 UA00058261    (0)   :  0.480 0.322 0.081 0.117 
408 UA00014663    (0)   :  0.419 0.223 0.164 0.194 
409 UA00048817    (0)   :  0.340 0.180 0.358 0.122 
410 UA00049381    (0)   :  0.605 0.186 0.076 0.133 
411 UA00035901    (0)   :  0.173 0.461 0.167 0.199 
412 UA00013301    (0)   :  0.100 0.182 0.151 0.567 
413 UA00047926    (0)   :  0.477 0.236 0.179 0.109 
414 UA00007272    (0)   :  0.319 0.455 0.139 0.087 
415 UA00016041    (0)   :  0.206 0.108 0.246 0.441 
416 UA00013502    (0)   :  0.430 0.176 0.069 0.325 
417 UA00002390    (0)   :  0.332 0.146 0.333 0.189 
418 UA00034907    (0)   :  0.225 0.247 0.129 0.399 
419 UA00048821    (0)   :  0.246 0.254 0.328 0.171 
420 UA00002136    (0)   :  0.111 0.156 0.354 0.379 
421 UA00011790    (0)   :  0.499 0.219 0.133 0.149 
422 UA00021586    (0)   :  0.232 0.189 0.369 0.210 
423 UA00033270    (0)   :  0.304 0.220 0.147 0.329 
424 UA00048073    (0)   :  0.302 0.138 0.156 0.404 
425 UA00048856    (0)   :  0.263 0.339 0.137 0.260 
426 UA00049713    (0)   :  0.543 0.167 0.133 0.158 
427 UA00046885    (0)   :  0.284 0.125 0.147 0.444 
428 UA00034893    (0)   :  0.433 0.092 0.125 0.350 
429 UA00048011    (0)   :  0.442 0.227 0.065 0.266 
430 UA00015786    (0)   :  0.256 0.366 0.197 0.181 
431 UA00013162    (0)   :  0.465 0.323 0.146 0.066 
432 UA00049512    (0)   :  0.181 0.197 0.206 0.416 
433 UA00004046    (0)   :  0.667 0.150 0.066 0.117 
434 UA00048881    (0)   :  0.145 0.403 0.278 0.173 
435 UA00046610    (0)   :  0.271 0.297 0.279 0.154 
436 UA00033282    (0)   :  0.215 0.235 0.245 0.305 
437 UA00047561    (0)   :  0.608 0.157 0.102 0.133 
438 UA00013777    (0)   :  0.333 0.432 0.094 0.142 
439 UA00062849    (0)   :  0.132 0.110 0.112 0.647 
440 UA00049786    (0)   :  0.666 0.193 0.055 0.085 
441 UA00033246    (0)   :  0.099 0.055 0.094 0.752 
442 UA00045302    (0)   :  0.303 0.123 0.245 0.329 
443 UA00048637    (0)   :  0.611 0.180 0.081 0.127 
444 UA00049832    (0)   :  0.169 0.089 0.385 0.357 
445 UA00022023    (0)   :  0.314 0.170 0.359 0.157 
446 UA00050192    (0)   :  0.229 0.130 0.492 0.149 
447 UA00050413    (0)   :  0.342 0.172 0.156 0.329 
448 UA00013445    (0)   :  0.588 0.109 0.075 0.229 
449 UA00035496    (0)   :  0.190 0.413 0.153 0.244 
450 UA00003333    (0)   :  0.208 0.430 0.233 0.129 
451 UA00064008    (0)   :  0.254 0.493 0.097 0.156 
452 UA00003427    (0)   :  0.206 0.224 0.376 0.194 
453 UA00028092    (0)   :  0.148 0.261 0.384 0.206 
454    pc003    (0)   :  0.089 0.658 0.163 0.090 
455 UA00034440    (0)   :  0.164 0.171 0.097 0.568 
456 UA00026062    (0)   :  0.675 0.129 0.127 0.069 
457 UA00014347    (0)   :  0.163 0.276 0.254 0.306 
458 UA00021516    (0)   :  0.627 0.117 0.093 0.163 
459 UA00049347    (0)   :  0.219 0.542 0.099 0.140 
460 UA00063436    (0)   :  0.107 0.503 0.120 0.269 
461 UA00047790    (0)   :  0.505 0.204 0.133 0.157 
462 UA00045714    (0)   :  0.185 0.456 0.208 0.151 
463 UA00038979    (0)   :  0.122 0.123 0.296 0.459 
464 UA00016123    (0)   :  0.301 0.359 0.196 0.144 
465 UA00034765    (0)   :  0.096 0.781 0.059 0.064 
466 UA00063815    (0)   :  0.073 0.579 0.220 0.128 
467 UA00034795    (0)   :  0.162 0.149 0.124 0.566 
468 UA00004000    (0)   :  0.092 0.698 0.104 0.106 
469 UA00049367    (0)   :  0.208 0.223 0.082 0.486 
470 UA00034457    (0)   :  0.453 0.120 0.164 0.263 
471 UA00050015    (0)   :  0.132 0.178 0.236 0.454 
472 UA00021373    (0)   :  0.342 0.203 0.161 0.294 
473 UA00050232    (0)   :  0.083 0.641 0.181 0.095 
474 UA00038724    (0)   :  0.163 0.116 0.358 0.363 
475 UA00007824    (0)   :  0.399 0.248 0.252 0.101 
476 UA00048754    (0)   :  0.335 0.475 0.074 0.116 
477 UA00014271    (0)   :  0.336 0.152 0.207 0.304 
478 UA00013756    (0)   :  0.113 0.279 0.268 0.340 
479 UA00014385    (0)   :  0.187 0.475 0.226 0.112 
480 UA00049609    (0)   :  0.219 0.124 0.119 0.538 
481 UA00003748    (0)   :  0.208 0.605 0.089 0.098 
482 UA00063952    (0)   :  0.222 0.535 0.077 0.166 
483 UA00058348    (0)   :  0.126 0.611 0.073 0.190 
484 UA00014922    (0)   :  0.095 0.700 0.105 0.100 
485 UA00003820    (0)   :  0.432 0.384 0.072 0.112 
486 UA00013693    (0)   :  0.241 0.374 0.201 0.184 
487 UA00047713    (0)   :  0.122 0.734 0.068 0.076 
488 UA00034891    (0)   :  0.089 0.538 0.183 0.189 
489 UA00049223    (0)   :  0.200 0.475 0.112 0.213 
490 UA00064399    (0)   :  0.067 0.569 0.320 0.043 
491 UA00013336    (0)   :  0.065 0.704 0.147 0.084 
492 UA00035291    (0)   :  0.079 0.727 0.144 0.050 
493 UA00003945    (0)   :  0.124 0.651 0.123 0.102 
494 UA00014518    (0)   :  0.178 0.625 0.106 0.091 
495 UA00013583    (0)   :  0.083 0.270 0.529 0.118 
496 UA00011510    (0)   :  0.143 0.588 0.151 0.118 
497 UA00046860    (0)   :  0.251 0.485 0.144 0.119 
498 UA00048853    (0)   :  0.150 0.480 0.253 0.117 
499 UA00012151    (0)   :  0.098 0.751 0.090 0.061 
500 UA00063930    (0)   :  0.091 0.199 0.481 0.228 
501 UA00013453    (0)   :  0.205 0.396 0.226 0.173 
502 UA00039299    (0)   :  0.071 0.759 0.099 0.071 
503 UA00014280    (0)   :  0.058 0.808 0.057 0.077 
504 UA00014200    (0)   :  0.170 0.682 0.081 0.066 
505 UA00040612    (0)   :  0.072 0.685 0.181 0.061 
506 UA00062679    (0)   :  0.072 0.715 0.137 0.076 
507 UA00034481    (0)   :  0.104 0.710 0.087 0.099 
508 UA00011880    (0)   :  0.085 0.152 0.424 0.339 
509 UA00013421    (0)   :  0.070 0.652 0.231 0.047 
510 UA00048051    (0)   :  0.057 0.805 0.084 0.054 
511 UA00063370    (0)   :  0.054 0.686 0.198 0.062 
512 UA00014716    (0)   :  0.068 0.702 0.151 0.080 
513 UA00033426    (0)   :  0.194 0.518 0.222 0.066 
514 UA00015190    (0)   :  0.076 0.528 0.334 0.063 
515 UA00013730    (0)   :  0.347 0.112 0.202 0.339 
516 UA00047644    (4)   :  0.103 0.533 0.271 0.093 
517 UA00031933    (9)   :  0.414 0.281 0.124 0.181 
518 UA00031541    (9)   :  0.171 0.474 0.187 0.169 
519   PCO-60    (4)   :  0.270 0.321 0.139 0.270 
520 UA00030495    (4)   :  0.193 0.271 0.262 0.274 
521 UA00031133    (4)   :  0.093 0.065 0.145 0.697 
522 UA00032049    (4)   :  0.130 0.190 0.510 0.170 
523 UA00030599    (4)   :  0.082 0.128 0.229 0.562 
524 UA00030250    (4)   :  0.631 0.111 0.096 0.162 
525 UA00049385    (4)   :  0.104 0.172 0.317 0.407 
526 UA00031816    (4)   :  0.069 0.072 0.128 0.731 
527 UA00030275    (4)   :  0.343 0.237 0.249 0.171 
528 UA00041861    (4)   :  0.317 0.262 0.218 0.202 
529 UA00041433    (4)   :  0.442 0.127 0.084 0.346 
530  PCO-114    (4)   :  0.502 0.302 0.087 0.109 
531 UA00031529    (4)   :  0.293 0.207 0.127 0.373 
532 UA00039719    (4)   :  0.390 0.217 0.095 0.298 
533  PCO-442    (4)   :  0.703 0.092 0.069 0.136 
534   PCO-58    (0)   :  0.607 0.198 0.124 0.071 
535 UA00048673    (4)   :  0.197 0.300 0.156 0.347 
536   PCO-63    (4)   :  0.345 0.147 0.078 0.431 


Estimated Allele Frequencies in each cluster
First column gives estimated ancestral frequencies


Locus 1 : PP01 
2 alleles
0.0% missing data
   1   (0.584) 0.662 0.368 0.809 0.524 
   2   (0.416) 0.338 0.632 0.191 0.476 

Locus 2 : PP02 
2 alleles
0.0% missing data
   1   (0.887) 0.909 0.959 0.985 0.876 
   2   (0.113) 0.091 0.041 0.015 0.124 

Locus 3 : PP03 
2 alleles
18.3% missing data
   1   (0.779) 0.857 0.950 0.883 0.663 
   2   (0.221) 0.143 0.050 0.117 0.337 

Locus 4 : PP04 
2 alleles
0.4% missing data
   1   (0.675) 0.774 0.937 0.643 0.495 
   2   (0.325) 0.226 0.063 0.357 0.505 

Locus 5 : PP06 
2 alleles
0.0% missing data
   1   (0.654) 0.579 0.594 0.658 0.774 
   2   (0.346) 0.421 0.406 0.342 0.226 

Locus 6 : PP07 
2 alleles
0.0% missing data
   1   (0.692) 0.703 0.918 0.811 0.569 
   2   (0.308) 0.297 0.082 0.189 0.431 

Locus 7 : PP09 
2 alleles
0.0% missing data
   1   (0.502) 0.339 0.098 0.640 0.743 
   2   (0.498) 0.661 0.902 0.360 0.257 

Locus 8 : PP10 
2 alleles
0.0% missing data
   1   (0.180) 0.081 0.362 0.378 0.075 
   2   (0.820) 0.919 0.638 0.622 0.925 

Locus 9 : PP11 
2 alleles
0.0% missing data
   1   (0.716) 0.532 0.807 0.770 0.839 
   2   (0.284) 0.468 0.193 0.230 0.161 

Locus 10 : PP12 
2 alleles
0.2% missing data
   1   (0.410) 0.453 0.171 0.318 0.493 
   2   (0.590) 0.547 0.829 0.682 0.507 

Locus 11 : PP13 
2 alleles
0.0% missing data
   1   (0.181) 0.156 0.131 0.433 0.065 
   2   (0.819) 0.844 0.869 0.567 0.935 

Locus 12 : PP14 
2 alleles
0.2% missing data
   1   (0.860) 0.796 0.908 0.950 0.935 
   2   (0.140) 0.204 0.092 0.050 0.065 

Locus 13 : PP15 
2 alleles
0.0% missing data
   1   (0.873) 0.975 0.937 0.490 0.920 
   2   (0.127) 0.025 0.063 0.510 0.080 

Locus 14 : PP16 
2 alleles
0.0% missing data
   1   (0.541) 0.498 0.391 0.455 0.684 
   2   (0.459) 0.502 0.609 0.545 0.316 

Locus 15 : PP17 
2 alleles
0.2% missing data
   1   (0.628) 0.682 0.539 0.797 0.586 
   2   (0.372) 0.318 0.461 0.203 0.414 

Locus 16 : PP18 
2 alleles
0.7% missing data
   1   (0.754) 0.672 0.906 0.879 0.772 
   2   (0.246) 0.328 0.094 0.121 0.228 

Locus 17 : PP20 
2 alleles
0.0% missing data
   1   (0.614) 0.691 0.517 0.652 0.614 
   2   (0.386) 0.309 0.483 0.348 0.386 

Locus 18 : PP21 
2 alleles
14.9% missing data
   1   (0.844) 0.851 0.981 0.951 0.780 
   2   (0.156) 0.149 0.019 0.049 0.220 

Locus 19 : PP22 
2 alleles
1.3% missing data
   1   (0.356) 0.719 0.214 0.103 0.244 
   2   (0.644) 0.281 0.786 0.897 0.756 

Locus 20 : PP23 
2 alleles
0.7% missing data
   1   (0.641) 0.580 0.780 0.733 0.639 
   2   (0.359) 0.420 0.220 0.267 0.361 

Locus 21 : PP24 
2 alleles
0.2% missing data
   1   (0.793) 0.909 0.615 0.830 0.839 
   2   (0.207) 0.091 0.385 0.170 0.161 

Locus 22 : PP25 
2 alleles
0.6% missing data
   1   (0.405) 0.235 0.453 0.634 0.386 
   2   (0.595) 0.765 0.547 0.366 0.614 

Values of parameters used in structure:
DATAFILE=Puma_SNP_genotypes_cut_AZ_final_HWEonly.str,	OUTFILE=outputfile_K4_3,	NUMINDS=536,	NUMLOCI=22,	MISSING=-9,	LABEL=1,	POPDATA=0,	POPFLAG=0,	PHENOTYPE=0,	EXTRACOLS=0,	MAXPOPS=4,	BURNIN=100000,	NUMREPS=500000,	USEPOPINFO=0,	INFERALPHA=1,	INFERLAMBDA=0,	POPSPECIFICLAMBDA=0,	POPALPHAS=0,	COMPUTEPROB=1,	NOADMIX=0,	ADMBURNIN=2500,	UPDATEFREQ=200,	PRINTLIKES=0,	INTERMEDSAVE=0,	PRINTKLD=0,	PRINTNET=0,	PRINTLAMBDA=0,	ANCESTDIST=0,	NUMBOXES=1000,	ANCESTPINT=0.90000,	GENSBACK=2,	MIGRPRIOR=0.05000,	PRINTQHAT=0,	PRINTQSUM=0,	ALPHA=1.0000,	FREQSCORR=1,	FPRIORMEAN=0.0100,	FPRIORSD=0.0500,	ONEFST=0,	LAMBDA=1.0000,	UNIFPRIORALPHA=1,	ALPHAMAX=10.0000,	ALPHAPRIORA=1.0000,	ALPHAPRIORB=2.0000,	ALPHAPROPSD=0.0250,	STARTATPOPINFO=0,	RANDOMIZE=1,	LINKAGE=0,	METROFREQ=20,	REPORTHITRATE=0,	MARKOVPHASE=0,	PHASED=0,	PLOIDY=2,	PHASEINFO=0	LOCPRIOR=0, 	LOCPRIORINIT=1.000000, 	LOCDATA=0, 	LOCISPOP=0, 	LOCPRIORSTEP=0.100000, 	MAXLOCPRIOR=20.000000, 	SEED=1716613443,	
[STRAT parameters]:    NUMSIMSTATS=1000,	PHENOTYPECOL=-9,	POOLFREQ=10,	LOCUSxONLY=0,	EMERROR=0.00100,	MISSINGPHENO=-9,	