

----------------------------------------------------
STRUCTURE by Pritchard, Stephens and Donnelly (2000)
     and Falush, Stephens and Pritchard (2003)
       Code by Pritchard, Falush and Hubisz
             Version 2.3.4 (Jul 2012)
----------------------------------------------------



Command line arguments:   structure -K 7 -o outputfile_K7_9 
Input File:    Puma_SNP_genotypes_cut_AZ_final_HWEonly.str

Run parameters:
   536 individuals
   22 loci
   7 populations assumed
   100000 Burn-in period
   500000 Reps


--------------------------------------------
Overall proportion of membership of the
sample in each of the 7 clusters

Inferred Clusters
  1      2      3      4      5      6      7    
0.145  0.126  0.144  0.147  0.145  0.145  0.146  

--------------------------------------------

Allele-freq. divergence among pops (Net nucleotide distance),
computed using point estimates of P.

      1       2       3       4       5       6       7      
 1      -    0.0597  0.0440  0.0020  0.0004  0.0002  0.0019  
 2   0.0597     -    0.0783  0.0647  0.0608  0.0628  0.0607  
 3   0.0440  0.0783     -    0.0542  0.0415  0.0450  0.0509  
 4   0.0020  0.0647  0.0542     -    0.0042  0.0028  0.0003  
 5   0.0004  0.0608  0.0415  0.0042     -    0.0002  0.0040  
 6   0.0002  0.0628  0.0450  0.0028  0.0002     -    0.0029  
 7   0.0019  0.0607  0.0509  0.0003  0.0040  0.0029     -    

Average distances (expected heterozygosity) between individuals in same cluster:
cluster  1  : 0.3796 
cluster  2  : 0.2797 
cluster  3  : 0.2640 
cluster  4  : 0.3725 
cluster  5  : 0.3791 
cluster  6  : 0.3776 
cluster  7  : 0.3758 

--------------------------------------------
Estimated Ln Prob of Data   = -13333.4
Mean value of ln likelihood = -12297.8
Variance of ln likelihood   = 2071.2
Mean value of alpha         = 0.1669

Mean value of Fst_1         = 0.0434
Mean value of Fst_2         = 0.3094
Mean value of Fst_3         = 0.2851
Mean value of Fst_4         = 0.1121
Mean value of Fst_5         = 0.0279
Mean value of Fst_6         = 0.0599
Mean value of Fst_7         = 0.0882


Inferred ancestry of individuals:
        Label (%Miss) :  Inferred clusters
  1 UA00063336   (13)   :  0.114 0.394 0.056 0.093 0.123 0.115 0.105 
  2 UA00048914    (9)   :  0.163 0.096 0.180 0.106 0.172 0.153 0.130 
  3 UA00014769   (13)   :  0.186 0.044 0.018 0.225 0.161 0.195 0.170 
  4 UA00008132   (13)   :  0.178 0.107 0.072 0.141 0.184 0.170 0.147 
  5 UA00030462   (13)   :  0.151 0.080 0.252 0.102 0.156 0.135 0.125 
  6 UA00034866   (13)   :  0.182 0.030 0.152 0.120 0.194 0.171 0.150 
  7 UA00034800    (9)   :  0.067 0.619 0.070 0.057 0.065 0.063 0.058 
  8  Puco006    (9)   :  0.053 0.057 0.692 0.041 0.058 0.053 0.046 
  9 UA00048874    (4)   :  0.095 0.487 0.085 0.063 0.099 0.092 0.080 
 10 UA00049060    (9)   :  0.182 0.089 0.039 0.171 0.173 0.181 0.165 
 11 UA00033413    (9)   :  0.147 0.033 0.056 0.272 0.104 0.131 0.256 
 12  Puco021    (9)   :  0.123 0.124 0.029 0.274 0.077 0.112 0.260 
 13  Puco026    (9)   :  0.167 0.095 0.031 0.188 0.156 0.163 0.200 
 14  Puco008    (9)   :  0.127 0.226 0.198 0.085 0.142 0.120 0.101 
 15   M01301    (9)   :  0.147 0.026 0.112 0.245 0.110 0.133 0.226 
 16   M06306    (9)   :  0.110 0.426 0.029 0.104 0.102 0.108 0.121 
 17 UA00032185    (9)   :  0.171 0.089 0.101 0.157 0.168 0.153 0.162 
 18 UA00030792    (9)   :  0.020 0.878 0.024 0.019 0.020 0.020 0.020 
 19 UA00031647    (9)   :  0.148 0.229 0.112 0.087 0.156 0.148 0.118 
 20 UA00031979    (9)   :  0.177 0.064 0.093 0.144 0.190 0.167 0.165 
 21  Puco016    (9)   :  0.149 0.038 0.252 0.105 0.168 0.161 0.126 
 22  Puco010    (9)   :  0.177 0.059 0.056 0.195 0.165 0.159 0.189 
 23    M1035    (9)   :  0.184 0.128 0.031 0.138 0.201 0.178 0.139 
 24 UA00034601    (9)   :  0.154 0.102 0.129 0.144 0.154 0.153 0.165 
 25 UA00050388    (9)   :  0.179 0.103 0.089 0.135 0.179 0.155 0.162 
 26 UA00048699    (9)   :  0.119 0.038 0.401 0.091 0.127 0.124 0.099 
 27 UA00064058    (9)   :  0.179 0.082 0.033 0.156 0.186 0.203 0.161 
 28 UA00033981    (9)   :  0.143 0.070 0.063 0.247 0.102 0.132 0.243 
 29   F05033    (9)   :  0.175 0.046 0.041 0.206 0.163 0.173 0.197 
 30 UA00048520    (4)   :  0.136 0.211 0.103 0.147 0.127 0.120 0.156 
 31 UA00048422    (4)   :  0.035 0.793 0.029 0.038 0.035 0.034 0.037 
 32    PucoB    (4)   :  0.159 0.060 0.023 0.217 0.136 0.165 0.240 
 33 UA00047393    (4)   :  0.172 0.191 0.043 0.130 0.173 0.169 0.122 
 34 UA00064521    (4)   :  0.151 0.055 0.231 0.108 0.161 0.149 0.145 
 35 UA00003043    (4)   :  0.168 0.030 0.172 0.134 0.186 0.179 0.132 
 36 UA00063025    (4)   :  0.131 0.230 0.158 0.108 0.127 0.117 0.128 
 37 UA00063826    (4)   :  0.174 0.064 0.039 0.195 0.156 0.157 0.215 
 38   F07407    (4)   :  0.120 0.249 0.037 0.193 0.094 0.105 0.203 
 39 UA00021658    (4)   :  0.185 0.057 0.056 0.165 0.182 0.183 0.171 
 40 UA00003794    (4)   :  0.129 0.222 0.046 0.188 0.107 0.118 0.189 
 41 UA00041322    (4)   :  0.185 0.099 0.087 0.112 0.202 0.171 0.145 
 42 UA00063316    (4)   :  0.164 0.123 0.124 0.118 0.170 0.155 0.146 
 43 UA00047705    (4)   :  0.167 0.079 0.088 0.163 0.164 0.155 0.184 
 44 UA00033904    (4)   :  0.110 0.424 0.055 0.088 0.111 0.108 0.104 
 45 UA00048100    (4)   :  0.169 0.036 0.069 0.193 0.160 0.169 0.203 
 46 UA00032212    (4)   :  0.131 0.272 0.113 0.113 0.131 0.123 0.118 
 47 UA00031574    (4)   :  0.037 0.763 0.051 0.038 0.036 0.035 0.039 
 48 UA00031228    (4)   :  0.027 0.833 0.038 0.024 0.026 0.027 0.025 
 49 UA00047707    (4)   :  0.194 0.021 0.038 0.173 0.207 0.210 0.157 
 50 UA00030906    (4)   :  0.019 0.872 0.034 0.018 0.020 0.019 0.018 
 51 UA00041567    (4)   :  0.154 0.071 0.079 0.224 0.124 0.132 0.215 
 52 UA00007624    (4)   :  0.177 0.026 0.042 0.223 0.155 0.175 0.203 
 53 UA00034514    (4)   :  0.176 0.049 0.064 0.164 0.187 0.198 0.161 
 54 UA00030480    (4)   :  0.170 0.171 0.039 0.111 0.188 0.182 0.139 
 55  Puco012    (4)   :  0.182 0.047 0.080 0.148 0.203 0.185 0.154 
 56 UA00038677    (9)   :  0.150 0.143 0.156 0.125 0.146 0.135 0.143 
 57 UA00048275    (4)   :  0.166 0.041 0.053 0.199 0.158 0.165 0.219 
 58 UA00064055    (4)   :  0.177 0.053 0.075 0.140 0.215 0.194 0.146 
 59  Puco009    (4)   :  0.156 0.032 0.239 0.124 0.174 0.150 0.127 
 60 UA00064561    (4)   :  0.181 0.028 0.078 0.189 0.189 0.205 0.130 
 61 UA00003479    (4)   :  0.173 0.040 0.088 0.159 0.198 0.191 0.151 
 62 UA00063747    (4)   :  0.169 0.022 0.065 0.207 0.174 0.180 0.184 
 63 UA00002558    (4)   :  0.155 0.035 0.229 0.139 0.154 0.136 0.152 
 64 UA00048410    (4)   :  0.160 0.024 0.226 0.136 0.168 0.160 0.125 
 65 UA00012249    (4)   :  0.162 0.027 0.114 0.158 0.193 0.204 0.141 
 66 UA00033818    (4)   :  0.074 0.562 0.070 0.077 0.069 0.068 0.079 
 67  Puco020    (4)   :  0.163 0.156 0.088 0.127 0.181 0.160 0.124 
 68 UA00002545    (9)   :  0.167 0.089 0.045 0.174 0.190 0.197 0.137 
 69 UA00048508    (4)   :  0.186 0.038 0.051 0.165 0.204 0.195 0.161 
 70 UA00064100    (4)   :  0.194 0.065 0.059 0.130 0.204 0.185 0.162 
 71 UA00014585    (4)   :  0.177 0.052 0.081 0.148 0.191 0.192 0.159 
 72 UA00063698    (4)   :  0.099 0.129 0.384 0.090 0.100 0.096 0.100 
 73 UA00049753    (4)   :  0.117 0.422 0.028 0.083 0.125 0.122 0.104 
 74 UA00049037    (4)   :  0.181 0.070 0.038 0.161 0.190 0.192 0.168 
 75 UA00034941    (4)   :  0.169 0.096 0.094 0.134 0.169 0.173 0.165 
 76 UA00008083    (4)   :  0.075 0.058 0.586 0.068 0.075 0.071 0.068 
 77 UA00015084    (4)   :  0.101 0.178 0.337 0.091 0.098 0.093 0.101 
 78 UA00041010    (9)   :  0.062 0.321 0.391 0.046 0.068 0.061 0.051 
 79 UA00035261    (4)   :  0.132 0.245 0.123 0.108 0.136 0.127 0.128 
 80 UA00035431    (4)   :  0.174 0.024 0.081 0.192 0.165 0.163 0.201 
 81 UA00045274    (0)   :  0.158 0.101 0.112 0.160 0.148 0.141 0.179 
 82 UA00028200    (4)   :  0.098 0.386 0.137 0.082 0.104 0.098 0.094 
 83 UA00064559    (0)   :  0.027 0.836 0.028 0.028 0.026 0.027 0.029 
 84 UA00040808    (0)   :  0.103 0.388 0.133 0.074 0.113 0.105 0.083 
 85 UA00049156    (0)   :  0.098 0.408 0.135 0.075 0.101 0.095 0.088 
 86 UA00003952    (4)   :  0.081 0.038 0.581 0.061 0.086 0.084 0.068 
 87 UA00063954    (0)   :  0.173 0.185 0.040 0.121 0.177 0.156 0.148 
 88 UA00062934    (0)   :  0.149 0.232 0.074 0.111 0.157 0.139 0.137 
 89 UA00033829    (0)   :  0.053 0.557 0.190 0.043 0.056 0.052 0.049 
 90 UA00064351    (4)   :  0.141 0.047 0.107 0.253 0.097 0.118 0.238 
 91 UA00003697    (4)   :  0.086 0.086 0.522 0.063 0.089 0.078 0.075 
 92 UA00063438    (4)   :  0.145 0.243 0.101 0.099 0.161 0.133 0.119 
 93 UA00007608    (0)   :  0.123 0.250 0.182 0.094 0.120 0.116 0.116 
 94 UA00019683    (4)   :  0.086 0.455 0.034 0.142 0.063 0.076 0.143 
 95 UA00007781    (0)   :  0.176 0.052 0.072 0.172 0.167 0.166 0.195 
 96 UA00002915    (0)   :  0.122 0.336 0.090 0.085 0.143 0.126 0.097 
 97  Puco031    (4)   :  0.190 0.054 0.072 0.136 0.204 0.196 0.148 
 98 UA00048280    (4)   :  0.160 0.044 0.093 0.185 0.151 0.161 0.205 
 99 UA00048589    (0)   :  0.151 0.099 0.053 0.205 0.137 0.141 0.215 
100 UA00034417    (0)   :  0.148 0.131 0.160 0.114 0.168 0.154 0.125 
101 UA00050411    (4)   :  0.175 0.023 0.040 0.189 0.194 0.215 0.165 
102  Puco029    (4)   :  0.182 0.040 0.019 0.222 0.155 0.172 0.210 
103   F03403    (4)   :  0.139 0.025 0.051 0.291 0.092 0.119 0.283 
104 UA00049904    (0)   :  0.152 0.186 0.058 0.148 0.144 0.145 0.167 
105 UA00035335    (0)   :  0.188 0.031 0.016 0.224 0.169 0.178 0.194 
106 UA00012611    (0)   :  0.186 0.049 0.035 0.149 0.212 0.193 0.174 
107 UA00050319    (0)   :  0.133 0.026 0.029 0.316 0.079 0.116 0.301 
108 UA00032068    (4)   :  0.175 0.137 0.029 0.136 0.193 0.176 0.155 
109 UA00032026    (4)   :  0.193 0.098 0.043 0.146 0.178 0.185 0.157 
110 UA00030476    (4)   :  0.126 0.087 0.026 0.290 0.073 0.108 0.291 
111 UA00046853    (0)   :  0.148 0.075 0.043 0.267 0.104 0.126 0.237 
112 UA00040156    (4)   :  0.019 0.882 0.023 0.018 0.019 0.019 0.019 
113 UA00030528    (4)   :  0.163 0.232 0.037 0.108 0.179 0.160 0.121 
114  Puco025    (4)   :  0.191 0.034 0.031 0.202 0.179 0.209 0.155 
115    pc016    (0)   :  0.019 0.884 0.024 0.017 0.019 0.019 0.018 
116 UA00030617    (4)   :  0.188 0.024 0.026 0.217 0.182 0.204 0.159 
117 UA00030585    (4)   :  0.032 0.798 0.038 0.035 0.030 0.031 0.036 
118 UA00032060    (4)   :  0.152 0.246 0.040 0.130 0.146 0.140 0.146 
119    pc007    (0)   :  0.152 0.073 0.051 0.242 0.114 0.138 0.230 
120 UA00030798    (4)   :  0.041 0.776 0.025 0.037 0.042 0.040 0.039 
121 UA00030778    (4)   :  0.188 0.022 0.029 0.167 0.211 0.219 0.165 
122 UA00039674    (4)   :  0.025 0.853 0.024 0.023 0.026 0.025 0.024 
123 UA00032241    (4)   :  0.182 0.024 0.029 0.227 0.162 0.174 0.203 
124 UA00011624    (0)   :  0.178 0.038 0.043 0.190 0.186 0.198 0.167 
125 UA00033779    (4)   :  0.140 0.033 0.045 0.306 0.084 0.119 0.273 
126 UA00049402    (4)   :  0.151 0.054 0.182 0.119 0.178 0.187 0.130 
127 UA00033653    (0)   :  0.133 0.028 0.038 0.328 0.066 0.111 0.295 
128 UA00047738    (0)   :  0.172 0.081 0.105 0.157 0.169 0.149 0.168 
129 UA00047502    (4)   :  0.157 0.074 0.220 0.104 0.175 0.150 0.120 
130 UA00012014    (4)   :  0.189 0.058 0.066 0.144 0.209 0.187 0.147 
131 UA00040729    (0)   :  0.171 0.062 0.037 0.220 0.138 0.154 0.217 
132 UA00030392    (4)   :  0.196 0.043 0.031 0.182 0.190 0.203 0.156 
133 UA00050033    (0)   :  0.181 0.074 0.044 0.180 0.170 0.186 0.165 
134 UA00012152    (0)   :  0.100 0.024 0.494 0.093 0.104 0.104 0.081 
135 UA00050406    (0)   :  0.192 0.058 0.054 0.134 0.205 0.192 0.164 
136 UA00047973    (0)   :  0.181 0.041 0.053 0.183 0.174 0.172 0.195 
137 UA00008051    (0)   :  0.165 0.123 0.121 0.141 0.159 0.152 0.140 
138 UA00047337    (4)   :  0.147 0.228 0.048 0.139 0.144 0.148 0.146 
139 UA00041604    (4)   :  0.169 0.109 0.118 0.136 0.175 0.157 0.137 
140 UA00031704    (4)   :  0.175 0.029 0.023 0.183 0.201 0.221 0.167 
141 UA00040423    (4)   :  0.174 0.108 0.042 0.143 0.195 0.184 0.154 
142 UA00049433    (0)   :  0.169 0.085 0.125 0.125 0.190 0.175 0.131 
143 UA00034816    (0)   :  0.172 0.042 0.114 0.175 0.180 0.186 0.131 
144 UA00050214    (0)   :  0.192 0.031 0.029 0.211 0.184 0.218 0.135 
145 UA00041073    (0)   :  0.165 0.076 0.109 0.158 0.172 0.173 0.145 
146 UA00030318    (4)   :  0.179 0.034 0.079 0.175 0.189 0.193 0.150 
147 UA00046845    (0)   :  0.166 0.057 0.140 0.147 0.178 0.182 0.130 
148 UA00063946    (0)   :  0.124 0.051 0.036 0.324 0.057 0.105 0.303 
149 UA00031374    (4)   :  0.189 0.050 0.083 0.158 0.191 0.172 0.158 
150    M1136    (4)   :  0.133 0.349 0.043 0.108 0.132 0.135 0.100 
151 UA00034299    (0)   :  0.182 0.040 0.041 0.203 0.190 0.207 0.138 
152 UA00002387    (4)   :  0.176 0.025 0.087 0.162 0.212 0.194 0.144 
153 UA00021855    (0)   :  0.178 0.059 0.065 0.174 0.179 0.168 0.176 
154 UA00014500    (0)   :  0.179 0.066 0.037 0.147 0.201 0.206 0.163 
155 UA00050419    (4)   :  0.184 0.025 0.039 0.219 0.174 0.219 0.139 
156 UA00031854    (4)   :  0.168 0.050 0.114 0.163 0.174 0.166 0.164 
157    pc011    (4)   :  0.168 0.029 0.053 0.183 0.200 0.220 0.147 
158 UA00033004    (0)   :  0.174 0.086 0.059 0.148 0.198 0.195 0.141 
159 UA00046510    (0)   :  0.173 0.036 0.169 0.134 0.188 0.168 0.132 
160 UA00048747    (0)   :  0.177 0.038 0.082 0.166 0.201 0.195 0.142 
161 UA00014293    (0)   :  0.169 0.033 0.054 0.177 0.201 0.214 0.152 
162 UA00047686    (0)   :  0.160 0.068 0.203 0.110 0.178 0.158 0.123 
163 UA00033783    (4)   :  0.096 0.356 0.129 0.126 0.081 0.088 0.124 
164 UA00042609    (4)   :  0.134 0.073 0.287 0.107 0.149 0.140 0.110 
165 UA00031169    (4)   :  0.179 0.038 0.034 0.198 0.194 0.217 0.140 
166 UA00035181    (0)   :  0.175 0.019 0.033 0.200 0.173 0.185 0.215 
167 UA00050133    (0)   :  0.184 0.052 0.069 0.158 0.200 0.181 0.156 
168  Puco011    (4)   :  0.169 0.050 0.064 0.172 0.196 0.210 0.139 
169 UA00041476    (0)   :  0.172 0.078 0.111 0.145 0.194 0.172 0.127 
170 UA00046702    (0)   :  0.177 0.033 0.037 0.197 0.194 0.216 0.146 
171 UA00019940    (0)   :  0.186 0.060 0.082 0.157 0.187 0.180 0.148 
172 UA00049813    (0)   :  0.170 0.064 0.048 0.211 0.158 0.159 0.190 
173 UA00064165    (0)   :  0.113 0.063 0.416 0.087 0.122 0.100 0.099 
174 UA00064421    (0)   :  0.143 0.023 0.310 0.108 0.164 0.141 0.111 
175 UA00064569    (4)   :  0.186 0.022 0.041 0.201 0.186 0.195 0.169 
176 UA00003996    (0)   :  0.153 0.054 0.201 0.133 0.166 0.165 0.128 
177 UA00064491    (4)   :  0.176 0.030 0.082 0.196 0.173 0.193 0.149 
178 UA00011899    (0)   :  0.191 0.063 0.041 0.146 0.207 0.192 0.160 
179  Puco015    (4)   :  0.163 0.149 0.059 0.142 0.174 0.173 0.140 
180 UA00047929    (4)   :  0.169 0.039 0.026 0.240 0.135 0.166 0.225 
181 UA00056669    (0)   :  0.184 0.037 0.091 0.142 0.208 0.187 0.152 
182 UA00050176    (0)   :  0.169 0.081 0.107 0.127 0.201 0.172 0.144 
183  Puco014    (4)   :  0.161 0.058 0.089 0.179 0.167 0.163 0.183 
184 UA00019608    (0)   :  0.177 0.041 0.094 0.143 0.212 0.185 0.147 
185 UA00064333    (0)   :  0.185 0.044 0.063 0.166 0.213 0.193 0.136 
186  Puco013    (4)   :  0.163 0.047 0.198 0.122 0.176 0.162 0.132 
187 UA00016092    (0)   :  0.183 0.022 0.028 0.211 0.188 0.213 0.155 
188 UA00019060    (0)   :  0.077 0.140 0.502 0.063 0.083 0.070 0.065 
189 UA00063532    (0)   :  0.170 0.082 0.083 0.162 0.173 0.168 0.162 
190 UA00064117    (0)   :  0.096 0.254 0.283 0.082 0.106 0.096 0.083 
191 UA00011969    (0)   :  0.178 0.074 0.095 0.144 0.179 0.176 0.155 
192 UA00034586    (4)   :  0.187 0.034 0.036 0.201 0.171 0.175 0.195 
193 UA00030736    (4)   :  0.192 0.058 0.045 0.147 0.209 0.195 0.155 
194 UA00048493    (0)   :  0.176 0.092 0.055 0.152 0.191 0.183 0.152 
195 UA00040466    (0)   :  0.058 0.032 0.683 0.049 0.062 0.060 0.055 
196 UA00047659    (0)   :  0.192 0.032 0.060 0.146 0.197 0.195 0.179 
197 UA00042002    (4)   :  0.141 0.246 0.064 0.135 0.136 0.134 0.145 
198 UA00062606    (0)   :  0.164 0.061 0.165 0.130 0.180 0.161 0.140 
199 UA00030615    (4)   :  0.059 0.026 0.699 0.050 0.061 0.054 0.050 
200 UA00048899    (0)   :  0.183 0.048 0.064 0.139 0.207 0.194 0.165 
201 UA00047725    (0)   :  0.023 0.025 0.862 0.021 0.024 0.022 0.022 
202 UA00030866    (4)   :  0.181 0.043 0.095 0.120 0.202 0.203 0.157 
203 UA00034564    (0)   :  0.186 0.045 0.070 0.124 0.209 0.216 0.150 
204 UA00046520    (0)   :  0.136 0.029 0.039 0.313 0.080 0.122 0.282 
205 UA00035027    (0)   :  0.171 0.073 0.118 0.132 0.177 0.170 0.159 
206 UA00035421    (0)   :  0.124 0.038 0.338 0.105 0.148 0.142 0.106 
207 UA00062740    (4)   :  0.157 0.100 0.158 0.105 0.167 0.173 0.140 
208 UA00012360    (0)   :  0.051 0.030 0.734 0.043 0.051 0.049 0.043 
209 UA00050203    (0)   :  0.182 0.056 0.047 0.179 0.180 0.177 0.180 
210 UA00040534    (4)   :  0.102 0.215 0.337 0.066 0.108 0.093 0.079 
211 UA00031261    (4)   :  0.078 0.128 0.516 0.052 0.087 0.075 0.064 
212 UA00031917    (4)   :  0.100 0.217 0.331 0.062 0.111 0.099 0.081 
213 UA00040798    (4)   :  0.107 0.089 0.396 0.105 0.104 0.096 0.104 
214 UA00030598    (4)   :  0.126 0.088 0.329 0.102 0.128 0.118 0.109 
215 UA00050385    (0)   :  0.178 0.051 0.105 0.129 0.202 0.186 0.148 
216 UA00058283    (0)   :  0.039 0.059 0.755 0.035 0.037 0.037 0.039 
217 UA00042297    (4)   :  0.094 0.405 0.141 0.090 0.092 0.088 0.090 
218 UA00015415    (4)   :  0.040 0.028 0.785 0.033 0.041 0.038 0.035 
219 UA00035531    (0)   :  0.065 0.103 0.596 0.050 0.069 0.063 0.054 
220 UA00048683    (0)   :  0.080 0.035 0.586 0.066 0.085 0.079 0.070 
221 UA00046734    (4)   :  0.047 0.036 0.745 0.037 0.047 0.046 0.041 
222   pcRF01    (0)   :  0.178 0.017 0.037 0.215 0.193 0.217 0.143 
223 UA00007223    (0)   :  0.149 0.083 0.210 0.102 0.172 0.162 0.122 
224 UA00013841    (0)   :  0.170 0.156 0.038 0.142 0.172 0.160 0.161 
225 UA00014196    (0)   :  0.070 0.069 0.594 0.056 0.080 0.070 0.061 
226 UA00034635    (0)   :  0.196 0.036 0.056 0.147 0.207 0.197 0.162 
227 UA00047371    (0)   :  0.152 0.239 0.068 0.120 0.143 0.133 0.145 
228 UA00063544    (0)   :  0.141 0.236 0.065 0.142 0.137 0.132 0.147 
229 UA00064246    (0)   :  0.139 0.110 0.191 0.143 0.139 0.130 0.149 
230 UA00064328    (0)   :  0.151 0.105 0.209 0.108 0.158 0.144 0.123 
231 UA00002952    (0)   :  0.134 0.155 0.218 0.091 0.147 0.138 0.117 
232 UA00064079    (0)   :  0.166 0.163 0.085 0.127 0.172 0.157 0.132 
233 UA00046793    (0)   :  0.125 0.176 0.243 0.090 0.137 0.126 0.103 
234 UA00034769    (0)   :  0.089 0.448 0.100 0.099 0.079 0.083 0.102 
235 UA00034949    (0)   :  0.141 0.071 0.245 0.096 0.168 0.160 0.118 
236 UA00063753    (0)   :  0.134 0.104 0.108 0.224 0.099 0.116 0.214 
237 UA00015713    (0)   :  0.154 0.175 0.047 0.166 0.137 0.145 0.176 
238 UA00003494    (0)   :  0.148 0.102 0.138 0.136 0.181 0.173 0.122 
239 UA00056767    (0)   :  0.141 0.018 0.033 0.320 0.082 0.121 0.285 
240 UA00014461    (0)   :  0.140 0.101 0.219 0.120 0.150 0.145 0.124 
241 UA00034669    (0)   :  0.109 0.135 0.352 0.082 0.115 0.106 0.102 
242 UA00048164    (0)   :  0.152 0.033 0.227 0.127 0.166 0.155 0.142 
243 UA00007974    (0)   :  0.148 0.087 0.053 0.224 0.118 0.133 0.237 
244 UA00016166    (0)   :  0.148 0.289 0.056 0.104 0.155 0.141 0.108 
245 UA00015653    (0)   :  0.126 0.265 0.171 0.077 0.134 0.123 0.104 
246 UA00063882    (0)   :  0.113 0.118 0.354 0.082 0.123 0.112 0.098 
247 UA00049027    (0)   :  0.130 0.281 0.103 0.111 0.129 0.118 0.127 
248 UA00018878    (0)   :  0.128 0.289 0.043 0.141 0.116 0.120 0.163 
249 UA00038796    (0)   :  0.136 0.050 0.316 0.102 0.139 0.130 0.127 
250 UA00013465    (0)   :  0.075 0.052 0.603 0.060 0.077 0.071 0.063 
251 UA00014604    (0)   :  0.140 0.103 0.232 0.116 0.140 0.130 0.137 
252 UA00041913    (0)   :  0.117 0.284 0.067 0.169 0.092 0.109 0.162 
253 UA00021632    (0)   :  0.093 0.498 0.086 0.067 0.095 0.086 0.077 
254 UA00064027    (0)   :  0.172 0.139 0.124 0.101 0.180 0.153 0.132 
255 UA00015023    (0)   :  0.168 0.048 0.145 0.150 0.178 0.178 0.133 
256 UA00050243    (0)   :  0.142 0.272 0.066 0.097 0.163 0.146 0.115 
257 UA00048298    (0)   :  0.173 0.083 0.081 0.161 0.179 0.176 0.147 
258 UA00050437    (0)   :  0.158 0.061 0.239 0.110 0.164 0.141 0.126 
259 UA00014262    (0)   :  0.162 0.159 0.078 0.126 0.175 0.160 0.140 
260 UA00049129    (0)   :  0.164 0.098 0.050 0.195 0.147 0.158 0.187 
261 UA00014740    (0)   :  0.160 0.094 0.091 0.179 0.137 0.149 0.190 
262 UA00049612    (0)   :  0.056 0.642 0.085 0.055 0.053 0.053 0.056 
263 UA00014635    (0)   :  0.147 0.026 0.036 0.299 0.090 0.131 0.271 
264 UA00014673    (0)   :  0.136 0.167 0.210 0.106 0.131 0.121 0.127 
265 UA00033608    (0)   :  0.094 0.430 0.083 0.104 0.090 0.090 0.109 
266 UA00064540    (0)   :  0.141 0.050 0.098 0.238 0.102 0.126 0.245 
267 UA00050256    (0)   :  0.152 0.186 0.154 0.090 0.162 0.140 0.116 
268 UA00015274    (0)   :  0.182 0.046 0.092 0.151 0.194 0.184 0.151 
269 UA00062993    (0)   :  0.171 0.025 0.091 0.185 0.161 0.165 0.202 
270 UA00038364    (0)   :  0.159 0.129 0.088 0.153 0.160 0.147 0.165 
271 UA00014446    (0)   :  0.204 0.029 0.046 0.146 0.211 0.195 0.169 
272 UA00063545    (0)   :  0.079 0.483 0.154 0.059 0.083 0.075 0.068 
273 UA00040054    (0)   :  0.185 0.071 0.034 0.162 0.195 0.192 0.161 
274 UA00058447    (0)   :  0.176 0.058 0.047 0.177 0.167 0.169 0.205 
275 UA00046835    (0)   :  0.162 0.050 0.050 0.217 0.142 0.160 0.219 
276 UA00014608    (0)   :  0.179 0.043 0.072 0.155 0.184 0.182 0.186 
277    pc012    (0)   :  0.173 0.076 0.117 0.138 0.177 0.160 0.161 
278    pc002    (0)   :  0.119 0.390 0.081 0.084 0.125 0.106 0.096 
279 UA00033690    (0)   :  0.117 0.203 0.048 0.223 0.078 0.101 0.229 
280 UA00013688    (0)   :  0.175 0.065 0.110 0.142 0.176 0.166 0.167 
281 UA00063666    (0)   :  0.129 0.105 0.022 0.291 0.074 0.109 0.270 
282 UA00063292    (0)   :  0.132 0.030 0.030 0.320 0.073 0.118 0.297 
283    pc001    (0)   :  0.179 0.051 0.092 0.148 0.189 0.172 0.169 
284    pc008    (0)   :  0.169 0.059 0.063 0.194 0.158 0.154 0.203 
285 UA00034316    (0)   :  0.129 0.215 0.207 0.103 0.132 0.121 0.093 
286 UA00013046    (0)   :  0.182 0.039 0.026 0.228 0.156 0.180 0.188 
287 UA00050241    (0)   :  0.158 0.037 0.022 0.271 0.119 0.145 0.247 
288 UA00048599    (0)   :  0.162 0.030 0.036 0.227 0.142 0.158 0.244 
289 UA00046649    (0)   :  0.116 0.387 0.045 0.109 0.114 0.113 0.117 
290 UA00015674    (0)   :  0.084 0.485 0.068 0.106 0.072 0.077 0.108 
291 UA00013177    (0)   :  0.141 0.122 0.119 0.189 0.121 0.123 0.185 
292 UA00012814    (0)   :  0.172 0.053 0.078 0.158 0.199 0.186 0.155 
293 UA00034654    (0)   :  0.187 0.034 0.038 0.169 0.195 0.195 0.183 
294 UA00046743    (0)   :  0.155 0.037 0.045 0.267 0.112 0.140 0.243 
295 UA00014854    (0)   :  0.135 0.155 0.022 0.234 0.103 0.121 0.230 
296 UA00013729    (0)   :  0.193 0.055 0.056 0.179 0.187 0.187 0.144 
297 UA00063483    (0)   :  0.190 0.040 0.031 0.189 0.172 0.181 0.197 
298 UA00039326    (0)   :  0.153 0.151 0.044 0.177 0.149 0.146 0.181 
299 UA00014742    (0)   :  0.169 0.043 0.030 0.237 0.142 0.149 0.230 
300 UA00049597    (0)   :  0.101 0.432 0.020 0.125 0.091 0.094 0.136 
301 UA00048067    (0)   :  0.154 0.115 0.078 0.177 0.142 0.143 0.191 
302 UA00012918    (0)   :  0.111 0.217 0.022 0.243 0.070 0.098 0.239 
303 UA00013487    (0)   :  0.177 0.026 0.024 0.225 0.186 0.222 0.140 
304 UA00046759    (0)   :  0.152 0.123 0.191 0.119 0.152 0.135 0.129 
305 UA00050164    (0)   :  0.078 0.589 0.047 0.063 0.080 0.077 0.066 
306 UA00049839    (0)   :  0.167 0.038 0.056 0.237 0.133 0.154 0.214 
307 UA00048444    (0)   :  0.118 0.092 0.035 0.323 0.050 0.099 0.284 
308 UA00063857    (0)   :  0.178 0.055 0.024 0.212 0.148 0.171 0.212 
309 UA00014921    (0)   :  0.108 0.455 0.025 0.103 0.101 0.099 0.110 
310 UA00048895    (0)   :  0.107 0.426 0.054 0.105 0.098 0.098 0.111 
311 UA00014556    (0)   :  0.168 0.048 0.167 0.127 0.181 0.161 0.149 
312    pc009    (0)   :  0.140 0.033 0.020 0.329 0.070 0.121 0.288 
313 UA00014959    (0)   :  0.097 0.458 0.035 0.111 0.087 0.094 0.119 
314 UA00020709    (0)   :  0.162 0.127 0.054 0.159 0.167 0.161 0.172 
315 UA00013126    (0)   :  0.027 0.837 0.029 0.028 0.026 0.026 0.028 
316 UA00013695    (0)   :  0.039 0.777 0.030 0.037 0.039 0.038 0.040 
317 UA00049344    (0)   :  0.104 0.470 0.054 0.074 0.110 0.095 0.093 
318 UA00047614    (0)   :  0.048 0.655 0.113 0.042 0.047 0.047 0.047 
319 UA00014221    (0)   :  0.153 0.017 0.027 0.282 0.109 0.138 0.273 
320 UA00014346    (0)   :  0.151 0.062 0.061 0.247 0.111 0.126 0.242 
321 UA00014245    (0)   :  0.122 0.279 0.033 0.173 0.101 0.112 0.179 
322 UA00014696    (0)   :  0.031 0.807 0.043 0.027 0.033 0.031 0.028 
323 UA00006991    (0)   :  0.195 0.036 0.087 0.137 0.206 0.187 0.152 
324 UA00048948    (0)   :  0.188 0.049 0.076 0.145 0.206 0.178 0.157 
325 UA00002239    (0)   :  0.176 0.053 0.092 0.134 0.204 0.196 0.145 
326 UA00063459    (0)   :  0.135 0.045 0.022 0.306 0.076 0.116 0.300 
327 UA00048356    (0)   :  0.161 0.062 0.131 0.166 0.150 0.150 0.180 
328 UA00063940    (0)   :  0.184 0.057 0.123 0.142 0.183 0.174 0.137 
329 UA00048130    (0)   :  0.157 0.036 0.048 0.246 0.127 0.148 0.239 
330 UA00048903    (0)   :  0.188 0.022 0.028 0.228 0.158 0.202 0.174 
331 UA00064643    (0)   :  0.178 0.070 0.071 0.173 0.185 0.167 0.156 
332 UA00050233    (0)   :  0.176 0.039 0.098 0.177 0.174 0.167 0.170 
333 UA00012507    (0)   :  0.172 0.030 0.179 0.120 0.195 0.167 0.137 
334 UA00064416    (0)   :  0.188 0.031 0.045 0.183 0.208 0.197 0.148 
335 UA00034724    (0)   :  0.183 0.037 0.064 0.186 0.178 0.178 0.174 
336 UA00002621    (0)   :  0.181 0.031 0.038 0.207 0.166 0.190 0.187 
337 UA00033203    (0)   :  0.182 0.052 0.040 0.186 0.202 0.201 0.137 
338 UA00011996    (0)   :  0.195 0.066 0.032 0.137 0.210 0.187 0.173 
339 UA00014408    (0)   :  0.137 0.045 0.303 0.107 0.152 0.140 0.114 
340 UA00049502    (0)   :  0.175 0.034 0.131 0.151 0.172 0.168 0.169 
341 UA00062695    (0)   :  0.153 0.097 0.078 0.201 0.131 0.131 0.208 
342 UA00014072    (0)   :  0.157 0.059 0.051 0.241 0.122 0.145 0.226 
343 UA00003334    (0)   :  0.174 0.039 0.030 0.239 0.134 0.165 0.219 
344 UA00013835    (0)   :  0.178 0.073 0.056 0.166 0.180 0.165 0.183 
345 UA00046760    (0)   :  0.156 0.208 0.042 0.152 0.143 0.138 0.162 
346 UA00014241    (0)   :  0.178 0.032 0.055 0.184 0.179 0.190 0.183 
347 UA00049585    (0)   :  0.181 0.038 0.024 0.209 0.165 0.169 0.213 
348 UA00013409    (0)   :  0.133 0.055 0.170 0.227 0.092 0.111 0.211 
349 UA00047548    (0)   :  0.189 0.048 0.026 0.157 0.214 0.192 0.173 
350 UA00049038    (0)   :  0.118 0.341 0.104 0.107 0.111 0.106 0.112 
351 UA00047612    (0)   :  0.187 0.035 0.069 0.153 0.195 0.189 0.171 
352 UA00014822    (0)   :  0.121 0.294 0.149 0.087 0.123 0.118 0.108 
353 UA00035299    (0)   :  0.193 0.054 0.050 0.164 0.191 0.195 0.152 
354 UA00012804    (0)   :  0.127 0.347 0.065 0.100 0.129 0.117 0.116 
355 UA00049578    (0)   :  0.175 0.043 0.153 0.145 0.167 0.160 0.158 
356 UA00047672    (0)   :  0.182 0.029 0.049 0.192 0.199 0.208 0.140 
357 UA00043961    (0)   :  0.061 0.629 0.073 0.062 0.055 0.057 0.063 
358 UA00064575    (0)   :  0.144 0.051 0.214 0.154 0.137 0.134 0.166 
359 UA00014732    (0)   :  0.191 0.030 0.077 0.157 0.203 0.184 0.158 
360 UA00050181    (0)   :  0.188 0.021 0.068 0.139 0.222 0.201 0.160 
361 UA00033369    (0)   :  0.145 0.245 0.079 0.104 0.163 0.143 0.120 
362 UA00011982    (0)   :  0.191 0.022 0.021 0.225 0.183 0.220 0.137 
363 UA00014590    (0)   :  0.176 0.112 0.072 0.139 0.193 0.178 0.129 
364 UA00047743    (0)   :  0.192 0.032 0.030 0.172 0.219 0.203 0.152 
365 UA00046621    (0)   :  0.187 0.028 0.023 0.182 0.214 0.212 0.153 
366 UA00050422    (0)   :  0.180 0.039 0.142 0.141 0.184 0.167 0.147 
367 UA00002760    (0)   :  0.176 0.095 0.043 0.171 0.173 0.172 0.171 
368 UA00012999    (0)   :  0.186 0.125 0.038 0.138 0.186 0.182 0.146 
369 UA00063838    (0)   :  0.181 0.032 0.048 0.210 0.172 0.178 0.180 
370 UA00003729    (0)   :  0.121 0.195 0.188 0.131 0.115 0.109 0.141 
371 UA00015348    (0)   :  0.150 0.078 0.067 0.248 0.108 0.129 0.221 
372 UA00019058    (0)   :  0.135 0.051 0.107 0.258 0.087 0.110 0.252 
373 UA00049549    (0)   :  0.116 0.120 0.023 0.306 0.051 0.095 0.287 
374 UA00014334    (0)   :  0.175 0.054 0.109 0.135 0.191 0.192 0.144 
375 UA00014350    (0)   :  0.184 0.018 0.017 0.242 0.175 0.234 0.131 
376 UA00049227    (0)   :  0.154 0.189 0.103 0.095 0.169 0.165 0.126 
377 UA00014051    (0)   :  0.172 0.025 0.158 0.149 0.187 0.175 0.133 
378 UA00034381    (0)   :  0.171 0.044 0.110 0.169 0.170 0.177 0.158 
379 UA00002354    (0)   :  0.180 0.027 0.031 0.215 0.189 0.215 0.143 
380 UA00049892    (0)   :  0.163 0.094 0.028 0.223 0.140 0.164 0.188 
381 UA00021989    (0)   :  0.182 0.027 0.063 0.187 0.186 0.191 0.164 
382 UA00048968    (0)   :  0.186 0.033 0.063 0.166 0.206 0.186 0.161 
383 UA00013174    (0)   :  0.179 0.051 0.067 0.173 0.188 0.194 0.147 
384 UA00033992    (0)   :  0.159 0.203 0.037 0.121 0.191 0.164 0.125 
385 UA00015801    (0)   :  0.190 0.017 0.020 0.222 0.185 0.223 0.143 
386 UA00063303    (0)   :  0.126 0.266 0.068 0.158 0.111 0.111 0.160 
387 UA00050206    (0)   :  0.147 0.020 0.037 0.300 0.097 0.130 0.268 
388 UA00014458    (0)   :  0.164 0.102 0.075 0.175 0.160 0.162 0.161 
389 UA00007204    (0)   :  0.154 0.062 0.034 0.247 0.118 0.140 0.245 
390 UA00063212    (0)   :  0.122 0.204 0.149 0.158 0.109 0.105 0.154 
391 UA00013340    (0)   :  0.186 0.110 0.039 0.139 0.193 0.169 0.164 
392 UA00062743    (0)   :  0.167 0.028 0.106 0.140 0.207 0.207 0.145 
393 UA00063189    (0)   :  0.088 0.072 0.503 0.076 0.096 0.087 0.077 
394 UA00035432    (0)   :  0.176 0.035 0.035 0.224 0.150 0.175 0.205 
395 UA00007958    (0)   :  0.180 0.032 0.037 0.170 0.198 0.216 0.166 
396 UA00013634    (0)   :  0.173 0.026 0.062 0.161 0.204 0.223 0.150 
397 UA00048175    (0)   :  0.177 0.016 0.039 0.228 0.184 0.220 0.137 
398 UA00003202    (0)   :  0.181 0.044 0.046 0.172 0.198 0.188 0.172 
399 UA00035090    (0)   :  0.167 0.050 0.105 0.187 0.159 0.159 0.173 
400 UA00064679    (0)   :  0.124 0.061 0.331 0.112 0.136 0.126 0.110 
401 UA00039518    (0)   :  0.178 0.047 0.040 0.190 0.182 0.193 0.170 
402 UA00058268    (0)   :  0.193 0.048 0.061 0.156 0.201 0.184 0.159 
403 UA00049456    (0)   :  0.145 0.222 0.057 0.157 0.134 0.131 0.154 
404 UA00049550    (0)   :  0.160 0.031 0.126 0.212 0.136 0.139 0.197 
405 UA00048342    (0)   :  0.168 0.136 0.066 0.153 0.167 0.153 0.157 
406 UA00063493    (0)   :  0.190 0.025 0.033 0.194 0.191 0.190 0.176 
407 UA00058261    (0)   :  0.156 0.034 0.146 0.165 0.181 0.189 0.130 
408 UA00014663    (0)   :  0.198 0.050 0.077 0.136 0.220 0.175 0.145 
409 UA00048817    (0)   :  0.158 0.216 0.062 0.121 0.168 0.158 0.118 
410 UA00049381    (0)   :  0.168 0.031 0.076 0.178 0.190 0.213 0.144 
411 UA00035901    (0)   :  0.146 0.051 0.275 0.106 0.162 0.140 0.120 
412 UA00013301    (0)   :  0.145 0.054 0.096 0.251 0.097 0.124 0.233 
413 UA00047926    (0)   :  0.166 0.084 0.110 0.155 0.185 0.175 0.126 
414 UA00007272    (0)   :  0.161 0.055 0.183 0.124 0.184 0.163 0.131 
415 UA00016041    (0)   :  0.173 0.077 0.047 0.207 0.154 0.153 0.189 
416 UA00013502    (0)   :  0.177 0.024 0.077 0.196 0.168 0.189 0.169 
417 UA00002390    (0)   :  0.174 0.125 0.054 0.131 0.195 0.176 0.145 
418 UA00034907    (0)   :  0.189 0.032 0.087 0.144 0.199 0.181 0.168 
419 UA00048821    (0)   :  0.154 0.144 0.140 0.130 0.158 0.144 0.131 
420 UA00002136    (0)   :  0.160 0.137 0.078 0.160 0.152 0.143 0.170 
421 UA00011790    (0)   :  0.168 0.054 0.074 0.152 0.199 0.208 0.143 
422 UA00021586    (0)   :  0.150 0.218 0.081 0.129 0.149 0.143 0.130 
423 UA00033270    (0)   :  0.177 0.051 0.084 0.160 0.184 0.179 0.166 
424 UA00048073    (0)   :  0.179 0.055 0.064 0.185 0.171 0.172 0.175 
425 UA00048856    (0)   :  0.163 0.047 0.129 0.149 0.175 0.175 0.162 
426 UA00049713    (0)   :  0.185 0.044 0.066 0.184 0.188 0.196 0.138 
427 UA00046885    (0)   :  0.177 0.054 0.046 0.171 0.184 0.179 0.191 
428 UA00034893    (0)   :  0.191 0.037 0.036 0.206 0.175 0.190 0.166 
429 UA00048011    (0)   :  0.181 0.022 0.100 0.175 0.185 0.188 0.148 
430 UA00015786    (0)   :  0.143 0.091 0.238 0.122 0.147 0.142 0.118 
431 UA00013162    (0)   :  0.172 0.041 0.106 0.128 0.207 0.204 0.142 
432 UA00049512    (0)   :  0.170 0.067 0.087 0.172 0.162 0.159 0.182 
433 UA00004046    (0)   :  0.171 0.025 0.049 0.183 0.198 0.222 0.151 
434 UA00048881    (0)   :  0.134 0.168 0.211 0.097 0.147 0.136 0.108 
435 UA00046610    (0)   :  0.153 0.151 0.118 0.116 0.173 0.161 0.127 
436 UA00033282    (0)   :  0.176 0.062 0.108 0.143 0.181 0.167 0.163 
437 UA00047561    (0)   :  0.187 0.036 0.049 0.161 0.213 0.209 0.145 
438 UA00013777    (0)   :  0.155 0.031 0.184 0.126 0.179 0.180 0.143 
439 UA00062849    (0)   :  0.157 0.046 0.046 0.259 0.122 0.136 0.233 
440 UA00049786    (0)   :  0.171 0.024 0.079 0.199 0.186 0.208 0.133 
441 UA00033246    (0)   :  0.141 0.028 0.023 0.322 0.076 0.123 0.287 
442 UA00045302    (0)   :  0.201 0.055 0.039 0.144 0.212 0.191 0.157 
443 UA00048637    (0)   :  0.175 0.034 0.075 0.183 0.187 0.209 0.136 
444 UA00049832    (0)   :  0.143 0.167 0.042 0.200 0.123 0.133 0.192 
445 UA00022023    (0)   :  0.178 0.111 0.055 0.122 0.203 0.181 0.149 
446 UA00050192    (0)   :  0.167 0.185 0.051 0.111 0.183 0.168 0.136 
447 UA00050413    (0)   :  0.176 0.043 0.076 0.175 0.178 0.175 0.177 
448 UA00013445    (0)   :  0.193 0.024 0.033 0.163 0.210 0.209 0.168 
449 UA00035496    (0)   :  0.153 0.045 0.235 0.127 0.160 0.140 0.141 
450 UA00003333    (0)   :  0.130 0.103 0.299 0.100 0.138 0.126 0.104 
451 UA00064008    (0)   :  0.147 0.032 0.285 0.112 0.154 0.153 0.118 
452 UA00003427    (0)   :  0.153 0.191 0.091 0.121 0.163 0.146 0.135 
453 UA00028092    (0)   :  0.122 0.270 0.156 0.107 0.117 0.115 0.112 
454    pc003    (0)   :  0.058 0.110 0.619 0.049 0.058 0.055 0.050 
455 UA00034440    (0)   :  0.161 0.039 0.083 0.216 0.136 0.144 0.220 
456 UA00026062    (0)   :  0.175 0.052 0.045 0.167 0.200 0.216 0.146 
457 UA00014347    (0)   :  0.167 0.076 0.124 0.137 0.177 0.155 0.164 
458 UA00021516    (0)   :  0.185 0.038 0.042 0.190 0.195 0.209 0.141 
459 UA00049347    (0)   :  0.134 0.040 0.344 0.105 0.139 0.133 0.105 
460 UA00063436    (0)   :  0.102 0.050 0.394 0.135 0.091 0.094 0.135 
461 UA00047790    (0)   :  0.185 0.041 0.061 0.135 0.216 0.214 0.149 
462 UA00045714    (0)   :  0.138 0.117 0.252 0.099 0.152 0.133 0.109 
463 UA00038979    (0)   :  0.140 0.144 0.056 0.217 0.110 0.125 0.209 
464 UA00016123    (0)   :  0.166 0.085 0.128 0.119 0.188 0.178 0.137 
465 UA00034765    (0)   :  0.057 0.023 0.709 0.047 0.062 0.056 0.047 
466 UA00063815    (0)   :  0.080 0.119 0.500 0.067 0.079 0.077 0.079 
467 UA00034795    (0)   :  0.161 0.050 0.067 0.227 0.133 0.144 0.218 
468 UA00004000    (0)   :  0.066 0.038 0.645 0.056 0.067 0.067 0.062 
469 UA00049367    (0)   :  0.155 0.028 0.128 0.197 0.145 0.153 0.195 
470 UA00034457    (0)   :  0.189 0.053 0.038 0.151 0.211 0.204 0.154 
471 UA00050015    (0)   :  0.162 0.085 0.086 0.169 0.156 0.154 0.188 
472 UA00021373    (0)   :  0.178 0.055 0.070 0.151 0.196 0.190 0.158 
473 UA00050232    (0)   :  0.073 0.112 0.541 0.060 0.075 0.073 0.067 
474 UA00038724    (0)   :  0.162 0.131 0.045 0.148 0.170 0.170 0.173 
475 UA00007824    (0)   :  0.161 0.108 0.105 0.132 0.186 0.175 0.133 
476 UA00048754    (0)   :  0.159 0.022 0.146 0.124 0.203 0.200 0.145 
477 UA00014271    (0)   :  0.170 0.089 0.060 0.164 0.169 0.186 0.162 
478 UA00013756    (0)   :  0.127 0.116 0.188 0.169 0.108 0.114 0.178 
479 UA00014385    (0)   :  0.124 0.132 0.285 0.097 0.135 0.126 0.100 
480 UA00049609    (0)   :  0.160 0.046 0.058 0.224 0.134 0.154 0.224 
481 UA00003748    (0)   :  0.127 0.033 0.342 0.096 0.144 0.143 0.114 
482 UA00063952    (0)   :  0.141 0.027 0.286 0.114 0.154 0.151 0.126 
483 UA00058348    (0)   :  0.088 0.025 0.537 0.084 0.091 0.089 0.087 
484 UA00014922    (0)   :  0.052 0.049 0.696 0.048 0.052 0.053 0.049 
485 UA00003820    (0)   :  0.174 0.023 0.121 0.138 0.192 0.204 0.148 
486 UA00013693    (0)   :  0.158 0.096 0.162 0.117 0.170 0.166 0.132 
487 UA00047713    (0)   :  0.074 0.028 0.617 0.057 0.081 0.079 0.064 
488 UA00034891    (0)   :  0.122 0.050 0.354 0.096 0.126 0.130 0.121 
489 UA00049223    (0)   :  0.130 0.042 0.328 0.116 0.134 0.135 0.116 
490 UA00064399    (0)   :  0.047 0.231 0.546 0.035 0.053 0.047 0.041 
491 UA00013336    (0)   :  0.050 0.082 0.684 0.042 0.050 0.046 0.046 
492 UA00035291    (0)   :  0.067 0.056 0.640 0.046 0.073 0.064 0.055 
493 UA00003945    (0)   :  0.068 0.063 0.593 0.062 0.076 0.074 0.063 
494 UA00014518    (0)   :  0.099 0.053 0.469 0.081 0.112 0.106 0.081 
495 UA00013583    (0)   :  0.084 0.416 0.175 0.072 0.086 0.083 0.085 
496 UA00011510    (0)   :  0.112 0.082 0.397 0.088 0.119 0.109 0.093 
497 UA00046860    (0)   :  0.141 0.069 0.272 0.115 0.151 0.142 0.110 
498 UA00048853    (0)   :  0.115 0.157 0.310 0.088 0.124 0.109 0.096 
499 UA00012151    (0)   :  0.062 0.040 0.679 0.045 0.065 0.059 0.051 
500 UA00063930    (0)   :  0.089 0.408 0.129 0.108 0.075 0.081 0.110 
501 UA00013453    (0)   :  0.135 0.121 0.245 0.115 0.140 0.124 0.120 
502 UA00039299    (0)   :  0.043 0.048 0.745 0.037 0.045 0.043 0.039 
503 UA00014280    (0)   :  0.032 0.020 0.825 0.029 0.032 0.030 0.031 
504 UA00014200    (0)   :  0.095 0.038 0.517 0.076 0.103 0.096 0.075 
505 UA00040612    (0)   :  0.047 0.111 0.670 0.037 0.048 0.045 0.042 
506 UA00062679    (0)   :  0.042 0.065 0.730 0.037 0.045 0.041 0.039 
507 UA00034481    (0)   :  0.064 0.035 0.663 0.052 0.066 0.066 0.055 
508 UA00011880    (0)   :  0.115 0.280 0.079 0.175 0.087 0.095 0.170 
509 UA00013421    (0)   :  0.046 0.147 0.641 0.034 0.050 0.045 0.037 
510 UA00048051    (0)   :  0.031 0.032 0.823 0.026 0.032 0.030 0.027 
511 UA00063370    (0)   :  0.037 0.115 0.712 0.031 0.038 0.035 0.032 
512 UA00014716    (0)   :  0.047 0.067 0.720 0.037 0.045 0.044 0.041 
513 UA00033426    (0)   :  0.097 0.149 0.395 0.080 0.107 0.097 0.074 
514 UA00015190    (0)   :  0.050 0.197 0.572 0.039 0.053 0.046 0.043 
515 UA00013730    (0)   :  0.182 0.070 0.042 0.172 0.173 0.185 0.177 
516 UA00047644    (4)   :  0.102 0.121 0.415 0.069 0.111 0.100 0.082 
517 UA00031933    (9)   :  0.172 0.046 0.085 0.145 0.204 0.200 0.148 
518 UA00031541    (9)   :  0.102 0.115 0.383 0.097 0.105 0.104 0.094 
519   PCO-60    (4)   :  0.170 0.035 0.140 0.155 0.171 0.164 0.165 
520 UA00030495    (4)   :  0.159 0.105 0.130 0.128 0.170 0.159 0.149 
521 UA00031133    (4)   :  0.126 0.033 0.027 0.326 0.067 0.111 0.310 
522 UA00032049    (4)   :  0.151 0.236 0.077 0.101 0.158 0.144 0.133 
523 UA00030599    (4)   :  0.124 0.085 0.069 0.275 0.073 0.103 0.270 
524 UA00030250    (4)   :  0.192 0.030 0.044 0.174 0.208 0.198 0.155 
525 UA00049385    (4)   :  0.149 0.095 0.096 0.195 0.126 0.134 0.205 
526 UA00031816    (4)   :  0.125 0.032 0.034 0.321 0.063 0.105 0.319 
527 UA00030275    (4)   :  0.169 0.101 0.077 0.134 0.189 0.181 0.150 
528 UA00041861    (4)   :  0.180 0.076 0.084 0.127 0.194 0.188 0.151 
529 UA00041433    (4)   :  0.192 0.026 0.039 0.167 0.205 0.202 0.169 
530  PCO-114    (4)   :  0.169 0.033 0.105 0.158 0.197 0.191 0.147 
531 UA00031529    (4)   :  0.179 0.040 0.073 0.172 0.181 0.176 0.180 
532 UA00039719    (4)   :  0.175 0.038 0.091 0.189 0.174 0.183 0.149 
533  PCO-442    (4)   :  0.186 0.025 0.034 0.193 0.191 0.219 0.151 
534   PCO-58    (0)   :  0.169 0.055 0.077 0.166 0.197 0.205 0.131 
535 UA00048673    (4)   :  0.178 0.045 0.123 0.130 0.193 0.174 0.157 
536   PCO-63    (4)   :  0.181 0.027 0.068 0.205 0.172 0.168 0.178 


Estimated Allele Frequencies in each cluster
First column gives estimated ancestral frequencies


Locus 1 : PP01 
2 alleles
0.0% missing data
   1   (0.588) 0.591 0.910 0.328 0.578 0.598 0.598 0.568 
   2   (0.412) 0.409 0.090 0.672 0.422 0.402 0.402 0.432 

Locus 2 : PP02 
2 alleles
0.0% missing data
   1   (0.920) 0.915 0.992 0.967 0.900 0.920 0.919 0.909 
