

----------------------------------------------------
STRUCTURE by Pritchard, Stephens and Donnelly (2000)
     and Falush, Stephens and Pritchard (2003)
       Code by Pritchard, Falush and Hubisz
             Version 2.3.4 (Jul 2012)
----------------------------------------------------



Command line arguments:   structure -K 6 -o outputfile_K6_2 
Input File:    Puma_SNP_genotypes_cut_AZ_final_HWEonly.str

Run parameters:
   536 individuals
   22 loci
   6 populations assumed
   100000 Burn-in period
   500000 Reps


--------------------------------------------
Overall proportion of membership of the
sample in each of the 6 clusters

Inferred Clusters
  1      2      3      4      5      6    
0.153  0.171  0.170  0.170  0.165  0.170  

--------------------------------------------

Allele-freq. divergence among pops (Net nucleotide distance),
computed using point estimates of P.

      1       2       3       4       5       6      
 1      -    0.0533  0.0599  0.0521  0.0701  0.0539  
 2   0.0533     -    0.0071  0.0036  0.0532  0.0031  
 3   0.0599  0.0071     -    0.0009  0.0476  0.0009  
 4   0.0521  0.0036  0.0009     -    0.0433  0.0001  
 5   0.0701  0.0532  0.0476  0.0433     -    0.0460  
 6   0.0539  0.0031  0.0009  0.0001  0.0460     -    

Average distances (expected heterozygosity) between individuals in same cluster:
cluster  1  : 0.3001 
cluster  2  : 0.3722 
cluster  3  : 0.3735 
cluster  4  : 0.3798 
cluster  5  : 0.2694 
cluster  6  : 0.3781 

--------------------------------------------
Estimated Ln Prob of Data   = -13262.6
Mean value of ln likelihood = -12311.2
Variance of ln likelihood   = 1902.8
Mean value of alpha         = 0.2149

Mean value of Fst_1         = 0.2653
Mean value of Fst_2         = 0.0929
Mean value of Fst_3         = 0.0778
Mean value of Fst_4         = 0.0467
Mean value of Fst_5         = 0.2721
Mean value of Fst_6         = 0.0669


Inferred ancestry of individuals:
        Label (%Miss) :  Inferred clusters
  1 UA00063336   (13)   :  0.464 0.110 0.112 0.125 0.070 0.120 
  2 UA00048914    (9)   :  0.140 0.130 0.161 0.183 0.214 0.172 
  3 UA00014769   (13)   :  0.063 0.205 0.284 0.195 0.024 0.229 
  4 UA00008132   (13)   :  0.139 0.177 0.196 0.205 0.093 0.191 
  5 UA00030462   (13)   :  0.114 0.137 0.132 0.156 0.309 0.151 
  6 UA00034866   (13)   :  0.044 0.180 0.172 0.219 0.189 0.197 
  7 UA00034800    (9)   :  0.645 0.066 0.065 0.071 0.084 0.069 
  8  Puco006    (9)   :  0.076 0.051 0.056 0.062 0.699 0.057 
  9 UA00048874    (4)   :  0.560 0.072 0.087 0.095 0.097 0.089 
 10 UA00049060    (9)   :  0.130 0.182 0.221 0.200 0.051 0.215 
 11 UA00033413    (9)   :  0.046 0.339 0.162 0.185 0.070 0.198 
 12  Puco021    (9)   :  0.171 0.327 0.130 0.157 0.038 0.178 
 13  Puco026    (9)   :  0.136 0.226 0.187 0.205 0.040 0.205 
 14  Puco008    (9)   :  0.298 0.105 0.115 0.135 0.222 0.126 
 15   M01301    (9)   :  0.036 0.300 0.167 0.176 0.126 0.194 
 16   M06306    (9)   :  0.537 0.121 0.092 0.109 0.035 0.106 
 17 UA00032185    (9)   :  0.115 0.198 0.174 0.197 0.131 0.185 
 18 UA00030792    (9)   :  0.864 0.026 0.025 0.026 0.033 0.025 
 19 UA00031647    (9)   :  0.321 0.119 0.126 0.154 0.135 0.145 
 20 UA00031979    (9)   :  0.103 0.183 0.184 0.206 0.117 0.207 
 21  Puco016    (9)   :  0.051 0.120 0.173 0.174 0.317 0.165 
 22  Puco010    (9)   :  0.081 0.261 0.180 0.203 0.073 0.203 
 23    M1035    (9)   :  0.174 0.163 0.209 0.221 0.040 0.193 
 24 UA00034601    (9)   :  0.146 0.187 0.144 0.177 0.170 0.175 
 25 UA00050388    (9)   :  0.160 0.191 0.159 0.196 0.111 0.184 
 26 UA00048699    (9)   :  0.050 0.096 0.136 0.130 0.461 0.128 
 27 UA00064058    (9)   :  0.111 0.171 0.235 0.220 0.044 0.220 
 28 UA00033981    (9)   :  0.099 0.329 0.134 0.176 0.080 0.182 
 29   F05033    (9)   :  0.064 0.234 0.229 0.205 0.052 0.216 
 30 UA00048520    (4)   :  0.273 0.179 0.125 0.147 0.127 0.150 
 31 UA00048422    (4)   :  0.791 0.049 0.039 0.041 0.037 0.043 
 32    PucoB    (4)   :  0.086 0.276 0.179 0.205 0.030 0.224 
 33 UA00047393    (4)   :  0.254 0.135 0.198 0.181 0.055 0.178 
 34 UA00064521    (4)   :  0.080 0.153 0.138 0.175 0.283 0.171 
 35 UA00003043    (4)   :  0.041 0.140 0.221 0.203 0.204 0.192 
 36 UA00063025    (4)   :  0.290 0.148 0.107 0.140 0.184 0.132 
 37 UA00063826    (4)   :  0.092 0.287 0.161 0.207 0.049 0.205 
 38   F07407    (4)   :  0.297 0.241 0.114 0.147 0.047 0.153 
 39 UA00021658    (4)   :  0.077 0.213 0.206 0.219 0.068 0.216 
 40 UA00003794    (4)   :  0.279 0.217 0.131 0.153 0.058 0.161 
 41 UA00041322    (4)   :  0.162 0.162 0.166 0.207 0.111 0.193 
 42 UA00063316    (4)   :  0.175 0.167 0.144 0.183 0.160 0.171 
 43 UA00047705    (4)   :  0.131 0.213 0.158 0.194 0.111 0.193 
 44 UA00033904    (4)   :  0.518 0.096 0.101 0.109 0.068 0.108 
 45 UA00048100    (4)   :  0.055 0.237 0.202 0.204 0.090 0.212 
 46 UA00032212    (4)   :  0.333 0.140 0.124 0.141 0.133 0.130 
 47 UA00031574    (4)   :  0.753 0.050 0.042 0.046 0.066 0.043 
 48 UA00031228    (4)   :  0.813 0.032 0.034 0.035 0.051 0.034 
 49 UA00047707    (4)   :  0.030 0.153 0.306 0.231 0.051 0.229 
 50 UA00030906    (4)   :  0.857 0.024 0.023 0.025 0.048 0.024 
 51 UA00041567    (4)   :  0.093 0.292 0.146 0.183 0.101 0.184 
 52 UA00007624    (4)   :  0.036 0.267 0.213 0.207 0.052 0.226 
 53 UA00034514    (4)   :  0.061 0.192 0.229 0.218 0.084 0.216 
 54 UA00030480    (4)   :  0.250 0.134 0.186 0.194 0.051 0.185 
 55  Puco012    (4)   :  0.062 0.180 0.218 0.220 0.108 0.212 
 56 UA00038677    (9)   :  0.195 0.170 0.129 0.164 0.189 0.153 
 57 UA00048275    (4)   :  0.060 0.277 0.169 0.211 0.068 0.215 
 58 UA00064055    (4)   :  0.072 0.137 0.261 0.218 0.100 0.211 
 59  Puco009    (4)   :  0.045 0.136 0.182 0.176 0.289 0.172 
 60 UA00064561    (4)   :  0.039 0.129 0.318 0.204 0.095 0.215 
 61 UA00003479    (4)   :  0.053 0.165 0.239 0.217 0.113 0.213 
 62 UA00063747    (4)   :  0.029 0.217 0.238 0.209 0.082 0.224 
 63 UA00002558    (4)   :  0.050 0.187 0.145 0.177 0.274 0.167 
 64 UA00048410    (4)   :  0.032 0.127 0.212 0.176 0.280 0.172 
 65 UA00012249    (4)   :  0.035 0.129 0.267 0.211 0.149 0.210 
 66 UA00033818    (4)   :  0.589 0.092 0.074 0.084 0.082 0.080 
 67  Puco020    (4)   :  0.185 0.131 0.206 0.181 0.117 0.180 
 68 UA00002545    (9)   :  0.113 0.131 0.294 0.199 0.057 0.206 
 69 UA00048508    (4)   :  0.051 0.188 0.242 0.231 0.067 0.221 
 70 UA00064100    (4)   :  0.096 0.181 0.190 0.239 0.082 0.212 
 71 UA00014585    (4)   :  0.066 0.177 0.216 0.226 0.102 0.213 
 72 UA00063698    (4)   :  0.155 0.113 0.091 0.112 0.424 0.104 
 73 UA00049753    (4)   :  0.512 0.105 0.103 0.127 0.035 0.118 
 74 UA00049037    (4)   :  0.095 0.186 0.232 0.223 0.050 0.212 
 75 UA00034941    (4)   :  0.150 0.194 0.146 0.197 0.124 0.189 
 76 UA00008083    (4)   :  0.071 0.081 0.078 0.084 0.606 0.081 
 77 UA00015084    (4)   :  0.218 0.112 0.084 0.106 0.378 0.101 
 78 UA00041010    (9)   :  0.328 0.055 0.061 0.070 0.421 0.064 
 79 UA00035261    (4)   :  0.304 0.128 0.127 0.148 0.154 0.140 
 80 UA00035431    (4)   :  0.033 0.265 0.178 0.212 0.102 0.210 
 81 UA00045274    (0)   :  0.137 0.207 0.151 0.182 0.137 0.186 
 82 UA00028200    (4)   :  0.416 0.102 0.091 0.113 0.173 0.105 
 83 UA00064559    (0)   :  0.833 0.035 0.030 0.033 0.036 0.033 
 84 UA00040808    (0)   :  0.464 0.073 0.102 0.104 0.154 0.102 
 85 UA00049156    (0)   :  0.475 0.087 0.085 0.100 0.156 0.097 
 86 UA00003952    (4)   :  0.048 0.069 0.092 0.089 0.614 0.088 
 87 UA00063954    (0)   :  0.288 0.153 0.152 0.184 0.052 0.171 
 88 UA00062934    (0)   :  0.337 0.132 0.136 0.159 0.090 0.146 
 89 UA00033829    (0)   :  0.565 0.058 0.052 0.061 0.209 0.056 
 90 UA00064351    (4)   :  0.067 0.326 0.135 0.169 0.126 0.177 
 91 UA00003697    (4)   :  0.111 0.082 0.077 0.090 0.555 0.085 
 92 UA00063438    (4)   :  0.328 0.125 0.127 0.154 0.121 0.146 
 93 UA00007608    (0)   :  0.326 0.122 0.097 0.125 0.213 0.118 
 94 UA00019683    (4)   :  0.505 0.166 0.082 0.099 0.042 0.106 
 95 UA00007781    (0)   :  0.076 0.238 0.175 0.209 0.094 0.209 
 96 UA00002915    (0)   :  0.365 0.108 0.128 0.142 0.124 0.134 
 97  Puco031    (4)   :  0.076 0.155 0.231 0.226 0.090 0.223 
 98 UA00048280    (4)   :  0.067 0.259 0.156 0.200 0.115 0.202 
 99 UA00048589    (0)   :  0.143 0.239 0.171 0.190 0.067 0.190 
100 UA00034417    (0)   :  0.179 0.126 0.171 0.174 0.186 0.164 
101 UA00050411    (4)   :  0.031 0.163 0.299 0.224 0.050 0.233 
102  Puco029    (4)   :  0.058 0.254 0.224 0.210 0.024 0.231 
103   F03403    (4)   :  0.034 0.358 0.158 0.180 0.063 0.207 
104 UA00049904    (0)   :  0.251 0.206 0.129 0.174 0.074 0.167 
105 UA00035335    (0)   :  0.044 0.230 0.254 0.212 0.021 0.239 
106 UA00012611    (0)   :  0.069 0.201 0.209 0.243 0.048 0.230 
107 UA00050319    (0)   :  0.035 0.391 0.160 0.175 0.037 0.202 
108 UA00032068    (4)   :  0.185 0.172 0.190 0.213 0.040 0.200 
109 UA00032026    (4)   :  0.145 0.170 0.205 0.214 0.059 0.207 
110 UA00030476    (4)   :  0.119 0.355 0.135 0.167 0.032 0.191 
111 UA00046853    (0)   :  0.106 0.337 0.143 0.176 0.055 0.183 
112 UA00040156    (4)   :  0.870 0.025 0.024 0.025 0.031 0.024 
113 UA00030528    (4)   :  0.308 0.113 0.180 0.180 0.048 0.172 
114  Puco025    (4)   :  0.048 0.170 0.297 0.210 0.040 0.236 
115    pc016    (0)   :  0.870 0.024 0.024 0.025 0.033 0.024 
116 UA00030617    (4)   :  0.033 0.182 0.299 0.220 0.034 0.233 
117 UA00030585    (4)   :  0.781 0.048 0.037 0.042 0.050 0.041 
118 UA00032060    (4)   :  0.320 0.165 0.136 0.168 0.050 0.160 
119    pc007    (0)   :  0.094 0.302 0.166 0.181 0.066 0.192 
120 UA00030798    (4)   :  0.775 0.047 0.047 0.050 0.034 0.048 
121 UA00030778    (4)   :  0.031 0.166 0.291 0.236 0.038 0.236 
122 UA00039674    (4)   :  0.849 0.029 0.029 0.031 0.032 0.030 
123 UA00032241    (4)   :  0.033 0.277 0.216 0.214 0.036 0.223 
124 UA00011624    (0)   :  0.056 0.191 0.258 0.213 0.057 0.225 
125 UA00033779    (4)   :  0.044 0.378 0.153 0.177 0.055 0.193 
126 UA00049402    (4)   :  0.070 0.123 0.209 0.191 0.228 0.179 
127 UA00033653    (0)   :  0.038 0.405 0.145 0.168 0.049 0.194 
128 UA00047738    (0)   :  0.122 0.204 0.165 0.192 0.132 0.184 
129 UA00047502    (4)   :  0.095 0.125 0.154 0.175 0.290 0.162 
130 UA00012014    (4)   :  0.084 0.158 0.236 0.226 0.089 0.207 
131 UA00040729    (0)   :  0.090 0.263 0.190 0.193 0.047 0.217 
132 UA00030392    (4)   :  0.058 0.183 0.264 0.228 0.040 0.227 
133 UA00050033    (0)   :  0.095 0.217 0.212 0.211 0.055 0.211 
134 UA00012152    (0)   :  0.033 0.085 0.142 0.117 0.512 0.111 
135 UA00050406    (0)   :  0.085 0.189 0.205 0.231 0.071 0.219 
136 UA00047973    (0)   :  0.057 0.249 0.194 0.221 0.067 0.212 
137 UA00008051    (0)   :  0.171 0.169 0.162 0.176 0.151 0.171 
138 UA00047337    (4)   :  0.294 0.158 0.159 0.164 0.060 0.164 
139 UA00041604    (4)   :  0.156 0.168 0.173 0.186 0.138 0.179 
140 UA00031704    (4)   :  0.039 0.174 0.293 0.226 0.030 0.239 
141 UA00040423    (4)   :  0.150 0.165 0.215 0.210 0.054 0.205 
142 UA00049433    (0)   :  0.117 0.132 0.205 0.199 0.158 0.189 
143 UA00034816    (0)   :  0.052 0.142 0.274 0.189 0.136 0.207 
144 UA00050214    (0)   :  0.043 0.137 0.342 0.210 0.037 0.232 
145 UA00041073    (0)   :  0.092 0.181 0.203 0.197 0.139 0.188 
146 UA00030318    (4)   :  0.046 0.173 0.260 0.203 0.096 0.221 
147 UA00046845    (0)   :  0.071 0.129 0.239 0.194 0.176 0.192 
148 UA00063946    (0)   :  0.072 0.394 0.136 0.163 0.045 0.189 
149 UA00031374    (4)   :  0.066 0.186 0.217 0.211 0.105 0.215 
150    M1136    (4)   :  0.375 0.109 0.164 0.150 0.057 0.145 
151 UA00034299    (0)   :  0.053 0.135 0.330 0.201 0.054 0.228 
152 UA00002387    (4)   :  0.034 0.142 0.287 0.215 0.109 0.213 
153 UA00021855    (0)   :  0.084 0.248 0.172 0.215 0.084 0.197 
154 UA00014500    (0)   :  0.089 0.168 0.231 0.234 0.050 0.227 
155 UA00050419    (4)   :  0.034 0.148 0.331 0.204 0.052 0.230 
156 UA00031854    (4)   :  0.064 0.201 0.191 0.204 0.142 0.198 
157    pc011    (4)   :  0.038 0.137 0.318 0.215 0.068 0.225 
158 UA00033004    (0)   :  0.117 0.141 0.250 0.210 0.075 0.207 
159 UA00046510    (0)   :  0.050 0.142 0.214 0.196 0.207 0.191 
160 UA00048747    (0)   :  0.051 0.140 0.284 0.210 0.104 0.210 
161 UA00014293    (0)   :  0.042 0.129 0.314 0.220 0.071 0.223 
162 UA00047686    (0)   :  0.106 0.123 0.174 0.176 0.252 0.168 
163 UA00033783    (4)   :  0.375 0.156 0.093 0.112 0.153 0.111 
164 UA00042609    (4)   :  0.098 0.108 0.164 0.156 0.324 0.150 
165 UA00031169    (4)   :  0.050 0.134 0.335 0.214 0.043 0.224 
166 UA00035181    (0)   :  0.026 0.256 0.225 0.221 0.043 0.228 
167 UA00050133    (0)   :  0.070 0.177 0.236 0.208 0.090 0.218 
168  Puco011    (4)   :  0.065 0.131 0.306 0.207 0.080 0.211 
169 UA00041476    (0)   :  0.095 0.141 0.233 0.200 0.143 0.188 
170 UA00046702    (0)   :  0.042 0.149 0.319 0.218 0.048 0.223 
171 UA00019940    (0)   :  0.093 0.172 0.213 0.208 0.105 0.210 
172 UA00049813    (0)   :  0.088 0.264 0.181 0.204 0.061 0.201 
173 UA00064165    (0)   :  0.086 0.107 0.105 0.127 0.460 0.115 
174 UA00064421    (0)   :  0.032 0.127 0.158 0.167 0.359 0.157 
175 UA00064569    (4)   :  0.032 0.202 0.270 0.217 0.051 0.228 
176 UA00003996    (0)   :  0.066 0.127 0.209 0.180 0.246 0.172 
177 UA00064491    (4)   :  0.040 0.176 0.269 0.198 0.103 0.214 
178 UA00011899    (0)   :  0.084 0.194 0.214 0.234 0.054 0.220 
179  Puco015    (4)   :  0.200 0.148 0.209 0.188 0.076 0.178 
180 UA00047929    (4)   :  0.055 0.284 0.208 0.199 0.032 0.222 
181 UA00056669    (0)   :  0.053 0.178 0.213 0.222 0.120 0.215 
182 UA00050176    (0)   :  0.102 0.160 0.194 0.212 0.137 0.194 
183  Puco014    (4)   :  0.083 0.233 0.168 0.203 0.117 0.196 
184 UA00019608    (0)   :  0.055 0.146 0.255 0.213 0.122 0.209 
185 UA00064333    (0)   :  0.061 0.147 0.274 0.215 0.080 0.223 
186  Puco013    (4)   :  0.065 0.144 0.184 0.190 0.237 0.179 
187 UA00016092    (0)   :  0.030 0.166 0.318 0.212 0.036 0.237 
188 UA00019060    (0)   :  0.150 0.077 0.079 0.084 0.531 0.079 
189 UA00063532    (0)   :  0.103 0.193 0.196 0.206 0.109 0.193 
190 UA00064117    (0)   :  0.284 0.089 0.105 0.107 0.311 0.104 
191 UA00011969    (0)   :  0.101 0.196 0.176 0.206 0.123 0.197 
192 UA00034586    (4)   :  0.049 0.249 0.212 0.222 0.048 0.219 
193 UA00030736    (4)   :  0.079 0.174 0.230 0.236 0.059 0.221 
194 UA00048493    (0)   :  0.120 0.172 0.219 0.216 0.071 0.201 
195 UA00040466    (0)   :  0.043 0.060 0.062 0.068 0.698 0.069 
196 UA00047659    (0)   :  0.049 0.201 0.202 0.240 0.080 0.228 
197 UA00042002    (4)   :  0.328 0.155 0.131 0.156 0.080 0.149 
198 UA00062606    (0)   :  0.090 0.140 0.195 0.183 0.209 0.183 
199 UA00030615    (4)   :  0.034 0.062 0.061 0.068 0.710 0.064 
200 UA00048899    (0)   :  0.068 0.189 0.202 0.237 0.083 0.222 
201 UA00047725    (0)   :  0.033 0.028 0.027 0.030 0.855 0.028 
202 UA00030866    (4)   :  0.063 0.167 0.199 0.222 0.129 0.220 
203 UA00034564    (0)   :  0.068 0.148 0.225 0.234 0.094 0.231 
204 UA00046520    (0)   :  0.038 0.380 0.156 0.177 0.047 0.203 
205 UA00035027    (0)   :  0.109 0.185 0.165 0.200 0.146 0.194 
206 UA00035421    (0)   :  0.046 0.104 0.164 0.142 0.396 0.148 
207 UA00062740    (4)   :  0.157 0.144 0.141 0.180 0.200 0.179 
208 UA00012360    (0)   :  0.040 0.053 0.057 0.060 0.733 0.057 
209 UA00050203    (0)   :  0.076 0.218 0.209 0.214 0.064 0.219 
210 UA00040534    (4)   :  0.254 0.083 0.089 0.105 0.371 0.098 
211 UA00031261    (4)   :  0.154 0.065 0.071 0.082 0.551 0.077 
212 UA00031917    (4)   :  0.276 0.073 0.085 0.099 0.374 0.093 
213 UA00040798    (4)   :  0.103 0.133 0.105 0.121 0.421 0.117 
214 UA00030598    (4)   :  0.098 0.127 0.120 0.142 0.386 0.127 
215 UA00050385    (0)   :  0.071 0.147 0.219 0.219 0.133 0.212 
216 UA00058283    (0)   :  0.073 0.047 0.040 0.046 0.751 0.043 
217 UA00042297    (4)   :  0.392 0.120 0.095 0.114 0.176 0.103 
218 UA00015415    (4)   :  0.036 0.041 0.047 0.047 0.783 0.046 
219 UA00035531    (0)   :  0.118 0.058 0.069 0.071 0.617 0.067 
220 UA00048683    (0)   :  0.047 0.073 0.089 0.090 0.615 0.085 
221 UA00046734    (4)   :  0.051 0.049 0.052 0.055 0.741 0.053 
222   pcRF01    (0)   :  0.024 0.129 0.362 0.212 0.047 0.226 
223 UA00007223    (0)   :  0.110 0.119 0.169 0.177 0.258 0.166 
224 UA00013841    (0)   :  0.250 0.160 0.176 0.179 0.048 0.187 
225 UA00014196    (0)   :  0.080 0.059 0.075 0.074 0.638 0.073 
226 UA00034635    (0)   :  0.051 0.193 0.221 0.235 0.076 0.224 
227 UA00047371    (0)   :  0.303 0.172 0.122 0.171 0.084 0.148 
228 UA00063544    (0)   :  0.293 0.175 0.140 0.155 0.080 0.158 
229 UA00064246    (0)   :  0.128 0.181 0.143 0.162 0.225 0.161 
230 UA00064328    (0)   :  0.154 0.134 0.146 0.167 0.244 0.155 
231 UA00002952    (0)   :  0.204 0.116 0.125 0.143 0.278 0.134 
232 UA00064079    (0)   :  0.213 0.152 0.166 0.188 0.106 0.175 
233 UA00046793    (0)   :  0.193 0.099 0.134 0.140 0.300 0.134 
234 UA00034769    (0)   :  0.479 0.122 0.084 0.098 0.121 0.097 
235 UA00034949    (0)   :  0.095 0.106 0.163 0.165 0.307 0.164 
236 UA00063753    (0)   :  0.142 0.280 0.122 0.162 0.128 0.166 
237 UA00015713    (0)   :  0.243 0.214 0.137 0.176 0.062 0.167 
238 UA00003494    (0)   :  0.115 0.116 0.225 0.180 0.185 0.180 
239 UA00056767    (0)   :  0.024 0.399 0.156 0.178 0.041 0.201 
240 UA00014461    (0)   :  0.118 0.131 0.165 0.164 0.265 0.157 
241 UA00034669    (0)   :  0.181 0.107 0.097 0.118 0.381 0.116 
242 UA00048164    (0)   :  0.046 0.153 0.177 0.178 0.263 0.182 
243 UA00007974    (0)   :  0.137 0.287 0.136 0.183 0.068 0.188 
244 UA00016166    (0)   :  0.360 0.105 0.166 0.152 0.070 0.146 
245 UA00015653    (0)   :  0.347 0.103 0.101 0.129 0.200 0.121 
246 UA00063882    (0)   :  0.142 0.096 0.113 0.122 0.410 0.117 
247 UA00049027    (0)   :  0.371 0.138 0.114 0.136 0.118 0.123 
248 UA00018878    (0)   :  0.390 0.168 0.110 0.141 0.052 0.139 
249 UA00038796    (0)   :  0.080 0.129 0.119 0.152 0.382 0.139 
250 UA00013465    (0)   :  0.070 0.077 0.071 0.083 0.619 0.079 
251 UA00014604    (0)   :  0.147 0.159 0.120 0.158 0.267 0.149 
252 UA00041913    (0)   :  0.332 0.212 0.107 0.134 0.083 0.132 
253 UA00021632    (0)   :  0.571 0.080 0.077 0.088 0.098 0.085 
254 UA00064027    (0)   :  0.204 0.143 0.144 0.186 0.156 0.167 
255 UA00015023    (0)   :  0.062 0.137 0.229 0.191 0.188 0.194 
256 UA00050243    (0)   :  0.346 0.118 0.140 0.163 0.085 0.149 
257 UA00048298    (0)   :  0.108 0.175 0.219 0.202 0.100 0.196 
258 UA00050437    (0)   :  0.086 0.135 0.154 0.173 0.296 0.157 
259 UA00014262    (0)   :  0.232 0.144 0.175 0.180 0.098 0.172 
260 UA00049129    (0)   :  0.135 0.234 0.185 0.191 0.065 0.190 
261 UA00014740    (0)   :  0.121 0.242 0.153 0.186 0.114 0.185 
262 UA00049612    (0)   :  0.650 0.069 0.057 0.064 0.098 0.062 
263 UA00014635    (0)   :  0.035 0.366 0.164 0.183 0.044 0.209 
264 UA00014673    (0)   :  0.242 0.131 0.115 0.143 0.237 0.132 
265 UA00033608    (0)   :  0.471 0.129 0.085 0.106 0.102 0.106 
266 UA00064540    (0)   :  0.067 0.314 0.142 0.176 0.115 0.186 
267 UA00050256    (0)   :  0.248 0.120 0.130 0.157 0.201 0.145 
268 UA00015274    (0)   :  0.066 0.162 0.232 0.210 0.113 0.216 
269 UA00062993    (0)   :  0.037 0.263 0.168 0.206 0.113 0.213 
270 UA00038364    (0)   :  0.183 0.209 0.148 0.179 0.109 0.172 
271 UA00014446    (0)   :  0.045 0.211 0.208 0.243 0.062 0.232 
272 UA00063545    (0)   :  0.523 0.070 0.072 0.082 0.175 0.077 
273 UA00040054    (0)   :  0.115 0.165 0.247 0.211 0.045 0.218 
274 UA00058447    (0)   :  0.085 0.247 0.176 0.214 0.061 0.217 
275 UA00046835    (0)   :  0.066 0.281 0.187 0.195 0.066 0.204 
276 UA00014608    (0)   :  0.061 0.225 0.182 0.222 0.091 0.219 
277    pc012    (0)   :  0.109 0.186 0.165 0.200 0.148 0.192 
278    pc002    (0)   :  0.447 0.110 0.103 0.127 0.095 0.118 
279 UA00033690    (0)   :  0.281 0.263 0.109 0.139 0.060 0.148 
280 UA00013688    (0)   :  0.091 0.184 0.178 0.210 0.138 0.199 
281 UA00063666    (0)   :  0.139 0.360 0.129 0.162 0.028 0.181 
282 UA00063292    (0)   :  0.041 0.393 0.150 0.174 0.039 0.203 
283    pc001    (0)   :  0.075 0.198 0.188 0.214 0.120 0.204 
284    pc008    (0)   :  0.088 0.253 0.178 0.198 0.081 0.203 
285 UA00034316    (0)   :  0.238 0.103 0.146 0.140 0.246 0.126 
286 UA00013046    (0)   :  0.053 0.250 0.240 0.200 0.034 0.224 
287 UA00050241    (0)   :  0.055 0.338 0.169 0.197 0.028 0.212 
288 UA00048599    (0)   :  0.041 0.308 0.176 0.207 0.046 0.222 
289 UA00046649    (0)   :  0.484 0.117 0.110 0.122 0.052 0.115 
290 UA00015674    (0)   :  0.534 0.127 0.075 0.090 0.081 0.093 
291 UA00013177    (0)   :  0.154 0.243 0.136 0.158 0.143 0.166 
292 UA00012814    (0)   :  0.073 0.173 0.232 0.212 0.101 0.210 
293 UA00034654    (0)   :  0.051 0.215 0.225 0.228 0.049 0.232 
294 UA00046743    (0)   :  0.053 0.307 0.191 0.181 0.056 0.212 
295 UA00014854    (0)   :  0.228 0.265 0.143 0.160 0.028 0.177 
296 UA00013729    (0)   :  0.076 0.159 0.265 0.209 0.073 0.218 
297 UA00063483    (0)   :  0.062 0.289 0.170 0.220 0.043 0.217 
298 UA00039326    (0)   :  0.214 0.204 0.164 0.178 0.058 0.182 
299 UA00014742    (0)   :  0.060 0.334 0.163 0.200 0.037 0.206 
300 UA00049597    (0)   :  0.544 0.132 0.090 0.105 0.025 0.106 
301 UA00048067    (0)   :  0.169 0.244 0.132 0.180 0.096 0.179 
302 UA00012918    (0)   :  0.297 0.274 0.111 0.133 0.029 0.155 
303 UA00013487    (0)   :  0.033 0.128 0.366 0.207 0.030 0.235 
304 UA00046759    (0)   :  0.174 0.158 0.131 0.162 0.228 0.147 
305 UA00050164    (0)   :  0.621 0.066 0.086 0.086 0.059 0.083 
306 UA00049839    (0)   :  0.050 0.314 0.164 0.197 0.071 0.205 
307 UA00048444    (0)   :  0.117 0.391 0.125 0.153 0.043 0.172 
308 UA00063857    (0)   :  0.083 0.274 0.193 0.207 0.030 0.212 
309 UA00014921    (0)   :  0.543 0.121 0.093 0.108 0.031 0.105 
310 UA00048895    (0)   :  0.475 0.128 0.101 0.118 0.066 0.111 
311 UA00014556    (0)   :  0.076 0.178 0.155 0.195 0.206 0.189 
312    pc009    (0)   :  0.045 0.401 0.152 0.174 0.025 0.203 
313 UA00014959    (0)   :  0.544 0.119 0.089 0.104 0.041 0.103 
314 UA00020709    (0)   :  0.192 0.185 0.176 0.190 0.068 0.188 
315 UA00013126    (0)   :  0.821 0.037 0.033 0.035 0.038 0.035 
316 UA00013695    (0)   :  0.775 0.047 0.045 0.047 0.039 0.047 
317 UA00049344    (0)   :  0.569 0.091 0.082 0.100 0.063 0.096 
318 UA00047614    (0)   :  0.678 0.050 0.045 0.052 0.126 0.049 
319 UA00014221    (0)   :  0.025 0.368 0.169 0.192 0.033 0.212 
320 UA00014346    (0)   :  0.082 0.323 0.142 0.181 0.079 0.193 
321 UA00014245    (0)   :  0.346 0.192 0.128 0.141 0.041 0.152 
322 UA00014696    (0)   :  0.783 0.034 0.040 0.041 0.063 0.039 
323 UA00006991    (0)   :  0.054 0.165 0.223 0.229 0.116 0.214 
324 UA00048948    (0)   :  0.068 0.194 0.203 0.224 0.099 0.212 
325 UA00002239    (0)   :  0.079 0.146 0.221 0.221 0.122 0.212 
326 UA00063459    (0)   :  0.067 0.381 0.147 0.174 0.028 0.203 
327 UA00048356    (0)   :  0.087 0.241 0.141 0.194 0.157 0.180 
328 UA00063940    (0)   :  0.074 0.165 0.203 0.208 0.153 0.196 
329 UA00048130    (0)   :  0.050 0.334 0.152 0.199 0.063 0.202 
330 UA00048903    (0)   :  0.031 0.218 0.272 0.210 0.036 0.234 
331 UA00064643    (0)   :  0.092 0.195 0.212 0.203 0.093 0.204 
332 UA00050233    (0)   :  0.051 0.210 0.207 0.204 0.126 0.202 
333 UA00012507    (0)   :  0.043 0.148 0.190 0.199 0.231 0.189 
334 UA00064416    (0)   :  0.043 0.149 0.312 0.216 0.056 0.225 
335 UA00034724    (0)   :  0.050 0.227 0.220 0.217 0.080 0.206 
336 UA00002621    (0)   :  0.045 0.248 0.227 0.209 0.049 0.223 
337 UA00033203    (0)   :  0.065 0.133 0.319 0.205 0.052 0.226 
338 UA00011996    (0)   :  0.102 0.205 0.195 0.233 0.043 0.221 
339 UA00014408    (0)   :  0.063 0.115 0.162 0.162 0.345 0.153 
340 UA00049502    (0)   :  0.052 0.229 0.156 0.206 0.164 0.193 
341 UA00062695    (0)   :  0.130 0.266 0.145 0.175 0.100 0.183 
342 UA00014072    (0)   :  0.074 0.314 0.162 0.196 0.064 0.190 
343 UA00003334    (0)   :  0.051 0.291 0.208 0.194 0.038 0.218 
344 UA00013835    (0)   :  0.113 0.233 0.169 0.210 0.073 0.202 
345 UA00046760    (0)   :  0.252 0.213 0.142 0.174 0.052 0.166 
346 UA00014241    (0)   :  0.045 0.215 0.234 0.208 0.071 0.227 
347 UA00049585    (0)   :  0.054 0.297 0.177 0.226 0.031 0.214 
348 UA00013409    (0)   :  0.072 0.289 0.125 0.155 0.197 0.162 
349 UA00047548    (0)   :  0.066 0.198 0.226 0.234 0.035 0.240 
350 UA00049038    (0)   :  0.388 0.137 0.103 0.129 0.123 0.119 
351 UA00047612    (0)   :  0.051 0.203 0.202 0.228 0.088 0.227 
352 UA00014822    (0)   :  0.362 0.112 0.099 0.127 0.177 0.123 
353 UA00035299    (0)   :  0.071 0.177 0.241 0.218 0.069 0.223 
354 UA00012804    (0)   :  0.412 0.129 0.112 0.139 0.080 0.128 
355 UA00049578    (0)   :  0.058 0.194 0.173 0.200 0.189 0.186 
356 UA00047672    (0)   :  0.042 0.125 0.327 0.210 0.066 0.231 
357 UA00043961    (0)   :  0.636 0.079 0.061 0.069 0.086 0.069 
358 UA00064575    (0)   :  0.065 0.224 0.133 0.172 0.244 0.162 
359 UA00014732    (0)   :  0.042 0.177 0.241 0.228 0.096 0.215 
360 UA00050181    (0)   :  0.032 0.170 0.237 0.241 0.089 0.231 
361 UA00033369    (0)   :  0.306 0.119 0.152 0.166 0.102 0.155 
362 UA00011982    (0)   :  0.030 0.143 0.356 0.206 0.027 0.237 
363 UA00014590    (0)   :  0.144 0.140 0.225 0.200 0.097 0.193 
364 UA00047743    (0)   :  0.047 0.154 0.296 0.227 0.041 0.236 
365 UA00046621    (0)   :  0.040 0.162 0.302 0.228 0.030 0.238 
366 UA00050422    (0)   :  0.054 0.164 0.199 0.200 0.184 0.199 
367 UA00002760    (0)   :  0.123 0.216 0.196 0.212 0.055 0.198 
368 UA00012999    (0)   :  0.172 0.156 0.216 0.210 0.050 0.195 
369 UA00063838    (0)   :  0.045 0.233 0.233 0.203 0.061 0.226 
370 UA00003729    (0)   :  0.244 0.163 0.109 0.139 0.212 0.134 
371 UA00015348    (0)   :  0.099 0.319 0.141 0.178 0.084 0.178 
372 UA00019058    (0)   :  0.065 0.315 0.145 0.167 0.125 0.183 
373 UA00049549    (0)   :  0.160 0.360 0.125 0.153 0.030 0.173 
374 UA00014334    (0)   :  0.074 0.148 0.223 0.206 0.144 0.204 
375 UA00014350    (0)   :  0.024 0.129 0.386 0.198 0.023 0.240 
376 UA00049227    (0)   :  0.262 0.125 0.145 0.174 0.130 0.165 
377 UA00014051    (0)   :  0.033 0.136 0.246 0.196 0.200 0.190 
378 UA00034381    (0)   :  0.058 0.196 0.209 0.202 0.133 0.202 
379 UA00002354    (0)   :  0.034 0.144 0.335 0.212 0.039 0.236 
380 UA00049892    (0)   :  0.129 0.247 0.205 0.181 0.036 0.203 
381 UA00021989    (0)   :  0.035 0.204 0.246 0.212 0.078 0.225 
382 UA00048968    (0)   :  0.045 0.176 0.246 0.223 0.083 0.227 
383 UA00013174    (0)   :  0.066 0.152 0.274 0.207 0.087 0.214 
384 UA00033992    (0)   :  0.251 0.132 0.194 0.194 0.050 0.180 
385 UA00015801    (0)   :  0.023 0.158 0.333 0.217 0.027 0.242 
386 UA00063303    (0)   :  0.337 0.178 0.125 0.139 0.082 0.140 
387 UA00050206    (0)   :  0.027 0.387 0.154 0.186 0.046 0.200 
388 UA00014458    (0)   :  0.124 0.208 0.195 0.188 0.096 0.190 
389 UA00007204    (0)   :  0.091 0.303 0.176 0.182 0.043 0.205 
390 UA00063212    (0)   :  0.226 0.210 0.107 0.143 0.176 0.137 
391 UA00013340    (0)   :  0.153 0.202 0.181 0.219 0.051 0.194 
392 UA00062743    (0)   :  0.039 0.136 0.248 0.220 0.141 0.217 
393 UA00063189    (0)   :  0.080 0.084 0.106 0.102 0.531 0.097 
394 UA00035432    (0)   :  0.047 0.281 0.204 0.209 0.045 0.214 
395 UA00007958    (0)   :  0.044 0.189 0.257 0.225 0.049 0.235 
396 UA00013634    (0)   :  0.036 0.141 0.291 0.219 0.079 0.235 
397 UA00048175    (0)   :  0.021 0.125 0.370 0.204 0.051 0.229 
398 UA00003202    (0)   :  0.058 0.230 0.207 0.226 0.061 0.219 
399 UA00035090    (0)   :  0.066 0.229 0.183 0.193 0.130 0.199 
400 UA00064679    (0)   :  0.076 0.115 0.150 0.140 0.379 0.140 
401 UA00039518    (0)   :  0.058 0.190 0.263 0.212 0.050 0.226 
402 UA00058268    (0)   :  0.066 0.188 0.222 0.224 0.076 0.223 
403 UA00049456    (0)   :  0.276 0.190 0.141 0.162 0.074 0.157 
404 UA00049550    (0)   :  0.042 0.275 0.159 0.187 0.147 0.190 
405 UA00048342    (0)   :  0.202 0.188 0.158 0.191 0.081 0.180 
406 UA00063493    (0)   :  0.036 0.230 0.238 0.226 0.044 0.226 
407 UA00058261    (0)   :  0.042 0.129 0.260 0.187 0.187 0.195 
408 UA00014663    (0)   :  0.071 0.167 0.220 0.227 0.102 0.213 
409 UA00048817    (0)   :  0.249 0.124 0.189 0.179 0.083 0.175 
410 UA00049381    (0)   :  0.039 0.140 0.297 0.212 0.094 0.217 
411 UA00035901    (0)   :  0.074 0.142 0.144 0.165 0.319 0.157 
412 UA00013301    (0)   :  0.071 0.331 0.135 0.171 0.115 0.177 
413 UA00047926    (0)   :  0.102 0.129 0.252 0.188 0.137 0.192 
414 UA00007272    (0)   :  0.075 0.122 0.203 0.185 0.239 0.175 
415 UA00016041    (0)   :  0.113 0.258 0.174 0.195 0.062 0.198 
416 UA00013502    (0)   :  0.033 0.202 0.252 0.200 0.098 0.215 
417 UA00002390    (0)   :  0.172 0.152 0.201 0.208 0.070 0.197 
418 UA00034907    (0)   :  0.049 0.205 0.187 0.227 0.111 0.220 
419 UA00048821    (0)   :  0.196 0.142 0.164 0.165 0.169 0.164 
420 UA00002136    (0)   :  0.195 0.228 0.130 0.178 0.101 0.168 
421 UA00011790    (0)   :  0.070 0.148 0.251 0.217 0.096 0.217 
422 UA00021586    (0)   :  0.260 0.147 0.160 0.166 0.102 0.165 
423 UA00033270    (0)   :  0.071 0.195 0.202 0.212 0.107 0.213 
424 UA00048073    (0)   :  0.076 0.227 0.201 0.208 0.077 0.211 
425 UA00048856    (0)   :  0.063 0.179 0.193 0.194 0.169 0.203 
426 UA00049713    (0)   :  0.063 0.148 0.286 0.199 0.084 0.219 
427 UA00046885    (0)   :  0.071 0.229 0.197 0.224 0.060 0.220 
428 UA00034893    (0)   :  0.053 0.212 0.254 0.207 0.047 0.227 
429 UA00048011    (0)   :  0.030 0.178 0.247 0.210 0.122 0.213 
430 UA00015786    (0)   :  0.115 0.139 0.161 0.164 0.266 0.154 
431 UA00013162    (0)   :  0.064 0.131 0.240 0.211 0.144 0.211 
432 UA00049512    (0)   :  0.095 0.235 0.165 0.196 0.111 0.197 
433 UA00004046    (0)   :  0.034 0.145 0.313 0.221 0.065 0.222 
434 UA00048881    (0)   :  0.194 0.129 0.128 0.153 0.257 0.139 
435 UA00046610    (0)   :  0.184 0.134 0.177 0.180 0.151 0.175 
436 UA00033282    (0)   :  0.098 0.192 0.173 0.208 0.133 0.196 
437 UA00047561    (0)   :  0.049 0.153 0.279 0.229 0.065 0.225 
438 UA00013777    (0)   :  0.043 0.136 0.202 0.196 0.233 0.191 
439 UA00062849    (0)   :  0.058 0.334 0.159 0.189 0.059 0.200 
440 UA00049786    (0)   :  0.031 0.125 0.328 0.204 0.100 0.212 
441 UA00033246    (0)   :  0.039 0.403 0.146 0.182 0.029 0.200 
442 UA00045302    (0)   :  0.087 0.189 0.204 0.236 0.053 0.231 
443 UA00048637    (0)   :  0.043 0.139 0.312 0.206 0.093 0.208 
444 UA00049832    (0)   :  0.227 0.235 0.154 0.166 0.051 0.167 
445 UA00022023    (0)   :  0.171 0.153 0.195 0.205 0.075 0.201 
446 UA00050192    (0)   :  0.269 0.137 0.166 0.183 0.067 0.177 
447 UA00050413    (0)   :  0.064 0.212 0.211 0.209 0.096 0.208 
448 UA00013445    (0)   :  0.033 0.179 0.273 0.239 0.044 0.232 
449 UA00035496    (0)   :  0.064 0.163 0.150 0.175 0.281 0.167 
450 UA00003333    (0)   :  0.134 0.113 0.140 0.142 0.334 0.137 
451 UA00064008    (0)   :  0.044 0.126 0.172 0.168 0.326 0.164 
452 UA00003427    (0)   :  0.237 0.151 0.155 0.178 0.116 0.163 
453 UA00028092    (0)   :  0.303 0.131 0.120 0.137 0.182 0.127 
454    pc003    (0)   :  0.120 0.060 0.061 0.066 0.630 0.062 
455 UA00034440    (0)   :  0.050 0.299 0.164 0.192 0.102 0.193 
456 UA00026062    (0)   :  0.068 0.130 0.304 0.215 0.059 0.223 
457 UA00014347    (0)   :  0.109 0.193 0.150 0.202 0.155 0.191 
458 UA00021516    (0)   :  0.049 0.152 0.302 0.222 0.054 0.221 
459 UA00049347    (0)   :  0.052 0.118 0.153 0.149 0.387 0.141 
460 UA00063436    (0)   :  0.063 0.170 0.104 0.118 0.425 0.119 
461 UA00047790    (0)   :  0.056 0.156 0.246 0.233 0.081 0.229 
462 UA00045714    (0)   :  0.136 0.119 0.138 0.156 0.307 0.144 
463 UA00038979    (0)   :  0.179 0.267 0.143 0.165 0.070 0.176 
464 UA00016123    (0)   :  0.108 0.140 0.191 0.197 0.170 0.195 
465 UA00034765    (0)   :  0.030 0.052 0.065 0.064 0.729 0.061 
466 UA00063815    (0)   :  0.143 0.088 0.070 0.087 0.531 0.082 
467 UA00034795    (0)   :  0.063 0.299 0.161 0.190 0.086 0.200 
468 UA00004000    (0)   :  0.050 0.072 0.069 0.076 0.660 0.073 
469 UA00049367    (0)   :  0.038 0.261 0.171 0.188 0.149 0.193 
470 UA00034457    (0)   :  0.071 0.181 0.231 0.235 0.050 0.232 
471 UA00050015    (0)   :  0.113 0.244 0.148 0.197 0.109 0.189 
472 UA00021373    (0)   :  0.074 0.188 0.210 0.220 0.092 0.216 
473 UA00050232    (0)   :  0.127 0.071 0.071 0.078 0.577 0.076 
474 UA00038724    (0)   :  0.180 0.217 0.158 0.198 0.058 0.188 
475 UA00007824    (0)   :  0.141 0.129 0.216 0.197 0.129 0.188 
476 UA00048754    (0)   :  0.032 0.138 0.217 0.206 0.199 0.209 
477 UA00014271    (0)   :  0.114 0.192 0.211 0.204 0.074 0.205 
478 UA00013756    (0)   :  0.152 0.218 0.119 0.148 0.216 0.146 
479 UA00014385    (0)   :  0.156 0.106 0.138 0.137 0.331 0.132 
480 UA00049609    (0)   :  0.059 0.292 0.177 0.194 0.072 0.206 
481 UA00003748    (0)   :  0.044 0.108 0.152 0.154 0.398 0.144 
482 UA00063952    (0)   :  0.037 0.131 0.166 0.169 0.334 0.162 
483 UA00058348    (0)   :  0.034 0.109 0.098 0.109 0.549 0.101 
484 UA00014922    (0)   :  0.060 0.061 0.063 0.063 0.692 0.061 
485 UA00003820    (0)   :  0.032 0.141 0.239 0.212 0.158 0.218 
486 UA00013693    (0)   :  0.117 0.143 0.171 0.182 0.212 0.176 
487 UA00047713    (0)   :  0.035 0.067 0.089 0.084 0.643 0.081 
488 UA00034891    (0)   :  0.076 0.133 0.107 0.147 0.402 0.137 
489 UA00049223    (0)   :  0.055 0.134 0.147 0.152 0.364 0.148 
490 UA00064399    (0)   :  0.264 0.040 0.048 0.051 0.548 0.050 
491 UA00013336    (0)   :  0.094 0.054 0.050 0.053 0.695 0.053 
492 UA00035291    (0)   :  0.078 0.054 0.063 0.070 0.669 0.067 
493 UA00003945    (0)   :  0.073 0.074 0.078 0.083 0.613 0.078 
494 UA00014518    (0)   :  0.066 0.083 0.120 0.117 0.501 0.113 
495 UA00013583    (0)   :  0.460 0.090 0.076 0.090 0.199 0.086 
496 UA00011510    (0)   :  0.097 0.100 0.113 0.120 0.453 0.116 
497 UA00046860    (0)   :  0.086 0.118 0.167 0.151 0.329 0.149 
498 UA00048853    (0)   :  0.183 0.101 0.115 0.125 0.360 0.116 
499 UA00012151    (0)   :  0.050 0.051 0.066 0.066 0.703 0.063 
500 UA00063930    (0)   :  0.419 0.145 0.086 0.105 0.147 0.098 
501 UA00013453    (0)   :  0.140 0.134 0.140 0.149 0.294 0.143 
502 UA00039299    (0)   :  0.056 0.047 0.045 0.049 0.756 0.048 
503 UA00014280    (0)   :  0.027 0.040 0.037 0.041 0.816 0.039 
504 UA00014200    (0)   :  0.046 0.075 0.110 0.102 0.570 0.097 
505 UA00040612    (0)   :  0.123 0.045 0.049 0.053 0.680 0.050 
506 UA00062679    (0)   :  0.079 0.047 0.047 0.051 0.728 0.048 
507 UA00034481    (0)   :  0.045 0.064 0.071 0.078 0.668 0.074 
508 UA00011880    (0)   :  0.313 0.221 0.100 0.135 0.098 0.132 
509 UA00013421    (0)   :  0.164 0.040 0.045 0.050 0.656 0.046 
510 UA00048051    (0)   :  0.042 0.033 0.035 0.038 0.817 0.035 
511 UA00063370    (0)   :  0.128 0.039 0.036 0.043 0.714 0.039 
512 UA00014716    (0)   :  0.081 0.048 0.047 0.052 0.722 0.050 
513 UA00033426    (0)   :  0.156 0.074 0.119 0.102 0.447 0.101 
514 UA00015190    (0)   :  0.231 0.047 0.050 0.055 0.565 0.053 
515 UA00013730    (0)   :  0.098 0.196 0.219 0.216 0.055 0.215 
516 UA00047644    (4)   :  0.162 0.087 0.091 0.107 0.454 0.100 
517 UA00031933    (9)   :  0.062 0.154 0.234 0.221 0.114 0.215 
518 UA00031541    (9)   :  0.130 0.112 0.118 0.119 0.405 0.117 
519   PCO-60    (4)   :  0.054 0.186 0.189 0.196 0.176 0.199 
520 UA00030495    (4)   :  0.137 0.173 0.157 0.190 0.166 0.176 
521 UA00031133    (4)   :  0.050 0.391 0.148 0.175 0.034 0.202 
522 UA00032049    (4)   :  0.314 0.134 0.131 0.165 0.100 0.155 
523 UA00030599    (4)   :  0.113 0.339 0.127 0.162 0.083 0.176 
524 UA00030250    (4)   :  0.042 0.164 0.283 0.230 0.056 0.225 
525 UA00049385    (4)   :  0.144 0.254 0.135 0.180 0.116 0.171 
526 UA00031816    (4)   :  0.048 0.400 0.137 0.174 0.041 0.200 
527 UA00030275    (4)   :  0.131 0.154 0.209 0.201 0.102 0.204 
528 UA00041861    (4)   :  0.104 0.162 0.203 0.209 0.113 0.209 
529 UA00041433    (4)   :  0.036 0.197 0.242 0.235 0.052 0.237 
530  PCO-114    (4)   :  0.043 0.136 0.262 0.207 0.138 0.214 
531 UA00031529    (4)   :  0.057 0.215 0.202 0.215 0.093 0.218 
532 UA00039719    (4)   :  0.048 0.180 0.247 0.199 0.119 0.207 
533  PCO-442    (4)   :  0.034 0.149 0.320 0.216 0.045 0.236 
534   PCO-58    (0)   :  0.070 0.121 0.302 0.201 0.097 0.208 
535 UA00048673    (4)   :  0.066 0.189 0.177 0.214 0.156 0.198 
536   PCO-63    (4)   :  0.036 0.238 0.215 0.214 0.086 0.211 


Estimated Allele Frequencies in each cluster
First column gives estimated ancestral frequencies


Locus 1 : PP01 
2 alleles
0.0% missing data
   1   (0.589) 0.886 0.559 0.607 0.589 0.333 0.589 
   2   (0.411) 0.114 0.441 0.393 0.411 0.667 0.411 

Locus 2 : PP02 
2 alleles
0.0% missing data
   1   (0.914) 0.991 0.898 0.913 0.911 0.966 0.912 
   2   (0.086) 0.009 0.102 0.087 0.089 0.034 0.088 

Locus 3 : PP03 
2 alleles
18.3% missing data
   1   (0.795) 0.935 0.732 0.818 0.788 0.975 0.787 
   2   (0.205) 0.065 0.268 0.182 0.212 0.025 0.213 

Locus 4 : PP04 
2 alleles
0.4% missing data
   1   (0.724) 0.648 0.576 0.712 0.692 0.963 0.675 
   2   (0.276) 0.352 0.424 0.288 0.308 0.037 0.325 

Locus 5 : PP06 
2 alleles
0.0% missing data
   1   (0.636) 0.657 0.706 0.631 0.650 0.619 0.649 
   2   (0.364) 0.343 0.294 0.369 0.350 0.381 0.351 

Locus 6 : PP07 
2 alleles
0.0% missing data
   1   (0.701) 0.892 0.621 0.691 0.680 0.955 0.671 
   2   (0.299) 0.108 0.379 0.309 0.320 0.045 0.329 

Locus 7 : PP09 
2 alleles
0.0% missing data
   1   (0.471) 0.621 0.617 0.444 0.495 0.058 0.508 
   2   (0.529) 0.379 0.383 0.556 0.505 0.942 0.492 

Locus 8 : PP10 
2 alleles
0.0% missing data
   1   (0.190) 0.422 0.111 0.126 0.154 0.390 0.140 
   2   (0.810) 0.578 0.889 0.874 0.846 0.610 0.860 

Locus 9 : PP11 
2 alleles
0.0% missing data
   1   (0.683) 0.824 0.765 0.641 0.689 0.821 0.687 
   2   (0.317) 0.176 0.235 0.359 0.311 0.179 0.313 

Locus 10 : PP12 
2 alleles
0.2% missing data
   1   (0.417) 0.266 0.459 0.441 0.435 0.099 0.448 
   2   (0.583) 0.734 0.541 0.559 0.565 0.901 0.552 

Locus 11 : PP13 
2 alleles
0.0% missing data
   1   (0.172) 0.510 0.110 0.145 0.147 0.139 0.140 
   2   (0.828) 0.490 0.890 0.855 0.853 0.861 0.860 

Locus 12 : PP14 
2 alleles
0.2% missing data
   1   (0.872) 0.969 0.907 0.846 0.874 0.916 0.873 
   2   (0.128) 0.031 0.093 0.154 0.126 0.084 0.127 

Locus 13 : PP15 
2 alleles
0.0% missing data
   1   (0.894) 0.367 0.904 0.936 0.910 0.926 0.917 
   2   (0.106) 0.633 0.096 0.064 0.090 0.074 0.083 

Locus 14 : PP16 
2 alleles
0.0% missing data
   1   (0.491) 0.432 0.609 0.529 0.524 0.409 0.543 
   2   (0.509) 0.568 0.391 0.471 0.476 0.591 0.457 

Locus 15 : PP17 
2 alleles
0.2% missing data
   1   (0.657) 0.849 0.613 0.660 0.650 0.493 0.652 
   2   (0.343) 0.151 0.387 0.340 0.350 0.507 0.348 

Locus 16 : PP18 
2 alleles
0.7% missing data
   1   (0.757) 0.899 0.779 0.729 0.753 0.924 0.757 
   2   (0.243) 0.101 0.221 0.271 0.247 0.076 0.243 

Locus 17 : PP20 
2 alleles
0.0% missing data
   1   (0.625) 0.657 0.620 0.660 0.637 0.498 0.640 
   2   (0.375) 0.343 0.380 0.340 0.363 0.502 0.360 

Locus 18 : PP21 
2 alleles
14.9% missing data
   1   (0.866) 0.976 0.820 0.857 0.854 0.990 0.847 
   2   (0.134) 0.024 0.180 0.143 0.146 0.010 0.153 

Locus 19 : PP22 
2 alleles
1.3% missing data
   1   (0.448) 0.053 0.321 0.532 0.451 0.111 0.452 
   2   (0.552) 0.947 0.679 0.468 0.549 0.889 0.548 

Locus 20 : PP23 
2 alleles
0.7% missing data
   1   (0.649) 0.731 0.662 0.619 0.642 0.800 0.638 
   2   (0.351) 0.269 0.338 0.381 0.358 0.200 0.362 

Locus 21 : PP24 
2 alleles
0.2% missing data
   1   (0.791) 0.889 0.839 0.853 0.818 0.576 0.828 
   2   (0.209) 0.111 0.161 0.147 0.182 0.424 0.172 

Locus 22 : PP25 
2 alleles
0.6% missing data
   1   (0.362) 0.742 0.371 0.308 0.345 0.475 0.334 
   2   (0.638) 0.258 0.629 0.692 0.655 0.525 0.666 

Values of parameters used in structure:
