

----------------------------------------------------
STRUCTURE by Pritchard, Stephens and Donnelly (2000)
     and Falush, Stephens and Pritchard (2003)
       Code by Pritchard, Falush and Hubisz
             Version 2.3.4 (Jul 2012)
----------------------------------------------------



Command line arguments:   structure -K 9 -o outputfile_K9_4 
Input File:    Puma_SNP_genotypes_cut_AZ_final_HWEonly.str

Run parameters:
   536 individuals
   22 loci
   9 populations assumed
   100000 Burn-in period
   500000 Reps


--------------------------------------------
Overall proportion of membership of the
sample in each of the 9 clusters

Inferred Clusters
  1      2      3      4      5      6      7      8      9    
0.114  0.114  0.113  0.090  0.113  0.114  0.114  0.116  0.113  

--------------------------------------------

Allele-freq. divergence among pops (Net nucleotide distance),
computed using point estimates of P.

      1       2       3       4       5       6       7       8       9      
 1      -    0.0004  0.0002  0.0698  0.0004  0.0005  0.0001  0.0423  0.0011  
 2   0.0004     -    0.0001  0.0668  0.0013  0.0001  0.0002  0.0432  0.0026  
 3   0.0002  0.0001     -    0.0683  0.0007  0.0004  0.0000  0.0437  0.0017  
 4   0.0698  0.0668  0.0683     -    0.0696  0.0678  0.0692  0.0875  0.0776  
 5   0.0004  0.0013  0.0007  0.0696     -    0.0016  0.0006  0.0404  0.0009  
 6   0.0005  0.0001  0.0004  0.0678  0.0016     -    0.0004  0.0436  0.0028  
 7   0.0001  0.0002  0.0000  0.0692  0.0006  0.0004     -    0.0439  0.0015  
 8   0.0423  0.0432  0.0437  0.0875  0.0404  0.0436  0.0439     -    0.0479  
 9   0.0011  0.0026  0.0017  0.0776  0.0009  0.0028  0.0015  0.0479     -    

Average distances (expected heterozygosity) between individuals in same cluster:
cluster  1  : 0.3786 
cluster  2  : 0.3782 
cluster  3  : 0.3775 
cluster  4  : 0.2541 
cluster  5  : 0.3786 
cluster  6  : 0.3777 
cluster  7  : 0.3772 
cluster  8  : 0.2630 
cluster  9  : 0.3736 

--------------------------------------------
Estimated Ln Prob of Data   = -13762.6
Mean value of ln likelihood = -12271.4
Variance of ln likelihood   = 2982.6
Mean value of alpha         = 0.0934

Mean value of Fst_1         = 0.0528
Mean value of Fst_2         = 0.0590
Mean value of Fst_3         = 0.0616
Mean value of Fst_4         = 0.3696
Mean value of Fst_5         = 0.0383
Mean value of Fst_6         = 0.0598
Mean value of Fst_7         = 0.0664
Mean value of Fst_8         = 0.2819
Mean value of Fst_9         = 0.0764


Inferred ancestry of individuals:
        Label (%Miss) :  Inferred clusters
  1 UA00063336   (13)   :  0.094 0.100 0.103 0.288 0.104 0.092 0.096 0.038 0.084 
  2 UA00048914    (9)   :  0.117 0.118 0.117 0.048 0.137 0.118 0.113 0.121 0.111 
  3 UA00014769   (13)   :  0.131 0.093 0.119 0.022 0.126 0.099 0.136 0.010 0.264 
  4 UA00008132   (13)   :  0.129 0.124 0.126 0.066 0.136 0.124 0.120 0.045 0.129 
  5 UA00030462   (13)   :  0.118 0.115 0.110 0.042 0.127 0.110 0.113 0.164 0.101 
  6 UA00034866   (13)   :  0.129 0.132 0.128 0.015 0.138 0.135 0.121 0.099 0.104 
  7 UA00034800    (9)   :  0.053 0.051 0.052 0.568 0.059 0.054 0.053 0.053 0.056 
  8  Puco006    (9)   :  0.037 0.037 0.036 0.030 0.038 0.033 0.035 0.720 0.032 
  9 UA00048874    (4)   :  0.081 0.087 0.084 0.366 0.090 0.076 0.079 0.064 0.073 
 10 UA00049060    (9)   :  0.123 0.120 0.140 0.043 0.128 0.109 0.137 0.022 0.177 
 11 UA00033413    (9)   :  0.141 0.159 0.135 0.019 0.089 0.173 0.149 0.034 0.101 
 12  Puco021    (9)   :  0.127 0.164 0.137 0.071 0.072 0.171 0.153 0.017 0.087 
 13  Puco026    (9)   :  0.125 0.144 0.152 0.047 0.123 0.123 0.143 0.018 0.124 
 14  Puco008    (9)   :  0.102 0.106 0.102 0.133 0.114 0.097 0.100 0.161 0.085 
 15   M01301    (9)   :  0.136 0.143 0.132 0.014 0.094 0.156 0.127 0.077 0.122 
 16   M06306    (9)   :  0.089 0.113 0.109 0.283 0.097 0.097 0.107 0.018 0.086 
 17 UA00032185    (9)   :  0.136 0.127 0.121 0.050 0.126 0.130 0.117 0.066 0.128 
 18 UA00030792    (9)   :  0.011 0.011 0.011 0.911 0.011 0.011 0.011 0.013 0.011 
 19 UA00031647    (9)   :  0.114 0.120 0.117 0.130 0.135 0.107 0.110 0.077 0.091 
 20 UA00031979    (9)   :  0.124 0.135 0.144 0.030 0.140 0.115 0.137 0.060 0.115 
 21  Puco016    (9)   :  0.120 0.116 0.117 0.019 0.136 0.107 0.117 0.163 0.105 
 22  Puco010    (9)   :  0.141 0.138 0.132 0.033 0.124 0.153 0.125 0.034 0.120 
 23    M1035    (9)   :  0.133 0.129 0.127 0.073 0.144 0.129 0.124 0.019 0.122 
 24 UA00034601    (9)   :  0.116 0.135 0.140 0.052 0.127 0.119 0.128 0.075 0.107 
 25 UA00050388    (9)   :  0.129 0.134 0.134 0.052 0.133 0.128 0.122 0.060 0.108 
 26 UA00048699    (9)   :  0.097 0.091 0.090 0.023 0.108 0.086 0.091 0.317 0.098 
 27 UA00064058    (9)   :  0.124 0.129 0.139 0.047 0.146 0.117 0.141 0.021 0.136 
 28 UA00033981    (9)   :  0.127 0.159 0.131 0.037 0.087 0.195 0.138 0.038 0.088 
 29   F05033    (9)   :  0.133 0.132 0.142 0.024 0.126 0.125 0.140 0.023 0.153 
 30 UA00048520    (4)   :  0.114 0.128 0.128 0.125 0.109 0.113 0.117 0.067 0.100 
 31 UA00048422    (4)   :  0.024 0.026 0.025 0.809 0.024 0.026 0.025 0.019 0.022 
 32    PucoB    (4)   :  0.121 0.159 0.175 0.033 0.109 0.128 0.154 0.013 0.108 
 33 UA00047393    (4)   :  0.123 0.105 0.113 0.107 0.144 0.108 0.120 0.028 0.153 
 34 UA00064521    (4)   :  0.118 0.126 0.126 0.028 0.128 0.116 0.113 0.151 0.095 
 35 UA00003043    (4)   :  0.128 0.111 0.122 0.016 0.137 0.110 0.122 0.120 0.135 
 36 UA00063025    (4)   :  0.104 0.117 0.106 0.145 0.113 0.114 0.103 0.114 0.083 
 37 UA00063826    (4)   :  0.136 0.152 0.136 0.035 0.121 0.165 0.134 0.023 0.097 
 38   F07407    (4)   :  0.116 0.142 0.135 0.168 0.082 0.125 0.129 0.023 0.081 
 39 UA00021658    (4)   :  0.136 0.129 0.131 0.032 0.140 0.131 0.131 0.033 0.137 
 40 UA00003794    (4)   :  0.108 0.137 0.151 0.138 0.089 0.114 0.135 0.027 0.102 
 41 UA00041322    (4)   :  0.132 0.131 0.128 0.047 0.150 0.125 0.126 0.055 0.106 
 42 UA00063316    (4)   :  0.121 0.129 0.125 0.067 0.135 0.129 0.123 0.074 0.098 
 43 UA00047705    (4)   :  0.123 0.145 0.152 0.035 0.126 0.119 0.139 0.050 0.112 
 44 UA00033904    (4)   :  0.093 0.100 0.110 0.298 0.104 0.083 0.092 0.034 0.085 
 45 UA00048100    (4)   :  0.127 0.141 0.150 0.018 0.125 0.130 0.151 0.039 0.117 
 46 UA00032212    (4)   :  0.108 0.108 0.107 0.177 0.115 0.115 0.100 0.082 0.088 
 47 UA00031574    (4)   :  0.024 0.025 0.025 0.800 0.023 0.024 0.025 0.033 0.021 
 48 UA00031228    (4)   :  0.015 0.014 0.015 0.878 0.015 0.015 0.015 0.020 0.014 
 49 UA00047707    (4)   :  0.140 0.111 0.120 0.011 0.152 0.111 0.133 0.023 0.200 
 50 UA00030906    (4)   :  0.011 0.011 0.011 0.907 0.011 0.011 0.010 0.018 0.010 
 51 UA00041567    (4)   :  0.140 0.147 0.127 0.042 0.103 0.170 0.123 0.050 0.098 
 52 UA00007624    (4)   :  0.136 0.128 0.134 0.014 0.123 0.133 0.132 0.026 0.174 
 53 UA00034514    (4)   :  0.132 0.130 0.132 0.028 0.142 0.130 0.139 0.038 0.129 
 54 UA00030480    (4)   :  0.124 0.129 0.128 0.097 0.147 0.115 0.123 0.024 0.112 
 55  Puco012    (4)   :  0.135 0.128 0.134 0.026 0.146 0.126 0.133 0.047 0.125 
 56 UA00038677    (9)   :  0.116 0.127 0.119 0.080 0.120 0.119 0.116 0.105 0.098 
 57 UA00048275    (4)   :  0.129 0.153 0.142 0.020 0.122 0.155 0.145 0.029 0.104 
 58 UA00064055    (4)   :  0.136 0.129 0.132 0.028 0.150 0.121 0.135 0.043 0.127 
 59  Puco009    (4)   :  0.119 0.110 0.114 0.016 0.131 0.116 0.115 0.171 0.108 
 60 UA00064561    (4)   :  0.135 0.085 0.108 0.016 0.139 0.090 0.119 0.053 0.254 
 61 UA00003479    (4)   :  0.139 0.127 0.127 0.023 0.149 0.125 0.130 0.056 0.124 
 62 UA00063747    (4)   :  0.137 0.136 0.135 0.012 0.131 0.127 0.137 0.043 0.142 
 63 UA00002558    (4)   :  0.125 0.118 0.121 0.019 0.120 0.126 0.109 0.162 0.099 
 64 UA00048410    (4)   :  0.124 0.105 0.106 0.013 0.131 0.098 0.113 0.153 0.156 
 65 UA00012249    (4)   :  0.128 0.112 0.122 0.015 0.143 0.108 0.134 0.078 0.159 
 66 UA00033818    (4)   :  0.059 0.064 0.063 0.534 0.057 0.060 0.059 0.052 0.052 
 67  Puco020    (4)   :  0.121 0.111 0.109 0.109 0.132 0.112 0.116 0.058 0.131 
 68 UA00002545    (9)   :  0.132 0.112 0.122 0.055 0.156 0.104 0.131 0.027 0.160 
 69 UA00048508    (4)   :  0.142 0.132 0.132 0.021 0.142 0.131 0.131 0.030 0.138 
 70 UA00064100    (4)   :  0.135 0.139 0.141 0.033 0.143 0.129 0.125 0.034 0.121 
 71 UA00014585    (4)   :  0.127 0.131 0.126 0.030 0.151 0.132 0.131 0.048 0.122 
 72 UA00063698    (4)   :  0.085 0.089 0.086 0.076 0.085 0.087 0.086 0.336 0.069 
 73 UA00049753    (4)   :  0.092 0.104 0.102 0.310 0.107 0.095 0.097 0.016 0.077 
 74 UA00049037    (4)   :  0.133 0.129 0.132 0.043 0.141 0.126 0.134 0.024 0.139 
 75 UA00034941    (4)   :  0.118 0.138 0.137 0.046 0.134 0.132 0.138 0.054 0.103 
 76 UA00008083    (4)   :  0.063 0.060 0.055 0.036 0.063 0.062 0.057 0.546 0.057 
 77 UA00015084    (4)   :  0.085 0.093 0.096 0.107 0.089 0.088 0.087 0.282 0.073 
 78 UA00041010    (9)   :  0.050 0.051 0.048 0.264 0.055 0.047 0.049 0.393 0.044 
 79 UA00035261    (4)   :  0.108 0.114 0.118 0.155 0.112 0.105 0.110 0.083 0.094 
 80 UA00035431    (4)   :  0.141 0.140 0.134 0.012 0.127 0.151 0.127 0.054 0.114 
 81 UA00045274    (0)   :  0.121 0.143 0.149 0.054 0.117 0.117 0.128 0.071 0.100 
 82 UA00028200    (4)   :  0.087 0.093 0.092 0.309 0.092 0.079 0.088 0.095 0.065 
 83 UA00064559    (0)   :  0.018 0.019 0.019 0.854 0.018 0.020 0.019 0.016 0.017 
 84 UA00040808    (0)   :  0.093 0.089 0.092 0.257 0.105 0.081 0.092 0.103 0.088 
 85 UA00049156    (0)   :  0.088 0.097 0.091 0.264 0.100 0.091 0.088 0.104 0.076 
 86 UA00003952    (4)   :  0.059 0.061 0.061 0.022 0.068 0.057 0.063 0.550 0.058 
 87 UA00063954    (0)   :  0.121 0.137 0.135 0.090 0.140 0.113 0.127 0.023 0.112 
 88 UA00062934    (0)   :  0.118 0.127 0.134 0.112 0.132 0.110 0.121 0.046 0.101 
 89 UA00033829    (0)   :  0.041 0.040 0.041 0.539 0.042 0.041 0.040 0.179 0.037 
 90 UA00064351    (4)   :  0.137 0.160 0.127 0.026 0.088 0.178 0.129 0.067 0.088 
 91 UA00003697    (4)   :  0.068 0.068 0.067 0.051 0.072 0.067 0.065 0.488 0.056 
 92 UA00063438    (4)   :  0.118 0.121 0.114 0.143 0.126 0.113 0.107 0.065 0.093 
 93 UA00007608    (0)   :  0.100 0.115 0.104 0.156 0.105 0.101 0.102 0.135 0.081 
 94 UA00019683    (4)   :  0.080 0.100 0.095 0.375 0.062 0.097 0.099 0.022 0.067 
 95 UA00007781    (0)   :  0.130 0.144 0.155 0.027 0.129 0.127 0.138 0.043 0.107 
 96 UA00002915    (0)   :  0.097 0.102 0.099 0.267 0.108 0.090 0.094 0.059 0.085 
 97  Puco031    (4)   :  0.132 0.128 0.131 0.029 0.149 0.119 0.132 0.042 0.139 
 98 UA00048280    (4)   :  0.128 0.144 0.149 0.022 0.119 0.147 0.139 0.054 0.098 
 99 UA00048589    (0)   :  0.120 0.148 0.149 0.049 0.111 0.132 0.152 0.033 0.107 
100 UA00034417    (0)   :  0.118 0.113 0.117 0.079 0.126 0.103 0.111 0.126 0.107 
101 UA00050411    (4)   :  0.135 0.120 0.127 0.012 0.148 0.110 0.148 0.023 0.177 
102  Puco029    (4)   :  0.129 0.144 0.155 0.020 0.123 0.125 0.149 0.011 0.144 
103   F03403    (4)   :  0.139 0.173 0.169 0.013 0.081 0.146 0.152 0.030 0.097 
104 UA00049904    (0)   :  0.120 0.133 0.132 0.108 0.119 0.138 0.118 0.035 0.097 
105 UA00035335    (0)   :  0.136 0.127 0.144 0.016 0.132 0.115 0.146 0.009 0.176 
106 UA00012611    (0)   :  0.130 0.143 0.146 0.025 0.149 0.129 0.142 0.020 0.117 
107 UA00050319    (0)   :  0.143 0.179 0.147 0.014 0.075 0.174 0.157 0.017 0.094 
108 UA00032068    (4)   :  0.132 0.136 0.133 0.072 0.144 0.120 0.133 0.017 0.112 
109 UA00032026    (4)   :  0.128 0.125 0.137 0.050 0.144 0.119 0.126 0.025 0.146 
110 UA00030476    (4)   :  0.127 0.171 0.162 0.048 0.071 0.155 0.162 0.015 0.089 
111 UA00046853    (0)   :  0.144 0.158 0.122 0.039 0.082 0.213 0.123 0.026 0.093 
112 UA00040156    (4)   :  0.011 0.011 0.011 0.913 0.011 0.011 0.011 0.013 0.010 
113 UA00030528    (4)   :  0.118 0.115 0.115 0.143 0.141 0.109 0.116 0.024 0.120 
114  Puco025    (4)   :  0.138 0.092 0.113 0.018 0.134 0.102 0.132 0.018 0.252 
115    pc016    (0)   :  0.010 0.011 0.010 0.916 0.011 0.010 0.010 0.012 0.010 
116 UA00030617    (4)   :  0.138 0.098 0.114 0.014 0.137 0.108 0.131 0.015 0.246 
117 UA00030585    (4)   :  0.019 0.021 0.020 0.838 0.018 0.022 0.021 0.023 0.018 
118 UA00032060    (4)   :  0.116 0.126 0.124 0.153 0.125 0.113 0.116 0.025 0.103 
119    pc007    (0)   :  0.136 0.147 0.131 0.041 0.100 0.164 0.132 0.033 0.115 
120 UA00030798    (4)   :  0.027 0.027 0.027 0.798 0.027 0.026 0.027 0.015 0.026 
121 UA00030778    (4)   :  0.132 0.127 0.135 0.011 0.155 0.119 0.140 0.016 0.165 
122 UA00039674    (4)   :  0.016 0.015 0.016 0.879 0.016 0.015 0.015 0.014 0.015 
123 UA00032241    (4)   :  0.142 0.122 0.126 0.013 0.121 0.139 0.123 0.018 0.197 
124 UA00011624    (0)   :  0.131 0.129 0.136 0.019 0.139 0.131 0.142 0.027 0.145 
125 UA00033779    (4)   :  0.144 0.165 0.140 0.019 0.079 0.181 0.144 0.028 0.099 
126 UA00049402    (4)   :  0.118 0.121 0.126 0.031 0.144 0.109 0.132 0.112 0.107 
127 UA00033653    (0)   :  0.144 0.180 0.137 0.015 0.068 0.201 0.143 0.023 0.088 
128 UA00047738    (0)   :  0.132 0.130 0.127 0.039 0.132 0.135 0.125 0.066 0.112 
129 UA00047502    (4)   :  0.120 0.117 0.111 0.042 0.132 0.108 0.119 0.142 0.109 
130 UA00012014    (4)   :  0.135 0.126 0.130 0.027 0.158 0.122 0.133 0.037 0.132 
131 UA00040729    (0)   :  0.121 0.144 0.159 0.030 0.109 0.125 0.142 0.021 0.149 
132 UA00030392    (4)   :  0.139 0.102 0.116 0.025 0.140 0.111 0.127 0.018 0.220 
133 UA00050033    (0)   :  0.127 0.121 0.128 0.044 0.131 0.136 0.129 0.027 0.157 
134 UA00012152    (0)   :  0.078 0.065 0.070 0.013 0.083 0.063 0.073 0.459 0.095 
135 UA00050406    (0)   :  0.136 0.136 0.134 0.031 0.151 0.135 0.128 0.032 0.116 
136 UA00047973    (0)   :  0.143 0.145 0.137 0.022 0.137 0.140 0.132 0.031 0.113 
137 UA00008051    (0)   :  0.123 0.116 0.117 0.066 0.129 0.124 0.115 0.083 0.127 
138 UA00047337    (4)   :  0.113 0.116 0.125 0.140 0.118 0.106 0.120 0.030 0.132 
139 UA00041604    (4)   :  0.128 0.117 0.122 0.057 0.135 0.128 0.113 0.084 0.117 
140 UA00031704    (4)   :  0.138 0.128 0.132 0.017 0.155 0.123 0.145 0.013 0.150 
141 UA00040423    (4)   :  0.130 0.130 0.133 0.059 0.145 0.125 0.132 0.024 0.122 
142 UA00049433    (0)   :  0.127 0.125 0.124 0.044 0.145 0.115 0.128 0.075 0.117 
143 UA00034816    (0)   :  0.129 0.088 0.107 0.024 0.135 0.098 0.116 0.083 0.220 
144 UA00050214    (0)   :  0.133 0.077 0.108 0.017 0.144 0.089 0.125 0.017 0.289 
145 UA00041073    (0)   :  0.132 0.113 0.117 0.048 0.127 0.129 0.114 0.069 0.151 
146 UA00030318    (4)   :  0.137 0.113 0.127 0.019 0.144 0.114 0.133 0.050 0.163 
147 UA00046845    (0)   :  0.122 0.104 0.114 0.035 0.136 0.101 0.121 0.092 0.173 
148 UA00063946    (0)   :  0.138 0.180 0.142 0.027 0.061 0.190 0.156 0.020 0.085 
149 UA00031374    (4)   :  0.137 0.128 0.128 0.028 0.141 0.124 0.128 0.050 0.136 
150    M1136    (4)   :  0.096 0.079 0.087 0.318 0.105 0.080 0.087 0.027 0.122 
151 UA00034299    (0)   :  0.131 0.080 0.111 0.023 0.139 0.087 0.131 0.024 0.273 
152 UA00002387    (4)   :  0.141 0.119 0.123 0.014 0.157 0.118 0.127 0.054 0.147 
153 UA00021855    (0)   :  0.139 0.132 0.135 0.030 0.130 0.164 0.125 0.041 0.105 
154 UA00014500    (0)   :  0.134 0.138 0.141 0.039 0.152 0.121 0.133 0.022 0.121 
155 UA00050419    (4)   :  0.135 0.076 0.104 0.014 0.136 0.085 0.125 0.024 0.301 
156 UA00031854    (4)   :  0.136 0.125 0.133 0.030 0.132 0.124 0.125 0.075 0.120 
157    pc011    (4)   :  0.134 0.112 0.123 0.016 0.152 0.110 0.146 0.032 0.175 
158 UA00033004    (0)   :  0.133 0.125 0.126 0.048 0.145 0.113 0.137 0.037 0.136 
159 UA00046510    (0)   :  0.124 0.117 0.115 0.020 0.135 0.111 0.120 0.122 0.137 
160 UA00048747    (0)   :  0.135 0.118 0.121 0.020 0.151 0.110 0.129 0.051 0.164 
161 UA00014293    (0)   :  0.143 0.117 0.124 0.019 0.158 0.108 0.141 0.034 0.157 
162 UA00047686    (0)   :  0.122 0.118 0.119 0.031 0.134 0.107 0.111 0.145 0.113 
163 UA00033783    (4)   :  0.082 0.097 0.093 0.306 0.071 0.095 0.092 0.096 0.069 
164 UA00042609    (4)   :  0.104 0.097 0.105 0.039 0.116 0.094 0.113 0.233 0.098 
165 UA00031169    (4)   :  0.137 0.092 0.111 0.023 0.147 0.092 0.128 0.020 0.251 
166 UA00035181    (0)   :  0.139 0.140 0.161 0.010 0.133 0.133 0.145 0.019 0.122 
167 UA00050133    (0)   :  0.135 0.124 0.123 0.030 0.150 0.121 0.131 0.040 0.145 
168  Puco011    (4)   :  0.128 0.112 0.125 0.030 0.149 0.107 0.139 0.041 0.168 
169 UA00041476    (0)   :  0.127 0.114 0.114 0.050 0.141 0.113 0.115 0.073 0.153 
170 UA00046702    (0)   :  0.133 0.104 0.118 0.020 0.142 0.102 0.127 0.022 0.233 
171 UA00019940    (0)   :  0.129 0.115 0.126 0.029 0.135 0.127 0.132 0.052 0.155 
172 UA00049813    (0)   :  0.141 0.134 0.132 0.035 0.117 0.171 0.123 0.029 0.119 
173 UA00064165    (0)   :  0.093 0.091 0.090 0.034 0.095 0.087 0.088 0.344 0.079 
174 UA00064421    (0)   :  0.109 0.102 0.103 0.013 0.117 0.102 0.100 0.249 0.105 
175 UA00064569    (4)   :  0.136 0.106 0.121 0.011 0.133 0.114 0.125 0.025 0.227 
176 UA00003996    (0)   :  0.118 0.107 0.112 0.033 0.131 0.103 0.118 0.138 0.139 
177 UA00064491    (4)   :  0.134 0.092 0.117 0.017 0.131 0.105 0.123 0.053 0.229 
178 UA00011899    (0)   :  0.140 0.134 0.129 0.036 0.144 0.140 0.127 0.025 0.126 
179  Puco015    (4)   :  0.126 0.120 0.126 0.089 0.133 0.110 0.123 0.038 0.135 
180 UA00047929    (4)   :  0.131 0.136 0.146 0.022 0.112 0.132 0.139 0.015 0.166 
181 UA00056669    (0)   :  0.132 0.131 0.129 0.019 0.146 0.131 0.133 0.055 0.125 
182 UA00050176    (0)   :  0.133 0.129 0.126 0.045 0.142 0.122 0.125 0.067 0.111 
183  Puco014    (4)   :  0.128 0.142 0.138 0.029 0.124 0.143 0.137 0.054 0.104 
184 UA00019608    (0)   :  0.137 0.123 0.125 0.023 0.151 0.119 0.129 0.060 0.132 
185 UA00064333    (0)   :  0.144 0.121 0.124 0.022 0.154 0.119 0.134 0.037 0.146 
186  Puco013    (4)   :  0.122 0.121 0.122 0.024 0.140 0.114 0.119 0.133 0.106 
187 UA00016092    (0)   :  0.134 0.098 0.122 0.012 0.137 0.105 0.140 0.017 0.235 
188 UA00019060    (0)   :  0.062 0.057 0.055 0.104 0.063 0.060 0.057 0.489 0.054 
189 UA00063532    (0)   :  0.129 0.135 0.124 0.048 0.131 0.130 0.125 0.051 0.127 
190 UA00064117    (0)   :  0.085 0.085 0.079 0.166 0.093 0.081 0.083 0.253 0.075 
191 UA00011969    (0)   :  0.132 0.130 0.128 0.040 0.133 0.134 0.126 0.061 0.116 
192 UA00034586    (4)   :  0.138 0.132 0.132 0.017 0.132 0.145 0.140 0.021 0.143 
193 UA00030736    (4)   :  0.136 0.131 0.131 0.032 0.155 0.128 0.134 0.025 0.127 
194 UA00048493    (0)   :  0.130 0.126 0.124 0.052 0.144 0.124 0.127 0.033 0.139 
195 UA00040466    (0)   :  0.045 0.044 0.047 0.019 0.050 0.045 0.047 0.664 0.039 
196 UA00047659    (0)   :  0.134 0.146 0.139 0.015 0.142 0.132 0.142 0.033 0.116 
197 UA00042002    (4)   :  0.108 0.122 0.134 0.149 0.113 0.112 0.122 0.041 0.098 
198 UA00062606    (0)   :  0.122 0.122 0.121 0.030 0.138 0.111 0.126 0.110 0.121 
199 UA00030615    (4)   :  0.038 0.036 0.037 0.014 0.042 0.038 0.036 0.720 0.039 
200 UA00048899    (0)   :  0.137 0.139 0.136 0.026 0.153 0.130 0.132 0.036 0.110 
201 UA00047725    (0)   :  0.014 0.014 0.014 0.014 0.014 0.014 0.014 0.891 0.013 
202 UA00030866    (4)   :  0.125 0.135 0.133 0.020 0.152 0.125 0.147 0.051 0.111 
203 UA00034564    (0)   :  0.131 0.129 0.133 0.022 0.155 0.123 0.142 0.039 0.125 
204 UA00046520    (0)   :  0.146 0.171 0.143 0.017 0.082 0.181 0.139 0.025 0.096 
205 UA00035027    (0)   :  0.119 0.135 0.135 0.037 0.134 0.134 0.135 0.070 0.102 
206 UA00035421    (0)   :  0.109 0.101 0.103 0.020 0.120 0.093 0.113 0.242 0.100 
207 UA00062740    (4)   :  0.114 0.130 0.129 0.046 0.135 0.121 0.135 0.091 0.099 
208 UA00012360    (0)   :  0.031 0.028 0.030 0.015 0.032 0.028 0.028 0.778 0.031 
209 UA00050203    (0)   :  0.136 0.139 0.138 0.031 0.134 0.131 0.132 0.026 0.132 
210 UA00040534    (4)   :  0.082 0.081 0.077 0.149 0.088 0.080 0.077 0.298 0.068 
211 UA00031261    (4)   :  0.063 0.068 0.063 0.085 0.073 0.063 0.066 0.467 0.053 
212 UA00031917    (4)   :  0.085 0.095 0.086 0.123 0.102 0.082 0.088 0.269 0.069 
213 UA00040798    (4)   :  0.089 0.087 0.079 0.058 0.081 0.098 0.079 0.351 0.077 
214 UA00030598    (4)   :  0.100 0.097 0.091 0.059 0.100 0.102 0.092 0.275 0.084 
215 UA00050385    (0)   :  0.132 0.126 0.132 0.026 0.148 0.122 0.132 0.069 0.114 
216 UA00058283    (0)   :  0.025 0.025 0.025 0.036 0.025 0.024 0.023 0.795 0.022 
217 UA00042297    (4)   :  0.071 0.071 0.069 0.395 0.067 0.083 0.069 0.111 0.063 
218 UA00015415    (4)   :  0.025 0.026 0.027 0.015 0.029 0.024 0.028 0.801 0.025 
219 UA00035531    (0)   :  0.051 0.048 0.046 0.069 0.055 0.044 0.047 0.593 0.047 
220 UA00048683    (0)   :  0.063 0.060 0.057 0.019 0.069 0.056 0.062 0.551 0.062 
221 UA00046734    (4)   :  0.030 0.031 0.031 0.019 0.030 0.028 0.029 0.774 0.028 
222   pcRF01    (0)   :  0.145 0.097 0.111 0.010 0.153 0.094 0.131 0.022 0.236 
223 UA00007223    (0)   :  0.112 0.121 0.117 0.044 0.134 0.112 0.126 0.135 0.099 
224 UA00013841    (0)   :  0.123 0.130 0.151 0.073 0.131 0.106 0.141 0.022 0.124 
225 UA00014196    (0)   :  0.062 0.058 0.061 0.042 0.070 0.057 0.061 0.530 0.059 
226 UA00034635    (0)   :  0.134 0.130 0.130 0.019 0.146 0.143 0.134 0.032 0.132 
227 UA00047371    (0)   :  0.116 0.128 0.120 0.149 0.120 0.118 0.117 0.044 0.087 
228 UA00063544    (0)   :  0.116 0.121 0.120 0.142 0.113 0.118 0.124 0.040 0.106 
229 UA00064246    (0)   :  0.116 0.123 0.115 0.074 0.111 0.117 0.108 0.136 0.099 
230 UA00064328    (0)   :  0.123 0.115 0.111 0.052 0.131 0.111 0.111 0.149 0.098 
231 UA00002952    (0)   :  0.107 0.116 0.110 0.097 0.123 0.104 0.112 0.140 0.092 
232 UA00064079    (0)   :  0.122 0.113 0.113 0.102 0.133 0.115 0.112 0.058 0.131 
233 UA00046793    (0)   :  0.101 0.105 0.103 0.125 0.112 0.092 0.103 0.168 0.090 
234 UA00034769    (0)   :  0.078 0.086 0.084 0.363 0.075 0.094 0.084 0.072 0.064 
235 UA00034949    (0)   :  0.117 0.117 0.117 0.041 0.130 0.105 0.123 0.153 0.097 
236 UA00063753    (0)   :  0.124 0.149 0.128 0.051 0.085 0.176 0.130 0.072 0.085 
237 UA00015713    (0)   :  0.118 0.139 0.135 0.092 0.114 0.141 0.131 0.029 0.101 
238 UA00003494    (0)   :  0.122 0.114 0.113 0.072 0.143 0.101 0.122 0.096 0.117 
239 UA00056767    (0)   :  0.156 0.168 0.130 0.010 0.075 0.208 0.135 0.020 0.098 
240 UA00014461    (0)   :  0.114 0.115 0.111 0.062 0.127 0.111 0.115 0.142 0.104 
241 UA00034669    (0)   :  0.086 0.096 0.092 0.080 0.097 0.083 0.088 0.304 0.074 
242 UA00048164    (0)   :  0.117 0.117 0.122 0.018 0.129 0.109 0.118 0.164 0.106 
243 UA00007974    (0)   :  0.129 0.159 0.157 0.044 0.101 0.139 0.143 0.032 0.096 
244 UA00016166    (0)   :  0.106 0.101 0.102 0.197 0.132 0.096 0.107 0.037 0.122 
245 UA00015653    (0)   :  0.099 0.106 0.105 0.160 0.119 0.099 0.106 0.124 0.083 
246 UA00063882    (0)   :  0.090 0.094 0.093 0.083 0.101 0.082 0.088 0.286 0.084 
247 UA00049027    (0)   :  0.108 0.119 0.111 0.159 0.113 0.110 0.103 0.080 0.097 
248 UA00018878    (0)   :  0.106 0.136 0.139 0.169 0.106 0.105 0.121 0.028 0.089 
249 UA00038796    (0)   :  0.107 0.119 0.113 0.023 0.118 0.101 0.111 0.217 0.091 
250 UA00013465    (0)   :  0.055 0.057 0.055 0.028 0.058 0.056 0.052 0.591 0.049 
251 UA00014604    (0)   :  0.110 0.118 0.118 0.052 0.114 0.115 0.106 0.176 0.092 
252 UA00041913    (0)   :  0.112 0.125 0.106 0.189 0.083 0.153 0.108 0.043 0.081 
253 UA00021632    (0)   :  0.080 0.081 0.080 0.369 0.092 0.083 0.077 0.067 0.072 
254 UA00064027    (0)   :  0.124 0.131 0.119 0.072 0.138 0.119 0.116 0.084 0.097 
255 UA00015023    (0)   :  0.123 0.110 0.117 0.027 0.140 0.108 0.124 0.090 0.160 
256 UA00050243    (0)   :  0.115 0.117 0.114 0.165 0.128 0.112 0.114 0.041 0.093 
257 UA00048298    (0)   :  0.132 0.118 0.123 0.046 0.135 0.126 0.122 0.053 0.144 
258 UA00050437    (0)   :  0.118 0.116 0.111 0.031 0.125 0.108 0.109 0.173 0.109 
259 UA00014262    (0)   :  0.124 0.125 0.127 0.080 0.141 0.116 0.125 0.048 0.113 
260 UA00049129    (0)   :  0.127 0.137 0.130 0.056 0.119 0.144 0.132 0.031 0.125 
261 UA00014740    (0)   :  0.123 0.137 0.132 0.055 0.119 0.137 0.132 0.052 0.113 
262 UA00049612    (0)   :  0.042 0.045 0.042 0.631 0.042 0.046 0.045 0.067 0.040 
263 UA00014635    (0)   :  0.139 0.164 0.146 0.015 0.087 0.157 0.141 0.023 0.127 
264 UA00014673    (0)   :  0.107 0.114 0.122 0.082 0.109 0.100 0.107 0.164 0.094 
265 UA00033608    (0)   :  0.086 0.096 0.091 0.337 0.078 0.101 0.086 0.060 0.067 
266 UA00064540    (0)   :  0.133 0.157 0.144 0.028 0.093 0.149 0.141 0.063 0.093 
267 UA00050256    (0)   :  0.113 0.123 0.117 0.109 0.127 0.107 0.112 0.099 0.093 
268 UA00015274    (0)   :  0.131 0.123 0.130 0.024 0.139 0.118 0.132 0.058 0.146 
269 UA00062993    (0)   :  0.137 0.141 0.145 0.013 0.129 0.142 0.129 0.056 0.109 
270 UA00038364    (0)   :  0.130 0.137 0.127 0.066 0.127 0.137 0.123 0.054 0.100 
271 UA00014446    (0)   :  0.140 0.139 0.130 0.014 0.147 0.139 0.135 0.027 0.128 
272 UA00063545    (0)   :  0.069 0.074 0.071 0.381 0.078 0.070 0.071 0.127 0.059 
273 UA00040054    (0)   :  0.129 0.129 0.139 0.033 0.148 0.113 0.138 0.019 0.152 
274 UA00058447    (0)   :  0.129 0.147 0.154 0.031 0.128 0.137 0.139 0.027 0.108 
275 UA00046835    (0)   :  0.123 0.148 0.151 0.028 0.116 0.141 0.146 0.029 0.117 
276 UA00014608    (0)   :  0.133 0.143 0.137 0.022 0.142 0.142 0.132 0.042 0.109 
277    pc012    (0)   :  0.129 0.136 0.130 0.041 0.131 0.124 0.121 0.073 0.114 
278    pc002    (0)   :  0.097 0.094 0.089 0.299 0.100 0.091 0.087 0.060 0.083 
279 UA00033690    (0)   :  0.112 0.157 0.149 0.114 0.078 0.134 0.141 0.032 0.084 
280 UA00013688    (0)   :  0.133 0.133 0.134 0.033 0.142 0.123 0.124 0.070 0.109 
281 UA00063666    (0)   :  0.134 0.168 0.130 0.061 0.069 0.202 0.142 0.013 0.081 
282 UA00063292    (0)   :  0.141 0.177 0.145 0.016 0.069 0.192 0.155 0.018 0.088 
283    pc001    (0)   :  0.134 0.139 0.136 0.025 0.136 0.127 0.131 0.057 0.115 
284    pc008    (0)   :  0.124 0.145 0.152 0.027 0.119 0.135 0.143 0.037 0.117 
285 UA00034316    (0)   :  0.093 0.086 0.087 0.159 0.105 0.086 0.088 0.185 0.112 
286 UA00013046    (0)   :  0.134 0.118 0.130 0.022 0.124 0.123 0.135 0.016 0.200 
287 UA00050241    (0)   :  0.140 0.154 0.143 0.018 0.098 0.175 0.138 0.013 0.121 
288 UA00048599    (0)   :  0.134 0.156 0.163 0.016 0.116 0.142 0.143 0.021 0.108 
289 UA00046649    (0)   :  0.101 0.111 0.111 0.233 0.106 0.101 0.107 0.030 0.099 
290 UA00015674    (0)   :  0.076 0.087 0.089 0.396 0.068 0.086 0.086 0.048 0.065 
291 UA00013177    (0)   :  0.120 0.134 0.127 0.075 0.100 0.142 0.121 0.080 0.100 
292 UA00012814    (0)   :  0.140 0.129 0.130 0.026 0.143 0.132 0.128 0.048 0.125 
293 UA00034654    (0)   :  0.134 0.141 0.142 0.017 0.139 0.129 0.136 0.022 0.141 
294 UA00046743    (0)   :  0.130 0.153 0.150 0.021 0.094 0.134 0.149 0.027 0.142 
295 UA00014854    (0)   :  0.119 0.162 0.161 0.078 0.086 0.135 0.154 0.013 0.092 
296 UA00013729    (0)   :  0.135 0.104 0.121 0.028 0.138 0.109 0.126 0.036 0.204 
297 UA00063483    (0)   :  0.139 0.144 0.144 0.020 0.119 0.183 0.128 0.017 0.107 
298 UA00039326    (0)   :  0.120 0.136 0.140 0.080 0.116 0.129 0.141 0.027 0.111 
299 UA00014742    (0)   :  0.150 0.156 0.132 0.024 0.100 0.196 0.127 0.017 0.099 
300 UA00049597    (0)   :  0.090 0.114 0.120 0.290 0.084 0.099 0.113 0.013 0.079 
301 UA00048067    (0)   :  0.121 0.145 0.136 0.058 0.117 0.148 0.131 0.049 0.096 
302 UA00012918    (0)   :  0.112 0.158 0.154 0.121 0.067 0.139 0.152 0.013 0.083 
303 UA00013487    (0)   :  0.142 0.097 0.113 0.015 0.158 0.091 0.134 0.015 0.234 
304 UA00046759    (0)   :  0.116 0.119 0.113 0.068 0.121 0.118 0.114 0.131 0.101 
305 UA00050164    (0)   :  0.062 0.059 0.061 0.551 0.067 0.053 0.057 0.031 0.059 
306 UA00049839    (0)   :  0.148 0.146 0.127 0.021 0.098 0.197 0.117 0.036 0.111 
307 UA00048444    (0)   :  0.143 0.171 0.121 0.060 0.051 0.225 0.134 0.021 0.073 
308 UA00063857    (0)   :  0.131 0.144 0.143 0.029 0.117 0.151 0.137 0.014 0.135 
309 UA00014921    (0)   :  0.087 0.103 0.096 0.347 0.087 0.098 0.089 0.016 0.076 
310 UA00048895    (0)   :  0.084 0.091 0.092 0.362 0.081 0.088 0.086 0.037 0.080 
311 UA00014556    (0)   :  0.130 0.129 0.126 0.022 0.136 0.126 0.125 0.106 0.100 
312    pc009    (0)   :  0.144 0.176 0.125 0.017 0.066 0.216 0.141 0.012 0.101 
313 UA00014959    (0)   :  0.089 0.105 0.113 0.299 0.085 0.091 0.109 0.022 0.087 
314 UA00020709    (0)   :  0.121 0.134 0.156 0.057 0.124 0.116 0.135 0.033 0.123 
315 UA00013126    (0)   :  0.015 0.015 0.015 0.878 0.015 0.015 0.016 0.016 0.014 
316 UA00013695    (0)   :  0.026 0.027 0.027 0.799 0.026 0.026 0.026 0.018 0.026 
317 UA00049344    (0)   :  0.087 0.096 0.094 0.331 0.102 0.090 0.088 0.038 0.076 
318 UA00047614    (0)   :  0.038 0.041 0.039 0.633 0.039 0.038 0.038 0.099 0.034 
319 UA00014221    (0)   :  0.150 0.167 0.150 0.009 0.090 0.173 0.141 0.017 0.104 
320 UA00014346    (0)   :  0.139 0.159 0.138 0.035 0.101 0.161 0.135 0.036 0.097 
321 UA00014245    (0)   :  0.102 0.131 0.151 0.180 0.087 0.098 0.128 0.020 0.103 
322 UA00014696    (0)   :  0.019 0.018 0.018 0.849 0.020 0.017 0.018 0.023 0.018 
323 UA00006991    (0)   :  0.132 0.133 0.131 0.018 0.158 0.123 0.130 0.052 0.124 
324 UA00048948    (0)   :  0.135 0.137 0.133 0.026 0.140 0.137 0.122 0.048 0.123 
325 UA00002239    (0)   :  0.131 0.129 0.127 0.026 0.150 0.124 0.128 0.060 0.126 
326 UA00063459    (0)   :  0.140 0.177 0.151 0.023 0.075 0.168 0.158 0.013 0.094 
327 UA00048356    (0)   :  0.129 0.139 0.131 0.033 0.118 0.142 0.123 0.088 0.097 
328 UA00063940    (0)   :  0.127 0.113 0.117 0.033 0.137 0.120 0.119 0.084 0.150 
329 UA00048130    (0)   :  0.143 0.157 0.142 0.019 0.104 0.177 0.130 0.028 0.100 
330 UA00048903    (0)   :  0.130 0.096 0.120 0.012 0.129 0.112 0.130 0.016 0.256 
331 UA00064643    (0)   :  0.132 0.120 0.120 0.040 0.136 0.131 0.124 0.043 0.153 
332 UA00050233    (0)   :  0.133 0.126 0.121 0.021 0.131 0.135 0.124 0.063 0.146 
333 UA00012507    (0)   :  0.128 0.128 0.119 0.016 0.141 0.115 0.125 0.110 0.119 
334 UA00064416    (0)   :  0.140 0.109 0.120 0.018 0.155 0.113 0.131 0.026 0.189 
335 UA00034724    (0)   :  0.142 0.129 0.127 0.019 0.132 0.147 0.126 0.039 0.138 
336 UA00002621    (0)   :  0.130 0.128 0.140 0.017 0.130 0.136 0.135 0.023 0.160 
337 UA00033203    (0)   :  0.138 0.106 0.116 0.033 0.157 0.101 0.130 0.024 0.196 
338 UA00011996    (0)   :  0.135 0.151 0.137 0.032 0.145 0.141 0.131 0.018 0.110 
339 UA00014408    (0)   :  0.106 0.101 0.103 0.023 0.116 0.095 0.102 0.246 0.109 
340 UA00049502    (0)   :  0.134 0.140 0.135 0.018 0.122 0.152 0.115 0.082 0.102 
341 UA00062695    (0)   :  0.133 0.151 0.130 0.057 0.110 0.145 0.132 0.047 0.095 
342 UA00014072    (0)   :  0.146 0.151 0.128 0.033 0.101 0.191 0.122 0.031 0.098 
343 UA00003334    (0)   :  0.134 0.134 0.139 0.023 0.112 0.133 0.132 0.017 0.175 
344 UA00013835    (0)   :  0.136 0.143 0.140 0.036 0.137 0.134 0.133 0.031 0.111 
345 UA00046760    (0)   :  0.122 0.124 0.119 0.143 0.112 0.144 0.113 0.026 0.097 
346 UA00014241    (0)   :  0.125 0.134 0.139 0.017 0.134 0.127 0.147 0.033 0.143 
347 UA00049585    (0)   :  0.142 0.146 0.136 0.020 0.117 0.187 0.128 0.014 0.109 
348 UA00013409    (0)   :  0.129 0.143 0.111 0.032 0.079 0.183 0.117 0.119 0.086 
349 UA00047548    (0)   :  0.141 0.142 0.136 0.026 0.151 0.138 0.136 0.015 0.116 
350 UA00049038    (0)   :  0.096 0.100 0.096 0.260 0.090 0.106 0.091 0.083 0.077 
351 UA00047612    (0)   :  0.137 0.131 0.146 0.018 0.137 0.135 0.129 0.043 0.124 
352 UA00014822    (0)   :  0.094 0.108 0.106 0.191 0.109 0.102 0.104 0.103 0.082 
353 UA00035299    (0)   :  0.132 0.113 0.122 0.032 0.140 0.117 0.130 0.031 0.182 
354 UA00012804    (0)   :  0.103 0.102 0.104 0.260 0.108 0.100 0.095 0.044 0.084 
355 UA00049578    (0)   :  0.125 0.124 0.122 0.022 0.135 0.132 0.124 0.099 0.117 
356 UA00047672    (0)   :  0.139 0.096 0.120 0.016 0.154 0.099 0.132 0.031 0.211 
357 UA00043961    (0)   :  0.048 0.049 0.048 0.606 0.046 0.051 0.048 0.059 0.045 
358 UA00064575    (0)   :  0.125 0.126 0.114 0.027 0.107 0.151 0.107 0.152 0.091 
359 UA00014732    (0)   :  0.140 0.124 0.126 0.015 0.146 0.123 0.124 0.050 0.152 
360 UA00050181    (0)   :  0.140 0.137 0.133 0.010 0.154 0.132 0.141 0.037 0.116 
361 UA00033369    (0)   :  0.117 0.114 0.112 0.155 0.130 0.105 0.113 0.049 0.104 
362 UA00011982    (0)   :  0.135 0.069 0.102 0.012 0.142 0.084 0.126 0.012 0.317 
363 UA00014590    (0)   :  0.128 0.116 0.120 0.066 0.148 0.114 0.119 0.045 0.142 
364 UA00047743    (0)   :  0.143 0.118 0.125 0.016 0.159 0.114 0.140 0.018 0.167 
365 UA00046621    (0)   :  0.142 0.122 0.129 0.016 0.151 0.122 0.138 0.013 0.168 
366 UA00050422    (0)   :  0.132 0.122 0.124 0.020 0.143 0.119 0.122 0.087 0.132 
367 UA00002760    (0)   :  0.129 0.133 0.130 0.053 0.126 0.150 0.130 0.026 0.122 
368 UA00012999    (0)   :  0.128 0.119 0.121 0.072 0.145 0.118 0.125 0.024 0.147 
369 UA00063838    (0)   :  0.133 0.115 0.126 0.017 0.129 0.123 0.131 0.029 0.197 
370 UA00003729    (0)   :  0.105 0.115 0.116 0.121 0.102 0.106 0.110 0.138 0.087 
371 UA00015348    (0)   :  0.137 0.153 0.118 0.045 0.086 0.202 0.121 0.040 0.097 
372 UA00019058    (0)   :  0.134 0.164 0.137 0.029 0.087 0.144 0.136 0.076 0.093 
373 UA00049549    (0)   :  0.134 0.175 0.128 0.075 0.055 0.189 0.149 0.015 0.080 
374 UA00014334    (0)   :  0.134 0.127 0.126 0.028 0.145 0.116 0.141 0.061 0.123 
375 UA00014350    (0)   :  0.131 0.060 0.105 0.010 0.142 0.075 0.122 0.010 0.345 
376 UA00049227    (0)   :  0.116 0.122 0.122 0.107 0.139 0.115 0.120 0.064 0.095 
377 UA00014051    (0)   :  0.131 0.113 0.112 0.015 0.146 0.107 0.123 0.103 0.150 
378 UA00034381    (0)   :  0.136 0.118 0.125 0.024 0.128 0.131 0.121 0.073 0.144 
379 UA00002354    (0)   :  0.136 0.100 0.114 0.015 0.156 0.098 0.131 0.019 0.230 
380 UA00049892    (0)   :  0.127 0.117 0.124 0.055 0.114 0.136 0.127 0.016 0.183 
381 UA00021989    (0)   :  0.141 0.121 0.127 0.014 0.136 0.138 0.131 0.038 0.155 
382 UA00048968    (0)   :  0.138 0.131 0.132 0.017 0.154 0.123 0.140 0.036 0.129 
383 UA00013174    (0)   :  0.134 0.107 0.126 0.030 0.136 0.110 0.130 0.039 0.188 
384 UA00033992    (0)   :  0.125 0.123 0.116 0.131 0.140 0.116 0.117 0.024 0.108 
385 UA00015801    (0)   :  0.135 0.071 0.110 0.009 0.136 0.091 0.127 0.012 0.308 
386 UA00063303    (0)   :  0.107 0.124 0.127 0.161 0.097 0.118 0.124 0.047 0.096 
387 UA00050206    (0)   :  0.156 0.161 0.130 0.011 0.078 0.220 0.125 0.023 0.097 
388 UA00014458    (0)   :  0.129 0.119 0.118 0.064 0.123 0.137 0.118 0.051 0.140 
389 UA00007204    (0)   :  0.130 0.153 0.157 0.030 0.097 0.136 0.150 0.020 0.127 
390 UA00063212    (0)   :  0.116 0.119 0.100 0.147 0.085 0.155 0.094 0.106 0.079 
391 UA00013340    (0)   :  0.133 0.137 0.133 0.063 0.140 0.132 0.126 0.023 0.113 
392 UA00062743    (0)   :  0.135 0.126 0.134 0.016 0.149 0.119 0.137 0.060 0.124 
393 UA00063189    (0)   :  0.073 0.070 0.071 0.048 0.075 0.066 0.068 0.458 0.071 
394 UA00035432    (0)   :  0.141 0.137 0.133 0.020 0.114 0.177 0.124 0.020 0.133 
395 UA00007958    (0)   :  0.131 0.129 0.141 0.018 0.149 0.125 0.150 0.021 0.135 
396 UA00013634    (0)   :  0.130 0.118 0.132 0.014 0.158 0.113 0.143 0.038 0.154 
397 UA00048175    (0)   :  0.136 0.078 0.109 0.009 0.138 0.083 0.131 0.023 0.295 
398 UA00003202    (0)   :  0.134 0.140 0.140 0.024 0.134 0.157 0.131 0.026 0.114 
399 UA00035090    (0)   :  0.130 0.125 0.129 0.026 0.118 0.143 0.122 0.069 0.138 
400 UA00064679    (0)   :  0.100 0.094 0.099 0.037 0.109 0.092 0.104 0.263 0.102 
401 UA00039518    (0)   :  0.138 0.122 0.130 0.029 0.143 0.121 0.133 0.023 0.161 
402 UA00058268    (0)   :  0.135 0.121 0.128 0.026 0.148 0.132 0.126 0.036 0.150 
403 UA00049456    (0)   :  0.114 0.120 0.114 0.144 0.110 0.138 0.120 0.036 0.105 
404 UA00049550    (0)   :  0.138 0.136 0.122 0.016 0.098 0.183 0.116 0.085 0.104 
405 UA00048342    (0)   :  0.125 0.124 0.131 0.072 0.126 0.140 0.120 0.044 0.118 
406 UA00063493    (0)   :  0.141 0.122 0.131 0.014 0.132 0.152 0.133 0.020 0.156 
407 UA00058261    (0)   :  0.131 0.107 0.114 0.020 0.137 0.105 0.126 0.101 0.159 
408 UA00014663    (0)   :  0.143 0.121 0.126 0.025 0.152 0.132 0.124 0.047 0.131 
409 UA00048817    (0)   :  0.119 0.102 0.110 0.156 0.131 0.101 0.117 0.037 0.127 
410 UA00049381    (0)   :  0.133 0.107 0.124 0.017 0.145 0.109 0.137 0.049 0.177 
411 UA00035901    (0)   :  0.114 0.111 0.109 0.026 0.119 0.109 0.108 0.211 0.092 
412 UA00013301    (0)   :  0.144 0.154 0.123 0.032 0.083 0.198 0.119 0.060 0.086 
413 UA00047926    (0)   :  0.130 0.107 0.107 0.051 0.143 0.108 0.117 0.078 0.159 
414 UA00007272    (0)   :  0.125 0.119 0.120 0.029 0.145 0.111 0.123 0.106 0.122 
415 UA00016041    (0)   :  0.135 0.140 0.134 0.039 0.114 0.169 0.124 0.029 0.117 
416 UA00013502    (0)   :  0.132 0.116 0.127 0.013 0.128 0.124 0.132 0.050 0.178 
417 UA00002390    (0)   :  0.129 0.127 0.127 0.070 0.143 0.123 0.122 0.031 0.129 
418 UA00034907    (0)   :  0.132 0.139 0.139 0.017 0.142 0.134 0.135 0.052 0.110 
419 UA00048821    (0)   :  0.124 0.116 0.115 0.073 0.127 0.114 0.115 0.098 0.118 
420 UA00002136    (0)   :  0.120 0.135 0.128 0.070 0.110 0.176 0.118 0.047 0.096 
421 UA00011790    (0)   :  0.126 0.128 0.132 0.032 0.151 0.118 0.145 0.045 0.123 
422 UA00021586    (0)   :  0.115 0.110 0.116 0.146 0.123 0.107 0.113 0.053 0.116 
423 UA00033270    (0)   :  0.134 0.132 0.132 0.026 0.136 0.127 0.136 0.050 0.127 
424 UA00048073    (0)   :  0.136 0.131 0.140 0.030 0.131 0.126 0.133 0.040 0.133 
425 UA00048856    (0)   :  0.122 0.125 0.138 0.025 0.136 0.115 0.140 0.076 0.123 
426 UA00049713    (0)   :  0.130 0.093 0.115 0.024 0.144 0.105 0.123 0.042 0.225 
427 UA00046885    (0)   :  0.136 0.137 0.140 0.031 0.136 0.139 0.141 0.026 0.114 
428 UA00034893    (0)   :  0.129 0.111 0.128 0.019 0.130 0.129 0.135 0.022 0.198 
429 UA00048011    (0)   :  0.132 0.111 0.119 0.012 0.141 0.118 0.121 0.065 0.179 
430 UA00015786    (0)   :  0.113 0.107 0.108 0.050 0.115 0.108 0.104 0.189 0.107 
431 UA00013162    (0)   :  0.130 0.133 0.134 0.021 0.150 0.117 0.144 0.059 0.111 
432 UA00049512    (0)   :  0.136 0.136 0.133 0.035 0.123 0.147 0.131 0.054 0.104 
433 UA00004046    (0)   :  0.138 0.116 0.126 0.014 0.148 0.107 0.147 0.028 0.175 
434 UA00048881    (0)   :  0.107 0.109 0.106 0.104 0.113 0.113 0.107 0.148 0.092 
435 UA00046610    (0)   :  0.116 0.118 0.116 0.098 0.137 0.111 0.120 0.072 0.112 
436 UA00033282    (0)   :  0.128 0.132 0.132 0.029 0.139 0.129 0.126 0.070 0.115 
437 UA00047561    (0)   :  0.146 0.120 0.126 0.019 0.153 0.120 0.132 0.028 0.155 
438 UA00013777    (0)   :  0.125 0.126 0.128 0.016 0.137 0.114 0.132 0.113 0.108 
439 UA00062849    (0)   :  0.150 0.154 0.126 0.028 0.096 0.190 0.128 0.027 0.100 
440 UA00049786    (0)   :  0.131 0.090 0.112 0.015 0.142 0.088 0.128 0.053 0.242 
441 UA00033246    (0)   :  0.149 0.172 0.126 0.015 0.070 0.228 0.139 0.013 0.088 
442 UA00045302    (0)   :  0.135 0.129 0.138 0.028 0.150 0.136 0.129 0.023 0.131 
443 UA00048637    (0)   :  0.135 0.101 0.112 0.020 0.142 0.099 0.125 0.049 0.218 
444 UA00049832    (0)   :  0.125 0.140 0.134 0.090 0.103 0.141 0.126 0.026 0.115 
445 UA00022023    (0)   :  0.124 0.135 0.138 0.059 0.150 0.122 0.130 0.032 0.110 
446 UA00050192    (0)   :  0.125 0.130 0.122 0.106 0.141 0.115 0.122 0.031 0.107 
447 UA00050413    (0)   :  0.132 0.137 0.134 0.020 0.137 0.132 0.134 0.046 0.128 
448 UA00013445    (0)   :  0.138 0.140 0.136 0.013 0.148 0.124 0.142 0.019 0.141 
449 UA00035496    (0)   :  0.120 0.122 0.121 0.024 0.123 0.117 0.113 0.163 0.097 
450 UA00003333    (0)   :  0.105 0.097 0.100 0.058 0.111 0.097 0.097 0.243 0.092 
451 UA00064008    (0)   :  0.113 0.106 0.109 0.017 0.117 0.100 0.110 0.217 0.111 
452 UA00003427    (0)   :  0.122 0.123 0.116 0.124 0.126 0.122 0.111 0.057 0.102 
453 UA00028092    (0)   :  0.098 0.094 0.097 0.200 0.098 0.099 0.094 0.129 0.092 
454    pc003    (0)   :  0.040 0.038 0.041 0.073 0.042 0.040 0.038 0.653 0.035 
455 UA00034440    (0)   :  0.143 0.148 0.132 0.023 0.112 0.164 0.122 0.050 0.105 
456 UA00026062    (0)   :  0.134 0.127 0.128 0.029 0.157 0.106 0.142 0.026 0.150 
