

----------------------------------------------------
STRUCTURE by Pritchard, Stephens and Donnelly (2000)
     and Falush, Stephens and Pritchard (2003)
       Code by Pritchard, Falush and Hubisz
             Version 2.3.4 (Jul 2012)
----------------------------------------------------



Command line arguments:   structure -K 10 -o outputfile_K10_8 
Input File:    Puma_SNP_genotypes_cut_AZ_final_HWEonly.str

Run parameters:
   536 individuals
   22 loci
   10 populations assumed
   100000 Burn-in period
   500000 Reps


--------------------------------------------
Overall proportion of membership of the
sample in each of the 10 clusters

Inferred Clusters
  1      2      3      4      5      6      7      8      9     10    
0.102  0.101  0.101  0.101  0.101  0.101  0.102  0.101  0.083  0.106  

--------------------------------------------

Allele-freq. divergence among pops (Net nucleotide distance),
computed using point estimates of P.

      1       2       3       4       5       6       7       8       9      10      
 1      -    0.0001  0.0004  0.0003  0.0000  0.0003  0.0000  0.0007  0.0785  0.0458  
 2   0.0001     -    0.0002  0.0003  0.0001  0.0002  0.0001  0.0008  0.0766  0.0434  
 3   0.0004  0.0002     -    0.0002  0.0004  0.0008  0.0005  0.0007  0.0752  0.0403  
 4   0.0003  0.0003  0.0002     -    0.0002  0.0010  0.0004  0.0002  0.0793  0.0435  
 5   0.0000  0.0001  0.0004  0.0002     -    0.0005  0.0001  0.0005  0.0792  0.0459  
 6   0.0003  0.0002  0.0008  0.0010  0.0005     -    0.0002  0.0018  0.0750  0.0454  
 7   0.0000  0.0001  0.0005  0.0004  0.0001  0.0002     -    0.0009  0.0778  0.0455  
 8   0.0007  0.0008  0.0007  0.0002  0.0005  0.0018  0.0009     -    0.0825  0.0450  
 9   0.0785  0.0766  0.0752  0.0793  0.0792  0.0750  0.0778  0.0825     -    0.0975  
10   0.0458  0.0434  0.0403  0.0435  0.0459  0.0454  0.0455  0.0450  0.0975     -    

Average distances (expected heterozygosity) between individuals in same cluster:
cluster  1  : 0.3760 
cluster  2  : 0.3787 
cluster  3  : 0.3788 
cluster  4  : 0.3769 
cluster  5  : 0.3769 
cluster  6  : 0.3772 
cluster  7  : 0.3772 
cluster  8  : 0.3775 
cluster  9  : 0.2393 
cluster 10  : 0.2580 

--------------------------------------------
Estimated Ln Prob of Data   = -14255.2
Mean value of ln likelihood = -12249.6
Variance of ln likelihood   = 4011.1
Mean value of alpha         = 0.0933

Mean value of Fst_1         = 0.0760
Mean value of Fst_2         = 0.0573
Mean value of Fst_3         = 0.0413
Mean value of Fst_4         = 0.0737
Mean value of Fst_5         = 0.0772
Mean value of Fst_6         = 0.0583
Mean value of Fst_7         = 0.0758
Mean value of Fst_8         = 0.0733
Mean value of Fst_9         = 0.4157
Mean value of Fst_10         = 0.3045


Inferred ancestry of individuals:
        Label (%Miss) :  Inferred clusters
  1 UA00063336   (13)   :  0.087 0.090 0.097 0.084 0.089 0.091 0.088 0.080 0.258 0.036 
  2 UA00048914    (9)   :  0.097 0.111 0.119 0.102 0.104 0.104 0.099 0.106 0.043 0.115 
  3 UA00014769   (13)   :  0.128 0.095 0.091 0.137 0.137 0.095 0.115 0.172 0.019 0.010 
  4 UA00008132   (13)   :  0.110 0.118 0.120 0.110 0.108 0.109 0.106 0.116 0.060 0.041 
  5 UA00030462   (13)   :  0.096 0.108 0.113 0.103 0.097 0.104 0.102 0.099 0.037 0.141 
  6 UA00034866   (13)   :  0.106 0.121 0.125 0.105 0.106 0.111 0.111 0.109 0.014 0.093 
  7 UA00034800    (9)   :  0.053 0.054 0.055 0.053 0.055 0.053 0.053 0.055 0.520 0.049 
  8  Puco006    (9)   :  0.034 0.038 0.045 0.038 0.035 0.038 0.034 0.035 0.029 0.675 
  9 UA00048874    (4)   :  0.069 0.077 0.086 0.073 0.075 0.081 0.073 0.073 0.329 0.064 
 10 UA00049060    (9)   :  0.119 0.109 0.119 0.114 0.126 0.124 0.110 0.120 0.037 0.022 
 11 UA00033413    (9)   :  0.136 0.122 0.094 0.107 0.116 0.139 0.146 0.090 0.017 0.034 
 12  Puco021    (9)   :  0.135 0.110 0.088 0.102 0.116 0.151 0.150 0.072 0.060 0.016 
 13  Puco026    (9)   :  0.119 0.115 0.112 0.109 0.124 0.145 0.121 0.095 0.042 0.017 
 14  Puco008    (9)   :  0.086 0.095 0.106 0.091 0.086 0.093 0.089 0.091 0.111 0.153 
 15   M01301    (9)   :  0.119 0.117 0.091 0.111 0.114 0.129 0.124 0.106 0.012 0.076 
 16   M06306    (9)   :  0.093 0.095 0.097 0.081 0.090 0.104 0.096 0.075 0.250 0.018 
 17 UA00032185    (9)   :  0.108 0.117 0.117 0.106 0.112 0.115 0.111 0.112 0.045 0.057 
 18 UA00030792    (9)   :  0.010 0.011 0.011 0.011 0.010 0.011 0.011 0.010 0.904 0.012 
 19 UA00031647    (9)   :  0.093 0.105 0.118 0.098 0.098 0.105 0.098 0.095 0.117 0.073 
 20 UA00031979    (9)   :  0.110 0.113 0.118 0.112 0.121 0.124 0.113 0.104 0.028 0.056 
 21  Puco016    (9)   :  0.103 0.109 0.113 0.108 0.107 0.094 0.106 0.100 0.018 0.141 
 22  Puco010    (9)   :  0.118 0.118 0.114 0.118 0.114 0.128 0.110 0.120 0.031 0.029 
 23    M1035    (9)   :  0.112 0.119 0.123 0.111 0.111 0.118 0.108 0.117 0.062 0.018 
 24 UA00034601    (9)   :  0.112 0.111 0.121 0.104 0.109 0.119 0.116 0.092 0.048 0.068 
 25 UA00050388    (9)   :  0.105 0.121 0.120 0.101 0.111 0.125 0.112 0.099 0.047 0.059 
 26 UA00048699    (9)   :  0.085 0.088 0.094 0.088 0.087 0.079 0.084 0.090 0.022 0.283 
 27 UA00064058    (9)   :  0.127 0.109 0.114 0.115 0.123 0.116 0.117 0.114 0.044 0.020 
 28 UA00033981    (9)   :  0.130 0.116 0.089 0.114 0.114 0.130 0.139 0.097 0.034 0.037 
 29   F05033    (9)   :  0.126 0.116 0.111 0.114 0.126 0.127 0.122 0.114 0.021 0.022 
 30 UA00048520    (4)   :  0.107 0.107 0.106 0.094 0.105 0.120 0.108 0.087 0.105 0.062 
 31 UA00048422    (4)   :  0.026 0.025 0.025 0.025 0.025 0.027 0.026 0.025 0.777 0.018 
 32    PucoB    (4)   :  0.129 0.115 0.115 0.105 0.123 0.153 0.135 0.082 0.031 0.012 
 33 UA00047393    (4)   :  0.107 0.102 0.109 0.116 0.109 0.100 0.105 0.133 0.093 0.026 
 34 UA00064521    (4)   :  0.093 0.110 0.112 0.098 0.106 0.107 0.104 0.098 0.026 0.147 
 35 UA00003043    (4)   :  0.104 0.105 0.119 0.112 0.107 0.103 0.104 0.120 0.014 0.112 
 36 UA00063025    (4)   :  0.089 0.103 0.105 0.089 0.096 0.104 0.093 0.087 0.126 0.107 
 37 UA00063826    (4)   :  0.119 0.128 0.116 0.109 0.118 0.128 0.126 0.102 0.032 0.022 
 38   F07407    (4)   :  0.114 0.101 0.091 0.096 0.109 0.134 0.119 0.072 0.143 0.022 
 39 UA00021658    (4)   :  0.113 0.121 0.126 0.110 0.116 0.118 0.119 0.115 0.031 0.033 
 40 UA00003794    (4)   :  0.119 0.101 0.100 0.100 0.113 0.140 0.117 0.071 0.113 0.027 
 41 UA00041322    (4)   :  0.101 0.121 0.133 0.113 0.112 0.113 0.108 0.103 0.043 0.053 
 42 UA00063316    (4)   :  0.105 0.115 0.126 0.104 0.103 0.112 0.108 0.102 0.060 0.066 
 43 UA00047705    (4)   :  0.120 0.114 0.120 0.104 0.115 0.141 0.120 0.086 0.029 0.050 
 44 UA00033904    (4)   :  0.085 0.086 0.100 0.086 0.089 0.099 0.087 0.074 0.263 0.031 
 45 UA00048100    (4)   :  0.121 0.119 0.113 0.117 0.124 0.131 0.122 0.100 0.016 0.036 
 46 UA00032212    (4)   :  0.095 0.100 0.099 0.094 0.095 0.101 0.098 0.093 0.146 0.078 
 47 UA00031574    (4)   :  0.023 0.024 0.024 0.023 0.023 0.025 0.024 0.022 0.781 0.032 
 48 UA00031228    (4)   :  0.014 0.015 0.015 0.015 0.015 0.014 0.014 0.015 0.864 0.019 
 49 UA00047707    (4)   :  0.120 0.115 0.114 0.124 0.127 0.106 0.119 0.143 0.010 0.023 
 50 UA00030906    (4)   :  0.010 0.011 0.011 0.011 0.010 0.011 0.010 0.011 0.899 0.017 
 51 UA00041567    (4)   :  0.117 0.120 0.104 0.109 0.108 0.133 0.127 0.099 0.039 0.045 
 52 UA00007624    (4)   :  0.131 0.122 0.109 0.119 0.124 0.117 0.120 0.118 0.014 0.025 
 53 UA00034514    (4)   :  0.120 0.115 0.128 0.120 0.116 0.109 0.111 0.121 0.025 0.035 
 54 UA00030480    (4)   :  0.103 0.112 0.124 0.104 0.117 0.107 0.112 0.106 0.093 0.022 
 55  Puco012    (4)   :  0.116 0.119 0.124 0.125 0.112 0.111 0.110 0.120 0.024 0.040 
 56 UA00038677    (9)   :  0.101 0.108 0.117 0.102 0.098 0.116 0.104 0.094 0.067 0.093 
 57 UA00048275    (4)   :  0.133 0.126 0.114 0.111 0.113 0.131 0.124 0.100 0.019 0.029 
 58 UA00064055    (4)   :  0.111 0.115 0.126 0.124 0.115 0.102 0.111 0.129 0.027 0.040 
 59  Puco009    (4)   :  0.097 0.108 0.111 0.108 0.108 0.097 0.098 0.111 0.014 0.148 
 60 UA00064561    (4)   :  0.123 0.096 0.099 0.138 0.118 0.080 0.113 0.168 0.015 0.050 
 61 UA00003479    (4)   :  0.110 0.112 0.120 0.131 0.116 0.099 0.107 0.130 0.023 0.052 
 62 UA00063747    (4)   :  0.113 0.120 0.111 0.126 0.118 0.111 0.121 0.127 0.011 0.041 
 63 UA00002558    (4)   :  0.098 0.114 0.110 0.100 0.101 0.109 0.100 0.106 0.018 0.144 
 64 UA00048410    (4)   :  0.111 0.104 0.110 0.113 0.108 0.096 0.099 0.121 0.012 0.126 
 65 UA00012249    (4)   :  0.119 0.103 0.108 0.126 0.129 0.087 0.112 0.131 0.015 0.072 
 66 UA00033818    (4)   :  0.059 0.056 0.062 0.056 0.057 0.067 0.061 0.051 0.482 0.051 
 67  Puco020    (4)   :  0.103 0.106 0.109 0.111 0.106 0.094 0.103 0.118 0.100 0.050 
 68 UA00002545    (9)   :  0.114 0.106 0.111 0.129 0.116 0.085 0.114 0.143 0.055 0.026 
 69 UA00048508    (4)   :  0.117 0.121 0.123 0.120 0.122 0.111 0.115 0.123 0.019 0.029 
 70 UA00064100    (4)   :  0.107 0.125 0.129 0.117 0.119 0.119 0.112 0.110 0.030 0.032 
 71 UA00014585    (4)   :  0.114 0.121 0.124 0.112 0.114 0.108 0.113 0.121 0.029 0.044 
 72 UA00063698    (4)   :  0.077 0.081 0.089 0.084 0.077 0.084 0.077 0.074 0.066 0.290 
 73 UA00049753    (4)   :  0.083 0.093 0.095 0.084 0.086 0.092 0.086 0.085 0.281 0.016 
 74 UA00049037    (4)   :  0.117 0.115 0.123 0.115 0.118 0.111 0.117 0.122 0.039 0.023 
 75 UA00034941    (4)   :  0.116 0.117 0.125 0.107 0.110 0.113 0.114 0.105 0.041 0.050 
 76 UA00008083    (4)   :  0.060 0.062 0.065 0.063 0.057 0.060 0.061 0.065 0.033 0.472 
 77 UA00015084    (4)   :  0.078 0.084 0.088 0.078 0.080 0.093 0.079 0.068 0.091 0.260 
 78 UA00041010    (9)   :  0.045 0.053 0.061 0.055 0.045 0.051 0.048 0.048 0.260 0.335 
 79 UA00035261    (4)   :  0.099 0.100 0.108 0.097 0.100 0.102 0.095 0.084 0.136 0.078 
 80 UA00035431    (4)   :  0.118 0.122 0.112 0.116 0.116 0.124 0.120 0.109 0.011 0.052 
 81 UA00045274    (0)   :  0.107 0.112 0.114 0.098 0.109 0.134 0.116 0.092 0.048 0.070 
 82 UA00028200    (4)   :  0.076 0.078 0.088 0.079 0.079 0.079 0.077 0.070 0.292 0.082 
 83 UA00064559    (0)   :  0.019 0.020 0.020 0.019 0.019 0.021 0.019 0.017 0.828 0.017 
 84 UA00040808    (0)   :  0.085 0.086 0.097 0.093 0.088 0.083 0.080 0.083 0.208 0.096 
 85 UA00049156    (0)   :  0.083 0.088 0.094 0.088 0.079 0.089 0.081 0.080 0.220 0.097 
 86 UA00003952    (4)   :  0.057 0.055 0.063 0.057 0.062 0.056 0.058 0.059 0.021 0.512 
 87 UA00063954    (0)   :  0.108 0.121 0.120 0.104 0.112 0.126 0.109 0.102 0.075 0.023 
 88 UA00062934    (0)   :  0.103 0.109 0.119 0.101 0.107 0.121 0.107 0.091 0.097 0.046 
 89 UA00033829    (0)   :  0.039 0.041 0.043 0.039 0.039 0.042 0.038 0.040 0.508 0.171 
 90 UA00064351    (4)   :  0.123 0.118 0.090 0.107 0.111 0.139 0.132 0.090 0.024 0.066 
 91 UA00003697    (4)   :  0.057 0.067 0.073 0.064 0.059 0.063 0.059 0.059 0.047 0.453 
 92 UA00063438    (4)   :  0.092 0.106 0.116 0.100 0.100 0.104 0.097 0.099 0.123 0.062 
 93 UA00007608    (0)   :  0.087 0.096 0.101 0.086 0.091 0.099 0.090 0.083 0.139 0.128 
 94 UA00019683    (4)   :  0.093 0.079 0.073 0.073 0.082 0.104 0.094 0.056 0.322 0.023 
 95 UA00007781    (0)   :  0.118 0.122 0.122 0.107 0.114 0.137 0.122 0.093 0.026 0.041 
 96 UA00002915    (0)   :  0.084 0.090 0.099 0.086 0.085 0.085 0.083 0.087 0.247 0.055 
 97  Puco031    (4)   :  0.110 0.118 0.122 0.117 0.119 0.111 0.113 0.120 0.028 0.043 
 98 UA00048280    (4)   :  0.122 0.119 0.116 0.114 0.112 0.127 0.118 0.099 0.020 0.054 
 99 UA00048589    (0)   :  0.120 0.115 0.105 0.108 0.121 0.144 0.132 0.083 0.042 0.031 
100 UA00034417    (0)   :  0.095 0.104 0.110 0.096 0.101 0.100 0.094 0.099 0.076 0.125 
101 UA00050411    (4)   :  0.127 0.114 0.114 0.119 0.130 0.100 0.122 0.140 0.011 0.022 
102  Puco029    (4)   :  0.126 0.114 0.114 0.114 0.130 0.144 0.126 0.105 0.018 0.011 
103   F03403    (4)   :  0.140 0.121 0.098 0.095 0.122 0.159 0.150 0.071 0.013 0.030 
104 UA00049904    (0)   :  0.103 0.121 0.111 0.097 0.109 0.124 0.113 0.094 0.094 0.033 
105 UA00035335    (0)   :  0.119 0.110 0.109 0.127 0.132 0.128 0.122 0.130 0.015 0.009 
106 UA00012611    (0)   :  0.111 0.121 0.130 0.116 0.119 0.124 0.121 0.116 0.022 0.020 
107 UA00050319    (0)   :  0.146 0.116 0.090 0.101 0.122 0.157 0.162 0.075 0.014 0.017 
108 UA00032068    (4)   :  0.105 0.117 0.132 0.114 0.110 0.118 0.109 0.109 0.069 0.016 
109 UA00032026    (4)   :  0.107 0.115 0.125 0.115 0.122 0.117 0.113 0.118 0.043 0.024 
110 UA00030476    (4)   :  0.146 0.109 0.087 0.099 0.122 0.166 0.156 0.059 0.042 0.014 
111 UA00046853    (0)   :  0.124 0.127 0.081 0.112 0.116 0.136 0.131 0.112 0.035 0.025 
112 UA00040156    (4)   :  0.010 0.010 0.010 0.010 0.010 0.011 0.011 0.010 0.906 0.012 
113 UA00030528    (4)   :  0.097 0.110 0.119 0.104 0.107 0.098 0.103 0.112 0.128 0.023 
114  Puco025    (4)   :  0.122 0.104 0.108 0.131 0.132 0.095 0.114 0.160 0.016 0.017 
115    pc016    (0)   :  0.010 0.010 0.010 0.010 0.010 0.010 0.010 0.010 0.909 0.011 
116 UA00030617    (4)   :  0.124 0.106 0.105 0.131 0.123 0.099 0.119 0.165 0.012 0.015 
117 UA00030585    (4)   :  0.019 0.020 0.019 0.019 0.020 0.021 0.020 0.018 0.822 0.022 
118 UA00032060    (4)   :  0.102 0.109 0.112 0.100 0.104 0.113 0.105 0.095 0.137 0.024 
119    pc007    (0)   :  0.127 0.125 0.096 0.107 0.116 0.132 0.131 0.097 0.036 0.033 
120 UA00030798    (4)   :  0.026 0.027 0.029 0.028 0.027 0.027 0.027 0.027 0.768 0.014 
121 UA00030778    (4)   :  0.122 0.116 0.123 0.121 0.127 0.107 0.121 0.138 0.010 0.017 
122 UA00039674    (4)   :  0.016 0.016 0.017 0.016 0.015 0.016 0.016 0.016 0.859 0.013 
123 UA00032241    (4)   :  0.124 0.127 0.106 0.118 0.129 0.111 0.118 0.140 0.012 0.017 
124 UA00011624    (0)   :  0.123 0.110 0.110 0.132 0.126 0.114 0.120 0.123 0.018 0.025 
125 UA00033779    (4)   :  0.136 0.119 0.095 0.105 0.117 0.145 0.144 0.094 0.018 0.027 
126 UA00049402    (4)   :  0.116 0.105 0.116 0.114 0.113 0.089 0.101 0.116 0.029 0.100 
127 UA00033653    (0)   :  0.140 0.125 0.079 0.107 0.117 0.149 0.150 0.096 0.014 0.023 
128 UA00047738    (0)   :  0.111 0.116 0.115 0.110 0.110 0.123 0.113 0.108 0.035 0.060 
129 UA00047502    (4)   :  0.096 0.111 0.122 0.111 0.098 0.101 0.099 0.108 0.039 0.116 
130 UA00012014    (4)   :  0.113 0.119 0.132 0.116 0.113 0.110 0.113 0.124 0.025 0.033 
131 UA00040729    (0)   :  0.131 0.112 0.111 0.109 0.128 0.142 0.126 0.092 0.027 0.021 
132 UA00030392    (4)   :  0.126 0.111 0.111 0.123 0.124 0.098 0.115 0.149 0.024 0.018 
133 UA00050033    (0)   :  0.119 0.117 0.115 0.117 0.117 0.109 0.116 0.127 0.040 0.025 
134 UA00012152    (0)   :  0.067 0.069 0.069 0.073 0.072 0.064 0.066 0.079 0.012 0.427 
135 UA00050406    (0)   :  0.111 0.124 0.128 0.114 0.120 0.117 0.115 0.112 0.028 0.032 
136 UA00047973    (0)   :  0.115 0.128 0.121 0.108 0.118 0.127 0.123 0.111 0.021 0.029 
137 UA00008051    (0)   :  0.103 0.107 0.109 0.115 0.106 0.108 0.102 0.117 0.058 0.073 
138 UA00047337    (4)   :  0.109 0.103 0.109 0.107 0.111 0.108 0.105 0.101 0.117 0.030 
139 UA00041604    (4)   :  0.103 0.118 0.114 0.103 0.106 0.114 0.106 0.110 0.047 0.079 
140 UA00031704    (4)   :  0.122 0.112 0.118 0.128 0.127 0.103 0.122 0.141 0.015 0.013 
141 UA00040423    (4)   :  0.107 0.119 0.118 0.119 0.113 0.110 0.113 0.121 0.057 0.023 
142 UA00049433    (0)   :  0.106 0.114 0.128 0.119 0.106 0.102 0.105 0.115 0.040 0.065 
143 UA00034816    (0)   :  0.115 0.097 0.098 0.128 0.112 0.085 0.108 0.155 0.023 0.079 
144 UA00050214    (0)   :  0.126 0.090 0.098 0.144 0.131 0.076 0.111 0.190 0.016 0.017 
145 UA00041073    (0)   :  0.108 0.110 0.114 0.116 0.110 0.108 0.108 0.124 0.043 0.059 
146 UA00030318    (4)   :  0.116 0.114 0.111 0.127 0.119 0.101 0.114 0.130 0.018 0.049 
147 UA00046845    (0)   :  0.114 0.103 0.108 0.120 0.113 0.089 0.104 0.128 0.033 0.089 
148 UA00063946    (0)   :  0.146 0.119 0.077 0.103 0.120 0.157 0.161 0.070 0.025 0.022 
149 UA00031374    (4)   :  0.110 0.120 0.118 0.123 0.112 0.112 0.109 0.123 0.026 0.047 
150    M1136    (4)   :  0.081 0.080 0.082 0.084 0.085 0.074 0.080 0.098 0.311 0.024 
151 UA00034299    (0)   :  0.124 0.093 0.097 0.144 0.130 0.080 0.114 0.175 0.021 0.023 
152 UA00002387    (4)   :  0.110 0.115 0.120 0.135 0.115 0.093 0.113 0.142 0.012 0.047 
153 UA00021855    (0)   :  0.118 0.126 0.117 0.116 0.112 0.120 0.110 0.116 0.027 0.038 
154 UA00014500    (0)   :  0.110 0.119 0.134 0.120 0.118 0.107 0.120 0.115 0.037 0.020 
155 UA00050419    (4)   :  0.125 0.089 0.097 0.142 0.127 0.075 0.118 0.191 0.013 0.023 
156 UA00031854    (4)   :  0.110 0.114 0.119 0.114 0.114 0.115 0.107 0.111 0.028 0.068 
157    pc011    (4)   :  0.119 0.104 0.111 0.134 0.134 0.089 0.118 0.146 0.014 0.030 
158 UA00033004    (0)   :  0.118 0.106 0.117 0.125 0.116 0.105 0.112 0.123 0.045 0.034 
159 UA00046510    (0)   :  0.106 0.108 0.113 0.114 0.110 0.104 0.104 0.112 0.018 0.111 
160 UA00048747    (0)   :  0.110 0.111 0.122 0.126 0.117 0.102 0.111 0.134 0.019 0.048 
161 UA00014293    (0)   :  0.118 0.109 0.117 0.126 0.123 0.090 0.122 0.146 0.018 0.031 
162 UA00047686    (0)   :  0.096 0.104 0.119 0.107 0.104 0.099 0.101 0.105 0.027 0.138 
163 UA00033783    (4)   :  0.085 0.076 0.077 0.074 0.081 0.092 0.087 0.064 0.272 0.093 
164 UA00042609    (4)   :  0.085 0.096 0.102 0.105 0.087 0.083 0.093 0.103 0.034 0.214 
165 UA00031169    (4)   :  0.122 0.094 0.099 0.142 0.130 0.081 0.118 0.174 0.021 0.019 
166 UA00035181    (0)   :  0.116 0.122 0.120 0.118 0.127 0.128 0.130 0.112 0.009 0.018 
167 UA00050133    (0)   :  0.117 0.117 0.122 0.118 0.114 0.110 0.114 0.122 0.028 0.039 
168  Puco011    (4)   :  0.119 0.101 0.109 0.129 0.129 0.090 0.119 0.141 0.027 0.038 
169 UA00041476    (0)   :  0.106 0.110 0.120 0.116 0.105 0.099 0.103 0.131 0.048 0.061 
170 UA00046702    (0)   :  0.133 0.102 0.104 0.130 0.131 0.088 0.118 0.154 0.019 0.022 
171 UA00019940    (0)   :  0.113 0.111 0.113 0.124 0.114 0.116 0.106 0.131 0.025 0.048 
172 UA00049813    (0)   :  0.123 0.123 0.098 0.122 0.113 0.125 0.112 0.126 0.029 0.027 
173 UA00064165    (0)   :  0.076 0.087 0.094 0.082 0.084 0.087 0.082 0.078 0.031 0.299 
174 UA00064421    (0)   :  0.089 0.099 0.104 0.101 0.092 0.089 0.087 0.095 0.012 0.232 
175 UA00064569    (4)   :  0.126 0.113 0.112 0.123 0.131 0.098 0.117 0.144 0.011 0.025 
176 UA00003996    (0)   :  0.111 0.099 0.106 0.108 0.113 0.092 0.097 0.114 0.030 0.130 
177 UA00064491    (4)   :  0.120 0.104 0.103 0.126 0.121 0.093 0.114 0.155 0.016 0.049 
178 UA00011899    (0)   :  0.115 0.120 0.122 0.113 0.117 0.114 0.115 0.127 0.033 0.023 
179  Puco015    (4)   :  0.108 0.107 0.111 0.114 0.118 0.107 0.106 0.117 0.076 0.036 
180 UA00047929    (4)   :  0.133 0.117 0.101 0.113 0.126 0.137 0.123 0.115 0.019 0.015 
181 UA00056669    (0)   :  0.111 0.122 0.125 0.119 0.109 0.115 0.112 0.119 0.016 0.051 
182 UA00050176    (0)   :  0.112 0.115 0.122 0.115 0.108 0.107 0.105 0.116 0.041 0.060 
183  Puco014    (4)   :  0.126 0.117 0.116 0.116 0.113 0.115 0.115 0.106 0.025 0.051 
184 UA00019608    (0)   :  0.103 0.116 0.123 0.130 0.112 0.099 0.106 0.133 0.021 0.058 
185 UA00064333    (0)   :  0.108 0.115 0.116 0.138 0.118 0.100 0.108 0.142 0.019 0.034 
186  Puco013    (4)   :  0.099 0.116 0.118 0.107 0.100 0.103 0.102 0.108 0.022 0.125 
187 UA00016092    (0)   :  0.124 0.105 0.106 0.129 0.128 0.100 0.124 0.156 0.011 0.016 
188 UA00019060    (0)   :  0.056 0.059 0.066 0.062 0.054 0.059 0.056 0.058 0.103 0.426 
189 UA00063532    (0)   :  0.122 0.116 0.114 0.110 0.118 0.111 0.112 0.109 0.043 0.046 
190 UA00064117    (0)   :  0.073 0.082 0.088 0.080 0.076 0.077 0.077 0.082 0.142 0.224 
191 UA00011969    (0)   :  0.109 0.123 0.123 0.109 0.112 0.114 0.110 0.112 0.033 0.056 
192 UA00034586    (4)   :  0.124 0.125 0.118 0.117 0.116 0.127 0.121 0.119 0.016 0.019 
193 UA00030736    (4)   :  0.112 0.116 0.129 0.119 0.117 0.115 0.117 0.123 0.029 0.023 
194 UA00048493    (0)   :  0.115 0.117 0.123 0.112 0.115 0.113 0.111 0.114 0.049 0.031 
195 UA00040466    (0)   :  0.045 0.044 0.052 0.045 0.047 0.042 0.044 0.044 0.018 0.620 
196 UA00047659    (0)   :  0.115 0.123 0.131 0.112 0.117 0.128 0.114 0.111 0.014 0.035 
197 UA00042002    (4)   :  0.110 0.102 0.113 0.100 0.108 0.119 0.108 0.085 0.117 0.038 
198 UA00062606    (0)   :  0.105 0.112 0.125 0.111 0.109 0.102 0.104 0.109 0.027 0.098 
199 UA00030615    (4)   :  0.037 0.041 0.044 0.038 0.038 0.038 0.038 0.038 0.013 0.675 
200 UA00048899    (0)   :  0.109 0.124 0.132 0.118 0.115 0.119 0.112 0.111 0.025 0.036 
201 UA00047725    (0)   :  0.014 0.014 0.018 0.014 0.013 0.014 0.014 0.014 0.013 0.873 
202 UA00030866    (4)   :  0.123 0.120 0.128 0.124 0.110 0.101 0.109 0.120 0.018 0.046 
203 UA00034564    (0)   :  0.107 0.125 0.125 0.122 0.118 0.101 0.120 0.124 0.020 0.038 
204 UA00046520    (0)   :  0.144 0.120 0.089 0.104 0.118 0.145 0.148 0.092 0.016 0.024 
205 UA00035027    (0)   :  0.118 0.115 0.123 0.109 0.107 0.113 0.110 0.106 0.032 0.066 
206 UA00035421    (0)   :  0.096 0.102 0.105 0.111 0.088 0.080 0.095 0.104 0.019 0.200 
207 UA00062740    (4)   :  0.113 0.109 0.123 0.112 0.102 0.101 0.106 0.110 0.040 0.084 
208 UA00012360    (0)   :  0.029 0.028 0.032 0.027 0.029 0.028 0.030 0.029 0.014 0.755 
209 UA00050203    (0)   :  0.121 0.123 0.123 0.115 0.120 0.121 0.117 0.107 0.028 0.025 
210 UA00040534    (4)   :  0.069 0.079 0.091 0.075 0.068 0.076 0.071 0.075 0.131 0.264 
211 UA00031261    (4)   :  0.058 0.069 0.083 0.071 0.058 0.063 0.059 0.063 0.075 0.400 
212 UA00031917    (4)   :  0.071 0.087 0.100 0.090 0.076 0.074 0.076 0.080 0.101 0.243 
213 UA00040798    (4)   :  0.079 0.086 0.079 0.081 0.080 0.085 0.077 0.083 0.054 0.296 
214 UA00030598    (4)   :  0.090 0.095 0.095 0.088 0.089 0.087 0.086 0.089 0.059 0.221 
215 UA00050385    (0)   :  0.106 0.121 0.125 0.114 0.114 0.101 0.108 0.122 0.025 0.065 
216 UA00058283    (0)   :  0.024 0.026 0.028 0.025 0.024 0.025 0.025 0.025 0.035 0.762 
217 UA00042297    (4)   :  0.069 0.069 0.066 0.067 0.067 0.067 0.066 0.070 0.368 0.091 
218 UA00015415    (4)   :  0.026 0.027 0.031 0.027 0.026 0.025 0.026 0.027 0.014 0.772 
219 UA00035531    (0)   :  0.046 0.048 0.056 0.049 0.047 0.047 0.045 0.047 0.068 0.547 
220 UA00048683    (0)   :  0.059 0.062 0.068 0.065 0.056 0.057 0.057 0.059 0.017 0.500 
221 UA00046734    (4)   :  0.026 0.028 0.031 0.027 0.028 0.028 0.027 0.027 0.018 0.761 
222   pcRF01    (0)   :  0.116 0.098 0.097 0.152 0.126 0.079 0.113 0.189 0.009 0.020 
223 UA00007223    (0)   :  0.099 0.109 0.120 0.110 0.101 0.090 0.102 0.111 0.039 0.118 
224 UA00013841    (0)   :  0.114 0.110 0.113 0.113 0.125 0.132 0.117 0.095 0.060 0.021 
225 UA00014196    (0)   :  0.065 0.066 0.077 0.072 0.063 0.060 0.063 0.065 0.040 0.428 
226 UA00034635    (0)   :  0.122 0.119 0.131 0.123 0.110 0.114 0.111 0.124 0.017 0.029 
227 UA00047371    (0)   :  0.102 0.105 0.116 0.095 0.093 0.117 0.101 0.095 0.138 0.038 
228 UA00063544    (0)   :  0.104 0.104 0.108 0.105 0.103 0.119 0.104 0.097 0.119 0.037 
229 UA00064246    (0)   :  0.099 0.102 0.102 0.102 0.098 0.105 0.102 0.092 0.070 0.128 
230 UA00064328    (0)   :  0.097 0.107 0.119 0.104 0.095 0.105 0.099 0.101 0.044 0.130 
231 UA00002952    (0)   :  0.098 0.102 0.114 0.099 0.095 0.094 0.099 0.096 0.087 0.116 
232 UA00064079    (0)   :  0.103 0.107 0.116 0.099 0.106 0.108 0.103 0.112 0.093 0.053 
233 UA00046793    (0)   :  0.093 0.094 0.102 0.099 0.094 0.083 0.087 0.089 0.117 0.141 
234 UA00034769    (0)   :  0.079 0.076 0.075 0.075 0.072 0.083 0.080 0.073 0.318 0.069 
235 UA00034949    (0)   :  0.101 0.104 0.115 0.115 0.102 0.087 0.099 0.106 0.037 0.133 
236 UA00063753    (0)   :  0.126 0.109 0.090 0.107 0.108 0.132 0.120 0.093 0.045 0.069 
237 UA00015713    (0)   :  0.119 0.112 0.111 0.106 0.113 0.126 0.113 0.092 0.081 0.027 
238 UA00003494    (0)   :  0.109 0.102 0.109 0.123 0.103 0.084 0.101 0.122 0.070 0.078 
239 UA00056767    (0)   :  0.134 0.134 0.086 0.104 0.119 0.144 0.143 0.106 0.010 0.019 
240 UA00014461    (0)   :  0.107 0.104 0.108 0.105 0.104 0.094 0.099 0.100 0.057 0.121 
241 UA00034669    (0)   :  0.072 0.084 0.091 0.074 0.076 0.082 0.081 0.069 0.072 0.299 
242 UA00048164    (0)   :  0.100 0.105 0.105 0.106 0.106 0.099 0.099 0.102 0.017 0.163 
243 UA00007974    (0)   :  0.126 0.118 0.109 0.099 0.117 0.154 0.133 0.076 0.037 0.031 
244 UA00016166    (0)   :  0.096 0.092 0.105 0.098 0.099 0.093 0.092 0.109 0.181 0.035 
245 UA00015653    (0)   :  0.087 0.095 0.109 0.091 0.090 0.093 0.088 0.089 0.136 0.122 
246 UA00063882    (0)   :  0.083 0.081 0.093 0.080 0.088 0.080 0.083 0.077 0.079 0.255 
247 UA00049027    (0)   :  0.094 0.102 0.102 0.092 0.099 0.114 0.098 0.092 0.128 0.078 
248 UA00018878    (0)   :  0.110 0.104 0.107 0.088 0.103 0.133 0.109 0.076 0.142 0.028 
249 UA00038796    (0)   :  0.093 0.102 0.108 0.097 0.094 0.107 0.096 0.081 0.020 0.203 
250 UA00013465    (0)   :  0.052 0.054 0.058 0.050 0.049 0.052 0.049 0.051 0.026 0.559 
251 UA00014604    (0)   :  0.095 0.105 0.103 0.088 0.099 0.106 0.095 0.090 0.044 0.174 
252 UA00041913    (0)   :  0.109 0.105 0.086 0.097 0.103 0.108 0.105 0.095 0.151 0.041 
253 UA00021632    (0)   :  0.072 0.081 0.084 0.076 0.075 0.078 0.075 0.075 0.323 0.062 
254 UA00064027    (0)   :  0.097 0.115 0.121 0.101 0.105 0.110 0.102 0.101 0.065 0.083 
255 UA00015023    (0)   :  0.110 0.110 0.111 0.119 0.116 0.103 0.105 0.126 0.025 0.076 
256 UA00050243    (0)   :  0.097 0.107 0.112 0.101 0.102 0.101 0.095 0.100 0.145 0.039 
257 UA00048298    (0)   :  0.113 0.112 0.114 0.120 0.112 0.107 0.110 0.126 0.040 0.047 
258 UA00050437    (0)   :  0.097 0.106 0.117 0.100 0.102 0.106 0.101 0.098 0.027 0.145 
259 UA00014262    (0)   :  0.104 0.113 0.122 0.108 0.110 0.112 0.111 0.108 0.068 0.043 
260 UA00049129    (0)   :  0.120 0.117 0.109 0.115 0.115 0.123 0.119 0.107 0.048 0.029 
261 UA00014740    (0)   :  0.117 0.116 0.111 0.103 0.108 0.123 0.121 0.106 0.048 0.048 
262 UA00049612    (0)   :  0.044 0.045 0.044 0.042 0.042 0.046 0.042 0.042 0.584 0.069 
263 UA00014635    (0)   :  0.137 0.130 0.097 0.105 0.121 0.145 0.135 0.093 0.014 0.022 
264 UA00014673    (0)   :  0.095 0.099 0.104 0.093 0.097 0.116 0.098 0.082 0.068 0.149 
265 UA00033608    (0)   :  0.084 0.080 0.079 0.078 0.075 0.089 0.087 0.072 0.299 0.057 
266 UA00064540    (0)   :  0.125 0.116 0.102 0.104 0.110 0.137 0.138 0.082 0.026 0.061 
267 UA00050256    (0)   :  0.098 0.108 0.113 0.099 0.098 0.102 0.097 0.096 0.104 0.085 
268 UA00015274    (0)   :  0.113 0.113 0.116 0.117 0.123 0.113 0.110 0.116 0.021 0.059 
269 UA00062993    (0)   :  0.110 0.129 0.118 0.107 0.115 0.127 0.124 0.100 0.012 0.059 
270 UA00038364    (0)   :  0.108 0.121 0.116 0.103 0.110 0.122 0.115 0.099 0.054 0.051 
271 UA00014446    (0)   :  0.112 0.127 0.133 0.111 0.121 0.122 0.120 0.115 0.014 0.026 
272 UA00063545    (0)   :  0.064 0.071 0.079 0.066 0.064 0.068 0.066 0.064 0.337 0.120 
273 UA00040054    (0)   :  0.109 0.118 0.117 0.120 0.133 0.123 0.117 0.115 0.029 0.020 
274 UA00058447    (0)   :  0.118 0.127 0.122 0.105 0.118 0.136 0.124 0.094 0.029 0.027 
275 UA00046835    (0)   :  0.128 0.120 0.110 0.105 0.120 0.134 0.133 0.095 0.026 0.028 
276 UA00014608    (0)   :  0.113 0.126 0.124 0.110 0.119 0.127 0.114 0.103 0.019 0.044 
277    pc012    (0)   :  0.107 0.115 0.117 0.105 0.112 0.116 0.110 0.103 0.037 0.076 
278    pc002    (0)   :  0.078 0.089 0.092 0.076 0.082 0.088 0.082 0.077 0.279 0.057 
279 UA00033690    (0)   :  0.126 0.104 0.089 0.091 0.110 0.148 0.139 0.062 0.099 0.031 
280 UA00013688    (0)   :  0.109 0.117 0.121 0.105 0.111 0.120 0.112 0.106 0.031 0.067 
281 UA00063666    (0)   :  0.134 0.121 0.080 0.101 0.115 0.147 0.148 0.083 0.059 0.013 
282 UA00063292    (0)   :  0.151 0.123 0.082 0.104 0.120 0.155 0.161 0.072 0.015 0.017 
283    pc001    (0)   :  0.110 0.123 0.123 0.106 0.116 0.122 0.115 0.107 0.024 0.054 
284    pc008    (0)   :  0.124 0.114 0.113 0.116 0.117 0.137 0.122 0.097 0.024 0.036 
285 UA00034316    (0)   :  0.082 0.085 0.092 0.090 0.087 0.084 0.083 0.098 0.152 0.146 
286 UA00013046    (0)   :  0.128 0.113 0.102 0.119 0.127 0.115 0.118 0.144 0.020 0.015 
287 UA00050241    (0)   :  0.135 0.135 0.100 0.102 0.121 0.142 0.137 0.100 0.016 0.012 
288 UA00048599    (0)   :  0.124 0.122 0.120 0.110 0.120 0.143 0.130 0.097 0.015 0.020 
289 UA00046649    (0)   :  0.100 0.098 0.103 0.094 0.099 0.117 0.097 0.088 0.176 0.029 
290 UA00015674    (0)   :  0.082 0.076 0.074 0.071 0.077 0.091 0.080 0.058 0.345 0.045 
291 UA00013177    (0)   :  0.111 0.108 0.095 0.109 0.104 0.123 0.109 0.097 0.070 0.074 
292 UA00012814    (0)   :  0.115 0.116 0.121 0.120 0.115 0.110 0.113 0.122 0.023 0.045 
293 UA00034654    (0)   :  0.122 0.122 0.124 0.113 0.124 0.128 0.117 0.114 0.015 0.021 
294 UA00046743    (0)   :  0.129 0.114 0.099 0.106 0.129 0.145 0.136 0.097 0.018 0.027 
295 UA00014854    (0)   :  0.133 0.109 0.100 0.099 0.123 0.160 0.137 0.064 0.064 0.012 
296 UA00013729    (0)   :  0.116 0.104 0.118 0.125 0.127 0.103 0.109 0.139 0.025 0.034 
297 UA00063483    (0)   :  0.127 0.128 0.117 0.116 0.119 0.120 0.115 0.124 0.018 0.016 
298 UA00039326    (0)   :  0.121 0.115 0.108 0.109 0.117 0.129 0.120 0.087 0.069 0.025 
299 UA00014742    (0)   :  0.128 0.132 0.093 0.115 0.117 0.132 0.127 0.117 0.023 0.015 
300 UA00049597    (0)   :  0.096 0.092 0.085 0.081 0.096 0.121 0.102 0.065 0.251 0.012 
301 UA00048067    (0)   :  0.116 0.121 0.119 0.102 0.109 0.123 0.115 0.100 0.050 0.047 
302 UA00012918    (0)   :  0.138 0.104 0.083 0.089 0.116 0.160 0.143 0.050 0.105 0.012 
303 UA00013487    (0)   :  0.114 0.093 0.097 0.157 0.128 0.075 0.113 0.196 0.014 0.013 
304 UA00046759    (0)   :  0.103 0.103 0.112 0.104 0.095 0.109 0.101 0.096 0.061 0.115 
305 UA00050164    (0)   :  0.052 0.055 0.058 0.054 0.051 0.054 0.054 0.059 0.532 0.029 
306 UA00049839    (0)   :  0.119 0.131 0.087 0.124 0.120 0.126 0.117 0.126 0.019 0.032 
307 UA00048444    (0)   :  0.133 0.127 0.064 0.102 0.113 0.141 0.151 0.088 0.059 0.022 
308 UA00063857    (0)   :  0.128 0.124 0.105 0.112 0.126 0.127 0.129 0.109 0.026 0.014 
309 UA00014921    (0)   :  0.085 0.092 0.088 0.084 0.084 0.093 0.086 0.078 0.295 0.016 
310 UA00048895    (0)   :  0.085 0.080 0.083 0.075 0.082 0.092 0.084 0.074 0.311 0.034 
311 UA00014556    (0)   :  0.104 0.115 0.120 0.107 0.108 0.113 0.105 0.100 0.020 0.108 
312    pc009    (0)   :  0.142 0.134 0.077 0.105 0.127 0.142 0.146 0.099 0.016 0.012 
313 UA00014959    (0)   :  0.101 0.088 0.088 0.088 0.096 0.118 0.095 0.067 0.238 0.021 
314 UA00020709    (0)   :  0.120 0.110 0.118 0.109 0.123 0.139 0.115 0.088 0.046 0.031 
315 UA00013126    (0)   :  0.015 0.015 0.015 0.014 0.015 0.015 0.015 0.014 0.867 0.016 
316 UA00013695    (0)   :  0.028 0.027 0.027 0.026 0.027 0.027 0.027 0.025 0.769 0.017 
317 UA00049344    (0)   :  0.079 0.090 0.094 0.077 0.083 0.093 0.082 0.077 0.288 0.036 
318 UA00047614    (0)   :  0.038 0.041 0.044 0.037 0.035 0.040 0.039 0.035 0.599 0.091 
319 UA00014221    (0)   :  0.134 0.133 0.100 0.106 0.123 0.144 0.138 0.097 0.008 0.016 
320 UA00014346    (0)   :  0.125 0.125 0.104 0.103 0.114 0.137 0.136 0.091 0.032 0.033 
321 UA00014245    (0)   :  0.115 0.098 0.096 0.090 0.111 0.142 0.114 0.066 0.148 0.020 
322 UA00014696    (0)   :  0.019 0.018 0.018 0.019 0.018 0.017 0.018 0.017 0.834 0.022 
323 UA00006991    (0)   :  0.112 0.121 0.131 0.113 0.111 0.113 0.112 0.121 0.016 0.049 
324 UA00048948    (0)   :  0.110 0.125 0.126 0.113 0.117 0.121 0.106 0.113 0.023 0.046 
325 UA00002239    (0)   :  0.105 0.118 0.121 0.114 0.123 0.106 0.114 0.118 0.024 0.057 
326 UA00063459    (0)   :  0.139 0.123 0.090 0.097 0.126 0.168 0.152 0.071 0.021 0.013 
327 UA00048356    (0)   :  0.113 0.120 0.116 0.102 0.102 0.121 0.114 0.101 0.028 0.082 
328 UA00063940    (0)   :  0.106 0.113 0.115 0.111 0.110 0.107 0.106 0.123 0.032 0.076 
329 UA00048130    (0)   :  0.122 0.135 0.107 0.106 0.115 0.131 0.132 0.110 0.016 0.027 
330 UA00048903    (0)   :  0.126 0.110 0.104 0.132 0.128 0.095 0.118 0.159 0.011 0.016 
331 UA00064643    (0)   :  0.112 0.118 0.115 0.120 0.112 0.110 0.110 0.129 0.037 0.037 
332 UA00050233    (0)   :  0.116 0.114 0.114 0.115 0.117 0.119 0.113 0.118 0.018 0.056 
333 UA00012507    (0)   :  0.108 0.117 0.124 0.105 0.112 0.108 0.104 0.108 0.014 0.101 
334 UA00064416    (0)   :  0.112 0.112 0.111 0.135 0.120 0.094 0.113 0.161 0.017 0.024 
335 UA00034724    (0)   :  0.124 0.118 0.119 0.113 0.114 0.122 0.114 0.121 0.018 0.036 
336 UA00002621    (0)   :  0.124 0.120 0.119 0.115 0.121 0.122 0.121 0.119 0.016 0.023 
337 UA00033203    (0)   :  0.112 0.098 0.106 0.147 0.118 0.085 0.106 0.173 0.032 0.022 
338 UA00011996    (0)   :  0.112 0.129 0.130 0.109 0.118 0.124 0.123 0.110 0.029 0.017 
339 UA00014408    (0)   :  0.089 0.090 0.100 0.096 0.097 0.089 0.091 0.096 0.022 0.229 
340 UA00049502    (0)   :  0.110 0.123 0.113 0.107 0.109 0.119 0.113 0.112 0.016 0.079 
341 UA00062695    (0)   :  0.116 0.119 0.108 0.106 0.107 0.130 0.122 0.095 0.053 0.044 
342 UA00014072    (0)   :  0.127 0.125 0.097 0.112 0.115 0.131 0.121 0.116 0.028 0.029 
343 UA00003334    (0)   :  0.127 0.120 0.106 0.117 0.126 0.120 0.123 0.120 0.022 0.017 
344 UA00013835    (0)   :  0.114 0.125 0.115 0.107 0.119 0.132 0.122 0.104 0.032 0.029 
345 UA00046760    (0)   :  0.103 0.115 0.104 0.101 0.105 0.112 0.103 0.103 0.131 0.024 
346 UA00014241    (0)   :  0.128 0.112 0.114 0.121 0.123 0.120 0.121 0.114 0.016 0.031 
347 UA00049585    (0)   :  0.127 0.133 0.113 0.110 0.121 0.126 0.120 0.118 0.019 0.014 
348 UA00013409    (0)   :  0.111 0.114 0.081 0.105 0.107 0.128 0.116 0.099 0.028 0.112 
349 UA00047548    (0)   :  0.112 0.128 0.124 0.120 0.123 0.117 0.118 0.118 0.026 0.014 
350 UA00049038    (0)   :  0.083 0.088 0.089 0.087 0.086 0.092 0.086 0.083 0.226 0.079 
351 UA00047612    (0)   :  0.114 0.124 0.125 0.112 0.119 0.115 0.118 0.114 0.017 0.042 
352 UA00014822    (0)   :  0.093 0.094 0.109 0.093 0.085 0.094 0.089 0.085 0.164 0.094 
353 UA00035299    (0)   :  0.113 0.120 0.120 0.120 0.118 0.103 0.111 0.138 0.029 0.028 
354 UA00012804    (0)   :  0.085 0.095 0.102 0.080 0.090 0.099 0.087 0.084 0.238 0.040 
355 UA00049578    (0)   :  0.112 0.115 0.121 0.106 0.104 0.117 0.109 0.106 0.020 0.090 
356 UA00047672    (0)   :  0.113 0.101 0.105 0.144 0.127 0.084 0.113 0.168 0.015 0.030 
357 UA00043961    (0)   :  0.047 0.048 0.046 0.046 0.048 0.047 0.047 0.046 0.564 0.061 
358 UA00064575    (0)   :  0.101 0.114 0.099 0.103 0.101 0.112 0.100 0.104 0.026 0.141 
359 UA00014732    (0)   :  0.115 0.117 0.128 0.110 0.118 0.115 0.114 0.121 0.015 0.048 
360 UA00050181    (0)   :  0.108 0.124 0.130 0.120 0.115 0.112 0.120 0.125 0.010 0.037 
361 UA00033369    (0)   :  0.096 0.105 0.114 0.098 0.096 0.103 0.095 0.106 0.142 0.045 
362 UA00011982    (0)   :  0.128 0.088 0.093 0.149 0.132 0.072 0.115 0.199 0.012 0.011 
363 UA00014590    (0)   :  0.104 0.111 0.121 0.114 0.111 0.104 0.110 0.125 0.061 0.040 
364 UA00047743    (0)   :  0.110 0.113 0.118 0.140 0.127 0.094 0.113 0.153 0.014 0.017 
365 UA00046621    (0)   :  0.113 0.112 0.114 0.139 0.132 0.095 0.118 0.149 0.015 0.013 
366 UA00050422    (0)   :  0.106 0.117 0.119 0.114 0.110 0.114 0.109 0.116 0.018 0.077 
367 UA00002760    (0)   :  0.119 0.117 0.113 0.115 0.114 0.120 0.109 0.121 0.047 0.024 
368 UA00012999    (0)   :  0.110 0.115 0.122 0.107 0.116 0.110 0.109 0.123 0.065 0.022 
369 UA00063838    (0)   :  0.122 0.111 0.108 0.130 0.123 0.111 0.113 0.140 0.015 0.027 
370 UA00003729    (0)   :  0.094 0.096 0.101 0.088 0.094 0.111 0.099 0.081 0.107 0.129 
371 UA00015348    (0)   :  0.122 0.130 0.083 0.111 0.114 0.129 0.120 0.111 0.041 0.038 
372 UA00019058    (0)   :  0.120 0.118 0.093 0.097 0.109 0.138 0.138 0.080 0.028 0.078 
373 UA00049549    (0)   :  0.140 0.117 0.075 0.097 0.117 0.151 0.154 0.065 0.069 0.014 
374 UA00014334    (0)   :  0.113 0.117 0.125 0.123 0.111 0.103 0.112 0.117 0.025 0.056 
375 UA00014350    (0)   :  0.129 0.081 0.081 0.157 0.139 0.060 0.114 0.221 0.009 0.009 
376 UA00049227    (0)   :  0.095 0.110 0.120 0.106 0.106 0.099 0.101 0.099 0.102 0.062 
377 UA00014051    (0)   :  0.108 0.110 0.116 0.124 0.108 0.095 0.111 0.129 0.014 0.087 
378 UA00034381    (0)   :  0.117 0.109 0.113 0.116 0.114 0.110 0.107 0.127 0.021 0.067 
379 UA00002354    (0)   :  0.114 0.100 0.102 0.150 0.118 0.086 0.119 0.181 0.014 0.017 
380 UA00049892    (0)   :  0.122 0.110 0.097 0.118 0.126 0.116 0.114 0.135 0.047 0.015 
381 UA00021989    (0)   :  0.114 0.119 0.110 0.125 0.120 0.104 0.116 0.142 0.013 0.037 
382 UA00048968    (0)   :  0.116 0.117 0.126 0.130 0.115 0.110 0.115 0.124 0.017 0.031 
383 UA00013174    (0)   :  0.117 0.110 0.111 0.127 0.124 0.100 0.113 0.133 0.028 0.037 
384 UA00033992    (0)   :  0.101 0.109 0.112 0.106 0.111 0.103 0.102 0.119 0.115 0.022 
385 UA00015801    (0)   :  0.125 0.097 0.098 0.142 0.133 0.081 0.120 0.183 0.008 0.011 
386 UA00063303    (0)   :  0.108 0.101 0.094 0.096 0.102 0.125 0.109 0.083 0.135 0.046 
387 UA00050206    (0)   :  0.132 0.137 0.082 0.113 0.121 0.137 0.128 0.117 0.010 0.023 
388 UA00014458    (0)   :  0.117 0.113 0.107 0.112 0.114 0.111 0.109 0.116 0.055 0.046 
389 UA00007204    (0)   :  0.140 0.116 0.104 0.104 0.125 0.149 0.136 0.080 0.027 0.019 
390 UA00063212    (0)   :  0.099 0.102 0.076 0.097 0.094 0.106 0.096 0.096 0.138 0.096 
391 UA00013340    (0)   :  0.113 0.120 0.126 0.107 0.111 0.123 0.111 0.110 0.056 0.022 
392 UA00062743    (0)   :  0.115 0.119 0.119 0.129 0.126 0.089 0.108 0.125 0.015 0.055 
393 UA00063189    (0)   :  0.066 0.067 0.072 0.068 0.070 0.064 0.066 0.067 0.046 0.413 
394 UA00035432    (0)   :  0.124 0.126 0.098 0.121 0.123 0.118 0.117 0.135 0.017 0.021 
395 UA00007958    (0)   :  0.132 0.112 0.119 0.130 0.118 0.103 0.119 0.130 0.016 0.020 
396 UA00013634    (0)   :  0.121 0.109 0.117 0.128 0.131 0.097 0.115 0.132 0.013 0.038 
397 UA00048175    (0)   :  0.126 0.091 0.093 0.150 0.132 0.073 0.115 0.190 0.008 0.022 
398 UA00003202    (0)   :  0.123 0.120 0.122 0.123 0.114 0.113 0.118 0.121 0.022 0.024 
399 UA00035090    (0)   :  0.111 0.113 0.107 0.116 0.114 0.118 0.112 0.124 0.023 0.062 
400 UA00064679    (0)   :  0.090 0.091 0.095 0.097 0.093 0.085 0.090 0.096 0.035 0.228 
401 UA00039518    (0)   :  0.116 0.112 0.116 0.126 0.119 0.104 0.121 0.135 0.027 0.022 
402 UA00058268    (0)   :  0.115 0.120 0.116 0.113 0.120 0.113 0.110 0.134 0.023 0.035 
403 UA00049456    (0)   :  0.104 0.107 0.099 0.106 0.104 0.114 0.108 0.100 0.126 0.033 
404 UA00049550    (0)   :  0.117 0.123 0.093 0.111 0.111 0.126 0.114 0.113 0.015 0.077 
405 UA00048342    (0)   :  0.109 0.116 0.114 0.108 0.114 0.120 0.106 0.110 0.061 0.042 
406 UA00063493    (0)   :  0.120 0.121 0.111 0.124 0.124 0.117 0.110 0.141 0.013 0.018 
407 UA00058261    (0)   :  0.111 0.106 0.113 0.127 0.106 0.092 0.107 0.135 0.019 0.084 
408 UA00014663    (0)   :  0.106 0.124 0.124 0.116 0.113 0.118 0.110 0.124 0.024 0.042 
409 UA00048817    (0)   :  0.095 0.101 0.110 0.111 0.096 0.087 0.097 0.118 0.153 0.033 
410 UA00049381    (0)   :  0.125 0.100 0.107 0.133 0.124 0.089 0.116 0.144 0.016 0.045 
411 UA00035901    (0)   :  0.089 0.102 0.101 0.094 0.095 0.095 0.094 0.097 0.024 0.208 
412 UA00013301    (0)   :  0.123 0.123 0.080 0.110 0.113 0.129 0.126 0.108 0.030 0.058 
413 UA00047926    (0)   :  0.110 0.103 0.108 0.124 0.107 0.095 0.107 0.133 0.048 0.066 
414 UA00007272    (0)   :  0.102 0.120 0.121 0.122 0.106 0.092 0.107 0.118 0.026 0.086 
415 UA00016041    (0)   :  0.124 0.121 0.103 0.120 0.114 0.123 0.116 0.118 0.034 0.027 
416 UA00013502    (0)   :  0.124 0.110 0.109 0.124 0.118 0.107 0.117 0.130 0.012 0.049 
417 UA00002390    (0)   :  0.106 0.116 0.130 0.112 0.110 0.118 0.109 0.111 0.060 0.029 
418 UA00034907    (0)   :  0.112 0.124 0.125 0.110 0.120 0.120 0.110 0.112 0.015 0.053 
419 UA00048821    (0)   :  0.104 0.106 0.109 0.107 0.107 0.109 0.102 0.107 0.060 0.088 
420 UA00002136    (0)   :  0.117 0.118 0.106 0.115 0.105 0.111 0.111 0.119 0.059 0.040 
421 UA00011790    (0)   :  0.127 0.105 0.121 0.124 0.123 0.096 0.111 0.125 0.029 0.039 
422 UA00021586    (0)   :  0.101 0.104 0.108 0.103 0.102 0.103 0.101 0.102 0.128 0.048 
