

----------------------------------------------------
STRUCTURE by Pritchard, Stephens and Donnelly (2000)
     and Falush, Stephens and Pritchard (2003)
       Code by Pritchard, Falush and Hubisz
             Version 2.3.4 (Jul 2012)
----------------------------------------------------



Command line arguments:   structure -K 10 -o outputfile_K10_3 
Input File:    Puma_SNP_genotypes_cut_AZ_final_HWEonly.str

Run parameters:
   536 individuals
   22 loci
   10 populations assumed
   100000 Burn-in period
   500000 Reps


--------------------------------------------
Overall proportion of membership of the
sample in each of the 10 clusters

Inferred Clusters
  1      2      3      4      5      6      7      8      9     10    
0.103  0.081  0.101  0.101  0.107  0.101  0.101  0.101  0.101  0.102  

--------------------------------------------

Allele-freq. divergence among pops (Net nucleotide distance),
computed using point estimates of P.

      1       2       3       4       5       6       7       8       9      10      
 1      -    0.0800  0.0028  0.0018  0.0487  0.0004  0.0006  0.0011  0.0015  0.0003  
 2   0.0800     -    0.0838  0.0744  0.0936  0.0741  0.0736  0.0740  0.0738  0.0772  
 3   0.0028  0.0838     -    0.0013  0.0437  0.0025  0.0027  0.0014  0.0011  0.0019  
 4   0.0018  0.0744  0.0013     -    0.0394  0.0008  0.0007  0.0002  0.0002  0.0009  
 5   0.0487  0.0936  0.0437  0.0394     -    0.0431  0.0418  0.0401  0.0394  0.0464  
 6   0.0004  0.0741  0.0025  0.0008  0.0431     -    0.0001  0.0003  0.0006  0.0003  
 7   0.0006  0.0736  0.0027  0.0007  0.0418  0.0001     -    0.0003  0.0006  0.0004  
 8   0.0011  0.0740  0.0014  0.0002  0.0401  0.0003  0.0003     -    0.0001  0.0005  
 9   0.0015  0.0738  0.0011  0.0002  0.0394  0.0006  0.0006  0.0001     -    0.0008  
10   0.0003  0.0772  0.0019  0.0009  0.0464  0.0003  0.0004  0.0005  0.0008     -    

Average distances (expected heterozygosity) between individuals in same cluster:
cluster  1  : 0.3753 
cluster  2  : 0.2413 
cluster  3  : 0.3742 
cluster  4  : 0.3778 
cluster  5  : 0.2632 
cluster  6  : 0.3769 
cluster  7  : 0.3767 
cluster  8  : 0.3786 
cluster  9  : 0.3792 
cluster 10  : 0.3755 

--------------------------------------------
Estimated Ln Prob of Data   = -14166.3
Mean value of ln likelihood = -12265.0
Variance of ln likelihood   = 3802.6
Mean value of alpha         = 0.0832

Mean value of Fst_1         = 0.1066
Mean value of Fst_2         = 0.4061
Mean value of Fst_3         = 0.0820
Mean value of Fst_4         = 0.0555
Mean value of Fst_5         = 0.2932
Mean value of Fst_6         = 0.0550
Mean value of Fst_7         = 0.0541
Mean value of Fst_8         = 0.0263
Mean value of Fst_9         = 0.0220
Mean value of Fst_10         = 0.0736


Inferred ancestry of individuals:
        Label (%Miss) :  Inferred clusters
  1 UA00063336   (13)   :  0.072 0.251 0.079 0.096 0.035 0.090 0.090 0.095 0.104 0.088 
  2 UA00048914    (9)   :  0.081 0.040 0.106 0.117 0.110 0.105 0.101 0.119 0.125 0.097 
  3 UA00014769   (13)   :  0.164 0.017 0.199 0.086 0.010 0.109 0.085 0.092 0.097 0.141 
  4 UA00008132   (13)   :  0.094 0.057 0.111 0.115 0.040 0.111 0.112 0.127 0.127 0.106 
  5 UA00030462   (13)   :  0.083 0.035 0.095 0.113 0.145 0.106 0.102 0.111 0.118 0.091 
  6 UA00034866   (13)   :  0.081 0.012 0.095 0.120 0.088 0.119 0.119 0.132 0.135 0.100 
  7 UA00034800    (9)   :  0.048 0.513 0.052 0.054 0.050 0.056 0.056 0.058 0.062 0.051 
  8  Puco006    (9)   :  0.027 0.026 0.042 0.039 0.698 0.034 0.033 0.035 0.036 0.030 
  9 UA00048874    (4)   :  0.054 0.323 0.071 0.086 0.062 0.077 0.071 0.087 0.095 0.073 
 10 UA00049060    (9)   :  0.109 0.035 0.134 0.111 0.021 0.121 0.104 0.115 0.114 0.135 
 11 UA00033413    (9)   :  0.182 0.016 0.079 0.097 0.031 0.140 0.146 0.097 0.078 0.133 
 12  Puco021    (9)   :  0.196 0.057 0.064 0.093 0.015 0.137 0.142 0.088 0.068 0.141 
 13  Puco026    (9)   :  0.117 0.039 0.096 0.120 0.017 0.122 0.118 0.114 0.114 0.143 
 14  Puco008    (9)   :  0.070 0.107 0.081 0.105 0.153 0.090 0.095 0.104 0.112 0.082 
 15   M01301    (9)   :  0.155 0.012 0.096 0.091 0.073 0.132 0.125 0.107 0.092 0.119 
 16   M06306    (9)   :  0.086 0.235 0.074 0.107 0.017 0.099 0.096 0.093 0.093 0.100 
 17 UA00032185    (9)   :  0.107 0.043 0.102 0.105 0.058 0.117 0.118 0.123 0.122 0.107 
 18 UA00030792    (9)   :  0.009 0.914 0.009 0.009 0.011 0.010 0.009 0.010 0.010 0.009 
 19 UA00031647    (9)   :  0.080 0.108 0.088 0.120 0.069 0.110 0.101 0.113 0.118 0.093 
 20 UA00031979    (9)   :  0.096 0.024 0.100 0.130 0.055 0.119 0.115 0.118 0.117 0.125 
 21  Puco016    (9)   :  0.082 0.016 0.117 0.128 0.142 0.099 0.102 0.108 0.113 0.094 
 22  Puco010    (9)   :  0.120 0.029 0.098 0.108 0.029 0.131 0.131 0.120 0.124 0.109 
 23    M1035    (9)   :  0.094 0.061 0.113 0.113 0.018 0.118 0.111 0.133 0.130 0.109 
 24 UA00034601    (9)   :  0.096 0.043 0.097 0.124 0.066 0.119 0.115 0.108 0.114 0.117 
 25 UA00050388    (9)   :  0.091 0.044 0.091 0.121 0.054 0.119 0.115 0.125 0.129 0.112 
 26 UA00048699    (9)   :  0.069 0.020 0.102 0.101 0.287 0.081 0.082 0.091 0.088 0.080 
 27 UA00064058    (9)   :  0.106 0.041 0.114 0.126 0.020 0.113 0.118 0.120 0.116 0.125 
 28 UA00033981    (9)   :  0.180 0.031 0.075 0.094 0.034 0.136 0.148 0.097 0.087 0.116 
 29   F05033    (9)   :  0.127 0.019 0.118 0.112 0.021 0.121 0.117 0.118 0.107 0.139 
 30 UA00048520    (4)   :  0.100 0.097 0.084 0.110 0.060 0.111 0.110 0.109 0.104 0.116 
 31 UA00048422    (4)   :  0.026 0.786 0.022 0.024 0.018 0.026 0.025 0.025 0.024 0.024 
 32    PucoB    (4)   :  0.140 0.029 0.085 0.121 0.013 0.127 0.131 0.097 0.090 0.166 
 33 UA00047393    (4)   :  0.101 0.086 0.132 0.105 0.027 0.104 0.099 0.116 0.125 0.104 
 34 UA00064521    (4)   :  0.077 0.024 0.097 0.123 0.140 0.105 0.108 0.116 0.112 0.096 
 35 UA00003043    (4)   :  0.099 0.014 0.124 0.114 0.109 0.104 0.100 0.114 0.117 0.106 
 36 UA00063025    (4)   :  0.080 0.117 0.076 0.102 0.102 0.103 0.105 0.112 0.115 0.088 
 37 UA00063826    (4)   :  0.126 0.029 0.086 0.110 0.021 0.137 0.135 0.126 0.117 0.114 
 38   F07407    (4)   :  0.137 0.140 0.066 0.098 0.021 0.118 0.114 0.091 0.082 0.133 
 39 UA00021658    (4)   :  0.103 0.029 0.112 0.121 0.030 0.121 0.111 0.125 0.130 0.116 
 40 UA00003794    (4)   :  0.130 0.110 0.074 0.107 0.025 0.119 0.115 0.086 0.083 0.151 
 41 UA00041322    (4)   :  0.080 0.039 0.096 0.122 0.051 0.116 0.114 0.136 0.142 0.103 
 42 UA00063316    (4)   :  0.086 0.056 0.095 0.123 0.068 0.113 0.116 0.126 0.125 0.093 
 43 UA00047705    (4)   :  0.100 0.027 0.087 0.125 0.046 0.122 0.118 0.122 0.118 0.137 
 44 UA00033904    (4)   :  0.070 0.260 0.081 0.102 0.032 0.090 0.092 0.082 0.090 0.101 
 45 UA00048100    (4)   :  0.120 0.015 0.099 0.128 0.035 0.123 0.130 0.110 0.105 0.135 
 46 UA00032212    (4)   :  0.083 0.145 0.086 0.094 0.076 0.108 0.101 0.108 0.108 0.092 
 47 UA00031574    (4)   :  0.021 0.796 0.020 0.022 0.030 0.022 0.022 0.022 0.022 0.022 
 48 UA00031228    (4)   :  0.012 0.880 0.013 0.014 0.017 0.013 0.013 0.013 0.013 0.013 
 49 UA00047707    (4)   :  0.119 0.009 0.171 0.116 0.021 0.102 0.097 0.117 0.127 0.121 
 50 UA00030906    (4)   :  0.009 0.909 0.009 0.010 0.015 0.009 0.009 0.009 0.010 0.010 
 51 UA00041567    (4)   :  0.142 0.036 0.081 0.100 0.044 0.135 0.135 0.110 0.106 0.111 
 52 UA00007624    (4)   :  0.138 0.012 0.131 0.105 0.024 0.119 0.112 0.115 0.108 0.136 
 53 UA00034514    (4)   :  0.114 0.024 0.114 0.123 0.035 0.112 0.126 0.116 0.119 0.116 
 54 UA00030480    (4)   :  0.080 0.090 0.115 0.135 0.023 0.112 0.105 0.115 0.123 0.100 
 55  Puco012    (4)   :  0.097 0.022 0.108 0.124 0.040 0.117 0.124 0.129 0.131 0.108 
 56 UA00038677    (9)   :  0.089 0.061 0.086 0.109 0.094 0.113 0.109 0.120 0.118 0.101 
 57 UA00048275    (4)   :  0.135 0.018 0.091 0.126 0.026 0.124 0.137 0.114 0.111 0.117 
 58 UA00064055    (4)   :  0.108 0.025 0.138 0.138 0.040 0.099 0.109 0.117 0.122 0.105 
 59  Puco009    (4)   :  0.088 0.013 0.106 0.113 0.148 0.099 0.105 0.116 0.114 0.098 
 60 UA00064561    (4)   :  0.144 0.014 0.219 0.086 0.049 0.088 0.072 0.095 0.105 0.128 
 61 UA00003479    (4)   :  0.110 0.022 0.129 0.122 0.052 0.102 0.116 0.121 0.120 0.106 
 62 UA00063747    (4)   :  0.139 0.011 0.133 0.109 0.038 0.104 0.113 0.112 0.108 0.133 
 63 UA00002558    (4)   :  0.092 0.017 0.090 0.104 0.140 0.109 0.112 0.123 0.119 0.094 
 64 UA00048410    (4)   :  0.098 0.011 0.143 0.106 0.136 0.096 0.090 0.107 0.112 0.101 
 65 UA00012249    (4)   :  0.110 0.014 0.161 0.134 0.072 0.093 0.104 0.102 0.100 0.110 
 66 UA00033818    (4)   :  0.054 0.486 0.050 0.059 0.049 0.062 0.059 0.060 0.059 0.063 
 67  Puco020    (4)   :  0.092 0.094 0.118 0.101 0.052 0.104 0.098 0.120 0.122 0.099 
 68 UA00002545    (9)   :  0.132 0.051 0.165 0.117 0.025 0.091 0.094 0.101 0.112 0.112 
 69 UA00048508    (4)   :  0.102 0.018 0.127 0.121 0.028 0.113 0.119 0.129 0.127 0.115 
 70 UA00064100    (4)   :  0.084 0.028 0.106 0.126 0.030 0.122 0.122 0.132 0.136 0.114 
 71 UA00014585    (4)   :  0.102 0.027 0.116 0.130 0.043 0.111 0.118 0.124 0.123 0.105 
 72 UA00063698    (4)   :  0.069 0.063 0.071 0.083 0.297 0.083 0.092 0.085 0.081 0.074 
 73 UA00049753    (4)   :  0.068 0.273 0.076 0.104 0.016 0.092 0.088 0.097 0.108 0.079 
 74 UA00049037    (4)   :  0.107 0.038 0.123 0.122 0.022 0.113 0.113 0.120 0.122 0.120 
 75 UA00034941    (4)   :  0.102 0.037 0.094 0.137 0.047 0.117 0.120 0.118 0.124 0.106 
 76 UA00008083    (4)   :  0.053 0.031 0.061 0.061 0.500 0.058 0.061 0.061 0.063 0.051 
 77 UA00015084    (4)   :  0.067 0.088 0.068 0.084 0.259 0.084 0.088 0.092 0.088 0.083 
 78 UA00041010    (9)   :  0.038 0.252 0.049 0.058 0.374 0.046 0.046 0.047 0.050 0.040 
 79 UA00035261    (4)   :  0.080 0.129 0.086 0.108 0.077 0.104 0.102 0.108 0.109 0.098 
 80 UA00035431    (4)   :  0.115 0.011 0.094 0.114 0.047 0.128 0.130 0.129 0.121 0.113 
 81 UA00045274    (0)   :  0.104 0.045 0.084 0.115 0.065 0.114 0.115 0.113 0.115 0.131 
 82 UA00028200    (4)   :  0.061 0.292 0.067 0.090 0.084 0.081 0.080 0.084 0.082 0.078 
 83 UA00064559    (0)   :  0.018 0.843 0.016 0.018 0.015 0.018 0.018 0.018 0.018 0.018 
 84 UA00040808    (0)   :  0.068 0.205 0.090 0.100 0.102 0.081 0.085 0.094 0.097 0.079 
 85 UA00049156    (0)   :  0.067 0.214 0.072 0.097 0.093 0.091 0.090 0.093 0.101 0.081 
 86 UA00003952    (4)   :  0.047 0.020 0.073 0.074 0.506 0.051 0.057 0.059 0.059 0.053 
 87 UA00063954    (0)   :  0.089 0.070 0.094 0.123 0.022 0.117 0.113 0.129 0.132 0.110 
 88 UA00062934    (0)   :  0.082 0.091 0.089 0.121 0.042 0.108 0.108 0.120 0.122 0.118 
 89 UA00033829    (0)   :  0.032 0.514 0.037 0.040 0.173 0.042 0.041 0.042 0.042 0.037 
 90 UA00064351    (4)   :  0.166 0.022 0.073 0.095 0.062 0.131 0.145 0.103 0.087 0.117 
 91 UA00003697    (4)   :  0.049 0.043 0.059 0.067 0.461 0.063 0.063 0.066 0.072 0.056 
 92 UA00063438    (4)   :  0.076 0.123 0.088 0.109 0.062 0.102 0.104 0.120 0.127 0.090 
 93 UA00007608    (0)   :  0.072 0.131 0.076 0.107 0.123 0.097 0.099 0.100 0.105 0.089 
 94 UA00019683    (4)   :  0.113 0.323 0.055 0.074 0.021 0.093 0.093 0.067 0.057 0.105 
 95 UA00007781    (0)   :  0.106 0.023 0.092 0.123 0.038 0.122 0.121 0.121 0.119 0.134 
 96 UA00002915    (0)   :  0.065 0.252 0.080 0.097 0.054 0.087 0.091 0.101 0.097 0.077 
 97  Puco031    (4)   :  0.094 0.025 0.140 0.124 0.040 0.107 0.105 0.126 0.128 0.110 
 98 UA00048280    (4)   :  0.117 0.018 0.087 0.124 0.048 0.121 0.127 0.120 0.116 0.121 
 99 UA00048589    (0)   :  0.133 0.040 0.086 0.115 0.030 0.127 0.125 0.101 0.093 0.151 
100 UA00034417    (0)   :  0.077 0.072 0.103 0.111 0.120 0.100 0.099 0.109 0.113 0.095 
101 UA00050411    (4)   :  0.120 0.010 0.157 0.131 0.022 0.107 0.108 0.107 0.113 0.125 
102  Puco029    (4)   :  0.131 0.016 0.111 0.116 0.010 0.130 0.117 0.111 0.104 0.154 
103   F03403    (4)   :  0.184 0.012 0.072 0.110 0.028 0.128 0.140 0.086 0.067 0.173 
104 UA00049904    (0)   :  0.099 0.090 0.083 0.112 0.031 0.116 0.119 0.118 0.126 0.106 
105 UA00035335    (0)   :  0.152 0.013 0.150 0.109 0.009 0.116 0.107 0.097 0.103 0.145 
106 UA00012611    (0)   :  0.099 0.021 0.102 0.126 0.019 0.120 0.126 0.133 0.134 0.120 
107 UA00050319    (0)   :  0.211 0.012 0.071 0.089 0.016 0.142 0.150 0.083 0.064 0.163 
108 UA00032068    (4)   :  0.090 0.062 0.104 0.121 0.016 0.116 0.113 0.131 0.133 0.113 
109 UA00032026    (4)   :  0.097 0.041 0.124 0.122 0.023 0.121 0.108 0.123 0.126 0.116 
110 UA00030476    (4)   :  0.201 0.040 0.061 0.101 0.014 0.132 0.138 0.080 0.062 0.172 
111 UA00046853    (0)   :  0.182 0.033 0.081 0.084 0.024 0.145 0.150 0.103 0.088 0.110 
112 UA00040156    (4)   :  0.009 0.915 0.009 0.009 0.011 0.009 0.009 0.010 0.009 0.009 
113 UA00030528    (4)   :  0.081 0.119 0.113 0.114 0.022 0.107 0.095 0.121 0.131 0.099 
114  Puco025    (4)   :  0.137 0.014 0.190 0.093 0.017 0.109 0.087 0.108 0.111 0.132 
115    pc016    (0)   :  0.009 0.918 0.009 0.009 0.011 0.009 0.009 0.009 0.009 0.009 
116 UA00030617    (4)   :  0.155 0.012 0.200 0.091 0.015 0.103 0.082 0.103 0.111 0.129 
117 UA00030585    (4)   :  0.019 0.837 0.016 0.017 0.020 0.019 0.019 0.017 0.017 0.018 
118 UA00032060    (4)   :  0.089 0.122 0.090 0.107 0.023 0.114 0.104 0.121 0.121 0.109 
119    pc007    (0)   :  0.165 0.035 0.090 0.092 0.030 0.135 0.128 0.106 0.095 0.125 
120 UA00030798    (4)   :  0.024 0.784 0.024 0.026 0.013 0.025 0.026 0.027 0.027 0.025 
121 UA00030778    (4)   :  0.113 0.009 0.152 0.126 0.016 0.109 0.106 0.122 0.125 0.122 
122 UA00039674    (4)   :  0.013 0.873 0.014 0.015 0.012 0.014 0.014 0.015 0.015 0.014 
123 UA00032241    (4)   :  0.154 0.011 0.143 0.092 0.016 0.125 0.113 0.115 0.104 0.126 
124 UA00011624    (0)   :  0.124 0.016 0.124 0.121 0.024 0.115 0.121 0.116 0.114 0.124 
125 UA00033779    (4)   :  0.202 0.017 0.078 0.095 0.025 0.139 0.139 0.093 0.075 0.137 
126 UA00049402    (4)   :  0.096 0.027 0.129 0.143 0.098 0.095 0.109 0.103 0.098 0.102 
127 UA00033653    (0)   :  0.225 0.013 0.068 0.082 0.021 0.148 0.150 0.090 0.064 0.140 
128 UA00047738    (0)   :  0.102 0.032 0.097 0.107 0.056 0.122 0.120 0.129 0.124 0.111 
129 UA00047502    (4)   :  0.083 0.038 0.107 0.121 0.122 0.102 0.106 0.117 0.118 0.087 
130 UA00012014    (4)   :  0.100 0.023 0.124 0.127 0.034 0.111 0.111 0.127 0.137 0.107 
131 UA00040729    (0)   :  0.137 0.025 0.110 0.118 0.020 0.124 0.117 0.099 0.094 0.158 
132 UA00030392    (4)   :  0.129 0.022 0.165 0.103 0.017 0.111 0.097 0.114 0.118 0.124 
133 UA00050033    (0)   :  0.115 0.036 0.118 0.110 0.024 0.122 0.118 0.118 0.118 0.121 
134 UA00012152    (0)   :  0.066 0.011 0.101 0.072 0.422 0.061 0.061 0.069 0.070 0.068 
135 UA00050406    (0)   :  0.091 0.026 0.110 0.128 0.030 0.117 0.116 0.131 0.140 0.110 
136 UA00047973    (0)   :  0.113 0.019 0.097 0.122 0.029 0.126 0.123 0.127 0.130 0.113 
137 UA00008051    (0)   :  0.100 0.052 0.105 0.100 0.072 0.116 0.109 0.122 0.122 0.102 
138 UA00047337    (4)   :  0.093 0.110 0.099 0.107 0.027 0.112 0.102 0.114 0.113 0.122 
139 UA00041604    (4)   :  0.090 0.046 0.106 0.103 0.076 0.114 0.108 0.128 0.127 0.103 
140 UA00031704    (4)   :  0.126 0.014 0.141 0.131 0.014 0.104 0.117 0.114 0.116 0.122 
141 UA00040423    (4)   :  0.105 0.052 0.118 0.130 0.023 0.110 0.112 0.119 0.123 0.109 
142 UA00049433    (0)   :  0.092 0.037 0.116 0.131 0.068 0.112 0.112 0.114 0.117 0.100 
143 UA00034816    (0)   :  0.129 0.021 0.178 0.090 0.077 0.094 0.084 0.097 0.107 0.123 
144 UA00050214    (0)   :  0.163 0.015 0.240 0.080 0.015 0.092 0.065 0.088 0.108 0.134 
145 UA00041073    (0)   :  0.109 0.041 0.119 0.100 0.060 0.114 0.109 0.117 0.122 0.109 
146 UA00030318    (4)   :  0.122 0.017 0.143 0.111 0.046 0.105 0.106 0.115 0.116 0.120 
147 UA00046845    (0)   :  0.100 0.031 0.148 0.112 0.082 0.100 0.095 0.108 0.114 0.111 
148 UA00063946    (0)   :  0.245 0.023 0.061 0.085 0.020 0.138 0.145 0.074 0.052 0.157 
149 UA00031374    (4)   :  0.101 0.024 0.121 0.117 0.045 0.113 0.110 0.128 0.129 0.112 
150    M1136    (4)   :  0.080 0.310 0.108 0.075 0.024 0.077 0.070 0.082 0.089 0.085 
151 UA00034299    (0)   :  0.161 0.020 0.228 0.084 0.023 0.087 0.071 0.093 0.101 0.132 
152 UA00002387    (4)   :  0.121 0.012 0.159 0.126 0.051 0.091 0.100 0.111 0.118 0.110 
153 UA00021855    (0)   :  0.113 0.026 0.095 0.112 0.036 0.129 0.134 0.126 0.124 0.106 
154 UA00014500    (0)   :  0.103 0.035 0.123 0.127 0.020 0.110 0.120 0.121 0.126 0.113 
155 UA00050419    (4)   :  0.171 0.012 0.241 0.076 0.021 0.087 0.065 0.088 0.101 0.140 
156 UA00031854    (4)   :  0.100 0.026 0.109 0.114 0.067 0.115 0.117 0.124 0.119 0.109 
157    pc011    (4)   :  0.133 0.013 0.167 0.128 0.029 0.094 0.104 0.104 0.103 0.123 
158 UA00033004    (0)   :  0.108 0.042 0.132 0.118 0.035 0.106 0.107 0.119 0.124 0.109 
159 UA00046510    (0)   :  0.092 0.016 0.123 0.113 0.110 0.102 0.101 0.118 0.119 0.106 
160 UA00048747    (0)   :  0.114 0.018 0.152 0.117 0.047 0.103 0.097 0.113 0.121 0.118 
161 UA00014293    (0)   :  0.131 0.017 0.172 0.138 0.031 0.087 0.101 0.102 0.106 0.116 
162 UA00047686    (0)   :  0.082 0.024 0.111 0.113 0.135 0.102 0.101 0.116 0.123 0.093 
163 UA00033783    (4)   :  0.089 0.269 0.061 0.074 0.089 0.087 0.093 0.076 0.071 0.091 
164 UA00042609    (4)   :  0.080 0.031 0.113 0.113 0.216 0.084 0.091 0.092 0.100 0.080 
165 UA00031169    (4)   :  0.156 0.020 0.208 0.093 0.018 0.087 0.079 0.098 0.113 0.127 
166 UA00035181    (0)   :  0.123 0.008 0.112 0.124 0.017 0.112 0.126 0.120 0.114 0.142 
167 UA00050133    (0)   :  0.106 0.025 0.128 0.120 0.037 0.113 0.109 0.125 0.126 0.110 
168  Puco011    (4)   :  0.121 0.025 0.168 0.147 0.037 0.088 0.098 0.101 0.103 0.112 
169 UA00041476    (0)   :  0.104 0.048 0.136 0.103 0.062 0.101 0.100 0.115 0.124 0.107 
170 UA00046702    (0)   :  0.138 0.017 0.184 0.109 0.022 0.097 0.093 0.102 0.103 0.134 
171 UA00019940    (0)   :  0.108 0.023 0.124 0.108 0.049 0.115 0.110 0.124 0.128 0.111 
172 UA00049813    (0)   :  0.131 0.028 0.099 0.102 0.026 0.140 0.134 0.121 0.109 0.108 
173 UA00064165    (0)   :  0.065 0.029 0.077 0.090 0.311 0.081 0.085 0.088 0.094 0.080 
174 UA00064421    (0)   :  0.079 0.011 0.104 0.106 0.232 0.089 0.092 0.102 0.102 0.084 
175 UA00064569    (4)   :  0.134 0.010 0.167 0.099 0.023 0.112 0.096 0.115 0.112 0.132 
176 UA00003996    (0)   :  0.094 0.029 0.128 0.115 0.122 0.098 0.099 0.105 0.109 0.102 
177 UA00064491    (4)   :  0.132 0.015 0.172 0.094 0.047 0.105 0.091 0.109 0.111 0.125 
178 UA00011899    (0)   :  0.098 0.032 0.110 0.119 0.022 0.124 0.117 0.132 0.140 0.107 
179  Puco015    (4)   :  0.094 0.072 0.115 0.113 0.036 0.108 0.106 0.121 0.119 0.116 
180 UA00047929    (4)   :  0.142 0.018 0.126 0.107 0.014 0.127 0.111 0.108 0.098 0.149 
181 UA00056669    (0)   :  0.091 0.015 0.109 0.125 0.050 0.119 0.114 0.135 0.138 0.104 
182 UA00050176    (0)   :  0.092 0.040 0.101 0.122 0.061 0.114 0.119 0.124 0.127 0.099 
183  Puco014    (4)   :  0.114 0.024 0.091 0.120 0.047 0.123 0.134 0.115 0.117 0.116 
184 UA00019608    (0)   :  0.111 0.021 0.140 0.128 0.055 0.099 0.099 0.116 0.125 0.106 
185 UA00064333    (0)   :  0.118 0.018 0.145 0.124 0.034 0.100 0.109 0.117 0.126 0.110 
186  Puco013    (4)   :  0.088 0.021 0.111 0.116 0.122 0.102 0.104 0.120 0.119 0.097 
187 UA00016092    (0)   :  0.144 0.010 0.177 0.100 0.017 0.105 0.099 0.103 0.110 0.137 
188 UA00019060    (0)   :  0.047 0.099 0.056 0.057 0.471 0.053 0.054 0.057 0.058 0.047 
189 UA00063532    (0)   :  0.107 0.041 0.107 0.113 0.045 0.115 0.119 0.121 0.118 0.113 
190 UA00064117    (0)   :  0.068 0.137 0.078 0.086 0.229 0.076 0.081 0.086 0.087 0.072 
191 UA00011969    (0)   :  0.093 0.031 0.100 0.113 0.052 0.120 0.121 0.130 0.131 0.110 
192 UA00034586    (4)   :  0.124 0.014 0.116 0.111 0.018 0.123 0.123 0.123 0.125 0.124 
193 UA00030736    (4)   :  0.100 0.027 0.115 0.123 0.023 0.112 0.119 0.134 0.136 0.112 
194 UA00048493    (0)   :  0.095 0.045 0.117 0.120 0.030 0.117 0.111 0.123 0.126 0.115 
195 UA00040466    (0)   :  0.038 0.017 0.054 0.058 0.621 0.042 0.045 0.043 0.043 0.038 
196 UA00047659    (0)   :  0.095 0.013 0.104 0.128 0.031 0.119 0.121 0.129 0.138 0.121 
197 UA00042002    (4)   :  0.098 0.116 0.085 0.114 0.037 0.107 0.111 0.108 0.105 0.119 
198 UA00062606    (0)   :  0.093 0.025 0.116 0.126 0.096 0.102 0.108 0.113 0.116 0.105 
199 UA00030615    (4)   :  0.031 0.012 0.044 0.037 0.696 0.035 0.037 0.036 0.040 0.032 
200 UA00048899    (0)   :  0.090 0.023 0.102 0.131 0.033 0.113 0.123 0.131 0.141 0.113 
201 UA00047725    (0)   :  0.012 0.012 0.027 0.013 0.874 0.012 0.013 0.013 0.013 0.012 
202 UA00030866    (4)   :  0.098 0.017 0.115 0.164 0.045 0.114 0.120 0.112 0.117 0.098 
203 UA00034564    (0)   :  0.091 0.019 0.134 0.156 0.037 0.110 0.115 0.112 0.124 0.102 
204 UA00046520    (0)   :  0.197 0.015 0.077 0.093 0.022 0.140 0.143 0.099 0.075 0.139 
205 UA00035027    (0)   :  0.098 0.030 0.090 0.129 0.060 0.124 0.121 0.117 0.124 0.106 
206 UA00035421    (0)   :  0.083 0.018 0.111 0.113 0.220 0.088 0.093 0.094 0.098 0.081 
207 UA00062740    (4)   :  0.091 0.037 0.101 0.154 0.078 0.107 0.114 0.107 0.116 0.095 
208 UA00012360    (0)   :  0.024 0.013 0.041 0.028 0.753 0.029 0.026 0.029 0.032 0.025 
209 UA00050203    (0)   :  0.110 0.028 0.116 0.120 0.025 0.117 0.121 0.120 0.121 0.124 
210 UA00040534    (4)   :  0.059 0.133 0.070 0.083 0.276 0.074 0.074 0.083 0.086 0.062 
211 UA00031261    (4)   :  0.053 0.071 0.067 0.084 0.431 0.060 0.063 0.060 0.063 0.049 
212 UA00031917    (4)   :  0.070 0.098 0.086 0.109 0.248 0.079 0.082 0.080 0.083 0.065 
213 UA00040798    (4)   :  0.076 0.050 0.073 0.073 0.321 0.086 0.087 0.081 0.083 0.071 
214 UA00030598    (4)   :  0.074 0.055 0.083 0.097 0.239 0.089 0.098 0.091 0.094 0.079 
215 UA00050385    (0)   :  0.089 0.023 0.118 0.138 0.061 0.108 0.116 0.123 0.123 0.100 
216 UA00058283    (0)   :  0.021 0.033 0.032 0.024 0.778 0.021 0.024 0.022 0.024 0.021 
217 UA00042297    (4)   :  0.065 0.383 0.057 0.058 0.097 0.069 0.074 0.069 0.068 0.059 
218 UA00015415    (4)   :  0.022 0.013 0.040 0.029 0.780 0.022 0.025 0.024 0.024 0.023 
219 UA00035531    (0)   :  0.039 0.064 0.055 0.052 0.567 0.043 0.044 0.047 0.049 0.040 
220 UA00048683    (0)   :  0.051 0.015 0.066 0.066 0.517 0.055 0.057 0.060 0.061 0.052 
221 UA00046734    (4)   :  0.023 0.016 0.040 0.028 0.761 0.025 0.027 0.028 0.029 0.024 
222   pcRF01    (0)   :  0.170 0.008 0.234 0.093 0.020 0.075 0.073 0.093 0.106 0.128 
223 UA00007223    (0)   :  0.088 0.037 0.112 0.141 0.121 0.101 0.106 0.101 0.105 0.088 
224 UA00013841    (0)   :  0.105 0.057 0.104 0.128 0.021 0.118 0.114 0.106 0.108 0.139 
225 UA00014196    (0)   :  0.052 0.038 0.072 0.072 0.475 0.057 0.058 0.062 0.063 0.052 
226 UA00034635    (0)   :  0.104 0.015 0.111 0.125 0.028 0.122 0.124 0.129 0.135 0.108 
227 UA00047371    (0)   :  0.086 0.131 0.082 0.109 0.037 0.110 0.107 0.114 0.123 0.100 
228 UA00063544    (0)   :  0.097 0.113 0.086 0.107 0.037 0.116 0.114 0.111 0.113 0.106 
229 UA00064246    (0)   :  0.097 0.065 0.086 0.100 0.126 0.101 0.107 0.111 0.107 0.101 
230 UA00064328    (0)   :  0.078 0.042 0.096 0.115 0.132 0.102 0.107 0.116 0.123 0.091 
231 UA00002952    (0)   :  0.083 0.085 0.100 0.121 0.125 0.102 0.098 0.100 0.099 0.086 
232 UA00064079    (0)   :  0.086 0.089 0.107 0.104 0.052 0.111 0.103 0.122 0.124 0.102 
233 UA00046793    (0)   :  0.073 0.115 0.095 0.108 0.148 0.090 0.094 0.098 0.095 0.084 
234 UA00034769    (0)   :  0.083 0.316 0.059 0.074 0.064 0.083 0.087 0.077 0.081 0.074 
235 UA00034949    (0)   :  0.083 0.035 0.116 0.145 0.135 0.095 0.099 0.098 0.107 0.087 
236 UA00063753    (0)   :  0.163 0.043 0.071 0.091 0.065 0.128 0.131 0.102 0.087 0.118 
237 UA00015713    (0)   :  0.114 0.073 0.082 0.107 0.026 0.127 0.122 0.116 0.115 0.118 
238 UA00003494    (0)   :  0.107 0.069 0.126 0.127 0.083 0.089 0.104 0.100 0.100 0.094 
239 UA00056767    (0)   :  0.215 0.009 0.079 0.088 0.018 0.141 0.149 0.100 0.074 0.126 
240 UA00014461    (0)   :  0.088 0.054 0.109 0.118 0.119 0.099 0.105 0.107 0.105 0.095 
241 UA00034669    (0)   :  0.059 0.066 0.072 0.086 0.294 0.082 0.083 0.088 0.092 0.078 
242 UA00048164    (0)   :  0.094 0.016 0.109 0.114 0.153 0.096 0.100 0.110 0.113 0.096 
243 UA00007974    (0)   :  0.148 0.035 0.078 0.118 0.028 0.127 0.125 0.101 0.094 0.148 
244 UA00016166    (0)   :  0.086 0.181 0.113 0.100 0.035 0.092 0.084 0.108 0.112 0.089 
245 UA00015653    (0)   :  0.064 0.128 0.084 0.111 0.118 0.098 0.099 0.101 0.114 0.083 
246 UA00063882    (0)   :  0.062 0.077 0.089 0.097 0.256 0.080 0.082 0.087 0.091 0.078 
247 UA00049027    (0)   :  0.086 0.120 0.085 0.100 0.072 0.108 0.103 0.110 0.113 0.105 
248 UA00018878    (0)   :  0.100 0.134 0.074 0.115 0.026 0.118 0.103 0.100 0.102 0.128 
249 UA00038796    (0)   :  0.075 0.019 0.088 0.117 0.190 0.103 0.101 0.102 0.109 0.097 
250 UA00013465    (0)   :  0.042 0.025 0.053 0.052 0.562 0.054 0.055 0.056 0.056 0.046 
251 UA00014604    (0)   :  0.077 0.043 0.080 0.100 0.163 0.107 0.101 0.115 0.115 0.099 
252 UA00041913    (0)   :  0.133 0.145 0.069 0.081 0.040 0.121 0.119 0.097 0.096 0.098 
253 UA00021632    (0)   :  0.063 0.314 0.067 0.078 0.061 0.083 0.076 0.086 0.097 0.074 
254 UA00064027    (0)   :  0.078 0.061 0.093 0.118 0.080 0.108 0.110 0.127 0.134 0.091 
255 UA00015023    (0)   :  0.102 0.024 0.131 0.109 0.077 0.103 0.099 0.117 0.123 0.115 
256 UA00050243    (0)   :  0.072 0.137 0.095 0.113 0.037 0.106 0.108 0.118 0.120 0.094 
257 UA00048298    (0)   :  0.109 0.038 0.120 0.109 0.047 0.112 0.111 0.122 0.128 0.105 
258 UA00050437    (0)   :  0.076 0.025 0.098 0.104 0.150 0.107 0.097 0.121 0.122 0.099 
259 UA00014262    (0)   :  0.087 0.066 0.098 0.123 0.043 0.116 0.110 0.122 0.126 0.108 
260 UA00049129    (0)   :  0.130 0.045 0.100 0.105 0.029 0.122 0.125 0.114 0.110 0.121 
261 UA00014740    (0)   :  0.119 0.044 0.097 0.111 0.046 0.126 0.123 0.112 0.108 0.115 
262 UA00049612    (0)   :  0.041 0.591 0.038 0.042 0.064 0.048 0.045 0.044 0.045 0.041 
263 UA00014635    (0)   :  0.193 0.013 0.097 0.092 0.020 0.129 0.125 0.102 0.080 0.147 
264 UA00014673    (0)   :  0.079 0.063 0.086 0.105 0.143 0.104 0.100 0.107 0.108 0.105 
265 UA00033608    (0)   :  0.088 0.294 0.064 0.078 0.054 0.090 0.087 0.083 0.083 0.077 
266 UA00064540    (0)   :  0.157 0.024 0.074 0.098 0.057 0.131 0.132 0.101 0.087 0.138 
267 UA00050256    (0)   :  0.071 0.098 0.093 0.115 0.084 0.107 0.103 0.116 0.122 0.093 
268 UA00015274    (0)   :  0.101 0.019 0.132 0.129 0.053 0.107 0.105 0.120 0.120 0.115 
269 UA00062993    (0)   :  0.108 0.011 0.094 0.120 0.050 0.124 0.122 0.125 0.120 0.124 
270 UA00038364    (0)   :  0.105 0.053 0.089 0.112 0.049 0.121 0.118 0.121 0.122 0.111 
271 UA00014446    (0)   :  0.092 0.012 0.108 0.125 0.025 0.124 0.121 0.142 0.141 0.110 
272 UA00063545    (0)   :  0.054 0.339 0.064 0.078 0.115 0.067 0.069 0.073 0.078 0.063 
273 UA00040054    (0)   :  0.115 0.027 0.132 0.131 0.019 0.112 0.105 0.111 0.117 0.131 
274 UA00058447    (0)   :  0.117 0.027 0.093 0.122 0.025 0.124 0.127 0.118 0.114 0.133 
275 UA00046835    (0)   :  0.134 0.024 0.094 0.120 0.026 0.127 0.129 0.107 0.103 0.136 
276 UA00014608    (0)   :  0.096 0.018 0.096 0.124 0.039 0.118 0.127 0.134 0.134 0.114 
277    pc012    (0)   :  0.093 0.034 0.100 0.120 0.066 0.115 0.112 0.127 0.126 0.107 
278    pc002    (0)   :  0.062 0.268 0.075 0.091 0.054 0.088 0.087 0.097 0.100 0.077 
279 UA00033690    (0)   :  0.166 0.093 0.060 0.105 0.029 0.124 0.115 0.081 0.070 0.157 
280 UA00013688    (0)   :  0.093 0.027 0.100 0.118 0.063 0.118 0.121 0.123 0.127 0.110 
281 UA00063666    (0)   :  0.211 0.053 0.068 0.088 0.012 0.132 0.150 0.086 0.067 0.133 
282 UA00063292    (0)   :  0.226 0.014 0.073 0.090 0.016 0.140 0.151 0.081 0.057 0.152 
283    pc001    (0)   :  0.096 0.021 0.100 0.121 0.052 0.118 0.115 0.127 0.135 0.116 
284    pc008    (0)   :  0.118 0.022 0.089 0.118 0.032 0.127 0.123 0.115 0.117 0.140 
285 UA00034316    (0)   :  0.075 0.151 0.102 0.080 0.159 0.082 0.079 0.093 0.095 0.084 
286 UA00013046    (0)   :  0.148 0.019 0.153 0.096 0.014 0.125 0.103 0.106 0.104 0.134 
287 UA00050241    (0)   :  0.178 0.015 0.095 0.096 0.012 0.132 0.131 0.105 0.095 0.140 
288 UA00048599    (0)   :  0.139 0.013 0.083 0.118 0.019 0.131 0.131 0.110 0.108 0.147 
289 UA00046649    (0)   :  0.088 0.177 0.082 0.104 0.028 0.107 0.096 0.103 0.105 0.111 
290 UA00015674    (0)   :  0.086 0.336 0.055 0.076 0.045 0.085 0.082 0.076 0.073 0.086 
291 UA00013177    (0)   :  0.124 0.065 0.083 0.097 0.070 0.123 0.119 0.109 0.097 0.111 
292 UA00012814    (0)   :  0.103 0.021 0.120 0.125 0.042 0.111 0.117 0.130 0.125 0.107 
293 UA00034654    (0)   :  0.107 0.014 0.116 0.127 0.020 0.123 0.117 0.123 0.126 0.128 
294 UA00046743    (0)   :  0.164 0.016 0.104 0.104 0.024 0.125 0.126 0.094 0.082 0.161 
295 UA00014854    (0)   :  0.165 0.060 0.070 0.113 0.012 0.127 0.128 0.080 0.071 0.174 
296 UA00013729    (0)   :  0.117 0.024 0.163 0.101 0.034 0.111 0.095 0.115 0.124 0.117 
297 UA00063483    (0)   :  0.126 0.016 0.085 0.110 0.015 0.142 0.142 0.129 0.124 0.112 
298 UA00039326    (0)   :  0.120 0.063 0.088 0.115 0.024 0.123 0.120 0.108 0.106 0.132 
299 UA00014742    (0)   :  0.161 0.021 0.083 0.100 0.015 0.140 0.143 0.113 0.111 0.113 
300 UA00049597    (0)   :  0.107 0.242 0.067 0.103 0.012 0.099 0.101 0.076 0.074 0.119 
301 UA00048067    (0)   :  0.117 0.045 0.080 0.115 0.043 0.121 0.126 0.122 0.114 0.117 
302 UA00012918    (0)   :  0.188 0.101 0.060 0.105 0.012 0.120 0.126 0.070 0.051 0.167 
303 UA00013487    (0)   :  0.176 0.013 0.236 0.097 0.013 0.068 0.070 0.087 0.108 0.131 
304 UA00046759    (0)   :  0.088 0.054 0.089 0.107 0.119 0.108 0.106 0.113 0.121 0.096 
305 UA00050164    (0)   :  0.050 0.538 0.061 0.056 0.028 0.048 0.048 0.055 0.062 0.054 
306 UA00049839    (0)   :  0.155 0.017 0.085 0.093 0.031 0.144 0.141 0.119 0.105 0.110 
307 UA00048444    (0)   :  0.245 0.055 0.059 0.066 0.020 0.146 0.153 0.080 0.056 0.121 
308 UA00063857    (0)   :  0.135 0.024 0.106 0.109 0.013 0.130 0.126 0.116 0.114 0.127 
309 UA00014921    (0)   :  0.080 0.289 0.068 0.086 0.016 0.095 0.091 0.096 0.093 0.085 
310 UA00048895    (0)   :  0.076 0.320 0.069 0.077 0.033 0.085 0.082 0.086 0.085 0.086 
311 UA00014556    (0)   :  0.088 0.018 0.100 0.126 0.100 0.110 0.115 0.120 0.122 0.101 
312    pc009    (0)   :  0.236 0.014 0.074 0.077 0.011 0.147 0.147 0.094 0.070 0.130 
313 UA00014959    (0)   :  0.098 0.226 0.070 0.100 0.020 0.103 0.095 0.088 0.081 0.120 
314 UA00020709    (0)   :  0.108 0.044 0.096 0.125 0.030 0.123 0.114 0.110 0.109 0.143 
315 UA00013126    (0)   :  0.014 0.879 0.013 0.013 0.014 0.014 0.014 0.013 0.013 0.014 
316 UA00013695    (0)   :  0.023 0.789 0.023 0.027 0.015 0.024 0.025 0.025 0.023 0.026 
317 UA00049344    (0)   :  0.062 0.276 0.074 0.099 0.035 0.091 0.087 0.095 0.100 0.081 
318 UA00047614    (0)   :  0.031 0.597 0.033 0.041 0.098 0.041 0.039 0.040 0.041 0.038 
319 UA00014221    (0)   :  0.178 0.007 0.082 0.101 0.015 0.136 0.137 0.110 0.095 0.138 
320 UA00014346    (0)   :  0.156 0.030 0.077 0.106 0.031 0.129 0.138 0.108 0.099 0.126 
321 UA00014245    (0)   :  0.121 0.146 0.073 0.105 0.018 0.114 0.106 0.083 0.076 0.156 
322 UA00014696    (0)   :  0.015 0.851 0.017 0.018 0.020 0.015 0.016 0.016 0.016 0.016 
323 UA00006991    (0)   :  0.093 0.015 0.115 0.126 0.046 0.116 0.112 0.128 0.135 0.114 
324 UA00048948    (0)   :  0.091 0.022 0.106 0.116 0.042 0.120 0.123 0.137 0.137 0.108 
325 UA00002239    (0)   :  0.091 0.022 0.132 0.129 0.054 0.104 0.109 0.121 0.127 0.111 
326 UA00063459    (0)   :  0.206 0.020 0.066 0.101 0.012 0.134 0.137 0.089 0.068 0.166 
327 UA00048356    (0)   :  0.105 0.027 0.085 0.108 0.077 0.122 0.121 0.124 0.120 0.111 
328 UA00063940    (0)   :  0.095 0.029 0.132 0.107 0.072 0.106 0.104 0.121 0.127 0.106 
329 UA00048130    (0)   :  0.156 0.015 0.077 0.107 0.024 0.142 0.134 0.117 0.110 0.118 
330 UA00048903    (0)   :  0.151 0.011 0.188 0.090 0.015 0.114 0.091 0.103 0.103 0.134 
331 UA00064643    (0)   :  0.108 0.034 0.125 0.105 0.037 0.120 0.111 0.119 0.126 0.117 
332 UA00050233    (0)   :  0.112 0.017 0.116 0.109 0.057 0.118 0.115 0.119 0.122 0.114 
333 UA00012507    (0)   :  0.084 0.013 0.110 0.123 0.102 0.109 0.109 0.124 0.127 0.101 
334 UA00064416    (0)   :  0.144 0.016 0.190 0.103 0.024 0.088 0.090 0.110 0.121 0.116 
335 UA00034724    (0)   :  0.119 0.016 0.114 0.100 0.035 0.125 0.123 0.126 0.127 0.114 
336 UA00002621    (0)   :  0.127 0.014 0.124 0.111 0.021 0.123 0.114 0.118 0.118 0.129 
337 UA00033203    (0)   :  0.156 0.029 0.193 0.104 0.023 0.081 0.083 0.098 0.114 0.118 
338 UA00011996    (0)   :  0.093 0.028 0.104 0.127 0.018 0.127 0.124 0.140 0.134 0.106 
339 UA00014408    (0)   :  0.075 0.019 0.104 0.100 0.225 0.087 0.089 0.102 0.103 0.094 
340 UA00049502    (0)   :  0.104 0.015 0.090 0.113 0.070 0.123 0.125 0.134 0.128 0.098 
341 UA00062695    (0)   :  0.129 0.050 0.080 0.105 0.041 0.127 0.130 0.112 0.111 0.115 
342 UA00014072    (0)   :  0.168 0.026 0.081 0.090 0.027 0.146 0.139 0.107 0.103 0.115 
343 UA00003334    (0)   :  0.155 0.019 0.127 0.100 0.016 0.124 0.115 0.102 0.099 0.143 
344 UA00013835    (0)   :  0.103 0.030 0.097 0.123 0.028 0.121 0.123 0.126 0.129 0.122 
345 UA00046760    (0)   :  0.105 0.123 0.081 0.098 0.023 0.123 0.116 0.115 0.114 0.102 
346 UA00014241    (0)   :  0.120 0.015 0.114 0.122 0.030 0.120 0.121 0.115 0.111 0.132 
347 UA00049585    (0)   :  0.141 0.017 0.091 0.108 0.013 0.140 0.134 0.130 0.113 0.113 
348 UA00013409    (0)   :  0.164 0.026 0.072 0.083 0.107 0.133 0.136 0.099 0.085 0.095 
349 UA00047548    (0)   :  0.099 0.024 0.115 0.136 0.014 0.117 0.124 0.131 0.133 0.107 
350 UA00049038    (0)   :  0.080 0.214 0.073 0.085 0.075 0.096 0.095 0.102 0.096 0.086 
351 UA00047612    (0)   :  0.092 0.015 0.107 0.124 0.037 0.123 0.120 0.136 0.132 0.114 
352 UA00014822    (0)   :  0.077 0.159 0.080 0.109 0.093 0.095 0.097 0.099 0.106 0.085 
353 UA00035299    (0)   :  0.115 0.026 0.142 0.109 0.027 0.115 0.101 0.124 0.129 0.112 
354 UA00012804    (0)   :  0.072 0.232 0.077 0.091 0.040 0.096 0.094 0.105 0.108 0.084 
355 UA00049578    (0)   :  0.099 0.018 0.100 0.107 0.083 0.117 0.115 0.125 0.126 0.108 
356 UA00047672    (0)   :  0.144 0.014 0.201 0.109 0.028 0.087 0.080 0.095 0.114 0.127 
357 UA00043961    (0)   :  0.046 0.568 0.042 0.044 0.058 0.051 0.046 0.050 0.046 0.049 
358 UA00064575    (0)   :  0.107 0.024 0.081 0.095 0.133 0.124 0.122 0.111 0.108 0.096 
359 UA00014732    (0)   :  0.104 0.014 0.134 0.111 0.047 0.107 0.109 0.127 0.132 0.117 
360 UA00050181    (0)   :  0.096 0.009 0.124 0.145 0.035 0.111 0.115 0.129 0.128 0.109 
361 UA00033369    (0)   :  0.084 0.137 0.099 0.110 0.046 0.104 0.098 0.114 0.118 0.091 
362 UA00011982    (0)   :  0.175 0.011 0.256 0.073 0.011 0.088 0.061 0.085 0.100 0.140 
363 UA00014590    (0)   :  0.099 0.061 0.130 0.111 0.039 0.106 0.098 0.121 0.128 0.107 
364 UA00047743    (0)   :  0.126 0.013 0.164 0.122 0.016 0.104 0.098 0.115 0.125 0.117 
365 UA00046621    (0)   :  0.128 0.014 0.165 0.120 0.014 0.102 0.101 0.119 0.119 0.118 
366 UA00050422    (0)   :  0.093 0.016 0.114 0.111 0.074 0.114 0.107 0.125 0.135 0.111 
367 UA00002760    (0)   :  0.117 0.044 0.103 0.106 0.024 0.124 0.123 0.123 0.124 0.112 
368 UA00012999    (0)   :  0.093 0.061 0.122 0.111 0.021 0.118 0.106 0.126 0.132 0.109 
369 UA00063838    (0)   :  0.131 0.014 0.149 0.098 0.025 0.121 0.105 0.110 0.115 0.132 
370 UA00003729    (0)   :  0.092 0.102 0.076 0.094 0.122 0.105 0.100 0.099 0.103 0.106 
371 UA00015348    (0)   :  0.172 0.038 0.079 0.086 0.036 0.139 0.141 0.105 0.093 0.110 
372 UA00019058    (0)   :  0.170 0.026 0.072 0.094 0.068 0.130 0.128 0.094 0.078 0.141 
373 UA00049549    (0)   :  0.236 0.066 0.058 0.078 0.013 0.136 0.144 0.075 0.047 0.147 
374 UA00014334    (0)   :  0.094 0.023 0.126 0.140 0.055 0.107 0.115 0.116 0.120 0.104 
375 UA00014350    (0)   :  0.192 0.008 0.288 0.066 0.009 0.075 0.049 0.074 0.093 0.145 
376 UA00049227    (0)   :  0.077 0.093 0.101 0.135 0.060 0.105 0.106 0.113 0.120 0.090 
377 UA00014051    (0)   :  0.108 0.013 0.149 0.115 0.093 0.092 0.097 0.109 0.116 0.108 
378 UA00034381    (0)   :  0.115 0.020 0.117 0.101 0.064 0.121 0.114 0.120 0.116 0.113 
379 UA00002354    (0)   :  0.159 0.013 0.202 0.103 0.017 0.084 0.085 0.099 0.112 0.127 
380 UA00049892    (0)   :  0.148 0.046 0.140 0.089 0.015 0.122 0.110 0.109 0.102 0.120 
381 UA00021989    (0)   :  0.125 0.012 0.136 0.111 0.034 0.113 0.115 0.118 0.122 0.112 
382 UA00048968    (0)   :  0.112 0.015 0.121 0.127 0.032 0.109 0.117 0.127 0.127 0.113 
383 UA00013174    (0)   :  0.119 0.027 0.163 0.112 0.036 0.101 0.098 0.113 0.114 0.118 
384 UA00033992    (0)   :  0.089 0.117 0.105 0.116 0.021 0.102 0.105 0.122 0.124 0.099 
385 UA00015801    (0)   :  0.165 0.008 0.242 0.078 0.011 0.093 0.068 0.095 0.098 0.143 
386 UA00063303    (0)   :  0.115 0.126 0.080 0.096 0.044 0.113 0.111 0.096 0.097 0.121 
387 UA00050206    (0)   :  0.206 0.009 0.080 0.087 0.020 0.144 0.147 0.105 0.085 0.116 
388 UA00014458    (0)   :  0.119 0.053 0.111 0.101 0.045 0.114 0.114 0.117 0.115 0.112 
389 UA00007204    (0)   :  0.157 0.024 0.090 0.113 0.018 0.133 0.125 0.092 0.084 0.164 
390 UA00063212    (0)   :  0.116 0.132 0.068 0.079 0.098 0.119 0.116 0.098 0.088 0.086 
391 UA00013340    (0)   :  0.089 0.050 0.097 0.120 0.021 0.124 0.114 0.137 0.137 0.111 
392 UA00062743    (0)   :  0.102 0.013 0.153 0.165 0.056 0.093 0.108 0.108 0.106 0.097 
393 UA00063189    (0)   :  0.058 0.043 0.077 0.073 0.424 0.064 0.066 0.067 0.068 0.061 
394 UA00035432    (0)   :  0.143 0.016 0.105 0.102 0.020 0.137 0.129 0.119 0.111 0.118 
395 UA00007958    (0)   :  0.118 0.015 0.126 0.134 0.021 0.111 0.124 0.118 0.114 0.119 
396 UA00013634    (0)   :  0.108 0.012 0.159 0.150 0.035 0.097 0.104 0.105 0.112 0.117 
397 UA00048175    (0)   :  0.171 0.007 0.253 0.081 0.019 0.082 0.062 0.085 0.095 0.145 
398 UA00003202    (0)   :  0.119 0.021 0.095 0.115 0.025 0.129 0.139 0.128 0.120 0.110 
399 UA00035090    (0)   :  0.122 0.023 0.107 0.103 0.064 0.124 0.120 0.115 0.115 0.108 
400 UA00064679    (0)   :  0.079 0.032 0.101 0.099 0.230 0.091 0.091 0.094 0.094 0.089 
401 UA00039518    (0)   :  0.131 0.025 0.139 0.114 0.022 0.105 0.109 0.117 0.116 0.122 
402 UA00058268    (0)   :  0.104 0.021 0.127 0.109 0.032 0.119 0.112 0.131 0.132 0.112 
403 UA00049456    (0)   :  0.109 0.118 0.083 0.094 0.032 0.119 0.113 0.114 0.112 0.106 
404 UA00049550    (0)   :  0.145 0.014 0.087 0.088 0.077 0.134 0.137 0.114 0.103 0.101 
405 UA00048342    (0)   :  0.098 0.056 0.099 0.107 0.038 0.119 0.116 0.127 0.131 0.109 
406 UA00063493    (0)   :  0.131 0.012 0.128 0.106 0.018 0.126 0.117 0.125 0.124 0.112 
407 UA00058261    (0)   :  0.117 0.017 0.149 0.108 0.089 0.091 0.104 0.106 0.108 0.110 
408 UA00014663    (0)   :  0.096 0.022 0.123 0.112 0.042 0.117 0.107 0.135 0.141 0.106 
409 UA00048817    (0)   :  0.092 0.150 0.117 0.105 0.032 0.096 0.095 0.107 0.114 0.092 
410 UA00049381    (0)   :  0.133 0.016 0.174 0.118 0.044 0.093 0.100 0.101 0.099 0.123 
411 UA00035901    (0)   :  0.076 0.022 0.091 0.104 0.202 0.096 0.100 0.108 0.113 0.088 
412 UA00013301    (0)   :  0.177 0.027 0.073 0.085 0.055 0.138 0.148 0.103 0.087 0.108 
413 UA00047926    (0)   :  0.123 0.046 0.151 0.104 0.065 0.091 0.090 0.107 0.117 0.104 
414 UA00007272    (0)   :  0.100 0.024 0.130 0.130 0.094 0.101 0.100 0.108 0.117 0.095 
415 UA00016041    (0)   :  0.128 0.032 0.095 0.102 0.025 0.132 0.130 0.122 0.116 0.118 
416 UA00013502    (0)   :  0.130 0.012 0.144 0.104 0.046 0.116 0.108 0.112 0.106 0.123 
417 UA00002390    (0)   :  0.088 0.058 0.109 0.112 0.028 0.117 0.111 0.125 0.135 0.117 
418 UA00034907    (0)   :  0.087 0.014 0.100 0.130 0.046 0.121 0.129 0.133 0.129 0.110 
419 UA00048821    (0)   :  0.092 0.056 0.101 0.106 0.088 0.108 0.106 0.118 0.119 0.105 
420 UA00002136    (0)   :  0.120 0.052 0.081 0.103 0.040 0.130 0.136 0.120 0.117 0.102 
421 UA00011790    (0)   :  0.110 0.029 0.134 0.147 0.040 0.096 0.118 0.112 0.108 0.107 
422 UA00021586    (0)   :  0.087 0.122 0.099 0.104 0.047 0.108 0.105 0.113 0.110 0.104 
