

----------------------------------------------------
STRUCTURE by Pritchard, Stephens and Donnelly (2000)
     and Falush, Stephens and Pritchard (2003)
       Code by Pritchard, Falush and Hubisz
             Version 2.3.4 (Jul 2012)
----------------------------------------------------



Command line arguments:   structure -K 4 -o outputfile_K4_5 
Input File:    Puma_SNP_genotypes_cut_AZ_final_HWEonly.str

Run parameters:
   536 individuals
   22 loci
   4 populations assumed
   100000 Burn-in period
   500000 Reps


--------------------------------------------
Overall proportion of membership of the
sample in each of the 4 clusters

Inferred Clusters
  1      2      3      4    
0.258  0.246  0.256  0.241  

--------------------------------------------

Allele-freq. divergence among pops (Net nucleotide distance),
computed using point estimates of P.

      1       2       3       4      
 1      -    0.0476  0.0398  0.0595  
 2   0.0476     -    0.0630  0.0506  
 3   0.0398  0.0630     -    0.0457  
 4   0.0595  0.0506  0.0457     -    

Average distances (expected heterozygosity) between individuals in same cluster:
cluster  1  : 0.3556 
cluster  2  : 0.2923 
cluster  3  : 0.3514 
cluster  4  : 0.3395 

--------------------------------------------
Estimated Ln Prob of Data   = -12837.1
Mean value of ln likelihood = -12369.8
Variance of ln likelihood   = 934.6
Mean value of alpha         = 0.4143

Mean value of Fst_1         = 0.1062
Mean value of Fst_2         = 0.2058
Mean value of Fst_3         = 0.1227
Mean value of Fst_4         = 0.1695


Inferred ancestry of individuals:
        Label (%Miss) :  Inferred clusters
  1 UA00063336   (13)   :  0.153 0.127 0.138 0.582 
  2 UA00048914    (9)   :  0.229 0.354 0.133 0.285 
  3 UA00014769   (13)   :  0.479 0.051 0.330 0.140 
  4 UA00008132   (13)   :  0.305 0.176 0.265 0.254 
  5 UA00030462   (13)   :  0.150 0.456 0.164 0.230 
  6 UA00034866   (13)   :  0.204 0.357 0.316 0.123 
  7 UA00034800    (9)   :  0.089 0.130 0.093 0.687 
  8  Puco006    (9)   :  0.090 0.697 0.066 0.147 
  9 UA00048874    (4)   :  0.118 0.148 0.074 0.660 
 10 UA00049060    (9)   :  0.357 0.107 0.280 0.256 
 11 UA00033413    (9)   :  0.168 0.134 0.599 0.100 
 12  Puco021    (9)   :  0.089 0.072 0.554 0.285 
 13  Puco026    (9)   :  0.254 0.086 0.375 0.285 
 14  Puco008    (9)   :  0.148 0.294 0.109 0.449 
 15   M01301    (9)   :  0.157 0.196 0.566 0.081 
 16   M06306    (9)   :  0.092 0.065 0.169 0.674 
 17 UA00032185    (9)   :  0.231 0.246 0.315 0.207 
 18 UA00030792    (9)   :  0.046 0.069 0.048 0.837 
 19 UA00031647    (9)   :  0.143 0.212 0.120 0.525 
 20 UA00031979    (9)   :  0.267 0.224 0.240 0.269 
 21  Puco016    (9)   :  0.255 0.540 0.097 0.108 
 22  Puco010    (9)   :  0.209 0.138 0.475 0.178 
 23    M1035    (9)   :  0.413 0.083 0.184 0.320 
 24 UA00034601    (9)   :  0.136 0.296 0.288 0.280 
 25 UA00050388    (9)   :  0.191 0.188 0.261 0.360 
 26 UA00048699    (9)   :  0.177 0.642 0.095 0.086 
 27 UA00064058    (9)   :  0.453 0.099 0.225 0.223 
 28 UA00033981    (9)   :  0.099 0.133 0.559 0.209 
 29   F05033    (9)   :  0.329 0.108 0.422 0.141 
 30 UA00048520    (4)   :  0.127 0.203 0.264 0.405 
 31 UA00048422    (4)   :  0.058 0.070 0.088 0.784 
 32    PucoB    (4)   :  0.226 0.066 0.511 0.198 
 33 UA00047393    (4)   :  0.314 0.106 0.143 0.437 
 34 UA00064521    (4)   :  0.135 0.465 0.210 0.190 
 35 UA00003043    (4)   :  0.407 0.346 0.154 0.093 
 36 UA00063025    (4)   :  0.095 0.244 0.224 0.438 
 37 UA00063826    (4)   :  0.162 0.100 0.527 0.211 
 38   F07407    (4)   :  0.097 0.087 0.405 0.411 
 39 UA00021658    (4)   :  0.291 0.147 0.393 0.169 
 40 UA00003794    (4)   :  0.130 0.105 0.359 0.407 
 41 UA00041322    (4)   :  0.216 0.209 0.189 0.385 
 42 UA00063316    (4)   :  0.153 0.276 0.238 0.334 
 43 UA00047705    (4)   :  0.153 0.206 0.337 0.304 
 44 UA00033904    (4)   :  0.132 0.114 0.097 0.657 
 45 UA00048100    (4)   :  0.292 0.192 0.381 0.134 
 46 UA00032212    (4)   :  0.160 0.201 0.192 0.446 
 47 UA00031574    (4)   :  0.059 0.110 0.091 0.740 
 48 UA00031228    (4)   :  0.065 0.110 0.057 0.767 
 49 UA00047707    (4)   :  0.667 0.113 0.146 0.073 
 50 UA00030906    (4)   :  0.041 0.097 0.044 0.817 
 51 UA00041567    (4)   :  0.127 0.173 0.528 0.172 
 52 UA00007624    (4)   :  0.252 0.105 0.565 0.078 
 53 UA00034514    (4)   :  0.377 0.175 0.321 0.127 
 54 UA00030480    (4)   :  0.292 0.113 0.113 0.482 
 55  Puco012    (4)   :  0.369 0.239 0.255 0.137 
 56 UA00038677    (9)   :  0.136 0.280 0.242 0.341 
 57 UA00048275    (4)   :  0.158 0.150 0.528 0.164 
 58 UA00064055    (4)   :  0.537 0.214 0.096 0.153 
 59  Puco009    (4)   :  0.294 0.455 0.145 0.106 
 60 UA00064561    (4)   :  0.637 0.178 0.108 0.077 
 61 UA00003479    (4)   :  0.464 0.227 0.205 0.104 
 62 UA00063747    (4)   :  0.451 0.149 0.338 0.063 
 63 UA00002558    (4)   :  0.166 0.403 0.318 0.112 
 64 UA00048410    (4)   :  0.360 0.454 0.118 0.068 
 65 UA00012249    (4)   :  0.528 0.303 0.098 0.071 
 66 UA00033818    (4)   :  0.088 0.129 0.156 0.627 
 67  Puco020    (4)   :  0.360 0.235 0.128 0.277 
 68 UA00002545    (9)   :  0.620 0.111 0.086 0.183 
 69 UA00048508    (4)   :  0.463 0.152 0.280 0.106 
 70 UA00064100    (4)   :  0.265 0.204 0.293 0.239 
 71 UA00014585    (4)   :  0.390 0.222 0.250 0.139 
 72 UA00063698    (4)   :  0.103 0.503 0.159 0.235 
 73 UA00049753    (4)   :  0.122 0.071 0.123 0.684 
 74 UA00049037    (4)   :  0.428 0.102 0.273 0.197 
 75 UA00034941    (4)   :  0.124 0.230 0.306 0.341 
 76 UA00008083    (4)   :  0.111 0.652 0.115 0.123 
 77 UA00015084    (4)   :  0.086 0.443 0.153 0.318 
 78 UA00041010    (9)   :  0.092 0.478 0.060 0.370 
 79 UA00035261    (4)   :  0.155 0.262 0.168 0.415 
 80 UA00035431    (4)   :  0.188 0.186 0.551 0.075 
 81 UA00045274    (0)   :  0.164 0.219 0.340 0.276 
 82 UA00028200    (4)   :  0.105 0.273 0.122 0.500 
 83 UA00064559    (0)   :  0.045 0.073 0.066 0.816 
 84 UA00040808    (0)   :  0.158 0.232 0.067 0.543 
 85 UA00049156    (0)   :  0.104 0.236 0.113 0.547 
 86 UA00003952    (4)   :  0.128 0.709 0.073 0.091 
 87 UA00063954    (0)   :  0.190 0.098 0.172 0.541 
 88 UA00062934    (0)   :  0.152 0.147 0.150 0.552 
 89 UA00033829    (0)   :  0.070 0.274 0.094 0.562 
 90 UA00064351    (4)   :  0.088 0.196 0.561 0.155 
 91 UA00003697    (4)   :  0.090 0.587 0.125 0.198 
 92 UA00063438    (4)   :  0.156 0.188 0.145 0.511 
 93 UA00007608    (0)   :  0.087 0.294 0.154 0.465 
 94 UA00019683    (4)   :  0.073 0.076 0.266 0.585 
 95 UA00007781    (0)   :  0.206 0.186 0.423 0.185 
 96 UA00002915    (0)   :  0.177 0.253 0.113 0.457 
 97  Puco031    (4)   :  0.457 0.208 0.159 0.176 
 98 UA00048280    (4)   :  0.109 0.206 0.507 0.177 
 99 UA00048589    (0)   :  0.235 0.125 0.351 0.289 
100 UA00034417    (0)   :  0.268 0.296 0.127 0.309 
101 UA00050411    (4)   :  0.638 0.109 0.184 0.069 
102  Puco029    (4)   :  0.347 0.053 0.464 0.136 
103   F03403    (4)   :  0.137 0.115 0.670 0.077 
104 UA00049904    (0)   :  0.093 0.131 0.355 0.422 
105 UA00035335    (0)   :  0.492 0.045 0.359 0.104 
106 UA00012611    (0)   :  0.367 0.116 0.338 0.180 
107 UA00050319    (0)   :  0.122 0.072 0.728 0.077 
108 UA00032068    (4)   :  0.321 0.089 0.219 0.370 
109 UA00032026    (4)   :  0.303 0.126 0.246 0.325 
110 UA00030476    (4)   :  0.088 0.062 0.615 0.235 
111 UA00046853    (0)   :  0.119 0.096 0.575 0.211 
112 UA00040156    (4)   :  0.044 0.067 0.050 0.839 
113 UA00030528    (4)   :  0.307 0.101 0.082 0.509 
114  Puco025    (4)   :  0.560 0.089 0.247 0.105 
115    pc016    (0)   :  0.045 0.071 0.044 0.840 
116 UA00030617    (4)   :  0.590 0.069 0.269 0.072 
117 UA00030585    (4)   :  0.055 0.098 0.100 0.746 
118 UA00032060    (4)   :  0.162 0.094 0.249 0.495 
119    pc007    (0)   :  0.165 0.121 0.553 0.161 
120 UA00030798    (4)   :  0.078 0.069 0.081 0.771 
121 UA00030778    (4)   :  0.668 0.090 0.162 0.080 
122 UA00039674    (4)   :  0.054 0.067 0.049 0.831 
123 UA00032241    (4)   :  0.258 0.076 0.593 0.074 
124 UA00011624    (0)   :  0.498 0.120 0.252 0.130 
125 UA00033779    (4)   :  0.104 0.096 0.707 0.092 
126 UA00049402    (4)   :  0.340 0.439 0.097 0.124 
127 UA00033653    (0)   :  0.080 0.088 0.746 0.085 
128 UA00047738    (0)   :  0.189 0.222 0.307 0.282 
129 UA00047502    (4)   :  0.208 0.495 0.116 0.180 
130 UA00012014    (4)   :  0.466 0.185 0.151 0.198 
131 UA00040729    (0)   :  0.222 0.097 0.480 0.201 
132 UA00030392    (4)   :  0.485 0.095 0.301 0.119 
133 UA00050033    (0)   :  0.304 0.120 0.400 0.176 
134 UA00012152    (0)   :  0.252 0.592 0.088 0.069 
135 UA00050406    (0)   :  0.298 0.169 0.316 0.217 
136 UA00047973    (0)   :  0.272 0.131 0.465 0.132 
137 UA00008051    (0)   :  0.200 0.235 0.232 0.333 
138 UA00047337    (4)   :  0.211 0.120 0.251 0.419 
139 UA00041604    (4)   :  0.225 0.223 0.249 0.303 
140 UA00031704    (4)   :  0.625 0.069 0.226 0.081 
141 UA00040423    (4)   :  0.403 0.118 0.161 0.318 
142 UA00049433    (0)   :  0.351 0.303 0.113 0.233 
143 UA00034816    (0)   :  0.502 0.248 0.154 0.097 
144 UA00050214    (0)   :  0.692 0.075 0.138 0.094 
145 UA00041073    (0)   :  0.299 0.250 0.285 0.166 
146 UA00030318    (4)   :  0.476 0.190 0.234 0.100 
147 UA00046845    (0)   :  0.398 0.352 0.126 0.125 
148 UA00063946    (0)   :  0.077 0.083 0.684 0.155 
149 UA00031374    (4)   :  0.371 0.211 0.268 0.150 
150    M1136    (4)   :  0.283 0.117 0.117 0.483 
151 UA00034299    (0)   :  0.661 0.117 0.113 0.109 
152 UA00002387    (4)   :  0.607 0.219 0.099 0.075 
153 UA00021855    (0)   :  0.180 0.153 0.475 0.192 
154 UA00014500    (0)   :  0.468 0.120 0.211 0.201 
155 UA00050419    (4)   :  0.634 0.104 0.192 0.070 
156 UA00031854    (4)   :  0.288 0.251 0.340 0.122 
157    pc011    (4)   :  0.684 0.136 0.101 0.078 
158 UA00033004    (0)   :  0.504 0.156 0.116 0.225 
159 UA00046510    (0)   :  0.362 0.369 0.158 0.110 
160 UA00048747    (0)   :  0.571 0.203 0.115 0.110 
161 UA00014293    (0)   :  0.698 0.137 0.082 0.083 
162 UA00047686    (0)   :  0.275 0.375 0.106 0.243 
163 UA00033783    (4)   :  0.097 0.217 0.237 0.449 
164 UA00042609    (4)   :  0.289 0.434 0.092 0.185 
165 UA00031169    (4)   :  0.721 0.091 0.094 0.095 
166 UA00035181    (0)   :  0.388 0.093 0.455 0.064 
167 UA00050133    (0)   :  0.442 0.194 0.214 0.150 
168  Puco011    (4)   :  0.632 0.160 0.085 0.123 
169 UA00041476    (0)   :  0.424 0.267 0.143 0.166 
170 UA00046702    (0)   :  0.662 0.107 0.151 0.080 
171 UA00019940    (0)   :  0.348 0.194 0.226 0.232 
172 UA00049813    (0)   :  0.206 0.116 0.492 0.186 
173 UA00064165    (0)   :  0.130 0.566 0.136 0.169 
174 UA00064421    (0)   :  0.245 0.531 0.152 0.072 
175 UA00064569    (4)   :  0.481 0.112 0.333 0.074 
176 UA00003996    (0)   :  0.331 0.431 0.128 0.110 
177 UA00064491    (4)   :  0.438 0.203 0.274 0.085 
178 UA00011899    (0)   :  0.394 0.124 0.298 0.185 
179  Puco015    (4)   :  0.365 0.155 0.159 0.321 
180 UA00047929    (4)   :  0.234 0.065 0.577 0.124 
181 UA00056669    (0)   :  0.378 0.256 0.239 0.128 
182 UA00050176    (0)   :  0.316 0.283 0.202 0.199 
183  Puco014    (4)   :  0.191 0.220 0.403 0.186 
184 UA00019608    (0)   :  0.520 0.240 0.122 0.118 
185 UA00064333    (0)   :  0.586 0.166 0.113 0.136 
186  Puco013    (4)   :  0.318 0.384 0.155 0.142 
187 UA00016092    (0)   :  0.634 0.078 0.218 0.070 
188 UA00019060    (0)   :  0.126 0.569 0.093 0.212 
189 UA00063532    (0)   :  0.304 0.225 0.292 0.179 
190 UA00064117    (0)   :  0.156 0.392 0.102 0.349 
191 UA00011969    (0)   :  0.221 0.235 0.333 0.210 
192 UA00034586    (4)   :  0.320 0.105 0.450 0.124 
193 UA00030736    (4)   :  0.469 0.139 0.218 0.174 
194 UA00048493    (0)   :  0.390 0.156 0.237 0.217 
195 UA00040466    (0)   :  0.083 0.747 0.084 0.086 
196 UA00047659    (0)   :  0.327 0.186 0.347 0.140 
197 UA00042002    (4)   :  0.161 0.149 0.219 0.471 
198 UA00062606    (0)   :  0.306 0.356 0.150 0.188 
199 UA00030615    (4)   :  0.094 0.732 0.101 0.073 
200 UA00048899    (0)   :  0.327 0.196 0.303 0.175 
201 UA00047725    (0)   :  0.045 0.832 0.052 0.071 
202 UA00030866    (4)   :  0.298 0.315 0.201 0.186 
203 UA00034564    (0)   :  0.421 0.246 0.137 0.196 
204 UA00046520    (0)   :  0.105 0.081 0.733 0.081 
205 UA00035027    (0)   :  0.182 0.278 0.284 0.256 
206 UA00035421    (0)   :  0.252 0.575 0.088 0.085 
207 UA00062740    (4)   :  0.134 0.354 0.164 0.347 
208 UA00012360    (0)   :  0.091 0.733 0.088 0.087 
209 UA00050203    (0)   :  0.319 0.144 0.379 0.158 
210 UA00040534    (4)   :  0.113 0.428 0.096 0.362 
211 UA00031261    (4)   :  0.089 0.602 0.068 0.241 
212 UA00031917    (4)   :  0.104 0.431 0.064 0.401 
213 UA00040798    (4)   :  0.129 0.503 0.206 0.163 
214 UA00030598    (4)   :  0.147 0.522 0.182 0.149 
215 UA00050385    (0)   :  0.424 0.276 0.133 0.167 
216 UA00058283    (0)   :  0.060 0.724 0.084 0.132 
217 UA00042297    (4)   :  0.126 0.259 0.185 0.430 
218 UA00015415    (4)   :  0.081 0.788 0.057 0.075 
219 UA00035531    (0)   :  0.102 0.645 0.066 0.186 
220 UA00048683    (0)   :  0.139 0.681 0.088 0.092 
221 UA00046734    (4)   :  0.084 0.730 0.075 0.112 
222   pcRF01    (0)   :  0.778 0.091 0.080 0.051 
223 UA00007223    (0)   :  0.252 0.439 0.098 0.212 
224 UA00013841    (0)   :  0.251 0.093 0.176 0.480 
225 UA00014196    (0)   :  0.113 0.689 0.063 0.135 
226 UA00034635    (0)   :  0.395 0.176 0.299 0.130 
227 UA00047371    (0)   :  0.116 0.129 0.255 0.500 
228 UA00063544    (0)   :  0.158 0.141 0.258 0.442 
229 UA00064246    (0)   :  0.186 0.333 0.263 0.218 
230 UA00064328    (0)   :  0.205 0.346 0.151 0.298 
231 UA00002952    (0)   :  0.146 0.395 0.119 0.340 
232 UA00064079    (0)   :  0.224 0.176 0.221 0.379 
233 UA00046793    (0)   :  0.186 0.469 0.090 0.254 
234 UA00034769    (0)   :  0.086 0.193 0.198 0.523 
235 UA00034949    (0)   :  0.239 0.515 0.073 0.173 
236 UA00063753    (0)   :  0.084 0.187 0.464 0.265 
237 UA00015713    (0)   :  0.137 0.117 0.335 0.412 
238 UA00003494    (0)   :  0.422 0.337 0.074 0.167 
239 UA00056767    (0)   :  0.112 0.073 0.764 0.052 
240 UA00014461    (0)   :  0.223 0.449 0.152 0.176 
241 UA00034669    (0)   :  0.102 0.428 0.153 0.317 
242 UA00048164    (0)   :  0.284 0.397 0.207 0.112 
243 UA00007974    (0)   :  0.094 0.125 0.472 0.309 
244 UA00016166    (0)   :  0.259 0.122 0.088 0.531 
245 UA00015653    (0)   :  0.096 0.287 0.114 0.503 
246 UA00063882    (0)   :  0.136 0.550 0.105 0.209 
247 UA00049027    (0)   :  0.119 0.166 0.197 0.518 
248 UA00018878    (0)   :  0.091 0.085 0.257 0.566 
249 UA00038796    (0)   :  0.111 0.533 0.170 0.186 
250 UA00013465    (0)   :  0.088 0.669 0.113 0.130 
251 UA00014604    (0)   :  0.097 0.355 0.259 0.289 
252 UA00041913    (0)   :  0.092 0.129 0.365 0.413 
253 UA00021632    (0)   :  0.092 0.137 0.100 0.672 
254 UA00064027    (0)   :  0.180 0.272 0.159 0.389 
255 UA00015023    (0)   :  0.375 0.363 0.146 0.116 
256 UA00050243    (0)   :  0.198 0.169 0.120 0.513 
257 UA00048298    (0)   :  0.368 0.192 0.241 0.199 
258 UA00050437    (0)   :  0.207 0.459 0.148 0.186 
259 UA00014262    (0)   :  0.251 0.182 0.157 0.409 
260 UA00049129    (0)   :  0.230 0.122 0.405 0.244 
261 UA00014740    (0)   :  0.143 0.215 0.415 0.227 
262 UA00049612    (0)   :  0.078 0.152 0.113 0.657 
263 UA00014635    (0)   :  0.109 0.079 0.740 0.073 
264 UA00014673    (0)   :  0.119 0.295 0.169 0.416 
265 UA00033608    (0)   :  0.096 0.159 0.192 0.553 
266 UA00064540    (0)   :  0.110 0.179 0.569 0.142 
267 UA00050256    (0)   :  0.144 0.337 0.121 0.398 
268 UA00015274    (0)   :  0.417 0.226 0.194 0.163 
269 UA00062993    (0)   :  0.127 0.211 0.563 0.098 
270 UA00038364    (0)   :  0.162 0.184 0.308 0.346 
271 UA00014446    (0)   :  0.331 0.147 0.391 0.130 
272 UA00063545    (0)   :  0.096 0.244 0.085 0.574 
273 UA00040054    (0)   :  0.450 0.099 0.171 0.281 
274 UA00058447    (0)   :  0.201 0.132 0.457 0.211 
275 UA00046835    (0)   :  0.189 0.132 0.543 0.135 
276 UA00014608    (0)   :  0.203 0.195 0.441 0.161 
277    pc012    (0)   :  0.173 0.266 0.325 0.236 
278    pc002    (0)   :  0.121 0.156 0.147 0.576 
279 UA00033690    (0)   :  0.065 0.095 0.380 0.461 
280 UA00013688    (0)   :  0.232 0.259 0.312 0.198 
281 UA00063666    (0)   :  0.076 0.055 0.603 0.265 
282 UA00063292    (0)   :  0.114 0.079 0.707 0.099 
283    pc001    (0)   :  0.271 0.244 0.291 0.193 
284    pc008    (0)   :  0.212 0.155 0.432 0.202 
285 UA00034316    (0)   :  0.243 0.333 0.104 0.321 
286 UA00013046    (0)   :  0.319 0.071 0.492 0.117 
287 UA00050241    (0)   :  0.155 0.056 0.658 0.132 
288 UA00048599    (0)   :  0.158 0.093 0.652 0.097 
289 UA00046649    (0)   :  0.144 0.088 0.150 0.617 
290 UA00015674    (0)   :  0.069 0.130 0.210 0.591 
291 UA00013177    (0)   :  0.124 0.212 0.403 0.261 
292 UA00012814    (0)   :  0.426 0.202 0.213 0.158 
293 UA00034654    (0)   :  0.372 0.110 0.381 0.137 
294 UA00046743    (0)   :  0.226 0.103 0.554 0.117 
295 UA00014854    (0)   :  0.141 0.053 0.388 0.418 
296 UA00013729    (0)   :  0.486 0.155 0.189 0.170 
297 UA00063483    (0)   :  0.142 0.093 0.614 0.150 
298 UA00039326    (0)   :  0.213 0.117 0.300 0.370 
299 UA00014742    (0)   :  0.145 0.078 0.648 0.129 
300 UA00049597    (0)   :  0.094 0.047 0.160 0.699 
301 UA00048067    (0)   :  0.096 0.150 0.398 0.355 
302 UA00012918    (0)   :  0.078 0.057 0.400 0.465 
303 UA00013487    (0)   :  0.808 0.059 0.069 0.064 
304 UA00046759    (0)   :  0.149 0.308 0.200 0.343 
305 UA00050164    (0)   :  0.144 0.110 0.072 0.674 
306 UA00049839    (0)   :  0.154 0.121 0.616 0.108 
307 UA00048444    (0)   :  0.060 0.078 0.653 0.209 
308 UA00063857    (0)   :  0.231 0.065 0.522 0.182 
309 UA00014921    (0)   :  0.101 0.056 0.184 0.659 
310 UA00048895    (0)   :  0.115 0.112 0.215 0.558 
311 UA00014556    (0)   :  0.193 0.358 0.237 0.212 
312    pc009    (0)   :  0.105 0.049 0.745 0.101 
313 UA00014959    (0)   :  0.104 0.074 0.174 0.648 
314 UA00020709    (0)   :  0.259 0.137 0.239 0.365 
315 UA00013126    (0)   :  0.056 0.078 0.079 0.786 
316 UA00013695    (0)   :  0.074 0.082 0.083 0.762 
317 UA00049344    (0)   :  0.087 0.104 0.112 0.697 
318 UA00047614    (0)   :  0.056 0.163 0.076 0.704 
319 UA00014221    (0)   :  0.141 0.064 0.735 0.060 
320 UA00014346    (0)   :  0.097 0.136 0.605 0.161 
321 UA00014245    (0)   :  0.144 0.079 0.284 0.493 
322 UA00014696    (0)   :  0.079 0.139 0.050 0.732 
323 UA00006991    (0)   :  0.419 0.244 0.192 0.145 
324 UA00048948    (0)   :  0.312 0.207 0.323 0.158 
325 UA00002239    (0)   :  0.436 0.251 0.120 0.192 
326 UA00063459    (0)   :  0.090 0.055 0.698 0.156 
327 UA00048356    (0)   :  0.116 0.227 0.465 0.193 
328 UA00063940    (0)   :  0.295 0.292 0.249 0.164 
329 UA00048130    (0)   :  0.106 0.117 0.668 0.109 
330 UA00048903    (0)   :  0.427 0.078 0.430 0.066 
331 UA00064643    (0)   :  0.321 0.202 0.284 0.194 
332 UA00050233    (0)   :  0.319 0.244 0.327 0.110 
333 UA00012507    (0)   :  0.299 0.446 0.157 0.098 
334 UA00064416    (0)   :  0.663 0.112 0.131 0.094 
335 UA00034724    (0)   :  0.340 0.159 0.394 0.107 
336 UA00002621    (0)   :  0.300 0.097 0.501 0.102 
337 UA00033203    (0)   :  0.681 0.110 0.088 0.121 
338 UA00011996    (0)   :  0.272 0.101 0.345 0.282 
339 UA00014408    (0)   :  0.236 0.509 0.122 0.132 
340 UA00049502    (0)   :  0.141 0.275 0.460 0.124 
341 UA00062695    (0)   :  0.142 0.169 0.440 0.249 
342 UA00014072    (0)   :  0.159 0.115 0.590 0.136 
343 UA00003334    (0)   :  0.213 0.081 0.605 0.102 
344 UA00013835    (0)   :  0.195 0.151 0.368 0.286 
345 UA00046760    (0)   :  0.151 0.099 0.362 0.389 
346 UA00014241    (0)   :  0.379 0.157 0.368 0.097 
347 UA00049585    (0)   :  0.192 0.065 0.613 0.130 
348 UA00013409    (0)   :  0.103 0.274 0.483 0.140 
349 UA00047548    (0)   :  0.452 0.084 0.307 0.157 
350 UA00049038    (0)   :  0.110 0.188 0.214 0.487 
351 UA00047612    (0)   :  0.255 0.197 0.413 0.134 
352 UA00014822    (0)   :  0.098 0.244 0.141 0.517 
353 UA00035299    (0)   :  0.419 0.166 0.251 0.164 
354 UA00012804    (0)   :  0.136 0.126 0.166 0.572 
355 UA00049578    (0)   :  0.217 0.326 0.322 0.135 
356 UA00047672    (0)   :  0.716 0.131 0.062 0.091 
357 UA00043961    (0)   :  0.082 0.136 0.140 0.642 
358 UA00064575    (0)   :  0.116 0.351 0.401 0.132 
359 UA00014732    (0)   :  0.462 0.188 0.251 0.099 
360 UA00050181    (0)   :  0.503 0.216 0.188 0.093 
361 UA00033369    (0)   :  0.235 0.189 0.109 0.467 
362 UA00011982    (0)   :  0.731 0.060 0.145 0.064 
363 UA00014590    (0)   :  0.417 0.192 0.127 0.263 
364 UA00047743    (0)   :  0.649 0.091 0.134 0.126 
365 UA00046621    (0)   :  0.669 0.067 0.172 0.091 
366 UA00050422    (0)   :  0.288 0.342 0.241 0.130 
367 UA00002760    (0)   :  0.282 0.114 0.368 0.236 
368 UA00012999    (0)   :  0.370 0.104 0.185 0.342 
369 UA00063838    (0)   :  0.335 0.130 0.427 0.107 
370 UA00003729    (0)   :  0.099 0.292 0.248 0.362 
371 UA00015348    (0)   :  0.110 0.141 0.577 0.172 
372 UA00019058    (0)   :  0.122 0.187 0.564 0.127 
373 UA00049549    (0)   :  0.070 0.056 0.595 0.279 
374 UA00014334    (0)   :  0.398 0.297 0.140 0.164 
375 UA00014350    (0)   :  0.804 0.048 0.098 0.049 
376 UA00049227    (0)   :  0.166 0.237 0.127 0.469 
377 UA00014051    (0)   :  0.466 0.363 0.109 0.063 
378 UA00034381    (0)   :  0.300 0.234 0.350 0.116 
379 UA00002354    (0)   :  0.723 0.081 0.125 0.072 
380 UA00049892    (0)   :  0.248 0.072 0.437 0.243 
381 UA00021989    (0)   :  0.424 0.162 0.338 0.075 
382 UA00048968    (0)   :  0.499 0.181 0.215 0.105 
383 UA00013174    (0)   :  0.520 0.190 0.162 0.129 
384 UA00033992    (0)   :  0.366 0.108 0.128 0.398 
385 UA00015801    (0)   :  0.674 0.059 0.213 0.055 
386 UA00063303    (0)   :  0.143 0.132 0.249 0.476 
387 UA00050206    (0)   :  0.092 0.078 0.771 0.059 
388 UA00014458    (0)   :  0.283 0.179 0.338 0.201 
389 UA00007204    (0)   :  0.184 0.087 0.541 0.188 
390 UA00063212    (0)   :  0.106 0.248 0.335 0.311 
391 UA00013340    (0)   :  0.256 0.109 0.328 0.307 
392 UA00062743    (0)   :  0.497 0.332 0.088 0.084 
393 UA00063189    (0)   :  0.149 0.621 0.106 0.124 
394 UA00035432    (0)   :  0.253 0.086 0.564 0.097 
395 UA00007958    (0)   :  0.487 0.112 0.301 0.100 
396 UA00013634    (0)   :  0.625 0.184 0.107 0.084 
397 UA00048175    (0)   :  0.758 0.105 0.092 0.045 
398 UA00003202    (0)   :  0.306 0.134 0.434 0.126 
399 UA00035090    (0)   :  0.237 0.227 0.386 0.150 
400 UA00064679    (0)   :  0.216 0.516 0.143 0.125 
401 UA00039518    (0)   :  0.501 0.110 0.276 0.113 
402 UA00058268    (0)   :  0.367 0.165 0.311 0.157 
403 UA00049456    (0)   :  0.161 0.133 0.287 0.419 
404 UA00049550    (0)   :  0.175 0.230 0.502 0.093 
405 UA00048342    (0)   :  0.176 0.138 0.295 0.390 
406 UA00063493    (0)   :  0.386 0.095 0.430 0.089 
407 UA00058261    (0)   :  0.470 0.328 0.118 0.084 
408 UA00014663    (0)   :  0.423 0.221 0.183 0.173 
409 UA00048817    (0)   :  0.340 0.179 0.119 0.363 
410 UA00049381    (0)   :  0.594 0.190 0.138 0.079 
411 UA00035901    (0)   :  0.182 0.453 0.192 0.173 
412 UA00013301    (0)   :  0.099 0.186 0.571 0.145 
413 UA00047926    (0)   :  0.472 0.238 0.107 0.183 
414 UA00007272    (0)   :  0.336 0.433 0.084 0.147 
415 UA00016041    (0)   :  0.200 0.112 0.444 0.244 
416 UA00013502    (0)   :  0.408 0.186 0.337 0.069 
417 UA00002390    (0)   :  0.331 0.148 0.182 0.339 
418 UA00034907    (0)   :  0.226 0.251 0.391 0.131 
419 UA00048821    (0)   :  0.245 0.263 0.170 0.322 
420 UA00002136    (0)   :  0.115 0.163 0.365 0.356 
421 UA00011790    (0)   :  0.501 0.217 0.146 0.137 
422 UA00021586    (0)   :  0.231 0.193 0.213 0.362 
423 UA00033270    (0)   :  0.290 0.225 0.338 0.147 
424 UA00048073    (0)   :  0.285 0.142 0.419 0.154 
425 UA00048856    (0)   :  0.261 0.337 0.262 0.139 
426 UA00049713    (0)   :  0.532 0.172 0.160 0.136 
427 UA00046885    (0)   :  0.279 0.130 0.442 0.149 
428 UA00034893    (0)   :  0.414 0.093 0.364 0.128 
429 UA00048011    (0)   :  0.422 0.238 0.272 0.067 
430 UA00015786    (0)   :  0.256 0.368 0.178 0.197 
431 UA00013162    (0)   :  0.485 0.299 0.063 0.153 
432 UA00049512    (0)   :  0.181 0.201 0.414 0.204 
433 UA00004046    (0)   :  0.663 0.150 0.118 0.070 
434 UA00048881    (0)   :  0.149 0.401 0.165 0.285 
435 UA00046610    (0)   :  0.276 0.294 0.149 0.282 
436 UA00033282    (0)   :  0.224 0.239 0.294 0.242 
437 UA00047561    (0)   :  0.605 0.156 0.133 0.107 
438 UA00013777    (0)   :  0.345 0.422 0.137 0.096 
439 UA00062849    (0)   :  0.129 0.114 0.647 0.111 
440 UA00049786    (0)   :  0.659 0.197 0.086 0.059 
441 UA00033246    (0)   :  0.097 0.057 0.755 0.091 
442 UA00045302    (0)   :  0.314 0.126 0.309 0.251 
443 UA00048637    (0)   :  0.605 0.183 0.129 0.084 
444 UA00049832    (0)   :  0.169 0.092 0.367 0.372 
445 UA00022023    (0)   :  0.322 0.169 0.150 0.360 
446 UA00050192    (0)   :  0.238 0.133 0.140 0.489 
447 UA00050413    (0)   :  0.334 0.180 0.330 0.156 
448 UA00013445    (0)   :  0.590 0.110 0.223 0.077 
449 UA00035496    (0)   :  0.192 0.416 0.235 0.157 
450 UA00003333    (0)   :  0.213 0.426 0.128 0.232 
451 UA00064008    (0)   :  0.253 0.494 0.154 0.098 
452 UA00003427    (0)   :  0.214 0.222 0.187 0.378 
453 UA00028092    (0)   :  0.153 0.271 0.203 0.373 
454    pc003    (0)   :  0.093 0.648 0.091 0.168 
455 UA00034440    (0)   :  0.166 0.176 0.557 0.101 
456 UA00026062    (0)   :  0.676 0.125 0.067 0.132 
457 UA00014347    (0)   :  0.175 0.277 0.288 0.260 
458 UA00021516    (0)   :  0.616 0.119 0.168 0.097 
459 UA00049347    (0)   :  0.227 0.529 0.141 0.103 
460 UA00063436    (0)   :  0.107 0.497 0.275 0.121 
461 UA00047790    (0)   :  0.514 0.202 0.146 0.137 
462 UA00045714    (0)   :  0.188 0.458 0.143 0.210 
463 UA00038979    (0)   :  0.123 0.127 0.469 0.281 
464 UA00016123    (0)   :  0.310 0.349 0.140 0.200 
465 UA00034765    (0)   :  0.101 0.774 0.065 0.061 
466 UA00063815    (0)   :  0.076 0.572 0.126 0.226 
467 UA00034795    (0)   :  0.156 0.151 0.569 0.123 
468 UA00004000    (0)   :  0.096 0.694 0.106 0.105 
469 UA00049367    (0)   :  0.201 0.228 0.489 0.082 
470 UA00034457    (0)   :  0.454 0.120 0.255 0.170 
471 UA00050015    (0)   :  0.140 0.187 0.433 0.240 
472 UA00021373    (0)   :  0.344 0.206 0.283 0.166 
473 UA00050232    (0)   :  0.086 0.637 0.094 0.183 
474 UA00038724    (0)   :  0.172 0.118 0.340 0.370 
475 UA00007824    (0)   :  0.404 0.240 0.096 0.261 
476 UA00048754    (0)   :  0.358 0.452 0.112 0.078 
477 UA00014271    (0)   :  0.330 0.157 0.311 0.203 
478 UA00013756    (0)   :  0.114 0.286 0.338 0.262 
479 UA00014385    (0)   :  0.190 0.467 0.111 0.232 
480 UA00049609    (0)   :  0.201 0.129 0.551 0.120 
481 UA00003748    (0)   :  0.221 0.590 0.096 0.093 
482 UA00063952    (0)   :  0.229 0.528 0.165 0.078 
483 UA00058348    (0)   :  0.127 0.614 0.185 0.073 
484 UA00014922    (0)   :  0.096 0.695 0.101 0.108 
485 UA00003820    (0)   :  0.448 0.369 0.108 0.075 
486 UA00013693    (0)   :  0.249 0.369 0.177 0.205 
487 UA00047713    (0)   :  0.131 0.725 0.073 0.071 
488 UA00034891    (0)   :  0.094 0.527 0.187 0.192 
489 UA00049223    (0)   :  0.196 0.477 0.216 0.111 
490 UA00064399    (0)   :  0.071 0.549 0.044 0.336 
491 UA00013336    (0)   :  0.068 0.695 0.085 0.152 
492 UA00035291    (0)   :  0.086 0.709 0.050 0.155 
493 UA00003945    (0)   :  0.125 0.647 0.103 0.125 
494 UA00014518    (0)   :  0.182 0.618 0.091 0.109 
495 UA00013583    (0)   :  0.084 0.273 0.122 0.521 
496 UA00011510    (0)   :  0.145 0.586 0.116 0.153 
497 UA00046860    (0)   :  0.255 0.481 0.118 0.146 
498 UA00048853    (0)   :  0.155 0.472 0.114 0.259 
499 UA00012151    (0)   :  0.103 0.742 0.062 0.093 
500 UA00063930    (0)   :  0.094 0.208 0.231 0.467 
501 UA00013453    (0)   :  0.206 0.393 0.171 0.231 
502 UA00039299    (0)   :  0.073 0.756 0.072 0.099 
503 UA00014280    (0)   :  0.059 0.804 0.079 0.057 
504 UA00014200    (0)   :  0.174 0.677 0.065 0.084 
505 UA00040612    (0)   :  0.075 0.676 0.060 0.189 
506 UA00062679    (0)   :  0.076 0.709 0.075 0.140 
507 UA00034481    (0)   :  0.103 0.706 0.102 0.089 
508 UA00011880    (0)   :  0.086 0.158 0.338 0.418 
509 UA00013421    (0)   :  0.072 0.641 0.046 0.240 
510 UA00048051    (0)   :  0.060 0.801 0.055 0.084 
511 UA00063370    (0)   :  0.057 0.676 0.061 0.206 
512 UA00014716    (0)   :  0.071 0.694 0.081 0.154 
513 UA00033426    (0)   :  0.198 0.511 0.066 0.225 
514 UA00015190    (0)   :  0.079 0.521 0.062 0.338 
515 UA00013730    (0)   :  0.340 0.115 0.341 0.204 
516 UA00047644    (4)   :  0.109 0.519 0.094 0.279 
517 UA00031933    (9)   :  0.417 0.275 0.181 0.128 
518 UA00031541    (9)   :  0.171 0.472 0.169 0.188 
519   PCO-60    (4)   :  0.267 0.327 0.269 0.137 
520 UA00030495    (4)   :  0.199 0.275 0.261 0.264 
521 UA00031133    (4)   :  0.090 0.067 0.713 0.130 
522 UA00032049    (4)   :  0.138 0.190 0.153 0.519 
523 UA00030599    (4)   :  0.084 0.134 0.555 0.228 
524 UA00030250    (4)   :  0.632 0.114 0.154 0.100 
525 UA00049385    (4)   :  0.106 0.176 0.405 0.313 
526 UA00031816    (4)   :  0.073 0.075 0.726 0.126 
527 UA00030275    (4)   :  0.347 0.233 0.163 0.257 
528 UA00041861    (4)   :  0.321 0.263 0.195 0.221 
529 UA00041433    (4)   :  0.431 0.131 0.351 0.087 
530  PCO-114    (4)   :  0.500 0.300 0.111 0.089 
531 UA00031529    (4)   :  0.289 0.212 0.372 0.127 
532 UA00039719    (4)   :  0.373 0.224 0.305 0.097 
533  PCO-442    (4)   :  0.691 0.096 0.142 0.071 
534   PCO-58    (0)   :  0.613 0.190 0.069 0.128 
535 UA00048673    (4)   :  0.203 0.302 0.331 0.164 
536   PCO-63    (4)   :  0.336 0.157 0.425 0.083 


Estimated Allele Frequencies in each cluster
First column gives estimated ancestral frequencies


Locus 1 : PP01 
2 alleles
0.0% missing data
   1   (0.598) 0.663 0.366 0.523 0.811 
   2   (0.402) 0.337 0.634 0.477 0.189 

Locus 2 : PP02 
2 alleles
0.0% missing data
   1   (0.887) 0.910 0.959 0.874 0.985 
   2   (0.113) 0.090 0.041 0.126 0.015 

Locus 3 : PP03 
2 alleles
18.3% missing data
   1   (0.798) 0.855 0.953 0.659 0.883 
   2   (0.202) 0.145 0.047 0.341 0.117 

Locus 4 : PP04 
2 alleles
0.4% missing data
   1   (0.695) 0.781 0.940 0.479 0.648 
   2   (0.305) 0.219 0.060 0.521 0.352 

Locus 5 : PP06 
2 alleles
0.0% missing data
   1   (0.635) 0.573 0.597 0.782 0.654 
   2   (0.365) 0.427 0.403 0.218 0.346 

Locus 6 : PP07 
2 alleles
0.0% missing data
   1   (0.707) 0.704 0.921 0.560 0.815 
   2   (0.293) 0.296 0.079 0.440 0.185 

Locus 7 : PP09 
2 alleles
0.0% missing data
   1   (0.466) 0.331 0.095 0.758 0.638 
   2   (0.534) 0.669 0.905 0.242 0.362 

Locus 8 : PP10 
2 alleles
0.0% missing data
   1   (0.190) 0.087 0.361 0.061 0.385 
   2   (0.810) 0.913 0.639 0.939 0.615 

Locus 9 : PP11 
2 alleles
0.0% missing data
   1   (0.695) 0.528 0.810 0.845 0.767 
   2   (0.305) 0.472 0.190 0.155 0.233 

Locus 10 : PP12 
2 alleles
0.2% missing data
   1   (0.401) 0.451 0.170 0.499 0.315 
   2   (0.599) 0.549 0.830 0.501 0.685 

Locus 11 : PP13 
2 alleles
0.0% missing data
   1   (0.195) 0.161 0.128 0.054 0.442 
   2   (0.805) 0.839 0.872 0.946 0.558 

Locus 12 : PP14 
2 alleles
0.2% missing data
   1   (0.849) 0.794 0.906 0.940 0.948 
   2   (0.151) 0.206 0.094 0.060 0.052 

Locus 13 : PP15 
2 alleles
0.0% missing data
   1   (0.869) 0.974 0.938 0.927 0.485 
   2   (0.131) 0.026 0.062 0.073 0.515 

Locus 14 : PP16 
2 alleles
0.0% missing data
   1   (0.526) 0.490 0.393 0.698 0.450 
   2   (0.474) 0.510 0.607 0.302 0.550 

Locus 15 : PP17 
2 alleles
0.2% missing data
   1   (0.635) 0.682 0.536 0.586 0.800 
   2   (0.365) 0.318 0.464 0.414 0.200 

Locus 16 : PP18 
2 alleles
0.7% missing data
   1   (0.751) 0.671 0.906 0.772 0.878 
   2   (0.249) 0.329 0.094 0.228 0.122 

Locus 17 : PP20 
2 alleles
0.0% missing data
   1   (0.615) 0.691 0.515 0.616 0.651 
   2   (0.385) 0.309 0.485 0.384 0.349 

Locus 18 : PP21 
2 alleles
14.9% missing data
   1   (0.854) 0.850 0.982 0.778 0.953 
   2   (0.146) 0.150 0.018 0.222 0.047 

Locus 19 : PP22 
2 alleles
1.3% missing data
   1   (0.372) 0.726 0.211 0.236 0.106 
   2   (0.628) 0.274 0.789 0.764 0.894 

Locus 20 : PP23 
2 alleles
0.7% missing data
   1   (0.637) 0.583 0.780 0.633 0.734 
   2   (0.363) 0.417 0.220 0.367 0.266 

Locus 21 : PP24 
2 alleles
0.2% missing data
   1   (0.791) 0.906 0.615 0.845 0.828 
   2   (0.209) 0.094 0.385 0.155 0.172 

Locus 22 : PP25 
2 alleles
0.6% missing data
   1   (0.403) 0.236 0.454 0.380 0.637 
   2   (0.597) 0.764 0.546 0.620 0.363 

Values of parameters used in structure:
DATAFILE=Puma_SNP_genotypes_cut_AZ_final_HWEonly.str,	OUTFILE=outputfile_K4_5,	NUMINDS=536,	NUMLOCI=22,	MISSING=-9,	LABEL=1,	POPDATA=0,	POPFLAG=0,	PHENOTYPE=0,	EXTRACOLS=0,	MAXPOPS=4,	BURNIN=100000,	NUMREPS=500000,	USEPOPINFO=0,	INFERALPHA=1,	INFERLAMBDA=0,	POPSPECIFICLAMBDA=0,	POPALPHAS=0,	COMPUTEPROB=1,	NOADMIX=0,	ADMBURNIN=2500,	UPDATEFREQ=200,	PRINTLIKES=0,	INTERMEDSAVE=0,	PRINTKLD=0,	PRINTNET=0,	PRINTLAMBDA=0,	ANCESTDIST=0,	NUMBOXES=1000,	ANCESTPINT=0.90000,	GENSBACK=2,	MIGRPRIOR=0.05000,	PRINTQHAT=0,	PRINTQSUM=0,	ALPHA=1.0000,	FREQSCORR=1,	FPRIORMEAN=0.0100,	FPRIORSD=0.0500,	ONEFST=0,	LAMBDA=1.0000,	UNIFPRIORALPHA=1,	ALPHAMAX=10.0000,	ALPHAPRIORA=1.0000,	ALPHAPRIORB=2.0000,	ALPHAPROPSD=0.0250,	STARTATPOPINFO=0,	RANDOMIZE=1,	LINKAGE=0,	METROFREQ=20,	REPORTHITRATE=0,	MARKOVPHASE=0,	PHASED=0,	PLOIDY=2,	PHASEINFO=0	LOCPRIOR=0, 	LOCPRIORINIT=1.000000, 	LOCDATA=0, 	LOCISPOP=0, 	LOCPRIORSTEP=0.100000, 	MAXLOCPRIOR=20.000000, 	SEED=1716614511,	
[STRAT parameters]:    NUMSIMSTATS=1000,	PHENOTYPECOL=-9,	POOLFREQ=10,	LOCUSxONLY=0,	EMERROR=0.00100,	MISSINGPHENO=-9,	