

----------------------------------------------------
STRUCTURE by Pritchard, Stephens and Donnelly (2000)
     and Falush, Stephens and Pritchard (2003)
       Code by Pritchard, Falush and Hubisz
             Version 2.3.4 (Jul 2012)
----------------------------------------------------



Command line arguments:   structure -K 4 -o outputfile_K4_6 
Input File:    Puma_SNP_genotypes_cut_AZ_final_HWEonly.str

Run parameters:
   536 individuals
   22 loci
   4 populations assumed
   100000 Burn-in period
   500000 Reps


--------------------------------------------
Overall proportion of membership of the
sample in each of the 4 clusters

Inferred Clusters
  1      2      3      4    
0.241  0.257  0.257  0.245  

--------------------------------------------

Allele-freq. divergence among pops (Net nucleotide distance),
computed using point estimates of P.

      1       2       3       4      
 1      -    0.0459  0.0610  0.0517  
 2   0.0459     -    0.0401  0.0636  
 3   0.0610  0.0401     -    0.0492  
 4   0.0517  0.0636  0.0492     -    

Average distances (expected heterozygosity) between individuals in same cluster:
cluster  1  : 0.3378 
cluster  2  : 0.3523 
cluster  3  : 0.3548 
cluster  4  : 0.2912 

--------------------------------------------
Estimated Ln Prob of Data   = -12866.5
Mean value of ln likelihood = -12371.2
Variance of ln likelihood   = 990.5
Mean value of alpha         = 0.4318

Mean value of Fst_1         = 0.1751
Mean value of Fst_2         = 0.1194
Mean value of Fst_3         = 0.1115
Mean value of Fst_4         = 0.2146


Inferred ancestry of individuals:
        Label (%Miss) :  Inferred clusters
  1 UA00063336   (13)   :  0.577 0.142 0.153 0.128 
  2 UA00048914    (9)   :  0.277 0.138 0.227 0.358 
  3 UA00014769   (13)   :  0.138 0.315 0.496 0.051 
  4 UA00008132   (13)   :  0.257 0.266 0.302 0.175 
  5 UA00030462   (13)   :  0.223 0.170 0.151 0.456 
  6 UA00034866   (13)   :  0.124 0.321 0.202 0.353 
  7 UA00034800    (9)   :  0.682 0.098 0.091 0.130 
  8  Puco006    (9)   :  0.147 0.067 0.090 0.697 
  9 UA00048874    (4)   :  0.653 0.078 0.119 0.151 
 10 UA00049060    (9)   :  0.254 0.276 0.363 0.108 
 11 UA00033413    (9)   :  0.103 0.593 0.169 0.135 
 12  Puco021    (9)   :  0.295 0.541 0.091 0.074 
 13  Puco026    (9)   :  0.283 0.378 0.252 0.087 
 14  Puco008    (9)   :  0.443 0.113 0.149 0.295 
 15   M01301    (9)   :  0.083 0.559 0.161 0.197 
 16   M06306    (9)   :  0.669 0.172 0.093 0.067 
 17 UA00032185    (9)   :  0.204 0.325 0.228 0.243 
 18 UA00030792    (9)   :  0.833 0.050 0.047 0.070 
 19 UA00031647    (9)   :  0.516 0.126 0.142 0.217 
 20 UA00031979    (9)   :  0.267 0.242 0.270 0.222 
 21  Puco016    (9)   :  0.108 0.097 0.252 0.543 
 22  Puco010    (9)   :  0.179 0.475 0.209 0.137 
 23    M1035    (9)   :  0.319 0.191 0.406 0.084 
 24 UA00034601    (9)   :  0.283 0.284 0.138 0.295 
 25 UA00050388    (9)   :  0.359 0.267 0.188 0.185 
 26 UA00048699    (9)   :  0.088 0.098 0.175 0.640 
 27 UA00064058    (9)   :  0.227 0.225 0.450 0.098 
 28 UA00033981    (9)   :  0.211 0.555 0.100 0.134 
 29   F05033    (9)   :  0.142 0.415 0.334 0.109 
 30 UA00048520    (4)   :  0.406 0.266 0.129 0.199 
 31 UA00048422    (4)   :  0.779 0.090 0.059 0.071 
 32    PucoB    (4)   :  0.206 0.499 0.229 0.067 
 33 UA00047393    (4)   :  0.432 0.147 0.313 0.108 
 34 UA00064521    (4)   :  0.190 0.213 0.135 0.461 
 35 UA00003043    (4)   :  0.095 0.155 0.402 0.348 
 36 UA00063025    (4)   :  0.433 0.226 0.095 0.246 
 37 UA00063826    (4)   :  0.210 0.532 0.158 0.100 
 38   F07407    (4)   :  0.420 0.393 0.099 0.089 
 39 UA00021658    (4)   :  0.170 0.395 0.287 0.148 
 40 UA00003794    (4)   :  0.412 0.353 0.129 0.106 
 41 UA00041322    (4)   :  0.385 0.197 0.213 0.205 
 42 UA00063316    (4)   :  0.332 0.244 0.151 0.274 
 43 UA00047705    (4)   :  0.306 0.334 0.154 0.205 
 44 UA00033904    (4)   :  0.651 0.099 0.133 0.117 
 45 UA00048100    (4)   :  0.136 0.373 0.297 0.194 
 46 UA00032212    (4)   :  0.445 0.196 0.160 0.199 
 47 UA00031574    (4)   :  0.738 0.090 0.061 0.111 
 48 UA00031228    (4)   :  0.765 0.059 0.067 0.110 
 49 UA00047707    (4)   :  0.074 0.153 0.659 0.115 
 50 UA00030906    (4)   :  0.815 0.045 0.042 0.098 
 51 UA00041567    (4)   :  0.175 0.526 0.127 0.172 
 52 UA00007624    (4)   :  0.080 0.562 0.252 0.106 
 53 UA00034514    (4)   :  0.128 0.319 0.376 0.177 
 54 UA00030480    (4)   :  0.478 0.116 0.294 0.112 
 55  Puco012    (4)   :  0.137 0.257 0.368 0.239 
 56 UA00038677    (9)   :  0.339 0.245 0.137 0.279 
 57 UA00048275    (4)   :  0.167 0.525 0.157 0.151 
 58 UA00064055    (4)   :  0.155 0.100 0.527 0.218 
 59  Puco009    (4)   :  0.107 0.148 0.295 0.451 
 60 UA00064561    (4)   :  0.079 0.109 0.633 0.179 
 61 UA00003479    (4)   :  0.104 0.204 0.463 0.228 
 62 UA00063747    (4)   :  0.064 0.342 0.446 0.148 
 63 UA00002558    (4)   :  0.112 0.321 0.164 0.402 
 64 UA00048410    (4)   :  0.069 0.123 0.354 0.454 
 65 UA00012249    (4)   :  0.073 0.099 0.517 0.311 
 66 UA00033818    (4)   :  0.635 0.154 0.087 0.125 
 67  Puco020    (4)   :  0.279 0.132 0.359 0.229 
 68 UA00002545    (9)   :  0.185 0.089 0.615 0.111 
 69 UA00048508    (4)   :  0.108 0.284 0.458 0.149 
 70 UA00064100    (4)   :  0.236 0.298 0.263 0.203 
 71 UA00014585    (4)   :  0.140 0.256 0.382 0.222 
 72 UA00063698    (4)   :  0.235 0.159 0.103 0.503 
 73 UA00049753    (4)   :  0.674 0.127 0.124 0.074 
 74 UA00049037    (4)   :  0.197 0.282 0.416 0.105 
 75 UA00034941    (4)   :  0.341 0.306 0.123 0.230 
 76 UA00008083    (4)   :  0.124 0.117 0.110 0.649 
 77 UA00015084    (4)   :  0.316 0.158 0.087 0.440 
 78 UA00041010    (9)   :  0.366 0.062 0.092 0.480 
 79 UA00035261    (4)   :  0.413 0.169 0.156 0.261 
 80 UA00035431    (4)   :  0.077 0.545 0.190 0.187 
 81 UA00045274    (0)   :  0.273 0.342 0.166 0.219 
 82 UA00028200    (4)   :  0.500 0.124 0.105 0.270 
 83 UA00064559    (0)   :  0.813 0.067 0.046 0.074 
 84 UA00040808    (0)   :  0.539 0.070 0.159 0.232 
 85 UA00049156    (0)   :  0.553 0.115 0.102 0.230 
 86 UA00003952    (4)   :  0.092 0.075 0.127 0.705 
 87 UA00063954    (0)   :  0.531 0.178 0.191 0.100 
 88 UA00062934    (0)   :  0.547 0.150 0.154 0.149 
 89 UA00033829    (0)   :  0.565 0.094 0.071 0.269 
 90 UA00064351    (4)   :  0.159 0.559 0.089 0.194 
 91 UA00003697    (4)   :  0.200 0.128 0.091 0.581 
 92 UA00063438    (4)   :  0.503 0.149 0.157 0.190 
 93 UA00007608    (0)   :  0.463 0.159 0.087 0.291 
 94 UA00019683    (4)   :  0.583 0.267 0.074 0.077 
 95 UA00007781    (0)   :  0.187 0.424 0.204 0.185 
 96 UA00002915    (0)   :  0.454 0.118 0.175 0.253 
 97  Puco031    (4)   :  0.177 0.162 0.451 0.209 
 98 UA00048280    (4)   :  0.178 0.507 0.107 0.207 
 99 UA00048589    (0)   :  0.290 0.350 0.234 0.126 
100 UA00034417    (0)   :  0.311 0.130 0.265 0.295 
101 UA00050411    (4)   :  0.069 0.185 0.636 0.110 
102  Puco029    (4)   :  0.138 0.450 0.358 0.054 
103   F03403    (4)   :  0.080 0.664 0.138 0.119 
104 UA00049904    (0)   :  0.415 0.362 0.093 0.130 
105 UA00035335    (0)   :  0.105 0.346 0.503 0.045 
106 UA00012611    (0)   :  0.180 0.341 0.362 0.117 
107 UA00050319    (0)   :  0.079 0.718 0.128 0.075 
108 UA00032068    (4)   :  0.369 0.226 0.314 0.091 
109 UA00032026    (4)   :  0.318 0.252 0.303 0.127 
110 UA00030476    (4)   :  0.242 0.607 0.088 0.063 
111 UA00046853    (0)   :  0.212 0.572 0.120 0.096 
112 UA00040156    (4)   :  0.837 0.051 0.044 0.068 
113 UA00030528    (4)   :  0.503 0.088 0.306 0.103 
114  Puco025    (4)   :  0.108 0.244 0.559 0.088 
115    pc016    (0)   :  0.836 0.046 0.046 0.073 
116 UA00030617    (4)   :  0.072 0.265 0.593 0.071 
117 UA00030585    (4)   :  0.742 0.103 0.056 0.099 
118 UA00032060    (4)   :  0.492 0.251 0.163 0.093 
119    pc007    (0)   :  0.164 0.550 0.166 0.120 
120 UA00030798    (4)   :  0.768 0.084 0.078 0.070 
121 UA00030778    (4)   :  0.082 0.167 0.657 0.094 
122 UA00039674    (4)   :  0.827 0.050 0.054 0.068 
123 UA00032241    (4)   :  0.075 0.588 0.259 0.078 
124 UA00011624    (0)   :  0.132 0.252 0.495 0.120 
125 UA00033779    (4)   :  0.096 0.697 0.108 0.100 
126 UA00049402    (4)   :  0.126 0.101 0.330 0.443 
127 UA00033653    (0)   :  0.087 0.741 0.081 0.091 
128 UA00047738    (0)   :  0.283 0.310 0.190 0.217 
129 UA00047502    (4)   :  0.177 0.121 0.209 0.493 
130 UA00012014    (4)   :  0.197 0.157 0.457 0.189 
131 UA00040729    (0)   :  0.206 0.470 0.227 0.097 
132 UA00030392    (4)   :  0.118 0.302 0.484 0.096 
133 UA00050033    (0)   :  0.182 0.394 0.304 0.120 
134 UA00012152    (0)   :  0.070 0.089 0.248 0.593 
135 UA00050406    (0)   :  0.215 0.321 0.295 0.170 
136 UA00047973    (0)   :  0.133 0.464 0.270 0.133 
137 UA00008051    (0)   :  0.332 0.234 0.200 0.234 
138 UA00047337    (4)   :  0.416 0.250 0.214 0.120 
139 UA00041604    (4)   :  0.300 0.252 0.227 0.221 
140 UA00031704    (4)   :  0.082 0.220 0.628 0.070 
141 UA00040423    (4)   :  0.316 0.163 0.403 0.118 
142 UA00049433    (0)   :  0.229 0.116 0.346 0.309 
143 UA00034816    (0)   :  0.101 0.152 0.508 0.239 
144 UA00050214    (0)   :  0.095 0.135 0.696 0.074 
145 UA00041073    (0)   :  0.167 0.290 0.296 0.247 
146 UA00030318    (4)   :  0.101 0.231 0.476 0.192 
147 UA00046845    (0)   :  0.126 0.129 0.396 0.349 
148 UA00063946    (0)   :  0.166 0.673 0.078 0.083 
149 UA00031374    (4)   :  0.150 0.272 0.369 0.209 
150    M1136    (4)   :  0.479 0.122 0.282 0.117 
151 UA00034299    (0)   :  0.111 0.115 0.658 0.117 
152 UA00002387    (4)   :  0.076 0.100 0.602 0.222 
153 UA00021855    (0)   :  0.190 0.470 0.183 0.156 
154 UA00014500    (0)   :  0.203 0.216 0.460 0.120 
155 UA00050419    (4)   :  0.071 0.192 0.634 0.103 
156 UA00031854    (4)   :  0.122 0.340 0.288 0.250 
157    pc011    (4)   :  0.080 0.103 0.677 0.141 
158 UA00033004    (0)   :  0.222 0.119 0.500 0.159 
159 UA00046510    (0)   :  0.110 0.161 0.363 0.366 
160 UA00048747    (0)   :  0.111 0.118 0.567 0.204 
161 UA00014293    (0)   :  0.083 0.085 0.692 0.139 
162 UA00047686    (0)   :  0.243 0.111 0.274 0.373 
163 UA00033783    (4)   :  0.450 0.240 0.097 0.213 
164 UA00042609    (4)   :  0.187 0.095 0.285 0.433 
165 UA00031169    (4)   :  0.095 0.096 0.718 0.090 
166 UA00035181    (0)   :  0.066 0.451 0.387 0.097 
167 UA00050133    (0)   :  0.149 0.215 0.444 0.192 
168  Puco011    (4)   :  0.125 0.086 0.626 0.163 
169 UA00041476    (0)   :  0.167 0.148 0.418 0.267 
170 UA00046702    (0)   :  0.081 0.152 0.658 0.109 
171 UA00019940    (0)   :  0.234 0.229 0.350 0.187 
172 UA00049813    (0)   :  0.189 0.485 0.210 0.116 
173 UA00064165    (0)   :  0.169 0.142 0.131 0.557 
174 UA00064421    (0)   :  0.072 0.152 0.243 0.533 
175 UA00064569    (4)   :  0.075 0.327 0.485 0.112 
176 UA00003996    (0)   :  0.112 0.130 0.324 0.434 
177 UA00064491    (4)   :  0.086 0.279 0.436 0.199 
178 UA00011899    (0)   :  0.184 0.306 0.386 0.124 
179  Puco015    (4)   :  0.325 0.163 0.360 0.152 
180 UA00047929    (4)   :  0.125 0.571 0.239 0.065 
181 UA00056669    (0)   :  0.130 0.246 0.370 0.254 
182 UA00050176    (0)   :  0.199 0.206 0.307 0.288 
183  Puco014    (4)   :  0.187 0.399 0.191 0.223 
184 UA00019608    (0)   :  0.119 0.126 0.518 0.237 
185 UA00064333    (0)   :  0.139 0.118 0.576 0.168 
186  Puco013    (4)   :  0.142 0.159 0.315 0.384 
187 UA00016092    (0)   :  0.071 0.215 0.635 0.079 
188 UA00019060    (0)   :  0.215 0.098 0.127 0.560 
189 UA00063532    (0)   :  0.178 0.295 0.301 0.227 
190 UA00064117    (0)   :  0.350 0.104 0.155 0.391 
191 UA00011969    (0)   :  0.208 0.340 0.219 0.234 
192 UA00034586    (4)   :  0.127 0.442 0.325 0.107 
193 UA00030736    (4)   :  0.177 0.223 0.460 0.140 
194 UA00048493    (0)   :  0.220 0.240 0.388 0.152 
195 UA00040466    (0)   :  0.087 0.084 0.085 0.744 
196 UA00047659    (0)   :  0.141 0.346 0.326 0.188 
197 UA00042002    (4)   :  0.470 0.225 0.159 0.147 
198 UA00062606    (0)   :  0.190 0.153 0.303 0.355 
199 UA00030615    (4)   :  0.074 0.104 0.095 0.728 
200 UA00048899    (0)   :  0.172 0.306 0.325 0.197 
201 UA00047725    (0)   :  0.072 0.054 0.045 0.829 
202 UA00030866    (4)   :  0.182 0.204 0.291 0.323 
203 UA00034564    (0)   :  0.195 0.138 0.420 0.247 
204 UA00046520    (0)   :  0.082 0.723 0.111 0.084 
205 UA00035027    (0)   :  0.253 0.287 0.179 0.281 
206 UA00035421    (0)   :  0.086 0.089 0.248 0.576 
207 UA00062740    (4)   :  0.348 0.166 0.132 0.354 
208 UA00012360    (0)   :  0.089 0.092 0.091 0.728 
209 UA00050203    (0)   :  0.157 0.372 0.325 0.145 
210 UA00040534    (4)   :  0.356 0.099 0.113 0.433 
211 UA00031261    (4)   :  0.235 0.069 0.090 0.607 
212 UA00031917    (4)   :  0.391 0.066 0.106 0.437 
213 UA00040798    (4)   :  0.165 0.207 0.131 0.498 
214 UA00030598    (4)   :  0.152 0.185 0.149 0.514 
215 UA00050385    (0)   :  0.166 0.135 0.417 0.282 
216 UA00058283    (0)   :  0.135 0.086 0.060 0.718 
217 UA00042297    (4)   :  0.429 0.190 0.125 0.256 
218 UA00015415    (4)   :  0.077 0.058 0.082 0.783 
219 UA00035531    (0)   :  0.187 0.068 0.104 0.640 
220 UA00048683    (0)   :  0.094 0.089 0.138 0.679 
221 UA00046734    (4)   :  0.110 0.077 0.085 0.727 
222   pcRF01    (0)   :  0.052 0.082 0.773 0.092 
223 UA00007223    (0)   :  0.210 0.100 0.248 0.442 
224 UA00013841    (0)   :  0.475 0.175 0.255 0.095 
225 UA00014196    (0)   :  0.138 0.066 0.113 0.683 
226 UA00034635    (0)   :  0.129 0.304 0.387 0.180 
227 UA00047371    (0)   :  0.491 0.265 0.115 0.129 
228 UA00063544    (0)   :  0.442 0.255 0.161 0.141 
229 UA00064246    (0)   :  0.215 0.262 0.186 0.337 
230 UA00064328    (0)   :  0.295 0.155 0.207 0.344 
231 UA00002952    (0)   :  0.340 0.120 0.144 0.397 
232 UA00064079    (0)   :  0.371 0.229 0.223 0.177 
233 UA00046793    (0)   :  0.253 0.091 0.184 0.472 
234 UA00034769    (0)   :  0.523 0.198 0.084 0.195 
235 UA00034949    (0)   :  0.174 0.075 0.237 0.514 
236 UA00063753    (0)   :  0.271 0.456 0.084 0.189 
237 UA00015713    (0)   :  0.409 0.338 0.138 0.115 
238 UA00003494    (0)   :  0.172 0.076 0.414 0.338 
239 UA00056767    (0)   :  0.053 0.760 0.114 0.074 
240 UA00014461    (0)   :  0.179 0.152 0.222 0.447 
241 UA00034669    (0)   :  0.317 0.158 0.100 0.424 
242 UA00048164    (0)   :  0.114 0.211 0.279 0.396 
243 UA00007974    (0)   :  0.310 0.472 0.094 0.125 
244 UA00016166    (0)   :  0.527 0.089 0.263 0.121 
245 UA00015653    (0)   :  0.492 0.117 0.097 0.294 
246 UA00063882    (0)   :  0.212 0.105 0.136 0.547 
247 UA00049027    (0)   :  0.518 0.194 0.121 0.167 
248 UA00018878    (0)   :  0.555 0.263 0.094 0.088 
249 UA00038796    (0)   :  0.185 0.169 0.111 0.535 
250 UA00013465    (0)   :  0.131 0.115 0.089 0.664 
251 UA00014604    (0)   :  0.289 0.264 0.100 0.348 
252 UA00041913    (0)   :  0.419 0.359 0.091 0.131 
253 UA00021632    (0)   :  0.664 0.103 0.096 0.136 
254 UA00064027    (0)   :  0.381 0.169 0.178 0.272 
255 UA00015023    (0)   :  0.117 0.149 0.372 0.361 
256 UA00050243    (0)   :  0.509 0.125 0.192 0.173 
257 UA00048298    (0)   :  0.199 0.242 0.367 0.192 
258 UA00050437    (0)   :  0.186 0.154 0.206 0.454 
259 UA00014262    (0)   :  0.405 0.161 0.251 0.182 
260 UA00049129    (0)   :  0.248 0.400 0.233 0.120 
261 UA00014740    (0)   :  0.225 0.418 0.143 0.214 
262 UA00049612    (0)   :  0.654 0.114 0.079 0.153 
263 UA00014635    (0)   :  0.072 0.736 0.111 0.080 
264 UA00014673    (0)   :  0.416 0.172 0.123 0.289 
265 UA00033608    (0)   :  0.554 0.189 0.096 0.161 
266 UA00064540    (0)   :  0.143 0.565 0.111 0.182 
267 UA00050256    (0)   :  0.396 0.125 0.143 0.336 
268 UA00015274    (0)   :  0.165 0.194 0.416 0.225 
269 UA00062993    (0)   :  0.099 0.566 0.127 0.208 
270 UA00038364    (0)   :  0.345 0.309 0.164 0.183 
271 UA00014446    (0)   :  0.132 0.398 0.320 0.150 
272 UA00063545    (0)   :  0.570 0.088 0.097 0.245 
273 UA00040054    (0)   :  0.277 0.169 0.455 0.099 
274 UA00058447    (0)   :  0.206 0.464 0.198 0.131 
275 UA00046835    (0)   :  0.139 0.536 0.191 0.134 
276 UA00014608    (0)   :  0.156 0.450 0.199 0.195 
277    pc012    (0)   :  0.237 0.325 0.174 0.263 
278    pc002    (0)   :  0.569 0.150 0.123 0.158 
279 UA00033690    (0)   :  0.460 0.378 0.067 0.095 
280 UA00013688    (0)   :  0.198 0.312 0.231 0.259 
281 UA00063666    (0)   :  0.266 0.600 0.079 0.055 
282 UA00063292    (0)   :  0.101 0.699 0.118 0.081 
283    pc001    (0)   :  0.195 0.296 0.270 0.239 
284    pc008    (0)   :  0.204 0.430 0.213 0.152 
285 UA00034316    (0)   :  0.325 0.110 0.240 0.325 
286 UA00013046    (0)   :  0.120 0.469 0.338 0.073 
287 UA00050241    (0)   :  0.132 0.654 0.157 0.057 
288 UA00048599    (0)   :  0.100 0.649 0.157 0.095 
289 UA00046649    (0)   :  0.607 0.155 0.148 0.089 
290 UA00015674    (0)   :  0.601 0.201 0.070 0.128 
291 UA00013177    (0)   :  0.265 0.395 0.126 0.213 
292 UA00012814    (0)   :  0.159 0.216 0.422 0.204 
293 UA00034654    (0)   :  0.139 0.374 0.375 0.112 
294 UA00046743    (0)   :  0.120 0.541 0.235 0.104 
295 UA00014854    (0)   :  0.419 0.383 0.145 0.053 
296 UA00013729    (0)   :  0.171 0.191 0.487 0.151 
297 UA00063483    (0)   :  0.148 0.618 0.139 0.094 
298 UA00039326    (0)   :  0.374 0.297 0.213 0.116 
299 UA00014742    (0)   :  0.130 0.646 0.147 0.078 
300 UA00049597    (0)   :  0.692 0.163 0.097 0.048 
301 UA00048067    (0)   :  0.357 0.396 0.096 0.151 
302 UA00012918    (0)   :  0.475 0.388 0.079 0.057 
303 UA00013487    (0)   :  0.065 0.070 0.805 0.060 
304 UA00046759    (0)   :  0.338 0.207 0.151 0.304 
305 UA00050164    (0)   :  0.675 0.073 0.144 0.109 
306 UA00049839    (0)   :  0.108 0.615 0.155 0.122 
307 UA00048444    (0)   :  0.214 0.648 0.060 0.078 
308 UA00063857    (0)   :  0.183 0.513 0.238 0.065 
309 UA00014921    (0)   :  0.655 0.185 0.103 0.057 
310 UA00048895    (0)   :  0.554 0.217 0.117 0.112 
311 UA00014556    (0)   :  0.212 0.245 0.192 0.351 
312    pc009    (0)   :  0.105 0.736 0.109 0.050 
313 UA00014959    (0)   :  0.650 0.170 0.104 0.075 
314 UA00020709    (0)   :  0.367 0.235 0.264 0.134 
315 UA00013126    (0)   :  0.782 0.081 0.058 0.079 
316 UA00013695    (0)   :  0.758 0.085 0.075 0.082 
317 UA00049344    (0)   :  0.690 0.115 0.089 0.106 
318 UA00047614    (0)   :  0.703 0.078 0.057 0.162 
319 UA00014221    (0)   :  0.061 0.727 0.147 0.066 
320 UA00014346    (0)   :  0.165 0.603 0.097 0.136 
321 UA00014245    (0)   :  0.492 0.282 0.147 0.079 
322 UA00014696    (0)   :  0.729 0.051 0.081 0.139 
323 UA00006991    (0)   :  0.144 0.200 0.408 0.248 
324 UA00048948    (0)   :  0.158 0.329 0.310 0.203 
325 UA00002239    (0)   :  0.190 0.123 0.433 0.253 
326 UA00063459    (0)   :  0.161 0.690 0.093 0.057 
327 UA00048356    (0)   :  0.193 0.463 0.115 0.229 
328 UA00063940    (0)   :  0.165 0.258 0.290 0.286 
329 UA00048130    (0)   :  0.112 0.666 0.107 0.116 
330 UA00048903    (0)   :  0.067 0.417 0.437 0.079 
331 UA00064643    (0)   :  0.194 0.289 0.319 0.198 
332 UA00050233    (0)   :  0.112 0.324 0.324 0.240 
333 UA00012507    (0)   :  0.100 0.159 0.295 0.445 
334 UA00064416    (0)   :  0.095 0.134 0.656 0.115 
335 UA00034724    (0)   :  0.107 0.394 0.342 0.157 
336 UA00002621    (0)   :  0.103 0.498 0.301 0.098 
337 UA00033203    (0)   :  0.122 0.090 0.678 0.109 
338 UA00011996    (0)   :  0.282 0.353 0.262 0.103 
339 UA00014408    (0)   :  0.136 0.125 0.235 0.504 
340 UA00049502    (0)   :  0.123 0.465 0.139 0.274 
341 UA00062695    (0)   :  0.247 0.445 0.142 0.166 
342 UA00014072    (0)   :  0.139 0.589 0.158 0.115 
343 UA00003334    (0)   :  0.105 0.588 0.225 0.082 
344 UA00013835    (0)   :  0.282 0.376 0.192 0.149 
345 UA00046760    (0)   :  0.387 0.362 0.152 0.100 
346 UA00014241    (0)   :  0.101 0.360 0.381 0.157 
347 UA00049585    (0)   :  0.127 0.618 0.188 0.067 
348 UA00013409    (0)   :  0.144 0.482 0.102 0.272 
349 UA00047548    (0)   :  0.158 0.312 0.445 0.086 
350 UA00049038    (0)   :  0.490 0.215 0.110 0.185 
351 UA00047612    (0)   :  0.136 0.416 0.252 0.196 
352 UA00014822    (0)   :  0.504 0.143 0.098 0.254 
353 UA00035299    (0)   :  0.161 0.251 0.423 0.165 
354 UA00012804    (0)   :  0.564 0.172 0.136 0.127 
355 UA00049578    (0)   :  0.138 0.321 0.216 0.325 
356 UA00047672    (0)   :  0.091 0.065 0.708 0.136 
357 UA00043961    (0)   :  0.641 0.139 0.083 0.138 
358 UA00064575    (0)   :  0.133 0.402 0.115 0.350 
359 UA00014732    (0)   :  0.099 0.256 0.456 0.188 
360 UA00050181    (0)   :  0.091 0.194 0.496 0.218 
361 UA00033369    (0)   :  0.464 0.113 0.234 0.188 
362 UA00011982    (0)   :  0.065 0.145 0.730 0.060 
363 UA00014590    (0)   :  0.262 0.130 0.413 0.195 
364 UA00047743    (0)   :  0.122 0.137 0.646 0.094 
365 UA00046621    (0)   :  0.091 0.175 0.667 0.067 
366 UA00050422    (0)   :  0.131 0.239 0.288 0.343 
367 UA00002760    (0)   :  0.237 0.367 0.281 0.114 
368 UA00012999    (0)   :  0.340 0.194 0.361 0.105 
369 UA00063838    (0)   :  0.108 0.425 0.337 0.130 
370 UA00003729    (0)   :  0.363 0.247 0.099 0.291 
371 UA00015348    (0)   :  0.179 0.571 0.110 0.139 
372 UA00019058    (0)   :  0.129 0.567 0.122 0.182 
373 UA00049549    (0)   :  0.282 0.590 0.071 0.057 
374 UA00014334    (0)   :  0.166 0.142 0.390 0.302 
375 UA00014350    (0)   :  0.050 0.098 0.803 0.049 
376 UA00049227    (0)   :  0.459 0.133 0.166 0.242 
377 UA00014051    (0)   :  0.066 0.111 0.463 0.361 
378 UA00034381    (0)   :  0.119 0.350 0.299 0.232 
379 UA00002354    (0)   :  0.073 0.125 0.721 0.082 
380 UA00049892    (0)   :  0.241 0.428 0.258 0.073 
381 UA00021989    (0)   :  0.077 0.340 0.421 0.163 
382 UA00048968    (0)   :  0.106 0.214 0.496 0.183 
383 UA00013174    (0)   :  0.130 0.163 0.518 0.189 
384 UA00033992    (0)   :  0.392 0.133 0.367 0.108 
385 UA00015801    (0)   :  0.055 0.211 0.675 0.059 
386 UA00063303    (0)   :  0.478 0.245 0.145 0.131 
387 UA00050206    (0)   :  0.060 0.765 0.095 0.080 
388 UA00014458    (0)   :  0.203 0.336 0.282 0.179 
389 UA00007204    (0)   :  0.193 0.530 0.188 0.089 
390 UA00063212    (0)   :  0.316 0.339 0.105 0.240 
391 UA00013340    (0)   :  0.308 0.333 0.251 0.108 
392 UA00062743    (0)   :  0.084 0.091 0.497 0.329 
393 UA00063189    (0)   :  0.128 0.107 0.147 0.618 
394 UA00035432    (0)   :  0.100 0.557 0.256 0.088 
395 UA00007958    (0)   :  0.102 0.300 0.485 0.114 
396 UA00013634    (0)   :  0.084 0.108 0.620 0.188 
397 UA00048175    (0)   :  0.046 0.092 0.754 0.107 
398 UA00003202    (0)   :  0.125 0.441 0.299 0.135 
399 UA00035090    (0)   :  0.150 0.385 0.240 0.225 
400 UA00064679    (0)   :  0.128 0.145 0.218 0.510 
401 UA00039518    (0)   :  0.116 0.275 0.498 0.111 
402 UA00058268    (0)   :  0.159 0.315 0.361 0.165 
403 UA00049456    (0)   :  0.422 0.287 0.162 0.129 
404 UA00049550    (0)   :  0.094 0.502 0.176 0.228 
405 UA00048342    (0)   :  0.385 0.301 0.178 0.136 
406 UA00063493    (0)   :  0.089 0.429 0.386 0.095 
407 UA00058261    (0)   :  0.086 0.123 0.463 0.328 
408 UA00014663    (0)   :  0.171 0.188 0.423 0.218 
409 UA00048817    (0)   :  0.362 0.122 0.335 0.181 
410 UA00049381    (0)   :  0.082 0.137 0.588 0.193 
411 UA00035901    (0)   :  0.172 0.198 0.180 0.449 
412 UA00013301    (0)   :  0.149 0.564 0.101 0.186 
413 UA00047926    (0)   :  0.184 0.108 0.469 0.238 
414 UA00007272    (0)   :  0.147 0.085 0.332 0.436 
415 UA00016041    (0)   :  0.249 0.435 0.204 0.112 
416 UA00013502    (0)   :  0.070 0.337 0.408 0.186 
417 UA00002390    (0)   :  0.334 0.187 0.329 0.149 
418 UA00034907    (0)   :  0.134 0.390 0.227 0.248 
419 UA00048821    (0)   :  0.324 0.170 0.249 0.257 
420 UA00002136    (0)   :  0.362 0.362 0.114 0.163 
421 UA00011790    (0)   :  0.139 0.150 0.494 0.217 
422 UA00021586    (0)   :  0.362 0.214 0.232 0.192 
423 UA00033270    (0)   :  0.148 0.337 0.293 0.222 
424 UA00048073    (0)   :  0.157 0.411 0.291 0.141 
425 UA00048856    (0)   :  0.136 0.264 0.261 0.339 
426 UA00049713    (0)   :  0.140 0.160 0.533 0.168 
427 UA00046885    (0)   :  0.150 0.442 0.278 0.130 
428 UA00034893    (0)   :  0.130 0.358 0.418 0.094 
429 UA00048011    (0)   :  0.068 0.271 0.423 0.237 
430 UA00015786    (0)   :  0.198 0.183 0.255 0.365 
431 UA00013162    (0)   :  0.152 0.065 0.476 0.308 
432 UA00049512    (0)   :  0.206 0.414 0.181 0.199 
433 UA00004046    (0)   :  0.072 0.121 0.653 0.155 
434 UA00048881    (0)   :  0.282 0.169 0.148 0.401 
435 UA00046610    (0)   :  0.283 0.153 0.275 0.289 
436 UA00033282    (0)   :  0.240 0.300 0.223 0.237 
437 UA00047561    (0)   :  0.106 0.133 0.603 0.157 
438 UA00013777    (0)   :  0.097 0.139 0.337 0.427 
439 UA00062849    (0)   :  0.111 0.647 0.129 0.113 
440 UA00049786    (0)   :  0.060 0.087 0.661 0.193 
441 UA00033246    (0)   :  0.093 0.749 0.099 0.058 
442 UA00045302    (0)   :  0.247 0.313 0.313 0.127 
443 UA00048637    (0)   :  0.086 0.132 0.597 0.185 
444 UA00049832    (0)   :  0.373 0.364 0.170 0.093 
445 UA00022023    (0)   :  0.363 0.150 0.318 0.169 
446 UA00050192    (0)   :  0.485 0.145 0.236 0.134 
447 UA00050413    (0)   :  0.157 0.331 0.333 0.179 
448 UA00013445    (0)   :  0.079 0.228 0.583 0.110 
449 UA00035496    (0)   :  0.155 0.244 0.192 0.409 
450 UA00003333    (0)   :  0.232 0.133 0.208 0.427 
451 UA00064008    (0)   :  0.099 0.159 0.253 0.489 
452 UA00003427    (0)   :  0.376 0.192 0.213 0.219 
453 UA00028092    (0)   :  0.373 0.207 0.150 0.270 
454    pc003    (0)   :  0.170 0.094 0.092 0.644 
455 UA00034440    (0)   :  0.101 0.551 0.165 0.182 
456 UA00026062    (0)   :  0.131 0.069 0.671 0.128 
457 UA00014347    (0)   :  0.256 0.293 0.174 0.277 
458 UA00021516    (0)   :  0.098 0.167 0.616 0.119 
459 UA00049347    (0)   :  0.102 0.142 0.222 0.533 
460 UA00063436    (0)   :  0.123 0.275 0.107 0.495 
461 UA00047790    (0)   :  0.138 0.150 0.508 0.203 
462 UA00045714    (0)   :  0.210 0.147 0.189 0.454 
463 UA00038979    (0)   :  0.289 0.460 0.124 0.127 
464 UA00016123    (0)   :  0.200 0.143 0.307 0.350 
465 UA00034765    (0)   :  0.062 0.067 0.103 0.768 
466 UA00063815    (0)   :  0.221 0.127 0.075 0.578 
467 UA00034795    (0)   :  0.125 0.561 0.160 0.154 
468 UA00004000    (0)   :  0.106 0.108 0.096 0.690 
469 UA00049367    (0)   :  0.084 0.486 0.201 0.230 
470 UA00034457    (0)   :  0.171 0.261 0.443 0.125 
471 UA00050015    (0)   :  0.239 0.436 0.138 0.187 
472 UA00021373    (0)   :  0.167 0.285 0.340 0.209 
473 UA00050232    (0)   :  0.188 0.095 0.087 0.630 
474 UA00038724    (0)   :  0.365 0.346 0.168 0.121 
475 UA00007824    (0)   :  0.262 0.099 0.402 0.238 
476 UA00048754    (0)   :  0.078 0.116 0.347 0.458 
477 UA00014271    (0)   :  0.205 0.314 0.325 0.155 
478 UA00013756    (0)   :  0.267 0.339 0.113 0.281 
479 UA00014385    (0)   :  0.237 0.112 0.192 0.459 
480 UA00049609    (0)   :  0.123 0.541 0.206 0.130 
481 UA00003748    (0)   :  0.094 0.100 0.217 0.589 
482 UA00063952    (0)   :  0.080 0.167 0.227 0.526 
483 UA00058348    (0)   :  0.074 0.190 0.126 0.610 
484 UA00014922    (0)   :  0.110 0.104 0.097 0.689 
485 UA00003820    (0)   :  0.076 0.112 0.444 0.368 
486 UA00013693    (0)   :  0.203 0.179 0.245 0.374 
487 UA00047713    (0)   :  0.071 0.075 0.133 0.721 
488 UA00034891    (0)   :  0.192 0.188 0.092 0.528 
489 UA00049223    (0)   :  0.115 0.218 0.196 0.471 
490 UA00064399    (0)   :  0.331 0.044 0.071 0.555 
491 UA00013336    (0)   :  0.154 0.086 0.068 0.692 
492 UA00035291    (0)   :  0.151 0.052 0.087 0.710 
493 UA00003945    (0)   :  0.126 0.106 0.124 0.645 
494 UA00014518    (0)   :  0.112 0.093 0.182 0.612 
495 UA00013583    (0)   :  0.523 0.121 0.086 0.270 
496 UA00011510    (0)   :  0.158 0.121 0.146 0.576 
497 UA00046860    (0)   :  0.147 0.121 0.252 0.479 
498 UA00048853    (0)   :  0.260 0.116 0.153 0.471 
499 UA00012151    (0)   :  0.096 0.064 0.104 0.736 
500 UA00063930    (0)   :  0.467 0.233 0.092 0.208 
501 UA00013453    (0)   :  0.233 0.173 0.205 0.389 
502 UA00039299    (0)   :  0.101 0.073 0.073 0.752 
503 UA00014280    (0)   :  0.059 0.082 0.060 0.799 
504 UA00014200    (0)   :  0.084 0.067 0.177 0.672 
505 UA00040612    (0)   :  0.187 0.062 0.077 0.674 
506 UA00062679    (0)   :  0.146 0.078 0.076 0.701 
507 UA00034481    (0)   :  0.090 0.103 0.105 0.702 
508 UA00011880    (0)   :  0.417 0.342 0.087 0.155 
509 UA00013421    (0)   :  0.242 0.048 0.073 0.637 
510 UA00048051    (0)   :  0.087 0.057 0.061 0.795 
511 UA00063370    (0)   :  0.207 0.062 0.057 0.674 
512 UA00014716    (0)   :  0.156 0.083 0.071 0.690 
513 UA00033426    (0)   :  0.229 0.067 0.199 0.505 
514 UA00015190    (0)   :  0.335 0.064 0.080 0.521 
515 UA00013730    (0)   :  0.204 0.339 0.340 0.116 
516 UA00047644    (4)   :  0.275 0.096 0.109 0.520 
517 UA00031933    (9)   :  0.129 0.180 0.412 0.278 
518 UA00031541    (9)   :  0.188 0.173 0.175 0.464 
519   PCO-60    (4)   :  0.140 0.270 0.269 0.321 
520 UA00030495    (4)   :  0.263 0.264 0.197 0.276 
521 UA00031133    (4)   :  0.138 0.701 0.093 0.068 
522 UA00032049    (4)   :  0.508 0.161 0.139 0.191 
523 UA00030599    (4)   :  0.228 0.557 0.084 0.131 
524 UA00030250    (4)   :  0.101 0.158 0.625 0.116 
525 UA00049385    (4)   :  0.310 0.405 0.107 0.177 
526 UA00031816    (4)   :  0.130 0.720 0.073 0.076 
527 UA00030275    (4)   :  0.252 0.166 0.348 0.234 
528 UA00041861    (4)   :  0.221 0.198 0.320 0.261 
529 UA00041433    (4)   :  0.087 0.348 0.434 0.130 
530  PCO-114    (4)   :  0.091 0.112 0.496 0.301 
531 UA00031529    (4)   :  0.131 0.368 0.295 0.206 
532 UA00039719    (4)   :  0.098 0.307 0.373 0.222 
533  PCO-442    (4)   :  0.072 0.140 0.691 0.097 
534   PCO-58    (0)   :  0.132 0.071 0.607 0.190 
535 UA00048673    (4)   :  0.163 0.335 0.200 0.302 
536   PCO-63    (4)   :  0.084 0.430 0.335 0.152 


Estimated Allele Frequencies in each cluster
First column gives estimated ancestral frequencies


Locus 1 : PP01 
2 alleles
0.0% missing data
   1   (0.594) 0.814 0.522 0.665 0.362 
   2   (0.406) 0.186 0.478 0.335 0.638 

Locus 2 : PP02 
2 alleles
0.0% missing data
   1   (0.886) 0.985 0.874 0.909 0.960 
   2   (0.114) 0.015 0.126 0.091 0.040 

Locus 3 : PP03 
2 alleles
18.3% missing data
   1   (0.789) 0.885 0.658 0.855 0.953 
   2   (0.211) 0.115 0.342 0.145 0.047 

Locus 4 : PP04 
2 alleles
0.4% missing data
   1   (0.687) 0.647 0.480 0.780 0.940 
   2   (0.313) 0.353 0.520 0.220 0.060 

Locus 5 : PP06 
2 alleles
0.0% missing data
   1   (0.641) 0.656 0.782 0.572 0.594 
   2   (0.359) 0.344 0.218 0.428 0.406 

Locus 6 : PP07 
2 alleles
0.0% missing data
   1   (0.701) 0.817 0.559 0.704 0.922 
   2   (0.299) 0.183 0.441 0.296 0.078 

Locus 7 : PP09 
2 alleles
0.0% missing data
   1   (0.480) 0.638 0.756 0.333 0.092 
   2   (0.520) 0.362 0.244 0.667 0.908 

Locus 8 : PP10 
2 alleles
0.0% missing data
   1   (0.184) 0.385 0.063 0.082 0.365 
   2   (0.816) 0.615 0.937 0.918 0.635 

Locus 9 : PP11 
2 alleles
0.0% missing data
   1   (0.700) 0.771 0.846 0.523 0.810 
   2   (0.300) 0.229 0.154 0.477 0.190 

Locus 10 : PP12 
2 alleles
0.2% missing data
   1   (0.405) 0.313 0.500 0.455 0.167 
   2   (0.595) 0.687 0.500 0.545 0.833 

Locus 11 : PP13 
2 alleles
0.0% missing data
   1   (0.190) 0.443 0.057 0.159 0.126 
   2   (0.810) 0.557 0.943 0.841 0.874 

Locus 12 : PP14 
2 alleles
0.2% missing data
   1   (0.852) 0.949 0.939 0.792 0.908 
   2   (0.148) 0.051 0.061 0.208 0.092 

Locus 13 : PP15 
2 alleles
0.0% missing data
   1   (0.872) 0.483 0.926 0.975 0.940 
   2   (0.128) 0.517 0.074 0.025 0.060 

Locus 14 : PP16 
2 alleles
0.0% missing data
   1   (0.533) 0.449 0.696 0.494 0.390 
   2   (0.467) 0.551 0.304 0.506 0.610 

Locus 15 : PP17 
2 alleles
0.2% missing data
   1   (0.632) 0.802 0.584 0.684 0.534 
   2   (0.368) 0.198 0.416 0.316 0.466 

Locus 16 : PP18 
2 alleles
0.7% missing data
   1   (0.750) 0.880 0.771 0.670 0.906 
   2   (0.250) 0.120 0.229 0.330 0.094 

Locus 17 : PP20 
2 alleles
0.0% missing data
   1   (0.613) 0.650 0.617 0.692 0.514 
   2   (0.387) 0.350 0.383 0.308 0.486 

Locus 18 : PP21 
2 alleles
14.9% missing data
   1   (0.851) 0.953 0.778 0.850 0.982 
   2   (0.149) 0.047 0.222 0.150 0.018 

Locus 19 : PP22 
2 alleles
1.3% missing data
   1   (0.367) 0.103 0.236 0.730 0.212 
   2   (0.633) 0.897 0.764 0.270 0.788 

Locus 20 : PP23 
2 alleles
0.7% missing data
   1   (0.637) 0.736 0.634 0.580 0.782 
   2   (0.363) 0.264 0.366 0.420 0.218 

Locus 21 : PP24 
2 alleles
0.2% missing data
   1   (0.792) 0.832 0.844 0.907 0.610 
   2   (0.208) 0.168 0.156 0.093 0.390 

Locus 22 : PP25 
2 alleles
0.6% missing data
   1   (0.402) 0.640 0.381 0.232 0.453 
   2   (0.598) 0.360 0.619 0.768 0.547 

Values of parameters used in structure:
DATAFILE=Puma_SNP_genotypes_cut_AZ_final_HWEonly.str,	OUTFILE=outputfile_K4_6,	NUMINDS=536,	NUMLOCI=22,	MISSING=-9,	LABEL=1,	POPDATA=0,	POPFLAG=0,	PHENOTYPE=0,	EXTRACOLS=0,	MAXPOPS=4,	BURNIN=100000,	NUMREPS=500000,	USEPOPINFO=0,	INFERALPHA=1,	INFERLAMBDA=0,	POPSPECIFICLAMBDA=0,	POPALPHAS=0,	COMPUTEPROB=1,	NOADMIX=0,	ADMBURNIN=2500,	UPDATEFREQ=200,	PRINTLIKES=0,	INTERMEDSAVE=0,	PRINTKLD=0,	PRINTNET=0,	PRINTLAMBDA=0,	ANCESTDIST=0,	NUMBOXES=1000,	ANCESTPINT=0.90000,	GENSBACK=2,	MIGRPRIOR=0.05000,	PRINTQHAT=0,	PRINTQSUM=0,	ALPHA=1.0000,	FREQSCORR=1,	FPRIORMEAN=0.0100,	FPRIORSD=0.0500,	ONEFST=0,	LAMBDA=1.0000,	UNIFPRIORALPHA=1,	ALPHAMAX=10.0000,	ALPHAPRIORA=1.0000,	ALPHAPRIORB=2.0000,	ALPHAPROPSD=0.0250,	STARTATPOPINFO=0,	RANDOMIZE=1,	LINKAGE=0,	METROFREQ=20,	REPORTHITRATE=0,	MARKOVPHASE=0,	PHASED=0,	PLOIDY=2,	PHASEINFO=0	LOCPRIOR=0, 	LOCPRIORINIT=1.000000, 	LOCDATA=0, 	LOCISPOP=0, 	LOCPRIORSTEP=0.100000, 	MAXLOCPRIOR=20.000000, 	SEED=1716615043,	
[STRAT parameters]:    NUMSIMSTATS=1000,	PHENOTYPECOL=-9,	POOLFREQ=10,	LOCUSxONLY=0,	EMERROR=0.00100,	MISSINGPHENO=-9,	