

----------------------------------------------------
STRUCTURE by Pritchard, Stephens and Donnelly (2000)
     and Falush, Stephens and Pritchard (2003)
       Code by Pritchard, Falush and Hubisz
             Version 2.3.4 (Jul 2012)
----------------------------------------------------



Command line arguments:   structure -K 9 -o outputfile_K9_3 
Input File:    Puma_SNP_genotypes_cut_AZ_final_HWEonly.str

Run parameters:
   536 individuals
   22 loci
   9 populations assumed
   100000 Burn-in period
   500000 Reps


--------------------------------------------
Overall proportion of membership of the
sample in each of the 9 clusters

Inferred Clusters
  1      2      3      4      5      6      7      8      9    
0.113  0.113  0.113  0.116  0.092  0.113  0.113  0.113  0.113  

--------------------------------------------

Allele-freq. divergence among pops (Net nucleotide distance),
computed using point estimates of P.

      1       2       3       4       5       6       7       8       9      
 1      -    0.0000  0.0004  0.0439  0.0702  0.0001  0.0001  0.0002  0.0001  
 2   0.0000     -    0.0005  0.0429  0.0696  0.0000  0.0001  0.0002  0.0002  
 3   0.0004  0.0005     -    0.0436  0.0736  0.0007  0.0006  0.0005  0.0006  
 4   0.0439  0.0429  0.0436     -    0.0894  0.0425  0.0461  0.0462  0.0467  
 5   0.0702  0.0696  0.0736  0.0894     -    0.0691  0.0722  0.0730  0.0721  
 6   0.0001  0.0000  0.0007  0.0425  0.0691     -    0.0002  0.0003  0.0002  
 7   0.0001  0.0001  0.0006  0.0461  0.0722  0.0002     -    0.0000  0.0000  
 8   0.0002  0.0002  0.0005  0.0462  0.0730  0.0003  0.0000     -    0.0001  
 9   0.0001  0.0002  0.0006  0.0467  0.0721  0.0002  0.0000  0.0001     -    

Average distances (expected heterozygosity) between individuals in same cluster:
cluster  1  : 0.3780 
cluster  2  : 0.3790 
cluster  3  : 0.3773 
cluster  4  : 0.2614 
cluster  5  : 0.2524 
cluster  6  : 0.3780 
cluster  7  : 0.3773 
cluster  8  : 0.3777 
cluster  9  : 0.3767 

--------------------------------------------
Estimated Ln Prob of Data   = -13971.0
Mean value of ln likelihood = -12272.8
Variance of ln likelihood   = 3396.4
Mean value of alpha         = 0.1009

Mean value of Fst_1         = 0.0522
Mean value of Fst_2         = 0.0445
Mean value of Fst_3         = 0.0503
Mean value of Fst_4         = 0.2916
Mean value of Fst_5         = 0.3773
Mean value of Fst_6         = 0.0502
Mean value of Fst_7         = 0.0729
Mean value of Fst_8         = 0.0783
Mean value of Fst_9         = 0.0730


Inferred ancestry of individuals:
        Label (%Miss) :  Inferred clusters
  1 UA00063336   (13)   :  0.100 0.102 0.097 0.039 0.287 0.102 0.093 0.089 0.091 
  2 UA00048914    (9)   :  0.125 0.121 0.122 0.127 0.052 0.123 0.109 0.109 0.113 
  3 UA00014769   (13)   :  0.134 0.111 0.154 0.011 0.022 0.094 0.148 0.155 0.171 
  4 UA00008132   (13)   :  0.131 0.137 0.134 0.046 0.067 0.129 0.120 0.118 0.118 
  5 UA00030462   (13)   :  0.119 0.121 0.113 0.170 0.044 0.120 0.105 0.104 0.104 
  6 UA00034866   (13)   :  0.137 0.142 0.128 0.100 0.016 0.132 0.117 0.111 0.117 
  7 UA00034800    (9)   :  0.057 0.057 0.056 0.054 0.559 0.055 0.055 0.052 0.054 
  8  Puco006    (9)   :  0.039 0.038 0.037 0.714 0.032 0.039 0.033 0.035 0.034 
  9 UA00048874    (4)   :  0.087 0.084 0.082 0.068 0.368 0.086 0.078 0.071 0.076 
 10 UA00049060    (9)   :  0.143 0.122 0.137 0.024 0.045 0.126 0.130 0.127 0.146 
 11 UA00033413    (9)   :  0.122 0.133 0.098 0.036 0.019 0.135 0.158 0.154 0.145 
 12  Puco021    (9)   :  0.120 0.125 0.082 0.019 0.073 0.135 0.155 0.145 0.147 
 13  Puco026    (9)   :  0.139 0.132 0.119 0.019 0.050 0.139 0.137 0.126 0.140 
 14  Puco008    (9)   :  0.107 0.107 0.104 0.170 0.132 0.103 0.092 0.091 0.093 
 15   M01301    (9)   :  0.115 0.123 0.104 0.081 0.014 0.131 0.146 0.147 0.140 
 16   M06306    (9)   :  0.104 0.099 0.089 0.019 0.292 0.109 0.098 0.092 0.099 
 17 UA00032185    (9)   :  0.126 0.134 0.126 0.067 0.054 0.124 0.123 0.123 0.124 
 18 UA00030792    (9)   :  0.012 0.012 0.011 0.013 0.905 0.012 0.011 0.012 0.012 
 19 UA00031647    (9)   :  0.123 0.121 0.115 0.078 0.136 0.121 0.101 0.102 0.104 
 20 UA00031979    (9)   :  0.130 0.133 0.123 0.061 0.032 0.140 0.123 0.126 0.132 
 21  Puco016    (9)   :  0.117 0.120 0.122 0.165 0.021 0.130 0.109 0.110 0.106 
 22  Puco010    (9)   :  0.128 0.131 0.132 0.034 0.036 0.130 0.141 0.137 0.132 
 23    M1035    (9)   :  0.132 0.137 0.140 0.021 0.077 0.130 0.126 0.117 0.120 
 24 UA00034601    (9)   :  0.132 0.126 0.117 0.077 0.055 0.135 0.121 0.112 0.125 
 25 UA00050388    (9)   :  0.137 0.131 0.124 0.064 0.055 0.132 0.121 0.115 0.122 
 26 UA00048699    (9)   :  0.098 0.097 0.102 0.307 0.024 0.103 0.087 0.090 0.092 
 27 UA00064058    (9)   :  0.137 0.129 0.139 0.022 0.047 0.140 0.131 0.124 0.132 
 28 UA00033981    (9)   :  0.115 0.135 0.098 0.041 0.040 0.132 0.153 0.147 0.138 
 29   F05033    (9)   :  0.138 0.131 0.129 0.024 0.025 0.133 0.137 0.138 0.146 
 30 UA00048520    (4)   :  0.119 0.119 0.100 0.072 0.127 0.119 0.118 0.108 0.118 
 31 UA00048422    (4)   :  0.026 0.026 0.025 0.020 0.799 0.026 0.025 0.026 0.027 
 32    PucoB    (4)   :  0.141 0.135 0.105 0.014 0.035 0.143 0.143 0.131 0.151 
 33 UA00047393    (4)   :  0.125 0.120 0.132 0.029 0.115 0.106 0.128 0.120 0.125 
 34 UA00064521    (4)   :  0.130 0.122 0.110 0.157 0.031 0.126 0.110 0.101 0.112 
 35 UA00003043    (4)   :  0.124 0.125 0.136 0.126 0.017 0.120 0.114 0.123 0.116 
 36 UA00063025    (4)   :  0.108 0.110 0.105 0.117 0.148 0.113 0.102 0.095 0.102 
 37 UA00063826    (4)   :  0.128 0.138 0.117 0.024 0.036 0.145 0.142 0.132 0.137 
 38   F07407    (4)   :  0.114 0.116 0.080 0.024 0.173 0.117 0.126 0.118 0.132 
 39 UA00021658    (4)   :  0.140 0.133 0.138 0.034 0.035 0.133 0.126 0.127 0.134 
 40 UA00003794    (4)   :  0.123 0.113 0.092 0.029 0.142 0.127 0.123 0.115 0.136 
 41 UA00041322    (4)   :  0.136 0.139 0.127 0.060 0.051 0.136 0.116 0.113 0.122 
 42 UA00063316    (4)   :  0.125 0.132 0.125 0.078 0.070 0.132 0.119 0.107 0.113 
 43 UA00047705    (4)   :  0.137 0.130 0.117 0.055 0.037 0.142 0.125 0.119 0.137 
 44 UA00033904    (4)   :  0.099 0.096 0.093 0.036 0.296 0.108 0.092 0.087 0.094 
 45 UA00048100    (4)   :  0.134 0.135 0.118 0.042 0.019 0.142 0.135 0.137 0.138 
 46 UA00032212    (4)   :  0.104 0.108 0.106 0.087 0.177 0.113 0.101 0.103 0.101 
 47 UA00031574    (4)   :  0.026 0.025 0.023 0.035 0.788 0.027 0.025 0.025 0.026 
 48 UA00031228    (4)   :  0.016 0.016 0.016 0.022 0.868 0.016 0.015 0.015 0.016 
 49 UA00047707    (4)   :  0.135 0.128 0.160 0.024 0.012 0.120 0.137 0.144 0.139 
 50 UA00030906    (4)   :  0.011 0.012 0.012 0.019 0.902 0.012 0.011 0.011 0.011 
 51 UA00041567    (4)   :  0.116 0.132 0.113 0.052 0.045 0.137 0.139 0.137 0.129 
 52 UA00007624    (4)   :  0.141 0.123 0.138 0.027 0.015 0.128 0.144 0.135 0.149 
 53 UA00034514    (4)   :  0.135 0.137 0.143 0.040 0.029 0.138 0.125 0.128 0.125 
 54 UA00030480    (4)   :  0.136 0.128 0.126 0.025 0.102 0.133 0.118 0.112 0.121 
 55  Puco012    (4)   :  0.134 0.138 0.144 0.047 0.027 0.134 0.126 0.124 0.126 
 56 UA00038677    (9)   :  0.115 0.124 0.110 0.109 0.083 0.127 0.113 0.107 0.111 
 57 UA00048275    (4)   :  0.138 0.133 0.120 0.031 0.022 0.139 0.141 0.137 0.139 
 58 UA00064055    (4)   :  0.127 0.135 0.143 0.047 0.030 0.141 0.128 0.130 0.120 
 59  Puco009    (4)   :  0.116 0.121 0.129 0.167 0.017 0.116 0.113 0.117 0.105 
 60 UA00064561    (4)   :  0.124 0.113 0.174 0.055 0.017 0.093 0.142 0.139 0.142 
 61 UA00003479    (4)   :  0.131 0.133 0.145 0.057 0.025 0.129 0.126 0.135 0.120 
 62 UA00063747    (4)   :  0.130 0.138 0.140 0.042 0.013 0.126 0.136 0.141 0.135 
 63 UA00002558    (4)   :  0.119 0.126 0.119 0.158 0.020 0.118 0.113 0.114 0.114 
 64 UA00048410    (4)   :  0.115 0.117 0.136 0.153 0.014 0.112 0.119 0.117 0.117 
 65 UA00012249    (4)   :  0.131 0.123 0.146 0.078 0.016 0.124 0.121 0.134 0.127 
 66 UA00033818    (4)   :  0.064 0.061 0.056 0.053 0.521 0.064 0.059 0.058 0.063 
 67  Puco020    (4)   :  0.121 0.118 0.133 0.060 0.109 0.116 0.113 0.115 0.114 
 68 UA00002545    (9)   :  0.122 0.125 0.154 0.029 0.058 0.119 0.128 0.141 0.125 
 69 UA00048508    (4)   :  0.132 0.138 0.146 0.031 0.022 0.138 0.136 0.126 0.131 
 70 UA00064100    (4)   :  0.143 0.135 0.135 0.036 0.036 0.142 0.125 0.120 0.127 
 71 UA00014585    (4)   :  0.133 0.139 0.137 0.048 0.032 0.140 0.121 0.128 0.123 
 72 UA00063698    (4)   :  0.083 0.091 0.082 0.335 0.079 0.090 0.079 0.078 0.082 
 73 UA00049753    (4)   :  0.105 0.100 0.094 0.018 0.316 0.101 0.090 0.088 0.089 
 74 UA00049037    (4)   :  0.136 0.139 0.141 0.024 0.044 0.134 0.126 0.124 0.131 
 75 UA00034941    (4)   :  0.137 0.128 0.123 0.058 0.050 0.133 0.122 0.124 0.124 
 76 UA00008083    (4)   :  0.062 0.063 0.063 0.534 0.036 0.062 0.059 0.061 0.059 
 77 UA00015084    (4)   :  0.091 0.092 0.080 0.289 0.111 0.094 0.084 0.075 0.084 
 78 UA00041010    (9)   :  0.051 0.049 0.051 0.386 0.269 0.053 0.051 0.045 0.045 
 79 UA00035261    (4)   :  0.111 0.112 0.107 0.090 0.157 0.117 0.102 0.099 0.104 
 80 UA00035431    (4)   :  0.132 0.131 0.126 0.054 0.013 0.146 0.132 0.137 0.128 
 81 UA00045274    (0)   :  0.132 0.129 0.110 0.075 0.058 0.131 0.122 0.115 0.129 
 82 UA00028200    (4)   :  0.086 0.090 0.077 0.097 0.322 0.092 0.079 0.076 0.080 
 83 UA00064559    (0)   :  0.020 0.019 0.018 0.017 0.848 0.019 0.020 0.019 0.020 
 84 UA00040808    (0)   :  0.098 0.092 0.096 0.106 0.258 0.095 0.088 0.082 0.084 
 85 UA00049156    (0)   :  0.091 0.094 0.086 0.108 0.277 0.095 0.085 0.081 0.083 
 86 UA00003952    (4)   :  0.067 0.063 0.070 0.527 0.024 0.068 0.057 0.061 0.064 
 87 UA00063954    (0)   :  0.138 0.128 0.122 0.024 0.093 0.137 0.115 0.111 0.132 
 88 UA00062934    (0)   :  0.124 0.120 0.115 0.048 0.119 0.141 0.113 0.109 0.111 
 89 UA00033829    (0)   :  0.043 0.043 0.041 0.179 0.534 0.043 0.038 0.039 0.040 
 90 UA00064351    (4)   :  0.112 0.128 0.098 0.075 0.027 0.130 0.149 0.145 0.138 
 91 UA00003697    (4)   :  0.068 0.068 0.068 0.491 0.053 0.069 0.061 0.061 0.063 
 92 UA00063438    (4)   :  0.115 0.121 0.114 0.072 0.151 0.118 0.102 0.101 0.105 
 93 UA00007608    (0)   :  0.107 0.109 0.095 0.139 0.158 0.111 0.095 0.091 0.095 
 94 UA00019683    (4)   :  0.088 0.084 0.063 0.024 0.371 0.087 0.097 0.091 0.096 
 95 UA00007781    (0)   :  0.143 0.137 0.124 0.044 0.029 0.141 0.126 0.122 0.135 
 96 UA00002915    (0)   :  0.098 0.103 0.103 0.060 0.276 0.100 0.086 0.087 0.087 
 97  Puco031    (4)   :  0.135 0.138 0.140 0.044 0.032 0.134 0.121 0.125 0.131 
 98 UA00048280    (4)   :  0.138 0.133 0.117 0.058 0.023 0.144 0.129 0.126 0.132 
 99 UA00048589    (0)   :  0.129 0.134 0.108 0.035 0.051 0.136 0.135 0.132 0.140 
100 UA00034417    (0)   :  0.118 0.118 0.119 0.125 0.080 0.118 0.108 0.106 0.109 
101 UA00050411    (4)   :  0.133 0.136 0.151 0.024 0.013 0.133 0.138 0.136 0.137 
102  Puco029    (4)   :  0.141 0.132 0.125 0.012 0.021 0.138 0.141 0.137 0.153 
103   F03403    (4)   :  0.132 0.133 0.086 0.031 0.014 0.145 0.160 0.145 0.154 
104 UA00049904    (0)   :  0.126 0.131 0.111 0.037 0.111 0.134 0.117 0.115 0.118 
105 UA00035335    (0)   :  0.135 0.127 0.134 0.010 0.017 0.118 0.144 0.156 0.159 
106 UA00012611    (0)   :  0.148 0.134 0.141 0.022 0.026 0.145 0.125 0.119 0.139 
107 UA00050319    (0)   :  0.128 0.136 0.084 0.018 0.015 0.139 0.165 0.157 0.159 
108 UA00032068    (4)   :  0.134 0.138 0.132 0.018 0.079 0.135 0.119 0.124 0.122 
109 UA00032026    (4)   :  0.140 0.131 0.136 0.026 0.051 0.133 0.123 0.125 0.134 
110 UA00030476    (4)   :  0.128 0.131 0.075 0.016 0.052 0.144 0.154 0.142 0.159 
111 UA00046853    (0)   :  0.108 0.122 0.099 0.029 0.042 0.140 0.155 0.161 0.144 
112 UA00040156    (4)   :  0.011 0.012 0.011 0.013 0.908 0.012 0.011 0.011 0.011 
113 UA00030528    (4)   :  0.129 0.123 0.131 0.024 0.144 0.113 0.112 0.110 0.114 
114  Puco025    (4)   :  0.135 0.116 0.164 0.019 0.018 0.104 0.148 0.148 0.148 
115    pc016    (0)   :  0.011 0.011 0.011 0.014 0.910 0.011 0.011 0.011 0.011 
116 UA00030617    (4)   :  0.127 0.123 0.169 0.016 0.014 0.103 0.146 0.152 0.149 
117 UA00030585    (4)   :  0.021 0.021 0.020 0.023 0.829 0.021 0.022 0.021 0.021 
118 UA00032060    (4)   :  0.123 0.121 0.113 0.026 0.160 0.115 0.113 0.112 0.118 
119    pc007    (0)   :  0.123 0.130 0.109 0.034 0.043 0.132 0.145 0.140 0.144 
120 UA00030798    (4)   :  0.029 0.029 0.028 0.015 0.789 0.028 0.028 0.027 0.027 
121 UA00030778    (4)   :  0.132 0.136 0.153 0.018 0.012 0.137 0.142 0.136 0.135 
122 UA00039674    (4)   :  0.017 0.018 0.016 0.014 0.871 0.016 0.016 0.016 0.016 
123 UA00032241    (4)   :  0.137 0.124 0.135 0.018 0.013 0.120 0.147 0.148 0.157 
124 UA00011624    (0)   :  0.136 0.127 0.141 0.028 0.020 0.132 0.136 0.143 0.136 
125 UA00033779    (4)   :  0.122 0.136 0.094 0.029 0.020 0.139 0.160 0.154 0.146 
126 UA00049402    (4)   :  0.121 0.120 0.128 0.112 0.032 0.138 0.112 0.122 0.114 
127 UA00033653    (0)   :  0.111 0.132 0.088 0.025 0.017 0.139 0.170 0.166 0.154 
128 UA00047738    (0)   :  0.132 0.129 0.123 0.069 0.042 0.128 0.127 0.125 0.126 
129 UA00047502    (4)   :  0.120 0.123 0.125 0.142 0.046 0.125 0.104 0.107 0.108 
130 UA00012014    (4)   :  0.133 0.142 0.148 0.038 0.029 0.134 0.126 0.128 0.121 
131 UA00040729    (0)   :  0.141 0.126 0.118 0.022 0.032 0.130 0.141 0.132 0.159 
132 UA00030392    (4)   :  0.138 0.128 0.160 0.019 0.027 0.114 0.136 0.136 0.141 
133 UA00050033    (0)   :  0.138 0.130 0.136 0.028 0.044 0.119 0.133 0.134 0.139 
134 UA00012152    (0)   :  0.072 0.075 0.087 0.445 0.014 0.077 0.075 0.079 0.074 
135 UA00050406    (0)   :  0.143 0.137 0.140 0.034 0.032 0.143 0.121 0.124 0.126 
136 UA00047973    (0)   :  0.135 0.142 0.128 0.033 0.023 0.146 0.134 0.125 0.133 
137 UA00008051    (0)   :  0.121 0.119 0.130 0.084 0.069 0.113 0.120 0.125 0.118 
138 UA00047337    (4)   :  0.128 0.117 0.119 0.031 0.140 0.117 0.115 0.110 0.122 
139 UA00041604    (4)   :  0.126 0.123 0.131 0.086 0.059 0.123 0.117 0.118 0.117 
140 UA00031704    (4)   :  0.136 0.138 0.150 0.014 0.018 0.136 0.132 0.144 0.133 
141 UA00040423    (4)   :  0.127 0.135 0.132 0.026 0.063 0.133 0.127 0.136 0.121 
142 UA00049433    (0)   :  0.127 0.127 0.133 0.079 0.047 0.131 0.117 0.122 0.117 
143 UA00034816    (0)   :  0.123 0.108 0.156 0.086 0.025 0.099 0.133 0.139 0.131 
144 UA00050214    (0)   :  0.129 0.114 0.172 0.018 0.018 0.085 0.156 0.153 0.155 
145 UA00041073    (0)   :  0.124 0.127 0.140 0.066 0.049 0.119 0.122 0.128 0.124 
146 UA00030318    (4)   :  0.137 0.126 0.149 0.052 0.020 0.121 0.132 0.132 0.133 
147 UA00046845    (0)   :  0.127 0.116 0.145 0.092 0.036 0.110 0.122 0.124 0.128 
148 UA00063946    (0)   :  0.122 0.134 0.072 0.023 0.028 0.139 0.168 0.156 0.159 
149 UA00031374    (4)   :  0.132 0.133 0.137 0.051 0.030 0.129 0.128 0.135 0.124 
150    M1136    (4)   :  0.096 0.095 0.108 0.027 0.315 0.083 0.090 0.093 0.094 
151 UA00034299    (0)   :  0.123 0.113 0.176 0.025 0.024 0.089 0.146 0.154 0.151 
152 UA00002387    (4)   :  0.127 0.137 0.151 0.056 0.014 0.121 0.127 0.144 0.123 
153 UA00021855    (0)   :  0.130 0.137 0.132 0.041 0.033 0.135 0.131 0.137 0.125 
154 UA00014500    (0)   :  0.138 0.140 0.142 0.022 0.040 0.137 0.127 0.121 0.133 
155 UA00050419    (4)   :  0.128 0.111 0.182 0.024 0.015 0.080 0.150 0.159 0.150 
156 UA00031854    (4)   :  0.129 0.132 0.135 0.076 0.032 0.129 0.125 0.120 0.123 
157    pc011    (4)   :  0.122 0.124 0.158 0.034 0.017 0.128 0.138 0.148 0.132 
158 UA00033004    (0)   :  0.127 0.130 0.144 0.039 0.051 0.127 0.126 0.132 0.125 
159 UA00046510    (0)   :  0.126 0.119 0.136 0.120 0.020 0.122 0.120 0.115 0.121 
160 UA00048747    (0)   :  0.131 0.128 0.151 0.053 0.022 0.126 0.130 0.133 0.127 
161 UA00014293    (0)   :  0.124 0.132 0.155 0.033 0.020 0.131 0.132 0.143 0.128 
162 UA00047686    (0)   :  0.123 0.119 0.122 0.151 0.032 0.126 0.109 0.106 0.112 
163 UA00033783    (4)   :  0.085 0.084 0.073 0.104 0.301 0.087 0.090 0.087 0.090 
164 UA00042609    (4)   :  0.101 0.103 0.107 0.244 0.040 0.103 0.101 0.108 0.093 
165 UA00031169    (4)   :  0.119 0.121 0.178 0.021 0.024 0.098 0.144 0.151 0.144 
166 UA00035181    (0)   :  0.142 0.141 0.129 0.019 0.010 0.145 0.140 0.135 0.138 
167 UA00050133    (0)   :  0.130 0.135 0.142 0.042 0.032 0.135 0.128 0.130 0.126 
168  Puco011    (4)   :  0.129 0.122 0.157 0.042 0.030 0.123 0.131 0.135 0.130 
169 UA00041476    (0)   :  0.121 0.127 0.144 0.072 0.054 0.120 0.123 0.122 0.117 
170 UA00046702    (0)   :  0.131 0.118 0.169 0.023 0.020 0.113 0.141 0.141 0.143 
171 UA00019940    (0)   :  0.134 0.126 0.138 0.055 0.031 0.116 0.129 0.138 0.132 
172 UA00049813    (0)   :  0.121 0.132 0.123 0.031 0.037 0.129 0.142 0.151 0.134 
173 UA00064165    (0)   :  0.093 0.095 0.087 0.342 0.036 0.095 0.083 0.086 0.082 
174 UA00064421    (0)   :  0.108 0.106 0.112 0.250 0.014 0.106 0.102 0.101 0.101 
175 UA00064569    (4)   :  0.139 0.116 0.157 0.027 0.012 0.116 0.138 0.146 0.150 
176 UA00003996    (0)   :  0.119 0.116 0.138 0.128 0.034 0.114 0.114 0.117 0.119 
177 UA00064491    (4)   :  0.130 0.120 0.161 0.050 0.017 0.100 0.138 0.139 0.144 
178 UA00011899    (0)   :  0.134 0.142 0.141 0.027 0.038 0.139 0.122 0.133 0.124 
179  Puco015    (4)   :  0.125 0.124 0.130 0.040 0.088 0.126 0.121 0.119 0.128 
180 UA00047929    (4)   :  0.140 0.126 0.130 0.017 0.022 0.124 0.146 0.138 0.158 
181 UA00056669    (0)   :  0.132 0.140 0.144 0.059 0.019 0.133 0.128 0.120 0.124 
182 UA00050176    (0)   :  0.126 0.137 0.137 0.068 0.047 0.136 0.116 0.117 0.116 
183  Puco014    (4)   :  0.132 0.136 0.122 0.055 0.031 0.135 0.129 0.131 0.129 
184 UA00019608    (0)   :  0.129 0.134 0.151 0.065 0.025 0.129 0.119 0.132 0.116 
185 UA00064333    (0)   :  0.129 0.136 0.154 0.038 0.022 0.124 0.124 0.146 0.127 
186  Puco013    (4)   :  0.122 0.127 0.127 0.140 0.026 0.128 0.112 0.111 0.107 
187 UA00016092    (0)   :  0.138 0.122 0.164 0.017 0.013 0.110 0.146 0.144 0.147 
188 UA00019060    (0)   :  0.058 0.062 0.063 0.480 0.107 0.063 0.058 0.053 0.056 
189 UA00063532    (0)   :  0.131 0.127 0.129 0.051 0.049 0.136 0.127 0.122 0.128 
190 UA00064117    (0)   :  0.082 0.087 0.085 0.251 0.169 0.087 0.079 0.080 0.079 
191 UA00011969    (0)   :  0.135 0.134 0.130 0.061 0.041 0.137 0.121 0.118 0.123 
192 UA00034586    (4)   :  0.138 0.139 0.138 0.022 0.018 0.128 0.142 0.135 0.140 
193 UA00030736    (4)   :  0.141 0.146 0.145 0.026 0.033 0.137 0.123 0.125 0.124 
194 UA00048493    (0)   :  0.134 0.134 0.139 0.034 0.055 0.132 0.130 0.118 0.124 
195 UA00040466    (0)   :  0.048 0.046 0.044 0.657 0.019 0.049 0.043 0.047 0.045 
196 UA00047659    (0)   :  0.141 0.145 0.136 0.037 0.016 0.148 0.123 0.125 0.129 
197 UA00042002    (4)   :  0.121 0.118 0.106 0.041 0.150 0.126 0.115 0.107 0.116 
198 UA00062606    (0)   :  0.124 0.123 0.126 0.112 0.032 0.129 0.117 0.118 0.119 
199 UA00030615    (4)   :  0.040 0.041 0.041 0.707 0.015 0.042 0.039 0.038 0.038 
200 UA00048899    (0)   :  0.143 0.143 0.138 0.038 0.027 0.142 0.123 0.122 0.124 
201 UA00047725    (0)   :  0.014 0.015 0.014 0.885 0.014 0.015 0.014 0.014 0.014 
202 UA00030866    (4)   :  0.142 0.130 0.135 0.055 0.022 0.138 0.122 0.128 0.129 
203 UA00034564    (0)   :  0.146 0.131 0.135 0.041 0.024 0.139 0.125 0.123 0.137 
204 UA00046520    (0)   :  0.125 0.134 0.095 0.025 0.018 0.141 0.160 0.155 0.148 
205 UA00035027    (0)   :  0.130 0.133 0.128 0.075 0.039 0.131 0.121 0.122 0.122 
206 UA00035421    (0)   :  0.100 0.103 0.108 0.251 0.022 0.108 0.101 0.108 0.097 
207 UA00062740    (4)   :  0.127 0.121 0.122 0.099 0.048 0.131 0.114 0.118 0.122 
208 UA00012360    (0)   :  0.033 0.031 0.032 0.766 0.016 0.031 0.029 0.030 0.031 
209 UA00050203    (0)   :  0.135 0.136 0.130 0.029 0.033 0.137 0.134 0.126 0.139 
210 UA00040534    (4)   :  0.084 0.084 0.081 0.301 0.151 0.085 0.071 0.073 0.070 
211 UA00031261    (4)   :  0.064 0.067 0.065 0.468 0.085 0.070 0.062 0.061 0.059 
212 UA00031917    (4)   :  0.086 0.084 0.084 0.282 0.126 0.093 0.082 0.084 0.078 
213 UA00040798    (4)   :  0.080 0.090 0.086 0.347 0.059 0.086 0.085 0.087 0.081 
214 UA00030598    (4)   :  0.096 0.096 0.097 0.268 0.062 0.105 0.092 0.092 0.091 
215 UA00050385    (0)   :  0.134 0.141 0.135 0.070 0.028 0.135 0.119 0.119 0.119 
216 UA00058283    (0)   :  0.025 0.026 0.025 0.785 0.037 0.027 0.025 0.024 0.025 
217 UA00042297    (4)   :  0.069 0.073 0.071 0.115 0.389 0.071 0.071 0.072 0.070 
218 UA00015415    (4)   :  0.029 0.026 0.028 0.795 0.016 0.027 0.025 0.026 0.027 
219 UA00035531    (0)   :  0.050 0.052 0.053 0.582 0.071 0.052 0.047 0.047 0.046 
220 UA00048683    (0)   :  0.062 0.064 0.065 0.549 0.019 0.062 0.059 0.060 0.059 
221 UA00046734    (4)   :  0.031 0.030 0.031 0.768 0.020 0.032 0.028 0.030 0.030 
222   pcRF01    (0)   :  0.116 0.125 0.182 0.023 0.010 0.092 0.150 0.167 0.136 
223 UA00007223    (0)   :  0.118 0.120 0.115 0.138 0.047 0.129 0.109 0.117 0.107 
224 UA00013841    (0)   :  0.133 0.124 0.123 0.024 0.077 0.133 0.122 0.126 0.138 
225 UA00014196    (0)   :  0.064 0.068 0.068 0.505 0.045 0.070 0.061 0.060 0.059 
226 UA00034635    (0)   :  0.136 0.137 0.146 0.032 0.020 0.134 0.134 0.131 0.129 
227 UA00047371    (0)   :  0.119 0.128 0.115 0.045 0.160 0.117 0.108 0.103 0.106 
228 UA00063544    (0)   :  0.118 0.119 0.107 0.043 0.147 0.121 0.114 0.114 0.118 
229 UA00064246    (0)   :  0.110 0.118 0.110 0.141 0.076 0.115 0.109 0.112 0.109 
230 UA00064328    (0)   :  0.113 0.118 0.113 0.156 0.055 0.123 0.109 0.108 0.105 
231 UA00002952    (0)   :  0.112 0.117 0.108 0.140 0.100 0.118 0.098 0.105 0.101 
232 UA00064079    (0)   :  0.124 0.123 0.128 0.058 0.107 0.117 0.113 0.111 0.118 
233 UA00046793    (0)   :  0.104 0.103 0.105 0.165 0.129 0.111 0.092 0.096 0.095 
234 UA00034769    (0)   :  0.080 0.081 0.072 0.074 0.375 0.080 0.079 0.079 0.079 
235 UA00034949    (0)   :  0.121 0.114 0.120 0.158 0.043 0.122 0.106 0.107 0.109 
236 UA00063753    (0)   :  0.112 0.127 0.093 0.075 0.056 0.130 0.139 0.137 0.132 
237 UA00015713    (0)   :  0.127 0.129 0.110 0.031 0.099 0.125 0.124 0.126 0.130 
238 UA00003494    (0)   :  0.114 0.114 0.130 0.095 0.075 0.121 0.116 0.123 0.111 
239 UA00056767    (0)   :  0.116 0.135 0.092 0.021 0.011 0.139 0.172 0.162 0.153 
240 UA00014461    (0)   :  0.114 0.118 0.117 0.138 0.064 0.121 0.107 0.107 0.113 
241 UA00034669    (0)   :  0.093 0.089 0.085 0.315 0.083 0.093 0.082 0.076 0.084 
242 UA00048164    (0)   :  0.125 0.117 0.121 0.167 0.019 0.115 0.111 0.112 0.113 
243 UA00007974    (0)   :  0.130 0.134 0.095 0.034 0.045 0.146 0.144 0.132 0.142 
244 UA00016166    (0)   :  0.110 0.109 0.119 0.040 0.204 0.099 0.104 0.108 0.107 
245 UA00015653    (0)   :  0.114 0.102 0.100 0.132 0.160 0.111 0.094 0.090 0.098 
246 UA00063882    (0)   :  0.101 0.093 0.094 0.276 0.086 0.100 0.082 0.081 0.088 
247 UA00049027    (0)   :  0.112 0.108 0.103 0.082 0.164 0.115 0.106 0.099 0.111 
248 UA00018878    (0)   :  0.124 0.118 0.095 0.030 0.170 0.122 0.117 0.106 0.119 
249 UA00038796    (0)   :  0.114 0.110 0.101 0.226 0.025 0.118 0.100 0.102 0.104 
250 UA00013465    (0)   :  0.056 0.055 0.055 0.590 0.030 0.058 0.052 0.052 0.052 
251 UA00014604    (0)   :  0.120 0.115 0.104 0.184 0.056 0.116 0.101 0.100 0.104 
252 UA00041913    (0)   :  0.101 0.109 0.089 0.046 0.198 0.110 0.117 0.120 0.110 
253 UA00021632    (0)   :  0.085 0.084 0.078 0.068 0.378 0.079 0.078 0.072 0.078 
254 UA00064027    (0)   :  0.129 0.126 0.124 0.092 0.077 0.134 0.108 0.099 0.109 
255 UA00015023    (0)   :  0.127 0.125 0.143 0.087 0.029 0.118 0.127 0.125 0.121 
256 UA00050243    (0)   :  0.117 0.122 0.117 0.042 0.172 0.121 0.106 0.097 0.106 
257 UA00048298    (0)   :  0.125 0.134 0.139 0.053 0.048 0.122 0.128 0.129 0.122 
258 UA00050437    (0)   :  0.120 0.124 0.121 0.173 0.033 0.116 0.104 0.104 0.106 
259 UA00014262    (0)   :  0.127 0.128 0.123 0.051 0.083 0.134 0.119 0.116 0.118 
260 UA00049129    (0)   :  0.131 0.132 0.120 0.032 0.057 0.130 0.135 0.130 0.135 
261 UA00014740    (0)   :  0.128 0.130 0.119 0.055 0.054 0.130 0.128 0.124 0.131 
262 UA00049612    (0)   :  0.046 0.045 0.043 0.069 0.621 0.044 0.045 0.044 0.045 
263 UA00014635    (0)   :  0.134 0.129 0.099 0.023 0.016 0.135 0.158 0.151 0.155 
264 UA00014673    (0)   :  0.114 0.110 0.099 0.168 0.086 0.117 0.103 0.096 0.106 
265 UA00033608    (0)   :  0.086 0.087 0.077 0.062 0.341 0.089 0.087 0.086 0.086 
266 UA00064540    (0)   :  0.123 0.134 0.095 0.065 0.029 0.137 0.144 0.133 0.139 
267 UA00050256    (0)   :  0.118 0.120 0.117 0.100 0.118 0.121 0.103 0.099 0.105 
268 UA00015274    (0)   :  0.138 0.125 0.141 0.061 0.025 0.129 0.124 0.125 0.131 
269 UA00062993    (0)   :  0.140 0.134 0.122 0.058 0.014 0.143 0.133 0.122 0.134 
270 UA00038364    (0)   :  0.127 0.132 0.119 0.057 0.068 0.137 0.124 0.115 0.121 
271 UA00014446    (0)   :  0.144 0.142 0.144 0.029 0.016 0.144 0.128 0.125 0.130 
272 UA00063545    (0)   :  0.073 0.074 0.071 0.133 0.382 0.074 0.066 0.064 0.065 
273 UA00040054    (0)   :  0.143 0.123 0.135 0.021 0.034 0.133 0.131 0.134 0.145 
274 UA00058447    (0)   :  0.140 0.141 0.119 0.029 0.032 0.149 0.136 0.120 0.133 
275 UA00046835    (0)   :  0.141 0.133 0.120 0.031 0.029 0.137 0.140 0.129 0.141 
276 UA00014608    (0)   :  0.136 0.142 0.126 0.044 0.023 0.150 0.124 0.122 0.133 
277    pc012    (0)   :  0.134 0.130 0.127 0.076 0.042 0.135 0.119 0.115 0.122 
278    pc002    (0)   :  0.097 0.093 0.093 0.061 0.305 0.094 0.084 0.083 0.090 
279 UA00033690    (0)   :  0.122 0.118 0.078 0.034 0.121 0.129 0.139 0.123 0.137 
280 UA00013688    (0)   :  0.140 0.135 0.130 0.071 0.035 0.133 0.119 0.115 0.121 
281 UA00063666    (0)   :  0.113 0.127 0.083 0.014 0.066 0.129 0.163 0.157 0.149 
282 UA00063292    (0)   :  0.125 0.130 0.081 0.018 0.016 0.141 0.170 0.156 0.161 
283    pc001    (0)   :  0.134 0.137 0.129 0.062 0.027 0.141 0.126 0.123 0.122 
284    pc008    (0)   :  0.136 0.134 0.118 0.040 0.029 0.137 0.135 0.135 0.136 
285 UA00034316    (0)   :  0.099 0.096 0.106 0.179 0.162 0.088 0.092 0.088 0.091 
286 UA00013046    (0)   :  0.140 0.119 0.139 0.016 0.022 0.111 0.148 0.149 0.154 
287 UA00050241    (0)   :  0.137 0.130 0.110 0.013 0.020 0.135 0.154 0.148 0.154 
288 UA00048599    (0)   :  0.145 0.138 0.116 0.022 0.016 0.147 0.139 0.131 0.145 
289 UA00046649    (0)   :  0.111 0.102 0.098 0.032 0.233 0.111 0.105 0.097 0.111 
290 UA00015674    (0)   :  0.079 0.079 0.064 0.052 0.399 0.081 0.083 0.082 0.081 
291 UA00013177    (0)   :  0.116 0.118 0.105 0.082 0.080 0.121 0.126 0.130 0.124 
292 UA00012814    (0)   :  0.135 0.138 0.135 0.050 0.026 0.135 0.126 0.127 0.128 
293 UA00034654    (0)   :  0.140 0.136 0.140 0.022 0.017 0.142 0.133 0.129 0.142 
294 UA00046743    (0)   :  0.137 0.129 0.107 0.028 0.021 0.130 0.145 0.144 0.158 
295 UA00014854    (0)   :  0.126 0.122 0.088 0.014 0.081 0.139 0.140 0.134 0.157 
296 UA00013729    (0)   :  0.134 0.123 0.150 0.037 0.029 0.113 0.137 0.138 0.140 
297 UA00063483    (0)   :  0.132 0.143 0.124 0.018 0.022 0.137 0.139 0.152 0.134 
298 UA00039326    (0)   :  0.129 0.126 0.112 0.028 0.081 0.135 0.128 0.125 0.136 
299 UA00014742    (0)   :  0.120 0.134 0.113 0.017 0.025 0.138 0.154 0.158 0.141 
300 UA00049597    (0)   :  0.100 0.095 0.078 0.013 0.293 0.106 0.105 0.098 0.113 
301 UA00048067    (0)   :  0.130 0.134 0.110 0.053 0.060 0.135 0.131 0.122 0.126 
302 UA00012918    (0)   :  0.122 0.114 0.071 0.014 0.126 0.130 0.141 0.131 0.151 
303 UA00013487    (0)   :  0.116 0.125 0.179 0.015 0.016 0.093 0.149 0.172 0.135 
304 UA00046759    (0)   :  0.115 0.118 0.115 0.135 0.071 0.114 0.114 0.111 0.107 
305 UA00050164    (0)   :  0.059 0.059 0.064 0.031 0.550 0.059 0.057 0.060 0.059 
306 UA00049839    (0)   :  0.116 0.125 0.118 0.036 0.021 0.137 0.146 0.164 0.137 
307 UA00048444    (0)   :  0.100 0.121 0.078 0.023 0.061 0.133 0.168 0.168 0.147 
308 UA00063857    (0)   :  0.143 0.131 0.124 0.014 0.031 0.135 0.139 0.140 0.143 
309 UA00014921    (0)   :  0.098 0.097 0.085 0.017 0.340 0.096 0.089 0.090 0.089 
310 UA00048895    (0)   :  0.090 0.091 0.081 0.037 0.361 0.092 0.083 0.080 0.085 
311 UA00014556    (0)   :  0.131 0.126 0.120 0.115 0.023 0.132 0.116 0.116 0.121 
312    pc009    (0)   :  0.114 0.129 0.091 0.013 0.018 0.135 0.169 0.174 0.156 
313 UA00014959    (0)   :  0.102 0.094 0.081 0.023 0.300 0.105 0.095 0.093 0.106 
314 UA00020709    (0)   :  0.132 0.130 0.117 0.034 0.060 0.137 0.128 0.123 0.139 
315 UA00013126    (0)   :  0.016 0.016 0.016 0.017 0.870 0.016 0.016 0.016 0.016 
316 UA00013695    (0)   :  0.028 0.028 0.026 0.018 0.790 0.029 0.027 0.026 0.028 
317 UA00049344    (0)   :  0.097 0.091 0.087 0.040 0.334 0.096 0.085 0.083 0.087 
318 UA00047614    (0)   :  0.040 0.038 0.038 0.098 0.634 0.040 0.036 0.038 0.038 
319 UA00014221    (0)   :  0.131 0.128 0.101 0.017 0.009 0.146 0.156 0.156 0.155 
320 UA00014346    (0)   :  0.125 0.135 0.101 0.038 0.037 0.137 0.152 0.137 0.137 
321 UA00014245    (0)   :  0.120 0.113 0.086 0.021 0.179 0.122 0.116 0.109 0.133 
322 UA00014696    (0)   :  0.019 0.019 0.020 0.025 0.840 0.020 0.019 0.019 0.019 
323 UA00006991    (0)   :  0.138 0.140 0.148 0.053 0.019 0.135 0.126 0.119 0.123 
324 UA00048948    (0)   :  0.137 0.137 0.138 0.049 0.027 0.136 0.130 0.122 0.126 
325 UA00002239    (0)   :  0.138 0.130 0.138 0.062 0.028 0.139 0.118 0.123 0.125 
326 UA00063459    (0)   :  0.129 0.126 0.080 0.014 0.024 0.142 0.167 0.154 0.163 
327 UA00048356    (0)   :  0.131 0.133 0.117 0.093 0.034 0.131 0.122 0.117 0.123 
328 UA00063940    (0)   :  0.132 0.130 0.136 0.081 0.036 0.118 0.123 0.120 0.124 
329 UA00048130    (0)   :  0.125 0.135 0.113 0.028 0.020 0.146 0.147 0.152 0.135 
330 UA00048903    (0)   :  0.135 0.120 0.162 0.017 0.013 0.095 0.147 0.154 0.157 
331 UA00064643    (0)   :  0.125 0.131 0.138 0.043 0.042 0.124 0.131 0.134 0.132 
332 UA00050233    (0)   :  0.126 0.134 0.133 0.065 0.021 0.126 0.132 0.132 0.130 
333 UA00012507    (0)   :  0.131 0.129 0.125 0.118 0.016 0.131 0.118 0.114 0.117 
334 UA00064416    (0)   :  0.125 0.134 0.168 0.026 0.019 0.112 0.138 0.152 0.127 
335 UA00034724    (0)   :  0.129 0.138 0.139 0.041 0.020 0.131 0.139 0.134 0.129 
336 UA00002621    (0)   :  0.140 0.129 0.139 0.023 0.018 0.127 0.143 0.134 0.147 
337 UA00033203    (0)   :  0.118 0.127 0.167 0.025 0.034 0.099 0.140 0.164 0.126 
338 UA00011996    (0)   :  0.142 0.144 0.136 0.020 0.035 0.148 0.131 0.122 0.123 
339 UA00014408    (0)   :  0.112 0.103 0.112 0.244 0.024 0.109 0.095 0.097 0.105 
340 UA00049502    (0)   :  0.126 0.131 0.125 0.088 0.019 0.138 0.124 0.127 0.123 
341 UA00062695    (0)   :  0.124 0.132 0.105 0.050 0.060 0.136 0.136 0.126 0.130 
342 UA00014072    (0)   :  0.117 0.133 0.111 0.033 0.034 0.135 0.152 0.148 0.138 
343 UA00003334    (0)   :  0.140 0.124 0.125 0.018 0.025 0.123 0.147 0.142 0.155 
344 UA00013835    (0)   :  0.139 0.141 0.126 0.032 0.038 0.137 0.130 0.124 0.134 
345 UA00046760    (0)   :  0.117 0.125 0.113 0.026 0.146 0.128 0.114 0.116 0.114 
346 UA00014241    (0)   :  0.135 0.129 0.138 0.034 0.018 0.135 0.135 0.136 0.140 
347 UA00049585    (0)   :  0.131 0.133 0.125 0.015 0.021 0.148 0.146 0.148 0.132 
348 UA00013409    (0)   :  0.100 0.119 0.096 0.126 0.034 0.122 0.140 0.138 0.126 
349 UA00047548    (0)   :  0.139 0.146 0.140 0.016 0.028 0.143 0.126 0.129 0.133 
350 UA00049038    (0)   :  0.094 0.098 0.092 0.085 0.256 0.098 0.091 0.091 0.095 
351 UA00047612    (0)   :  0.144 0.135 0.138 0.042 0.019 0.138 0.129 0.124 0.132 
352 UA00014822    (0)   :  0.104 0.103 0.098 0.108 0.197 0.105 0.096 0.094 0.094 
353 UA00035299    (0)   :  0.138 0.134 0.144 0.031 0.034 0.116 0.129 0.135 0.139 
354 UA00012804    (0)   :  0.109 0.106 0.101 0.046 0.262 0.103 0.091 0.090 0.092 
355 UA00049578    (0)   :  0.129 0.134 0.128 0.100 0.023 0.128 0.120 0.119 0.120 
356 UA00047672    (0)   :  0.124 0.119 0.163 0.032 0.017 0.105 0.140 0.159 0.140 
357 UA00043961    (0)   :  0.048 0.049 0.047 0.062 0.602 0.047 0.048 0.050 0.047 
358 UA00064575    (0)   :  0.108 0.119 0.113 0.152 0.029 0.123 0.120 0.121 0.114 
359 UA00014732    (0)   :  0.138 0.135 0.148 0.052 0.017 0.130 0.128 0.123 0.131 
360 UA00050181    (0)   :  0.139 0.137 0.143 0.041 0.011 0.143 0.128 0.133 0.126 
361 UA00033369    (0)   :  0.111 0.122 0.118 0.051 0.165 0.120 0.108 0.105 0.101 
362 UA00011982    (0)   :  0.125 0.109 0.184 0.013 0.013 0.080 0.154 0.162 0.160 
363 UA00014590    (0)   :  0.125 0.129 0.143 0.046 0.068 0.118 0.124 0.124 0.124 
364 UA00047743    (0)   :  0.133 0.134 0.154 0.019 0.017 0.123 0.134 0.151 0.135 
365 UA00046621    (0)   :  0.135 0.135 0.157 0.014 0.017 0.123 0.136 0.151 0.132 
366 UA00050422    (0)   :  0.131 0.133 0.140 0.088 0.021 0.124 0.121 0.117 0.126 
367 UA00002760    (0)   :  0.130 0.138 0.132 0.027 0.056 0.126 0.129 0.135 0.128 
368 UA00012999    (0)   :  0.133 0.132 0.142 0.024 0.074 0.123 0.127 0.118 0.126 
369 UA00063838    (0)   :  0.136 0.123 0.141 0.030 0.017 0.111 0.146 0.145 0.151 
370 UA00003729    (0)   :  0.108 0.111 0.094 0.142 0.124 0.117 0.103 0.099 0.103 
371 UA00015348    (0)   :  0.115 0.125 0.100 0.042 0.047 0.131 0.154 0.150 0.135 
372 UA00019058    (0)   :  0.119 0.121 0.085 0.075 0.031 0.140 0.151 0.136 0.142 
373 UA00049549    (0)   :  0.112 0.123 0.069 0.015 0.079 0.132 0.165 0.153 0.152 
374 UA00014334    (0)   :  0.126 0.136 0.135 0.065 0.029 0.136 0.123 0.129 0.121 
375 UA00014350    (0)   :  0.123 0.103 0.198 0.010 0.010 0.064 0.159 0.173 0.160 
376 UA00049227    (0)   :  0.125 0.119 0.120 0.067 0.115 0.131 0.106 0.108 0.108 
377 UA00014051    (0)   :  0.122 0.126 0.146 0.101 0.015 0.120 0.123 0.128 0.119 
378 UA00034381    (0)   :  0.126 0.128 0.140 0.071 0.025 0.127 0.128 0.128 0.126 
379 UA00002354    (0)   :  0.123 0.130 0.170 0.019 0.015 0.098 0.144 0.164 0.135 
380 UA00049892    (0)   :  0.131 0.120 0.130 0.017 0.056 0.112 0.142 0.146 0.146 
381 UA00021989    (0)   :  0.126 0.130 0.150 0.040 0.015 0.125 0.135 0.146 0.133 
382 UA00048968    (0)   :  0.135 0.141 0.144 0.037 0.019 0.134 0.128 0.137 0.125 
383 UA00013174    (0)   :  0.129 0.128 0.147 0.040 0.031 0.119 0.132 0.135 0.138 
384 UA00033992    (0)   :  0.118 0.129 0.131 0.025 0.134 0.124 0.112 0.113 0.113 
385 UA00015801    (0)   :  0.132 0.113 0.181 0.012 0.010 0.083 0.151 0.159 0.158 
386 UA00063303    (0)   :  0.113 0.110 0.093 0.051 0.167 0.117 0.115 0.113 0.122 
387 UA00050206    (0)   :  0.111 0.126 0.104 0.025 0.011 0.142 0.165 0.175 0.141 
388 UA00014458    (0)   :  0.123 0.125 0.130 0.052 0.063 0.123 0.130 0.127 0.126 
389 UA00007204    (0)   :  0.142 0.131 0.104 0.021 0.032 0.136 0.139 0.138 0.156 
390 UA00063212    (0)   :  0.092 0.102 0.091 0.112 0.153 0.109 0.120 0.118 0.104 
391 UA00013340    (0)   :  0.135 0.147 0.130 0.025 0.064 0.135 0.126 0.117 0.123 
392 UA00062743    (0)   :  0.128 0.128 0.139 0.064 0.017 0.140 0.121 0.138 0.125 
393 UA00063189    (0)   :  0.073 0.074 0.079 0.443 0.049 0.076 0.069 0.066 0.071 
394 UA00035432    (0)   :  0.125 0.129 0.132 0.022 0.020 0.133 0.144 0.154 0.142 
395 UA00007958    (0)   :  0.138 0.135 0.144 0.022 0.019 0.135 0.133 0.139 0.135 
396 UA00013634    (0)   :  0.134 0.123 0.152 0.039 0.015 0.139 0.131 0.139 0.129 
397 UA00048175    (0)   :  0.119 0.110 0.185 0.024 0.009 0.085 0.156 0.161 0.152 
398 UA00003202    (0)   :  0.132 0.141 0.135 0.027 0.026 0.144 0.128 0.139 0.129 
399 UA00035090    (0)   :  0.123 0.128 0.126 0.070 0.028 0.126 0.132 0.137 0.131 
400 UA00064679    (0)   :  0.102 0.101 0.108 0.252 0.039 0.102 0.097 0.101 0.098 
401 UA00039518    (0)   :  0.130 0.134 0.147 0.024 0.030 0.126 0.135 0.143 0.131 
402 UA00058268    (0)   :  0.138 0.132 0.148 0.037 0.027 0.127 0.131 0.131 0.128 
403 UA00049456    (0)   :  0.119 0.122 0.108 0.038 0.144 0.111 0.116 0.122 0.119 
404 UA00049550    (0)   :  0.110 0.124 0.112 0.090 0.017 0.132 0.140 0.148 0.127 
405 UA00048342    (0)   :  0.133 0.127 0.122 0.046 0.075 0.126 0.123 0.122 0.126 
406 UA00063493    (0)   :  0.129 0.134 0.149 0.020 0.015 0.128 0.141 0.148 0.137 
407 UA00058261    (0)   :  0.121 0.122 0.146 0.098 0.021 0.116 0.125 0.130 0.122 
408 UA00014663    (0)   :  0.132 0.139 0.148 0.049 0.027 0.131 0.126 0.123 0.124 
409 UA00048817    (0)   :  0.114 0.121 0.124 0.037 0.162 0.107 0.108 0.117 0.109 
410 UA00049381    (0)   :  0.125 0.129 0.153 0.050 0.019 0.117 0.136 0.139 0.132 
411 UA00035901    (0)   :  0.111 0.112 0.112 0.221 0.028 0.115 0.098 0.103 0.100 
412 UA00013301    (0)   :  0.102 0.123 0.102 0.064 0.032 0.131 0.152 0.161 0.133 
413 UA00047926    (0)   :  0.116 0.121 0.150 0.076 0.052 0.107 0.127 0.135 0.117 
414 UA00007272    (0)   :  0.119 0.126 0.130 0.108 0.031 0.127 0.118 0.131 0.111 
415 UA00016041    (0)   :  0.126 0.127 0.124 0.030 0.041 0.129 0.139 0.147 0.137 
416 UA00013502    (0)   :  0.131 0.128 0.145 0.051 0.014 0.124 0.133 0.136 0.138 
417 UA00002390    (0)   :  0.136 0.133 0.136 0.032 0.072 0.134 0.115 0.116 0.125 
418 UA00034907    (0)   :  0.140 0.137 0.133 0.054 0.017 0.142 0.126 0.121 0.129 
419 UA00048821    (0)   :  0.119 0.122 0.124 0.102 0.076 0.118 0.112 0.113 0.114 
420 UA00002136    (0)   :  0.121 0.131 0.117 0.049 0.074 0.123 0.131 0.133 0.120 
421 UA00011790    (0)   :  0.127 0.129 0.145 0.044 0.033 0.142 0.125 0.134 0.121 
422 UA00021586    (0)   :  0.119 0.115 0.118 0.053 0.149 0.116 0.110 0.107 0.115 
423 UA00033270    (0)   :  0.134 0.135 0.137 0.051 0.028 0.134 0.126 0.124 0.130 
424 UA00048073    (0)   :  0.135 0.133 0.135 0.042 0.031 0.132 0.130 0.132 0.131 
425 UA00048856    (0)   :  0.131 0.129 0.128 0.076 0.026 0.133 0.122 0.125 0.131 
426 UA00049713    (0)   :  0.128 0.117 0.160 0.042 0.025 0.098 0.138 0.145 0.147 
427 UA00046885    (0)   :  0.138 0.140 0.133 0.027 0.031 0.137 0.132 0.128 0.134 
428 UA00034893    (0)   :  0.136 0.123 0.155 0.022 0.020 0.110 0.140 0.145 0.150 
429 UA00048011    (0)   :  0.131 0.127 0.148 0.064 0.013 0.119 0.133 0.133 0.132 
430 UA00015786    (0)   :  0.112 0.113 0.115 0.181 0.050 0.113 0.107 0.106 0.105 
431 UA00013162    (0)   :  0.124 0.124 0.138 0.064 0.022 0.144 0.126 0.137 0.122 
432 UA00049512    (0)   :  0.130 0.133 0.121 0.057 0.035 0.134 0.132 0.131 0.127 
433 UA00004046    (0)   :  0.130 0.124 0.156 0.029 0.015 0.130 0.131 0.142 0.143 
434 UA00048881    (0)   :  0.109 0.111 0.110 0.146 0.107 0.110 0.103 0.101 0.102 
435 UA00046610    (0)   :  0.121 0.125 0.126 0.071 0.098 0.126 0.114 0.111 0.109 
436 UA00033282    (0)   :  0.135 0.131 0.133 0.073 0.029 0.132 0.126 0.120 0.120 
437 UA00047561    (0)   :  0.132 0.137 0.148 0.031 0.021 0.127 0.137 0.138 0.129 
438 UA00013777    (0)   :  0.126 0.129 0.126 0.115 0.017 0.135 0.115 0.124 0.112 
439 UA00062849    (0)   :  0.121 0.132 0.108 0.028 0.028 0.145 0.153 0.149 0.136 
440 UA00049786    (0)   :  0.121 0.113 0.166 0.056 0.015 0.101 0.140 0.146 0.141 
441 UA00033246    (0)   :  0.110 0.132 0.092 0.014 0.016 0.140 0.171 0.175 0.150 
442 UA00045302    (0)   :  0.144 0.138 0.139 0.024 0.028 0.142 0.125 0.127 0.133 
443 UA00048637    (0)   :  0.126 0.121 0.167 0.050 0.020 0.106 0.135 0.140 0.134 
444 UA00049832    (0)   :  0.125 0.122 0.107 0.028 0.093 0.129 0.131 0.130 0.135 
445 UA00022023    (0)   :  0.133 0.131 0.131 0.035 0.063 0.144 0.120 0.122 0.122 
446 UA00050192    (0)   :  0.128 0.133 0.127 0.032 0.109 0.127 0.111 0.108 0.123 
447 UA00050413    (0)   :  0.132 0.138 0.134 0.048 0.021 0.136 0.130 0.130 0.132 
448 UA00013445    (0)   :  0.137 0.133 0.147 0.019 0.013 0.149 0.137 0.131 0.134 
449 UA00035496    (0)   :  0.113 0.122 0.115 0.173 0.026 0.124 0.112 0.107 0.108 
450 UA00003333    (0)   :  0.102 0.107 0.107 0.243 0.058 0.102 0.094 0.093 0.094 
451 UA00064008    (0)   :  0.113 0.112 0.119 0.215 0.018 0.112 0.101 0.104 0.106 
452 UA00003427    (0)   :  0.119 0.124 0.118 0.057 0.128 0.123 0.112 0.107 0.111 
453 UA00028092    (0)   :  0.098 0.101 0.101 0.125 0.198 0.100 0.093 0.090 0.094 
454    pc003    (0)   :  0.041 0.044 0.042 0.634 0.075 0.043 0.041 0.042 0.039 
455 UA00034440    (0)   :  0.118 0.135 0.117 0.052 0.024 0.135 0.147 0.141 0.130 
456 UA00026062    (0)   :  0.128 0.128 0.148 0.028 0.030 0.132 0.132 0.146 0.129 
