

----------------------------------------------------
STRUCTURE by Pritchard, Stephens and Donnelly (2000)
     and Falush, Stephens and Pritchard (2003)
       Code by Pritchard, Falush and Hubisz
             Version 2.3.4 (Jul 2012)
----------------------------------------------------



Command line arguments:   structure -K 7 -o outputfile_K7_7 
Input File:    Puma_SNP_genotypes_cut_AZ_final_HWEonly.str

Run parameters:
   536 individuals
   22 loci
   7 populations assumed
   100000 Burn-in period
   500000 Reps


--------------------------------------------
Overall proportion of membership of the
sample in each of the 7 clusters

Inferred Clusters
  1      2      3      4      5      6      7    
0.144  0.145  0.148  0.145  0.126  0.145  0.145  

--------------------------------------------

Allele-freq. divergence among pops (Net nucleotide distance),
computed using point estimates of P.

      1       2       3       4       5       6       7      
 1      -    0.0444  0.0809  0.0424  0.0792  0.0424  0.0459  
 2   0.0444     -    0.0271  0.0001  0.0642  0.0001  0.0001  
 3   0.0809  0.0271     -    0.0267  0.0758  0.0274  0.0290  
 4   0.0424  0.0001  0.0267     -    0.0623  0.0000  0.0003  
 5   0.0792  0.0642  0.0758  0.0623     -    0.0627  0.0666  
 6   0.0424  0.0001  0.0274  0.0000  0.0627     -    0.0002  
 7   0.0459  0.0001  0.0290  0.0003  0.0666  0.0002     -    

Average distances (expected heterozygosity) between individuals in same cluster:
cluster  1  : 0.2638 
cluster  2  : 0.3776 
cluster  3  : 0.3378 
cluster  4  : 0.3780 
cluster  5  : 0.2791 
cluster  6  : 0.3777 
cluster  7  : 0.3753 

--------------------------------------------
Estimated Ln Prob of Data   = -13338.1
Mean value of ln likelihood = -12309.2
Variance of ln likelihood   = 2057.7
Mean value of alpha         = 0.1679

Mean value of Fst_1         = 0.2871
Mean value of Fst_2         = 0.0409
Mean value of Fst_3         = 0.1637
Mean value of Fst_4         = 0.0304
Mean value of Fst_5         = 0.3128
Mean value of Fst_6         = 0.0269
Mean value of Fst_7         = 0.0487


Inferred ancestry of individuals:
        Label (%Miss) :  Inferred clusters
  1 UA00063336   (13)   :  0.058 0.116 0.084 0.122 0.387 0.122 0.111 
  2 UA00048914    (9)   :  0.181 0.168 0.053 0.171 0.097 0.172 0.158 
  3 UA00014769   (13)   :  0.019 0.201 0.180 0.163 0.043 0.170 0.224 
  4 UA00008132   (13)   :  0.072 0.177 0.106 0.183 0.107 0.178 0.176 
  5 UA00030462   (13)   :  0.248 0.148 0.083 0.152 0.081 0.148 0.139 
  6 UA00034866   (13)   :  0.154 0.173 0.099 0.190 0.030 0.187 0.167 
  7 UA00034800    (9)   :  0.070 0.067 0.050 0.064 0.618 0.066 0.066 
  8  Puco006    (9)   :  0.694 0.055 0.029 0.055 0.058 0.056 0.052 
  9 UA00048874    (4)   :  0.087 0.095 0.041 0.099 0.486 0.100 0.092 
 10 UA00049060    (9)   :  0.039 0.184 0.136 0.179 0.088 0.182 0.192 
 11 UA00033413    (9)   :  0.056 0.109 0.488 0.107 0.034 0.104 0.102 
 12  Puco021    (9)   :  0.029 0.079 0.542 0.080 0.125 0.073 0.072 
 13  Puco026    (9)   :  0.031 0.161 0.241 0.160 0.094 0.157 0.157 
 14  Puco008    (9)   :  0.201 0.128 0.056 0.135 0.225 0.134 0.122 
 15   M01301    (9)   :  0.112 0.122 0.399 0.112 0.026 0.112 0.118 
 16   M06306    (9)   :  0.029 0.102 0.137 0.106 0.431 0.100 0.095 
 17 UA00032185    (9)   :  0.101 0.161 0.160 0.162 0.088 0.170 0.157 
 18 UA00030792    (9)   :  0.024 0.020 0.019 0.020 0.877 0.020 0.019 
 19 UA00031647    (9)   :  0.116 0.147 0.063 0.155 0.233 0.150 0.136 
 20 UA00031979    (9)   :  0.091 0.185 0.125 0.182 0.064 0.179 0.173 
 21  Puco016    (9)   :  0.249 0.169 0.042 0.173 0.038 0.172 0.158 
 22  Puco010    (9)   :  0.057 0.166 0.242 0.160 0.059 0.159 0.156 
 23    M1035    (9)   :  0.031 0.181 0.082 0.193 0.129 0.195 0.189 
 24 UA00034601    (9)   :  0.130 0.148 0.170 0.160 0.102 0.154 0.136 
 25 UA00050388    (9)   :  0.093 0.166 0.144 0.171 0.106 0.169 0.152 
 26 UA00048699    (9)   :  0.397 0.127 0.044 0.134 0.038 0.131 0.129 
 27 UA00064058    (9)   :  0.033 0.186 0.102 0.194 0.081 0.200 0.203 
 28 UA00033981    (9)   :  0.065 0.100 0.479 0.101 0.072 0.094 0.090 
 29   F05033    (9)   :  0.040 0.174 0.235 0.167 0.045 0.164 0.175 
 30 UA00048520    (4)   :  0.102 0.122 0.204 0.123 0.209 0.125 0.115 
 31 UA00048422    (4)   :  0.030 0.033 0.045 0.034 0.791 0.034 0.033 
 32    PucoB    (4)   :  0.023 0.148 0.344 0.144 0.062 0.137 0.142 
 33 UA00047393    (4)   :  0.043 0.182 0.059 0.171 0.191 0.168 0.185 
 34 UA00064521    (4)   :  0.230 0.152 0.104 0.163 0.055 0.157 0.139 
 35 UA00003043    (4)   :  0.168 0.183 0.056 0.185 0.030 0.186 0.191 
 36 UA00063025    (4)   :  0.164 0.114 0.133 0.126 0.229 0.124 0.110 
 37 UA00063826    (4)   :  0.040 0.147 0.314 0.151 0.064 0.151 0.133 
 38   F07407    (4)   :  0.037 0.093 0.356 0.093 0.244 0.091 0.085 
 39 UA00021658    (4)   :  0.053 0.184 0.152 0.184 0.059 0.187 0.181 
 40 UA00003794    (4)   :  0.047 0.108 0.303 0.109 0.220 0.104 0.109 
 41 UA00041322    (4)   :  0.091 0.181 0.079 0.191 0.104 0.188 0.166 
 42 UA00063316    (4)   :  0.126 0.153 0.118 0.170 0.123 0.164 0.145 
 43 UA00047705    (4)   :  0.088 0.155 0.208 0.164 0.080 0.155 0.148 
 44 UA00033904    (4)   :  0.056 0.111 0.070 0.114 0.430 0.114 0.105 
 45 UA00048100    (4)   :  0.070 0.162 0.237 0.168 0.037 0.167 0.159 
 46 UA00032212    (4)   :  0.113 0.124 0.115 0.128 0.270 0.128 0.123 
 47 UA00031574    (4)   :  0.052 0.035 0.045 0.035 0.764 0.036 0.033 
 48 UA00031228    (4)   :  0.038 0.027 0.022 0.027 0.832 0.027 0.027 
 49 UA00047707    (4)   :  0.038 0.224 0.056 0.205 0.021 0.213 0.242 
 50 UA00030906    (4)   :  0.034 0.019 0.017 0.019 0.871 0.020 0.019 
 51 UA00041567    (4)   :  0.081 0.121 0.371 0.122 0.073 0.122 0.110 
 52 UA00007624    (4)   :  0.042 0.158 0.282 0.159 0.027 0.163 0.169 
 53 UA00034514    (4)   :  0.065 0.189 0.122 0.193 0.048 0.192 0.192 
 54 UA00030480    (4)   :  0.041 0.183 0.046 0.190 0.177 0.185 0.177 
 55  Puco012    (4)   :  0.078 0.194 0.093 0.195 0.047 0.201 0.193 
 56 UA00038677    (9)   :  0.154 0.140 0.150 0.144 0.140 0.142 0.130 
 57 UA00048275    (4)   :  0.053 0.144 0.314 0.155 0.042 0.154 0.137 
 58 UA00064055    (4)   :  0.076 0.202 0.037 0.211 0.052 0.217 0.205 
 59  Puco009    (4)   :  0.234 0.169 0.071 0.161 0.031 0.169 0.164 
 60 UA00064561    (4)   :  0.078 0.207 0.037 0.188 0.028 0.202 0.259 
 61 UA00003479    (4)   :  0.090 0.199 0.077 0.194 0.041 0.200 0.199 
 62 UA00063747    (4)   :  0.067 0.175 0.201 0.168 0.022 0.178 0.189 
 63 UA00002558    (4)   :  0.221 0.148 0.158 0.151 0.035 0.150 0.137 
 64 UA00048410    (4)   :  0.217 0.178 0.051 0.170 0.024 0.175 0.186 
 65 UA00012249    (4)   :  0.115 0.201 0.034 0.199 0.027 0.202 0.221 
 66 UA00033818    (4)   :  0.070 0.067 0.095 0.070 0.563 0.069 0.066 
 67  Puco020    (4)   :  0.088 0.167 0.054 0.178 0.153 0.180 0.181 
 68 UA00002545    (9)   :  0.044 0.214 0.040 0.185 0.090 0.196 0.232 
 69 UA00048508    (4)   :  0.050 0.192 0.104 0.199 0.037 0.210 0.207 
 70 UA00064100    (4)   :  0.061 0.183 0.097 0.203 0.067 0.203 0.186 
 71 UA00014585    (4)   :  0.078 0.190 0.090 0.200 0.051 0.201 0.190 
 72 UA00063698    (4)   :  0.389 0.093 0.103 0.099 0.127 0.098 0.090 
 73 UA00049753    (4)   :  0.029 0.118 0.068 0.125 0.430 0.120 0.110 
 74 UA00049037    (4)   :  0.039 0.184 0.123 0.191 0.070 0.193 0.199 
 75 UA00034941    (4)   :  0.097 0.159 0.161 0.173 0.099 0.164 0.148 
 76 UA00008083    (4)   :  0.574 0.074 0.067 0.075 0.058 0.075 0.076 
 77 UA00015084    (4)   :  0.343 0.091 0.107 0.099 0.174 0.097 0.089 
 78 UA00041010    (9)   :  0.392 0.063 0.029 0.067 0.320 0.067 0.061 
 79 UA00035261    (4)   :  0.124 0.133 0.105 0.140 0.237 0.135 0.126 
 80 UA00035431    (4)   :  0.083 0.159 0.260 0.164 0.023 0.162 0.149 
 81 UA00045274    (0)   :  0.114 0.141 0.210 0.148 0.102 0.150 0.135 
 82 UA00028200    (4)   :  0.139 0.097 0.079 0.104 0.385 0.104 0.091 
 83 UA00064559    (0)   :  0.028 0.027 0.031 0.027 0.836 0.026 0.025 
 84 UA00040808    (0)   :  0.135 0.112 0.036 0.111 0.390 0.110 0.106 
 85 UA00049156    (0)   :  0.139 0.096 0.069 0.102 0.405 0.099 0.090 
 86 UA00003952    (4)   :  0.578 0.086 0.032 0.090 0.038 0.088 0.088 
 87 UA00063954    (0)   :  0.040 0.163 0.104 0.175 0.191 0.167 0.160 
 88 UA00062934    (0)   :  0.075 0.145 0.093 0.159 0.235 0.153 0.140 
 89 UA00033829    (0)   :  0.195 0.053 0.043 0.055 0.550 0.054 0.051 
 90 UA00064351    (4)   :  0.108 0.102 0.463 0.098 0.049 0.093 0.086 
 91 UA00003697    (4)   :  0.530 0.080 0.059 0.085 0.086 0.084 0.077 
 92 UA00063438    (4)   :  0.100 0.143 0.075 0.153 0.246 0.148 0.135 
 93 UA00007608    (0)   :  0.186 0.114 0.101 0.121 0.252 0.119 0.106 
 94 UA00019683    (4)   :  0.035 0.065 0.257 0.066 0.453 0.062 0.063 
 95 UA00007781    (0)   :  0.073 0.164 0.224 0.171 0.054 0.163 0.152 
 96 UA00002915    (0)   :  0.091 0.128 0.046 0.142 0.332 0.141 0.120 
 97  Puco031    (4)   :  0.069 0.207 0.056 0.207 0.055 0.202 0.203 
 98 UA00048280    (4)   :  0.096 0.144 0.287 0.151 0.045 0.143 0.132 
 99 UA00048589    (0)   :  0.054 0.137 0.303 0.136 0.097 0.140 0.132 
100 UA00034417    (0)   :  0.163 0.156 0.063 0.165 0.133 0.166 0.156 
101 UA00050411    (4)   :  0.039 0.210 0.079 0.206 0.022 0.207 0.237 
102  Puco029    (4)   :  0.019 0.173 0.267 0.160 0.041 0.164 0.176 
103   F03403    (4)   :  0.050 0.101 0.540 0.098 0.025 0.092 0.094 
104 UA00049904    (0)   :  0.060 0.133 0.209 0.147 0.187 0.139 0.124 
105 UA00035335    (0)   :  0.016 0.200 0.217 0.168 0.031 0.171 0.197 
106 UA00012611    (0)   :  0.037 0.195 0.126 0.203 0.049 0.203 0.187 
107 UA00050319    (0)   :  0.030 0.087 0.624 0.078 0.026 0.077 0.079 
108 UA00032068    (4)   :  0.031 0.184 0.096 0.188 0.137 0.191 0.172 
109 UA00032026    (4)   :  0.044 0.193 0.099 0.190 0.099 0.185 0.190 
110 UA00030476    (4)   :  0.025 0.076 0.596 0.074 0.087 0.071 0.071 
111 UA00046853    (0)   :  0.043 0.108 0.482 0.097 0.081 0.098 0.092 
112 UA00040156    (4)   :  0.024 0.019 0.019 0.019 0.881 0.019 0.019 
113 UA00030528    (4)   :  0.038 0.173 0.033 0.177 0.238 0.170 0.170 
114  Puco025    (4)   :  0.031 0.214 0.099 0.190 0.034 0.190 0.242 
115    pc016    (0)   :  0.025 0.019 0.017 0.019 0.883 0.019 0.018 
116 UA00030617    (4)   :  0.027 0.212 0.116 0.183 0.025 0.195 0.242 
117 UA00030585    (4)   :  0.039 0.029 0.046 0.031 0.795 0.030 0.029 
118 UA00032060    (4)   :  0.040 0.145 0.144 0.143 0.251 0.140 0.137 
119    pc007    (0)   :  0.051 0.119 0.406 0.119 0.071 0.116 0.117 
120 UA00030798    (4)   :  0.025 0.041 0.035 0.043 0.774 0.042 0.041 
121 UA00030778    (4)   :  0.029 0.215 0.059 0.217 0.021 0.222 0.236 
122 UA00039674    (4)   :  0.024 0.025 0.021 0.026 0.853 0.026 0.025 
123 UA00032241    (4)   :  0.028 0.162 0.284 0.160 0.024 0.163 0.179 
124 UA00011624    (0)   :  0.043 0.199 0.140 0.190 0.038 0.188 0.202 
125 UA00033779    (4)   :  0.043 0.092 0.582 0.085 0.033 0.083 0.082 
126 UA00049402    (4)   :  0.177 0.174 0.040 0.187 0.053 0.188 0.181 
127 UA00033653    (0)   :  0.039 0.075 0.660 0.069 0.028 0.062 0.067 
128 UA00047738    (0)   :  0.105 0.160 0.178 0.159 0.082 0.161 0.156 
129 UA00047502    (4)   :  0.223 0.165 0.048 0.172 0.072 0.166 0.154 
130 UA00012014    (4)   :  0.064 0.200 0.062 0.202 0.057 0.207 0.208 
131 UA00040729    (0)   :  0.037 0.147 0.316 0.143 0.060 0.146 0.150 
132 UA00030392    (4)   :  0.031 0.198 0.105 0.198 0.044 0.202 0.224 
133 UA00050033    (0)   :  0.043 0.173 0.179 0.175 0.074 0.173 0.183 
134 UA00012152    (0)   :  0.480 0.113 0.038 0.112 0.024 0.114 0.119 
135 UA00050406    (0)   :  0.056 0.188 0.103 0.210 0.058 0.200 0.185 
136 UA00047973    (0)   :  0.052 0.170 0.231 0.175 0.042 0.170 0.160 
137 UA00008051    (0)   :  0.123 0.162 0.122 0.155 0.122 0.158 0.158 
138 UA00047337    (4)   :  0.048 0.141 0.141 0.152 0.220 0.146 0.151 
139 UA00041604    (4)   :  0.117 0.165 0.110 0.168 0.111 0.168 0.161 
140 UA00031704    (4)   :  0.023 0.209 0.090 0.209 0.029 0.213 0.226 
141 UA00040423    (4)   :  0.042 0.199 0.084 0.189 0.111 0.190 0.185 
142 UA00049433    (0)   :  0.125 0.185 0.047 0.188 0.085 0.192 0.177 
143 UA00034816    (0)   :  0.112 0.196 0.059 0.179 0.041 0.190 0.223 
144 UA00050214    (0)   :  0.029 0.233 0.046 0.193 0.032 0.195 0.272 
145 UA00041073    (0)   :  0.105 0.173 0.118 0.173 0.075 0.171 0.184 
146 UA00030318    (4)   :  0.077 0.198 0.104 0.185 0.034 0.192 0.210 
147 UA00046845    (0)   :  0.137 0.187 0.047 0.183 0.055 0.187 0.204 
148 UA00063946    (0)   :  0.036 0.066 0.677 0.058 0.050 0.056 0.058 
149 UA00031374    (4)   :  0.081 0.194 0.112 0.184 0.050 0.192 0.188 
150    M1136    (4)   :  0.042 0.145 0.045 0.132 0.351 0.135 0.150 
151 UA00034299    (0)   :  0.041 0.227 0.045 0.181 0.040 0.201 0.264 
152 UA00002387    (4)   :  0.085 0.217 0.037 0.210 0.025 0.209 0.217 
153 UA00021855    (0)   :  0.067 0.167 0.210 0.171 0.061 0.167 0.158 
154 UA00014500    (0)   :  0.039 0.200 0.076 0.207 0.067 0.211 0.199 
155 UA00050419    (4)   :  0.039 0.226 0.063 0.183 0.026 0.191 0.272 
156 UA00031854    (4)   :  0.112 0.170 0.145 0.176 0.051 0.179 0.168 
157    pc011    (4)   :  0.052 0.213 0.042 0.208 0.029 0.213 0.243 
158 UA00033004    (0)   :  0.059 0.197 0.053 0.193 0.086 0.203 0.208 
159 UA00046510    (0)   :  0.170 0.176 0.063 0.183 0.037 0.187 0.184 
160 UA00048747    (0)   :  0.081 0.208 0.045 0.198 0.037 0.204 0.228 
161 UA00014293    (0)   :  0.054 0.213 0.033 0.207 0.033 0.219 0.241 
162 UA00047686    (0)   :  0.211 0.166 0.047 0.175 0.067 0.167 0.167 
163 UA00033783    (4)   :  0.131 0.081 0.198 0.082 0.349 0.082 0.077 
164 UA00042609    (4)   :  0.293 0.150 0.043 0.149 0.070 0.149 0.146 
165 UA00031169    (4)   :  0.034 0.220 0.037 0.193 0.039 0.208 0.269 
166 UA00035181    (0)   :  0.033 0.176 0.242 0.178 0.019 0.179 0.173 
167 UA00050133    (0)   :  0.068 0.197 0.091 0.196 0.053 0.195 0.200 
168  Puco011    (4)   :  0.064 0.211 0.035 0.199 0.049 0.209 0.234 
169 UA00041476    (0)   :  0.108 0.187 0.055 0.177 0.078 0.193 0.201 
170 UA00046702    (0)   :  0.036 0.208 0.053 0.205 0.033 0.212 0.253 
171 UA00019940    (0)   :  0.082 0.199 0.103 0.182 0.061 0.181 0.193 
172 UA00049813    (0)   :  0.049 0.159 0.272 0.158 0.064 0.148 0.150 
173 UA00064165    (0)   :  0.413 0.112 0.071 0.117 0.064 0.117 0.106 
174 UA00064421    (0)   :  0.310 0.150 0.056 0.151 0.023 0.160 0.151 
175 UA00064569    (4)   :  0.041 0.195 0.136 0.187 0.022 0.195 0.223 
176 UA00003996    (0)   :  0.192 0.169 0.054 0.171 0.053 0.180 0.181 
177 UA00064491    (4)   :  0.079 0.199 0.113 0.178 0.030 0.180 0.222 
178 UA00011899    (0)   :  0.041 0.189 0.108 0.204 0.062 0.205 0.190 
179  Puco015    (4)   :  0.059 0.174 0.085 0.176 0.150 0.178 0.180 
180 UA00047929    (4)   :  0.026 0.151 0.339 0.143 0.039 0.144 0.158 
181 UA00056669    (0)   :  0.091 0.195 0.082 0.205 0.036 0.203 0.188 
182 UA00050176    (0)   :  0.107 0.176 0.073 0.193 0.079 0.194 0.178 
183  Puco014    (4)   :  0.092 0.153 0.223 0.165 0.058 0.162 0.147 
184 UA00019608    (0)   :  0.097 0.207 0.045 0.199 0.041 0.205 0.206 
185 UA00064333    (0)   :  0.063 0.217 0.049 0.199 0.044 0.212 0.217 
186  Puco013    (4)   :  0.195 0.168 0.068 0.179 0.047 0.178 0.165 
187 UA00016092    (0)   :  0.028 0.218 0.095 0.191 0.023 0.201 0.245 
188 UA00019060    (0)   :  0.495 0.079 0.049 0.081 0.140 0.081 0.076 
189 UA00063532    (0)   :  0.080 0.161 0.149 0.174 0.083 0.183 0.169 
190 UA00064117    (0)   :  0.287 0.102 0.058 0.103 0.247 0.105 0.098 
191 UA00011969    (0)   :  0.096 0.169 0.131 0.187 0.071 0.181 0.166 
192 UA00034586    (4)   :  0.036 0.178 0.231 0.170 0.034 0.176 0.174 
193 UA00030736    (4)   :  0.044 0.199 0.073 0.210 0.056 0.211 0.207 
194 UA00048493    (0)   :  0.055 0.181 0.098 0.191 0.090 0.197 0.188 
195 UA00040466    (0)   :  0.687 0.059 0.040 0.063 0.032 0.061 0.058 
196 UA00047659    (0)   :  0.062 0.192 0.125 0.203 0.033 0.198 0.187 
197 UA00042002    (4)   :  0.064 0.128 0.159 0.138 0.247 0.139 0.125 
198 UA00062606    (0)   :  0.167 0.176 0.077 0.176 0.059 0.175 0.170 
199 UA00030615    (4)   :  0.700 0.056 0.043 0.059 0.026 0.061 0.055 
200 UA00048899    (0)   :  0.063 0.195 0.106 0.202 0.050 0.202 0.182 
201 UA00047725    (0)   :  0.863 0.023 0.020 0.023 0.025 0.024 0.022 
202 UA00030866    (4)   :  0.098 0.199 0.071 0.208 0.043 0.200 0.182 
203 UA00034564    (0)   :  0.073 0.211 0.041 0.214 0.045 0.206 0.210 
204 UA00046520    (0)   :  0.039 0.088 0.594 0.084 0.030 0.082 0.083 
205 UA00035027    (0)   :  0.117 0.163 0.145 0.177 0.073 0.170 0.154 
206 UA00035421    (0)   :  0.332 0.148 0.039 0.147 0.035 0.150 0.147 
207 UA00062740    (4)   :  0.165 0.162 0.077 0.176 0.101 0.172 0.148 
208 UA00012360    (0)   :  0.736 0.051 0.033 0.050 0.030 0.050 0.050 
209 UA00050203    (0)   :  0.047 0.178 0.182 0.181 0.055 0.183 0.174 
210 UA00040534    (4)   :  0.345 0.097 0.043 0.101 0.215 0.104 0.094 
211 UA00031261    (4)   :  0.527 0.077 0.032 0.081 0.128 0.081 0.074 
212 UA00031917    (4)   :  0.343 0.099 0.035 0.106 0.222 0.105 0.090 
213 UA00040798    (4)   :  0.392 0.100 0.114 0.103 0.088 0.104 0.099 
214 UA00030598    (4)   :  0.325 0.119 0.092 0.129 0.086 0.134 0.115 
215 UA00050385    (0)   :  0.105 0.196 0.051 0.201 0.051 0.201 0.194 
216 UA00058283    (0)   :  0.754 0.036 0.037 0.039 0.061 0.038 0.035 
217 UA00042297    (4)   :  0.143 0.088 0.099 0.090 0.402 0.091 0.086 
218 UA00015415    (4)   :  0.782 0.041 0.024 0.041 0.028 0.042 0.041 
219 UA00035531    (0)   :  0.587 0.068 0.033 0.071 0.102 0.072 0.067 
220 UA00048683    (0)   :  0.587 0.083 0.045 0.083 0.035 0.084 0.082 
221 UA00046734    (4)   :  0.745 0.046 0.031 0.047 0.037 0.049 0.045 
222   pcRF01    (0)   :  0.037 0.238 0.031 0.189 0.018 0.211 0.276 
223 UA00007223    (0)   :  0.217 0.159 0.043 0.174 0.083 0.172 0.153 
224 UA00013841    (0)   :  0.038 0.173 0.121 0.170 0.162 0.168 0.168 
225 UA00014196    (0)   :  0.584 0.077 0.032 0.079 0.068 0.084 0.075 
226 UA00034635    (0)   :  0.056 0.195 0.104 0.204 0.035 0.207 0.199 
227 UA00047371    (0)   :  0.068 0.132 0.150 0.142 0.243 0.141 0.125 
228 UA00063544    (0)   :  0.065 0.139 0.166 0.138 0.231 0.134 0.127 
229 UA00064246    (0)   :  0.188 0.134 0.165 0.138 0.108 0.137 0.130 
230 UA00064328    (0)   :  0.213 0.153 0.075 0.155 0.106 0.155 0.143 
231 UA00002952    (0)   :  0.222 0.134 0.067 0.146 0.159 0.141 0.131 
232 UA00064079    (0)   :  0.083 0.160 0.091 0.167 0.165 0.166 0.169 
233 UA00046793    (0)   :  0.243 0.131 0.047 0.140 0.170 0.141 0.129 
234 UA00034769    (0)   :  0.103 0.077 0.136 0.080 0.446 0.084 0.074 
235 UA00034949    (0)   :  0.248 0.160 0.031 0.165 0.073 0.168 0.154 
236 UA00063753    (0)   :  0.110 0.098 0.408 0.101 0.101 0.094 0.088 
237 UA00015713    (0)   :  0.048 0.136 0.242 0.140 0.174 0.135 0.125 
238 UA00003494    (0)   :  0.144 0.175 0.030 0.176 0.104 0.185 0.187 
239 UA00056767    (0)   :  0.033 0.091 0.614 0.084 0.018 0.076 0.084 
240 UA00014461    (0)   :  0.210 0.152 0.079 0.155 0.095 0.157 0.152 
241 UA00034669    (0)   :  0.359 0.107 0.077 0.111 0.137 0.110 0.100 
242 UA00048164    (0)   :  0.228 0.164 0.100 0.160 0.034 0.160 0.154 
243 UA00007974    (0)   :  0.055 0.117 0.400 0.120 0.090 0.115 0.104 
244 UA00016166    (0)   :  0.056 0.155 0.040 0.144 0.295 0.152 0.157 
245 UA00015653    (0)   :  0.177 0.122 0.058 0.130 0.270 0.126 0.118 
246 UA00063882    (0)   :  0.346 0.118 0.053 0.128 0.121 0.120 0.114 
247 UA00049027    (0)   :  0.106 0.118 0.130 0.127 0.281 0.122 0.116 
248 UA00018878    (0)   :  0.044 0.111 0.216 0.116 0.295 0.112 0.106 
249 UA00038796    (0)   :  0.326 0.129 0.098 0.141 0.053 0.130 0.123 
250 UA00013465    (0)   :  0.600 0.071 0.054 0.078 0.052 0.074 0.070 
251 UA00014604    (0)   :  0.235 0.128 0.142 0.136 0.106 0.133 0.121 
252 UA00041913    (0)   :  0.068 0.092 0.286 0.097 0.282 0.089 0.086 
253 UA00021632    (0)   :  0.087 0.089 0.060 0.090 0.503 0.087 0.085 
254 UA00064027    (0)   :  0.128 0.158 0.071 0.174 0.146 0.173 0.150 
255 UA00015023    (0)   :  0.138 0.189 0.063 0.181 0.047 0.184 0.197 
256 UA00050243    (0)   :  0.066 0.147 0.057 0.163 0.269 0.158 0.139 
257 UA00048298    (0)   :  0.081 0.183 0.109 0.177 0.082 0.178 0.190 
258 UA00050437    (0)   :  0.237 0.156 0.070 0.161 0.060 0.164 0.152 
259 UA00014262    (0)   :  0.078 0.169 0.083 0.172 0.160 0.174 0.163 
260 UA00049129    (0)   :  0.050 0.147 0.260 0.151 0.097 0.144 0.151 
261 UA00014740    (0)   :  0.089 0.140 0.261 0.142 0.093 0.139 0.136 
262 UA00049612    (0)   :  0.086 0.054 0.064 0.053 0.638 0.053 0.052 
263 UA00014635    (0)   :  0.037 0.101 0.547 0.097 0.026 0.092 0.100 
264 UA00014673    (0)   :  0.215 0.127 0.110 0.131 0.171 0.126 0.120 
265 UA00033608    (0)   :  0.085 0.086 0.149 0.088 0.426 0.087 0.080 
266 UA00064540    (0)   :  0.097 0.104 0.449 0.104 0.049 0.101 0.097 
267 UA00050256    (0)   :  0.150 0.143 0.059 0.161 0.191 0.159 0.136 
268 UA00015274    (0)   :  0.093 0.198 0.082 0.190 0.046 0.193 0.198 
269 UA00062993    (0)   :  0.092 0.158 0.258 0.166 0.026 0.158 0.143 
270 UA00038364    (0)   :  0.087 0.146 0.197 0.156 0.127 0.151 0.136 
271 UA00014446    (0)   :  0.046 0.193 0.122 0.207 0.030 0.208 0.193 
272 UA00063545    (0)   :  0.158 0.076 0.049 0.083 0.478 0.082 0.075 
273 UA00040054    (0)   :  0.034 0.211 0.085 0.194 0.072 0.195 0.209 
274 UA00058447    (0)   :  0.047 0.157 0.252 0.169 0.058 0.162 0.154 
275 UA00046835    (0)   :  0.049 0.142 0.323 0.149 0.049 0.146 0.142 
276 UA00014608    (0)   :  0.073 0.178 0.173 0.189 0.042 0.181 0.163 
277    pc012    (0)   :  0.118 0.166 0.132 0.176 0.076 0.171 0.162 
278    pc002    (0)   :  0.082 0.112 0.073 0.118 0.391 0.116 0.107 
279 UA00033690    (0)   :  0.050 0.079 0.439 0.076 0.209 0.075 0.073 
280 UA00013688    (0)   :  0.110 0.174 0.137 0.174 0.064 0.176 0.166 
281 UA00063666    (0)   :  0.023 0.078 0.579 0.077 0.105 0.072 0.067 
282 UA00063292    (0)   :  0.030 0.081 0.641 0.074 0.029 0.071 0.073 
283    pc001    (0)   :  0.093 0.178 0.140 0.186 0.051 0.183 0.168 
284    pc008    (0)   :  0.065 0.152 0.274 0.154 0.057 0.151 0.147 
285 UA00034316    (0)   :  0.207 0.128 0.047 0.126 0.215 0.138 0.139 
286 UA00013046    (0)   :  0.026 0.178 0.249 0.162 0.039 0.163 0.183 
287 UA00050241    (0)   :  0.022 0.121 0.464 0.118 0.038 0.116 0.121 
288 UA00048599    (0)   :  0.035 0.142 0.376 0.142 0.030 0.141 0.134 
289 UA00046649    (0)   :  0.046 0.116 0.113 0.113 0.390 0.111 0.112 
290 UA00015674    (0)   :  0.069 0.071 0.174 0.072 0.480 0.069 0.065 
291 UA00013177    (0)   :  0.120 0.121 0.292 0.118 0.123 0.112 0.114 
292 UA00012814    (0)   :  0.079 0.189 0.094 0.194 0.051 0.201 0.192 
293 UA00034654    (0)   :  0.037 0.191 0.159 0.198 0.034 0.188 0.193 
294 UA00046743    (0)   :  0.044 0.129 0.418 0.122 0.037 0.118 0.131 
295 UA00014854    (0)   :  0.023 0.108 0.413 0.101 0.158 0.099 0.099 
296 UA00013729    (0)   :  0.057 0.211 0.076 0.192 0.054 0.189 0.221 
297 UA00063483    (0)   :  0.032 0.162 0.276 0.174 0.042 0.166 0.149 
298 UA00039326    (0)   :  0.045 0.146 0.219 0.148 0.152 0.147 0.143 
299 UA00014742    (0)   :  0.029 0.136 0.411 0.131 0.043 0.130 0.119 
300 UA00049597    (0)   :  0.020 0.091 0.187 0.089 0.441 0.088 0.084 
301 UA00048067    (0)   :  0.080 0.127 0.286 0.141 0.113 0.135 0.118 
302 UA00012918    (0)   :  0.022 0.073 0.486 0.068 0.218 0.066 0.067 
303 UA00013487    (0)   :  0.024 0.249 0.031 0.186 0.027 0.202 0.281 
304 UA00046759    (0)   :  0.192 0.141 0.120 0.145 0.126 0.143 0.133 
305 UA00050164    (0)   :  0.045 0.081 0.038 0.081 0.593 0.080 0.083 
306 UA00049839    (0)   :  0.058 0.136 0.372 0.136 0.038 0.131 0.129 
307 UA00048444    (0)   :  0.035 0.058 0.664 0.052 0.093 0.049 0.049 
308 UA00063857    (0)   :  0.024 0.159 0.303 0.154 0.056 0.148 0.156 
309 UA00014921    (0)   :  0.026 0.094 0.135 0.099 0.460 0.096 0.090 
310 UA00048895    (0)   :  0.054 0.092 0.129 0.100 0.432 0.099 0.094 
311 UA00014556    (0)   :  0.175 0.167 0.117 0.174 0.047 0.167 0.153 
312    pc009    (0)   :  0.021 0.080 0.656 0.073 0.032 0.068 0.072 
313 UA00014959    (0)   :  0.035 0.090 0.156 0.088 0.455 0.086 0.090 
314 UA00020709    (0)   :  0.054 0.163 0.173 0.163 0.123 0.164 0.160 
315 UA00013126    (0)   :  0.029 0.025 0.032 0.026 0.835 0.026 0.026 
316 UA00013695    (0)   :  0.030 0.039 0.038 0.039 0.776 0.039 0.038 
317 UA00049344    (0)   :  0.055 0.100 0.072 0.108 0.469 0.103 0.094 
318 UA00047614    (0)   :  0.114 0.045 0.043 0.047 0.659 0.046 0.045 
319 UA00014221    (0)   :  0.027 0.117 0.513 0.111 0.018 0.109 0.105 
320 UA00014346    (0)   :  0.061 0.109 0.447 0.112 0.063 0.109 0.098 
321 UA00014245    (0)   :  0.033 0.109 0.266 0.106 0.280 0.103 0.103 
322 UA00014696    (0)   :  0.045 0.032 0.020 0.034 0.802 0.034 0.032 
323 UA00006991    (0)   :  0.089 0.203 0.068 0.211 0.036 0.199 0.194 
324 UA00048948    (0)   :  0.074 0.184 0.115 0.195 0.048 0.197 0.186 
325 UA00002239    (0)   :  0.094 0.199 0.049 0.206 0.052 0.204 0.197 
326 UA00063459    (0)   :  0.022 0.088 0.613 0.076 0.047 0.076 0.078 
327 UA00048356    (0)   :  0.134 0.136 0.243 0.151 0.063 0.145 0.129 
328 UA00063940    (0)   :  0.121 0.184 0.081 0.182 0.058 0.182 0.192 
329 UA00048130    (0)   :  0.049 0.122 0.431 0.131 0.035 0.121 0.111 
330 UA00048903    (0)   :  0.028 0.203 0.170 0.176 0.023 0.178 0.222 
331 UA00064643    (0)   :  0.071 0.190 0.136 0.172 0.068 0.174 0.189 
332 UA00050233    (0)   :  0.099 0.175 0.165 0.173 0.038 0.174 0.176 
333 UA00012507    (0)   :  0.175 0.178 0.065 0.187 0.031 0.190 0.174 
334 UA00064416    (0)   :  0.043 0.226 0.053 0.194 0.031 0.209 0.243 
335 UA00034724    (0)   :  0.064 0.176 0.184 0.174 0.037 0.182 0.182 
336 UA00002621    (0)   :  0.039 0.176 0.234 0.169 0.031 0.169 0.181 
337 UA00033203    (0)   :  0.042 0.233 0.037 0.186 0.052 0.201 0.249 
338 UA00011996    (0)   :  0.033 0.193 0.124 0.206 0.069 0.201 0.174 
339 UA00014408    (0)   :  0.296 0.150 0.055 0.155 0.044 0.151 0.150 
340 UA00049502    (0)   :  0.134 0.156 0.181 0.178 0.035 0.164 0.150 
341 UA00062695    (0)   :  0.077 0.130 0.319 0.130 0.100 0.129 0.115 
342 UA00014072    (0)   :  0.052 0.122 0.408 0.120 0.059 0.121 0.118 
343 UA00003334    (0)   :  0.030 0.151 0.345 0.137 0.039 0.137 0.160 
344 UA00013835    (0)   :  0.055 0.161 0.207 0.174 0.074 0.170 0.161 
345 UA00046760    (0)   :  0.042 0.136 0.208 0.141 0.208 0.137 0.128 
346 UA00014241    (0)   :  0.055 0.181 0.177 0.183 0.032 0.184 0.186 
347 UA00049585    (0)   :  0.024 0.154 0.320 0.161 0.039 0.158 0.144 
348 UA00013409    (0)   :  0.172 0.098 0.400 0.095 0.056 0.093 0.086 
349 UA00047548    (0)   :  0.027 0.202 0.116 0.207 0.048 0.209 0.191 
350 UA00049038    (0)   :  0.108 0.104 0.135 0.109 0.335 0.107 0.102 
351 UA00047612    (0)   :  0.068 0.189 0.136 0.198 0.035 0.192 0.181 
352 UA00014822    (0)   :  0.156 0.112 0.086 0.121 0.296 0.124 0.106 
353 UA00035299    (0)   :  0.051 0.208 0.091 0.196 0.053 0.190 0.211 
354 UA00012804    (0)   :  0.066 0.116 0.099 0.124 0.352 0.126 0.117 
355 UA00049578    (0)   :  0.150 0.159 0.154 0.169 0.042 0.169 0.158 
356 UA00047672    (0)   :  0.051 0.235 0.025 0.194 0.030 0.207 0.258 
357 UA00043961    (0)   :  0.075 0.055 0.076 0.057 0.623 0.057 0.056 
358 UA00064575    (0)   :  0.214 0.128 0.227 0.133 0.051 0.132 0.115 
359 UA00014732    (0)   :  0.078 0.191 0.098 0.194 0.030 0.205 0.204 
360 UA00050181    (0)   :  0.069 0.213 0.062 0.222 0.021 0.213 0.200 
361 UA00033369    (0)   :  0.079 0.154 0.054 0.158 0.245 0.161 0.150 
362 UA00011982    (0)   :  0.022 0.234 0.053 0.188 0.022 0.202 0.279 
363 UA00014590    (0)   :  0.072 0.190 0.053 0.186 0.111 0.191 0.196 
364 UA00047743    (0)   :  0.031 0.239 0.054 0.205 0.032 0.210 0.230 
365 UA00046621    (0)   :  0.023 0.223 0.067 0.209 0.029 0.213 0.235 
366 UA00050422    (0)   :  0.136 0.182 0.098 0.184 0.038 0.183 0.179 
367 UA00002760    (0)   :  0.043 0.169 0.185 0.170 0.095 0.171 0.168 
368 UA00012999    (0)   :  0.039 0.191 0.076 0.187 0.126 0.185 0.196 
369 UA00063838    (0)   :  0.048 0.190 0.199 0.171 0.032 0.167 0.193 
370 UA00003729    (0)   :  0.183 0.108 0.180 0.115 0.195 0.114 0.104 
371 UA00015348    (0)   :  0.067 0.107 0.436 0.107 0.079 0.106 0.099 
372 UA00019058    (0)   :  0.108 0.096 0.474 0.091 0.051 0.090 0.090 
373 UA00049549    (0)   :  0.024 0.060 0.640 0.054 0.118 0.053 0.052 
374 UA00014334    (0)   :  0.107 0.202 0.058 0.196 0.053 0.196 0.188 
375 UA00014350    (0)   :  0.018 0.245 0.034 0.182 0.018 0.195 0.308 
376 UA00049227    (0)   :  0.106 0.159 0.055 0.176 0.191 0.166 0.148 
377 UA00014051    (0)   :  0.153 0.189 0.044 0.185 0.025 0.195 0.208 
378 UA00034381    (0)   :  0.108 0.170 0.144 0.180 0.043 0.176 0.180 
379 UA00002354    (0)   :  0.031 0.240 0.053 0.186 0.026 0.200 0.264 
380 UA00049892    (0)   :  0.027 0.157 0.270 0.144 0.095 0.135 0.171 
381 UA00021989    (0)   :  0.061 0.192 0.145 0.187 0.026 0.186 0.203 
382 UA00048968    (0)   :  0.061 0.200 0.093 0.202 0.033 0.210 0.201 
383 UA00013174    (0)   :  0.067 0.202 0.066 0.194 0.051 0.199 0.222 
384 UA00033992    (0)   :  0.039 0.172 0.054 0.180 0.202 0.183 0.170 
385 UA00015801    (0)   :  0.020 0.226 0.071 0.187 0.017 0.203 0.275 
386 UA00063303    (0)   :  0.070 0.111 0.226 0.111 0.263 0.111 0.108 
387 UA00050206    (0)   :  0.037 0.102 0.557 0.099 0.020 0.091 0.094 
388 UA00014458    (0)   :  0.076 0.158 0.183 0.155 0.101 0.164 0.164 
389 UA00007204    (0)   :  0.034 0.124 0.408 0.122 0.061 0.121 0.129 
390 UA00063212    (0)   :  0.146 0.100 0.244 0.104 0.212 0.100 0.093 
391 UA00013340    (0)   :  0.039 0.176 0.134 0.188 0.110 0.186 0.166 
392 UA00062743    (0)   :  0.106 0.207 0.033 0.213 0.029 0.209 0.203 
393 UA00063189    (0)   :  0.491 0.094 0.051 0.099 0.070 0.100 0.096 
394 UA00035432    (0)   :  0.035 0.162 0.294 0.160 0.035 0.153 0.160 
395 UA00007958    (0)   :  0.038 0.197 0.116 0.203 0.032 0.207 0.206 
396 UA00013634    (0)   :  0.063 0.213 0.039 0.211 0.026 0.215 0.233 
397 UA00048175    (0)   :  0.039 0.234 0.033 0.192 0.016 0.201 0.285 
398 UA00003202    (0)   :  0.046 0.177 0.164 0.195 0.044 0.196 0.178 
399 UA00035090    (0)   :  0.110 0.164 0.207 0.156 0.049 0.155 0.160 
400 UA00064679    (0)   :  0.324 0.133 0.072 0.137 0.060 0.139 0.135 
401 UA00039518    (0)   :  0.040 0.197 0.129 0.183 0.047 0.194 0.210 
402 UA00058268    (0)   :  0.057 0.198 0.106 0.195 0.047 0.196 0.200 
403 UA00049456    (0)   :  0.057 0.132 0.202 0.133 0.219 0.130 0.126 
404 UA00049550    (0)   :  0.126 0.134 0.317 0.135 0.031 0.129 0.127 
405 UA00048342    (0)   :  0.067 0.163 0.164 0.157 0.138 0.157 0.154 
406 UA00063493    (0)   :  0.034 0.197 0.173 0.186 0.026 0.185 0.199 
407 UA00058261    (0)   :  0.144 0.189 0.048 0.178 0.034 0.190 0.217 
408 UA00014663    (0)   :  0.075 0.196 0.066 0.206 0.049 0.208 0.201 
409 UA00048817    (0)   :  0.062 0.175 0.047 0.164 0.210 0.170 0.172 
410 UA00049381    (0)   :  0.076 0.202 0.050 0.197 0.030 0.206 0.238 
411 UA00035901    (0)   :  0.275 0.148 0.084 0.155 0.050 0.148 0.139 
412 UA00013301    (0)   :  0.095 0.100 0.460 0.102 0.056 0.097 0.089 
413 UA00047926    (0)   :  0.110 0.192 0.046 0.172 0.083 0.183 0.213 
414 UA00007272    (0)   :  0.184 0.181 0.038 0.184 0.055 0.183 0.175 
415 UA00016041    (0)   :  0.048 0.155 0.279 0.147 0.078 0.148 0.145 
416 UA00013502    (0)   :  0.077 0.184 0.164 0.174 0.024 0.178 0.199 
417 UA00002390    (0)   :  0.053 0.185 0.072 0.191 0.127 0.189 0.183 
418 UA00034907    (0)   :  0.087 0.187 0.131 0.199 0.033 0.190 0.174 
419 UA00048821    (0)   :  0.138 0.156 0.095 0.155 0.143 0.158 0.155 
420 UA00002136    (0)   :  0.080 0.141 0.228 0.147 0.137 0.139 0.126 
421 UA00011790    (0)   :  0.074 0.192 0.056 0.208 0.054 0.211 0.204 
422 UA00021586    (0)   :  0.082 0.150 0.107 0.151 0.214 0.147 0.150 
423 UA00033270    (0)   :  0.083 0.179 0.135 0.183 0.052 0.186 0.182 
424 UA00048073    (0)   :  0.063 0.172 0.197 0.172 0.054 0.169 0.173 
425 UA00048856    (0)   :  0.129 0.175 0.123 0.179 0.045 0.179 0.170 
426 UA00049713    (0)   :  0.065 0.216 0.065 0.185 0.045 0.186 0.238 
427 UA00046885    (0)   :  0.044 0.181 0.186 0.181 0.053 0.189 0.166 
428 UA00034893    (0)   :  0.036 0.201 0.165 0.173 0.037 0.175 0.212 
429 UA00048011    (0)   :  0.095 0.192 0.100 0.183 0.022 0.199 0.209 
430 UA00015786    (0)   :  0.231 0.145 0.083 0.149 0.089 0.151 0.152 
431 UA00013162    (0)   :  0.110 0.207 0.026 0.208 0.043 0.205 0.201 
432 UA00049512    (0)   :  0.087 0.154 0.231 0.162 0.064 0.159 0.143 
433 UA00004046    (0)   :  0.048 0.205 0.043 0.213 0.025 0.219 0.246 
434 UA00048881    (0)   :  0.212 0.134 0.076 0.146 0.161 0.142 0.130 
435 UA00046610    (0)   :  0.113 0.168 0.063 0.168 0.148 0.176 0.164 
436 UA00033282    (0)   :  0.108 0.175 0.138 0.180 0.063 0.172 0.164 
437 UA00047561    (0)   :  0.048 0.210 0.048 0.212 0.036 0.221 0.226 
438 UA00013777    (0)   :  0.184 0.179 0.060 0.190 0.031 0.184 0.172 
439 UA00062849    (0)   :  0.045 0.118 0.441 0.116 0.048 0.121 0.111 
440 UA00049786    (0)   :  0.080 0.214 0.031 0.183 0.024 0.205 0.262 
441 UA00033246    (0)   :  0.023 0.084 0.633 0.082 0.028 0.074 0.076 
442 UA00045302    (0)   :  0.040 0.198 0.099 0.210 0.055 0.203 0.196 
443 UA00048637    (0)   :  0.075 0.208 0.050 0.186 0.033 0.202 0.247 
444 UA00049832    (0)   :  0.043 0.124 0.307 0.120 0.166 0.122 0.119 
445 UA00022023    (0)   :  0.057 0.188 0.061 0.199 0.116 0.199 0.180 
446 UA00050192    (0)   :  0.052 0.173 0.065 0.182 0.188 0.177 0.164 
447 UA00050413    (0)   :  0.075 0.174 0.173 0.180 0.042 0.177 0.178 
448 UA00013445    (0)   :  0.032 0.208 0.086 0.216 0.023 0.224 0.211 
449 UA00035496    (0)   :  0.236 0.151 0.117 0.157 0.046 0.155 0.137 
450 UA00003333    (0)   :  0.296 0.133 0.063 0.135 0.103 0.138 0.131 
451 UA00064008    (0)   :  0.282 0.153 0.062 0.158 0.032 0.159 0.155 
452 UA00003427    (0)   :  0.090 0.149 0.103 0.160 0.191 0.161 0.146 
453 UA00028092    (0)   :  0.157 0.113 0.106 0.121 0.266 0.121 0.115 
454    pc003    (0)   :  0.617 0.059 0.043 0.059 0.105 0.061 0.057 
455 UA00034440    (0)   :  0.081 0.138 0.336 0.137 0.039 0.138 0.130 
456 UA00026062    (0)   :  0.046 0.223 0.029 0.201 0.051 0.211 0.240 
457 UA00014347    (0)   :  0.124 0.163 0.146 0.174 0.078 0.165 0.151 
458 UA00021516    (0)   :  0.042 0.212 0.058 0.195 0.037 0.207 0.248 
459 UA00049347    (0)   :  0.338 0.137 0.061 0.140 0.041 0.144 0.139 
460 UA00063436    (0)   :  0.393 0.088 0.215 0.090 0.049 0.087 0.079 
461 UA00047790    (0)   :  0.062 0.206 0.045 0.221 0.040 0.220 0.205 
462 UA00045714    (0)   :  0.251 0.140 0.060 0.146 0.112 0.151 0.139 
463 UA00038979    (0)   :  0.056 0.112 0.363 0.110 0.142 0.108 0.109 
464 UA00016123    (0)   :  0.131 0.178 0.055 0.189 0.085 0.190 0.172 
465 UA00034765    (0)   :  0.700 0.061 0.028 0.064 0.024 0.062 0.062 
466 UA00063815    (0)   :  0.493 0.076 0.078 0.082 0.120 0.080 0.072 
467 UA00034795    (0)   :  0.066 0.136 0.360 0.135 0.050 0.129 0.124 
468 UA00004000    (0)   :  0.647 0.063 0.052 0.067 0.038 0.068 0.065 
469 UA00049367    (0)   :  0.129 0.141 0.272 0.144 0.029 0.146 0.139 
470 UA00034457    (0)   :  0.038 0.201 0.087 0.214 0.052 0.206 0.203 
471 UA00050015    (0)   :  0.089 0.144 0.254 0.153 0.085 0.146 0.129 
472 UA00021373    (0)   :  0.070 0.185 0.112 0.194 0.055 0.200 0.183 
473 UA00050232    (0)   :  0.542 0.072 0.051 0.078 0.109 0.077 0.071 
474 UA00038724    (0)   :  0.045 0.154 0.189 0.169 0.134 0.166 0.142 
475 UA00007824    (0)   :  0.107 0.188 0.045 0.181 0.110 0.187 0.183 
476 UA00048754    (0)   :  0.153 0.195 0.040 0.209 0.023 0.203 0.177 
477 UA00014271    (0)   :  0.058 0.177 0.137 0.184 0.087 0.177 0.181 
478 UA00013756    (0)   :  0.187 0.105 0.282 0.106 0.116 0.108 0.097 
479 UA00014385    (0)   :  0.277 0.131 0.055 0.140 0.133 0.139 0.125 
480 UA00049609    (0)   :  0.057 0.138 0.347 0.139 0.045 0.139 0.135 
481 UA00003748    (0)   :  0.340 0.144 0.045 0.150 0.033 0.149 0.139 
482 UA00063952    (0)   :  0.284 0.149 0.073 0.162 0.026 0.156 0.150 
483 UA00058348    (0)   :  0.536 0.086 0.085 0.089 0.025 0.092 0.087 
484 UA00014922    (0)   :  0.691 0.053 0.044 0.055 0.049 0.053 0.054 
485 UA00003820    (0)   :  0.121 0.200 0.040 0.206 0.024 0.206 0.204 
486 UA00013693    (0)   :  0.161 0.161 0.071 0.177 0.095 0.172 0.162 
487 UA00047713    (0)   :  0.612 0.080 0.031 0.086 0.028 0.080 0.081 
488 UA00034891    (0)   :  0.361 0.121 0.102 0.130 0.050 0.124 0.112 
489 UA00049223    (0)   :  0.321 0.130 0.097 0.138 0.042 0.137 0.134 
490 UA00064399    (0)   :  0.553 0.049 0.019 0.050 0.230 0.051 0.048 
491 UA00013336    (0)   :  0.683 0.046 0.043 0.049 0.082 0.050 0.046 
492 UA00035291    (0)   :  0.657 0.066 0.024 0.067 0.055 0.069 0.061 
493 UA00003945    (0)   :  0.597 0.071 0.049 0.075 0.060 0.074 0.073 
494 UA00014518    (0)   :  0.460 0.109 0.040 0.112 0.053 0.113 0.113 
495 UA00013583    (0)   :  0.181 0.080 0.082 0.085 0.413 0.086 0.074 
496 UA00011510    (0)   :  0.391 0.116 0.062 0.118 0.080 0.120 0.114 
497 UA00046860    (0)   :  0.265 0.150 0.051 0.149 0.068 0.159 0.158 
498 UA00048853    (0)   :  0.308 0.116 0.059 0.122 0.154 0.122 0.119 
499 UA00012151    (0)   :  0.674 0.062 0.027 0.065 0.039 0.068 0.064 
500 UA00063930    (0)   :  0.127 0.074 0.167 0.076 0.410 0.075 0.071 
501 UA00013453    (0)   :  0.239 0.135 0.096 0.134 0.122 0.139 0.134 
502 UA00039299    (0)   :  0.748 0.043 0.032 0.044 0.046 0.045 0.042 
503 UA00014280    (0)   :  0.821 0.032 0.030 0.033 0.020 0.032 0.032 
504 UA00014200    (0)   :  0.501 0.105 0.031 0.106 0.037 0.110 0.110 
505 UA00040612    (0)   :  0.665 0.048 0.030 0.050 0.109 0.052 0.046 
506 UA00062679    (0)   :  0.729 0.042 0.034 0.044 0.065 0.043 0.042 
507 UA00034481    (0)   :  0.663 0.065 0.039 0.066 0.035 0.068 0.065 
508 UA00011880    (0)   :  0.079 0.085 0.306 0.084 0.283 0.087 0.076 
509 UA00013421    (0)   :  0.652 0.045 0.021 0.048 0.144 0.047 0.043 
510 UA00048051    (0)   :  0.821 0.031 0.022 0.032 0.033 0.031 0.030 
511 UA00063370    (0)   :  0.718 0.035 0.027 0.036 0.114 0.036 0.034 
512 UA00014716    (0)   :  0.723 0.044 0.035 0.046 0.065 0.045 0.042 
513 UA00033426    (0)   :  0.387 0.109 0.030 0.101 0.150 0.108 0.116 
514 UA00015190    (0)   :  0.584 0.049 0.029 0.049 0.192 0.050 0.046 
515 UA00013730    (0)   :  0.043 0.181 0.153 0.185 0.069 0.184 0.184 
516 UA00047644    (4)   :  0.428 0.099 0.047 0.109 0.119 0.107 0.091 
517 UA00031933    (9)   :  0.084 0.202 0.061 0.208 0.044 0.206 0.194 
518 UA00031541    (9)   :  0.376 0.103 0.086 0.108 0.110 0.107 0.109 
519   PCO-60    (4)   :  0.136 0.178 0.144 0.172 0.036 0.169 0.165 
520 UA00030495    (4)   :  0.132 0.155 0.123 0.171 0.102 0.166 0.150 
521 UA00031133    (4)   :  0.027 0.075 0.663 0.066 0.033 0.066 0.069 
522 UA00032049    (4)   :  0.079 0.147 0.084 0.154 0.250 0.153 0.132 
523 UA00030599    (4)   :  0.070 0.082 0.548 0.073 0.084 0.073 0.069 
524 UA00030250    (4)   :  0.043 0.221 0.067 0.203 0.030 0.209 0.227 
525 UA00049385    (4)   :  0.097 0.123 0.324 0.124 0.098 0.123 0.112 
526 UA00031816    (4)   :  0.033 0.078 0.663 0.065 0.034 0.063 0.064 
527 UA00030275    (4)   :  0.077 0.184 0.076 0.192 0.101 0.193 0.178 
528 UA00041861    (4)   :  0.084 0.191 0.078 0.198 0.075 0.195 0.180 
529 UA00041433    (4)   :  0.038 0.205 0.106 0.206 0.026 0.209 0.210 
530  PCO-114    (4)   :  0.107 0.203 0.045 0.201 0.033 0.203 0.209 
531 UA00031529    (4)   :  0.070 0.171 0.176 0.183 0.041 0.186 0.172 
532 UA00039719    (4)   :  0.092 0.187 0.122 0.173 0.038 0.175 0.213 
533  PCO-442    (4)   :  0.035 0.222 0.059 0.201 0.025 0.213 0.246 
534   PCO-58    (0)   :  0.077 0.210 0.029 0.191 0.054 0.205 0.235 
535 UA00048673    (4)   :  0.122 0.173 0.119 0.191 0.046 0.182 0.167 
536   PCO-63    (4)   :  0.068 0.176 0.215 0.163 0.027 0.171 0.179 


Estimated Allele Frequencies in each cluster
First column gives estimated ancestral frequencies


Locus 1 : PP01 
2 alleles
0.0% missing data
   1   (0.588) 0.329 0.602 0.530 0.595 0.911 0.597 0.607 
   2   (0.412) 0.671 0.398 0.470 0.405 0.089 0.403 0.393 

Locus 2 : PP02 
2 alleles
0.0% missing data
   1   (0.920) 0.968 0.922 0.882 0.922 0.992 0.919 0.918 
