

----------------------------------------------------
STRUCTURE by Pritchard, Stephens and Donnelly (2000)
     and Falush, Stephens and Pritchard (2003)
       Code by Pritchard, Falush and Hubisz
             Version 2.3.4 (Jul 2012)
----------------------------------------------------



Command line arguments:   structure -K 6 -o outputfile_K6_10 
Input File:    Puma_SNP_genotypes_cut_AZ_final_HWEonly.str

Run parameters:
   536 individuals
   22 loci
   6 populations assumed
   100000 Burn-in period
   500000 Reps


--------------------------------------------
Overall proportion of membership of the
sample in each of the 6 clusters

Inferred Clusters
  1      2      3      4      5      6    
0.170  0.170  0.170  0.153  0.170  0.166  

--------------------------------------------

Allele-freq. divergence among pops (Net nucleotide distance),
computed using point estimates of P.

      1       2       3       4       5       6      
 1      -    0.0001  0.0015  0.0575  0.0000  0.0470  
 2   0.0001     -    0.0009  0.0564  0.0001  0.0474  
 3   0.0015  0.0009     -    0.0575  0.0014  0.0528  
 4   0.0575  0.0564  0.0575     -    0.0571  0.0730  
 5   0.0000  0.0001  0.0014  0.0571     -    0.0467  
 6   0.0470  0.0474  0.0528  0.0730  0.0467     -    

Average distances (expected heterozygosity) between individuals in same cluster:
cluster  1  : 0.3784 
cluster  2  : 0.3784 
cluster  3  : 0.3746 
cluster  4  : 0.2956 
cluster  5  : 0.3784 
cluster  6  : 0.2667 

--------------------------------------------
Estimated Ln Prob of Data   = -13235.0
Mean value of ln likelihood = -12305.8
Variance of ln likelihood   = 1858.4
Mean value of alpha         = 0.2307

Mean value of Fst_1         = 0.0688
Mean value of Fst_2         = 0.0688
Mean value of Fst_3         = 0.0972
Mean value of Fst_4         = 0.2772
Mean value of Fst_5         = 0.0688
Mean value of Fst_6         = 0.2822


Inferred ancestry of individuals:
        Label (%Miss) :  Inferred clusters
  1 UA00063336   (13)   :  0.123 0.124 0.109 0.446 0.125 0.072 
  2 UA00048914    (9)   :  0.166 0.165 0.138 0.138 0.173 0.219 
  3 UA00014769   (13)   :  0.226 0.219 0.241 0.062 0.226 0.026 
  4 UA00008132   (13)   :  0.199 0.198 0.175 0.140 0.195 0.094 
  5 UA00030462   (13)   :  0.149 0.147 0.131 0.115 0.148 0.310 
  6 UA00034866   (13)   :  0.193 0.197 0.169 0.045 0.199 0.198 
  7 UA00034800    (9)   :  0.070 0.071 0.069 0.633 0.071 0.086 
  8  Puco006    (9)   :  0.061 0.060 0.052 0.080 0.061 0.685 
  9 UA00048874    (4)   :  0.093 0.089 0.078 0.551 0.090 0.098 
 10 UA00049060    (9)   :  0.208 0.202 0.206 0.125 0.205 0.054 
 11 UA00033413    (9)   :  0.184 0.216 0.292 0.046 0.188 0.074 
 12  Puco021    (9)   :  0.162 0.189 0.279 0.168 0.163 0.039 
 13  Puco026    (9)   :  0.202 0.204 0.218 0.138 0.195 0.043 
 14  Puco008    (9)   :  0.128 0.125 0.106 0.297 0.125 0.219 
 15   M01301    (9)   :  0.181 0.205 0.267 0.037 0.177 0.132 
 16   M06306    (9)   :  0.110 0.119 0.117 0.501 0.116 0.037 
 17 UA00032185    (9)   :  0.188 0.188 0.190 0.116 0.186 0.132 
 18 UA00030792    (9)   :  0.027 0.027 0.027 0.857 0.027 0.034 
 19 UA00031647    (9)   :  0.145 0.145 0.122 0.305 0.145 0.138 
 20 UA00031979    (9)   :  0.200 0.202 0.186 0.101 0.192 0.119 
 21  Puco016    (9)   :  0.167 0.159 0.133 0.053 0.170 0.318 
 22  Puco010    (9)   :  0.199 0.212 0.231 0.082 0.201 0.075 
 23    M1035    (9)   :  0.207 0.194 0.172 0.178 0.208 0.041 
 24 UA00034601    (9)   :  0.165 0.178 0.172 0.140 0.174 0.171 
 25 UA00050388    (9)   :  0.183 0.185 0.177 0.161 0.182 0.112 
 26 UA00048699    (9)   :  0.128 0.123 0.106 0.052 0.129 0.462 
 27 UA00064058    (9)   :  0.216 0.217 0.188 0.111 0.222 0.045 
 28 UA00033981    (9)   :  0.175 0.192 0.271 0.098 0.182 0.082 
 29   F05033    (9)   :  0.213 0.220 0.236 0.065 0.211 0.055 
 30 UA00048520    (4)   :  0.145 0.152 0.165 0.265 0.146 0.127 
 31 UA00048422    (4)   :  0.044 0.045 0.047 0.782 0.044 0.039 
 32    PucoB    (4)   :  0.207 0.222 0.249 0.086 0.204 0.032 
 33 UA00047393    (4)   :  0.181 0.172 0.154 0.252 0.183 0.057 
 34 UA00064521    (4)   :  0.162 0.165 0.145 0.081 0.161 0.285 
 35 UA00003043    (4)   :  0.197 0.190 0.163 0.043 0.197 0.209 
 36 UA00063025    (4)   :  0.128 0.132 0.132 0.290 0.130 0.188 
 37 UA00063826    (4)   :  0.191 0.217 0.247 0.092 0.202 0.051 
 38   F07407    (4)   :  0.144 0.160 0.208 0.300 0.140 0.049 
 39 UA00021658    (4)   :  0.212 0.217 0.204 0.080 0.214 0.073 
 40 UA00003794    (4)   :  0.152 0.165 0.199 0.274 0.150 0.060 
 41 UA00041322    (4)   :  0.190 0.192 0.153 0.159 0.193 0.114 
 42 UA00063316    (4)   :  0.169 0.172 0.152 0.171 0.175 0.161 
 43 UA00047705    (4)   :  0.183 0.194 0.196 0.125 0.185 0.116 
 44 UA00033904    (4)   :  0.110 0.110 0.098 0.500 0.112 0.070 
 45 UA00048100    (4)   :  0.204 0.215 0.224 0.056 0.207 0.095 
 46 UA00032212    (4)   :  0.137 0.137 0.132 0.324 0.137 0.133 
 47 UA00031574    (4)   :  0.046 0.048 0.049 0.742 0.047 0.068 
 48 UA00031228    (4)   :  0.036 0.036 0.034 0.805 0.036 0.054 
 49 UA00047707    (4)   :  0.242 0.226 0.204 0.032 0.243 0.054 
 50 UA00030906    (4)   :  0.026 0.026 0.025 0.849 0.026 0.049 
 51 UA00041567    (4)   :  0.176 0.199 0.251 0.095 0.177 0.103 
 52 UA00007624    (4)   :  0.208 0.226 0.260 0.037 0.214 0.055 
 53 UA00034514    (4)   :  0.216 0.216 0.194 0.063 0.225 0.087 
 54 UA00030480    (4)   :  0.187 0.182 0.148 0.235 0.195 0.053 
 55  Puco012    (4)   :  0.214 0.209 0.183 0.066 0.217 0.111 
 56 UA00038677    (9)   :  0.151 0.157 0.158 0.197 0.152 0.186 
 57 UA00048275    (4)   :  0.200 0.211 0.250 0.062 0.205 0.072 
 58 UA00064055    (4)   :  0.227 0.207 0.167 0.075 0.223 0.102 
 59  Puco009    (4)   :  0.178 0.168 0.147 0.045 0.173 0.288 
 60 UA00064561    (4)   :  0.241 0.200 0.193 0.040 0.227 0.098 
 61 UA00003479    (4)   :  0.221 0.211 0.178 0.054 0.217 0.119 
 62 UA00063747    (4)   :  0.225 0.226 0.216 0.031 0.216 0.087 
 63 UA00002558    (4)   :  0.164 0.169 0.171 0.051 0.170 0.275 
 64 UA00048410    (4)   :  0.184 0.171 0.156 0.034 0.184 0.271 
 65 UA00012249    (4)   :  0.220 0.204 0.168 0.037 0.220 0.151 
 66 UA00033818    (4)   :  0.082 0.084 0.087 0.580 0.082 0.085 
 67  Puco020    (4)   :  0.190 0.170 0.148 0.190 0.186 0.115 
 68 UA00002545    (9)   :  0.231 0.205 0.176 0.112 0.217 0.058 
 69 UA00048508    (4)   :  0.228 0.225 0.198 0.053 0.227 0.069 
 70 UA00064100    (4)   :  0.211 0.210 0.182 0.098 0.214 0.084 
 71 UA00014585    (4)   :  0.214 0.213 0.179 0.068 0.220 0.106 
 72 UA00063698    (4)   :  0.105 0.107 0.103 0.161 0.104 0.420 
 73 UA00049753    (4)   :  0.123 0.121 0.101 0.497 0.120 0.038 
 74 UA00049037    (4)   :  0.219 0.215 0.194 0.097 0.224 0.051 
 75 UA00034941    (4)   :  0.178 0.188 0.175 0.144 0.187 0.128 
 76 UA00008083    (4)   :  0.085 0.081 0.080 0.073 0.085 0.596 
 77 UA00015084    (4)   :  0.100 0.105 0.102 0.222 0.100 0.371 
 78 UA00041010    (9)   :  0.069 0.066 0.058 0.340 0.066 0.400 
 79 UA00035261    (4)   :  0.141 0.141 0.130 0.291 0.141 0.155 
 80 UA00035431    (4)   :  0.197 0.220 0.240 0.034 0.201 0.109 
 81 UA00045274    (0)   :  0.174 0.186 0.184 0.142 0.171 0.144 
 82 UA00028200    (4)   :  0.106 0.108 0.094 0.421 0.103 0.168 
 83 UA00064559    (0)   :  0.034 0.035 0.036 0.824 0.034 0.038 
 84 UA00040808    (0)   :  0.102 0.102 0.086 0.461 0.101 0.148 
 85 UA00049156    (0)   :  0.096 0.096 0.088 0.465 0.098 0.157 
 86 UA00003952    (4)   :  0.089 0.087 0.075 0.050 0.090 0.608 
 87 UA00063954    (0)   :  0.166 0.175 0.158 0.275 0.171 0.054 
 88 UA00062934    (0)   :  0.147 0.149 0.135 0.326 0.148 0.094 
 89 UA00033829    (0)   :  0.058 0.059 0.056 0.555 0.059 0.212 
 90 UA00064351    (4)   :  0.168 0.192 0.269 0.068 0.170 0.132 
 91 UA00003697    (4)   :  0.087 0.087 0.082 0.113 0.086 0.546 
 92 UA00063438    (4)   :  0.146 0.143 0.123 0.325 0.142 0.122 
 93 UA00007608    (0)   :  0.118 0.119 0.110 0.318 0.119 0.216 
 94 UA00019683    (4)   :  0.102 0.114 0.147 0.486 0.107 0.044 
 95 UA00007781    (0)   :  0.202 0.208 0.212 0.078 0.203 0.098 
 96 UA00002915    (0)   :  0.135 0.130 0.107 0.376 0.132 0.120 
 97  Puco031    (4)   :  0.219 0.215 0.173 0.078 0.221 0.095 
 98 UA00048280    (4)   :  0.184 0.203 0.230 0.067 0.193 0.124 
 99 UA00048589    (0)   :  0.188 0.197 0.221 0.142 0.183 0.071 
100 UA00034417    (0)   :  0.166 0.164 0.139 0.177 0.166 0.188 
101 UA00050411    (4)   :  0.243 0.223 0.202 0.032 0.247 0.053 
102  Puco029    (4)   :  0.220 0.230 0.248 0.060 0.217 0.026 
103   F03403    (4)   :  0.193 0.220 0.298 0.035 0.188 0.065 
104 UA00049904    (0)   :  0.159 0.176 0.180 0.249 0.160 0.076 
105 UA00035335    (0)   :  0.236 0.230 0.242 0.045 0.225 0.022 
106 UA00012611    (0)   :  0.230 0.229 0.191 0.073 0.227 0.050 
107 UA00050319    (0)   :  0.188 0.218 0.335 0.035 0.185 0.039 
108 UA00032068    (4)   :  0.205 0.195 0.169 0.188 0.202 0.041 
109 UA00032026    (4)   :  0.203 0.205 0.185 0.140 0.207 0.060 
110 UA00030476    (4)   :  0.174 0.200 0.300 0.123 0.169 0.034 
111 UA00046853    (0)   :  0.177 0.200 0.282 0.108 0.177 0.056 
112 UA00040156    (4)   :  0.026 0.026 0.026 0.863 0.026 0.033 
113 UA00030528    (4)   :  0.171 0.164 0.137 0.306 0.173 0.049 
114  Puco025    (4)   :  0.236 0.220 0.221 0.048 0.234 0.042 
115    pc016    (0)   :  0.025 0.026 0.025 0.865 0.025 0.034 
116 UA00030617    (4)   :  0.245 0.218 0.230 0.035 0.236 0.035 
117 UA00030585    (4)   :  0.043 0.043 0.047 0.772 0.042 0.054 
118 UA00032060    (4)   :  0.156 0.165 0.156 0.314 0.158 0.051 
119    pc007    (0)   :  0.178 0.202 0.273 0.092 0.187 0.067 
120 UA00030798    (4)   :  0.051 0.051 0.049 0.763 0.051 0.035 
121 UA00030778    (4)   :  0.248 0.232 0.201 0.033 0.246 0.040 
122 UA00039674    (4)   :  0.031 0.032 0.031 0.841 0.032 0.033 
123 UA00032241    (4)   :  0.213 0.226 0.275 0.034 0.215 0.037 
124 UA00011624    (0)   :  0.231 0.222 0.206 0.056 0.226 0.060 
125 UA00033779    (4)   :  0.182 0.217 0.319 0.045 0.182 0.057 
126 UA00049402    (4)   :  0.184 0.181 0.142 0.071 0.190 0.232 
127 UA00033653    (0)   :  0.177 0.213 0.338 0.040 0.181 0.051 
128 UA00047738    (0)   :  0.182 0.188 0.195 0.119 0.182 0.134 
129 UA00047502    (4)   :  0.166 0.160 0.128 0.098 0.163 0.284 
130 UA00012014    (4)   :  0.220 0.206 0.176 0.084 0.222 0.091 
131 UA00040729    (0)   :  0.199 0.215 0.255 0.088 0.194 0.049 
132 UA00030392    (4)   :  0.230 0.221 0.214 0.059 0.233 0.043 
133 UA00050033    (0)   :  0.208 0.216 0.213 0.095 0.210 0.058 
134 UA00012152    (0)   :  0.121 0.117 0.106 0.035 0.117 0.504 
135 UA00050406    (0)   :  0.211 0.219 0.189 0.087 0.219 0.075 
136 UA00047973    (0)   :  0.206 0.223 0.227 0.060 0.213 0.070 
137 UA00008051    (0)   :  0.173 0.169 0.164 0.170 0.174 0.150 
138 UA00047337    (4)   :  0.164 0.164 0.162 0.284 0.164 0.062 
139 UA00041604    (4)   :  0.176 0.179 0.171 0.156 0.176 0.142 
140 UA00031704    (4)   :  0.249 0.236 0.202 0.040 0.242 0.032 
141 UA00040423    (4)   :  0.215 0.197 0.176 0.148 0.209 0.056 
142 UA00049433    (0)   :  0.194 0.182 0.151 0.120 0.189 0.163 
143 UA00034816    (0)   :  0.222 0.194 0.183 0.055 0.209 0.138 
144 UA00050214    (0)   :  0.253 0.217 0.207 0.044 0.240 0.039 
145 UA00041073    (0)   :  0.196 0.190 0.180 0.097 0.196 0.141 
146 UA00030318    (4)   :  0.222 0.214 0.196 0.049 0.219 0.101 
147 UA00046845    (0)   :  0.201 0.182 0.163 0.074 0.201 0.179 
148 UA00063946    (0)   :  0.171 0.208 0.331 0.070 0.173 0.047 
149 UA00031374    (4)   :  0.213 0.210 0.192 0.070 0.209 0.106 
150    M1136    (4)   :  0.151 0.143 0.122 0.376 0.151 0.057 
151 UA00034299    (0)   :  0.242 0.216 0.201 0.056 0.227 0.057 
152 UA00002387    (4)   :  0.234 0.214 0.183 0.035 0.221 0.112 
153 UA00021855    (0)   :  0.196 0.210 0.219 0.085 0.201 0.089 
154 UA00014500    (0)   :  0.229 0.219 0.179 0.090 0.229 0.054 
155 UA00050419    (4)   :  0.250 0.218 0.208 0.036 0.236 0.053 
156 UA00031854    (4)   :  0.197 0.200 0.191 0.067 0.199 0.146 
157    pc011    (4)   :  0.248 0.220 0.188 0.041 0.235 0.069 
158 UA00033004    (0)   :  0.220 0.198 0.173 0.120 0.211 0.078 
159 UA00046510    (0)   :  0.197 0.182 0.163 0.053 0.194 0.210 
160 UA00048747    (0)   :  0.230 0.209 0.186 0.053 0.219 0.104 
161 UA00014293    (0)   :  0.245 0.217 0.185 0.045 0.238 0.071 
162 UA00047686    (0)   :  0.172 0.166 0.139 0.105 0.166 0.253 
163 UA00033783    (4)   :  0.110 0.118 0.139 0.372 0.109 0.154 
164 UA00042609    (4)   :  0.159 0.147 0.121 0.096 0.155 0.321 
165 UA00031169    (4)   :  0.253 0.214 0.200 0.053 0.234 0.045 
166 UA00035181    (0)   :  0.231 0.232 0.241 0.027 0.224 0.045 
167 UA00050133    (0)   :  0.220 0.209 0.189 0.071 0.220 0.091 
168  Puco011    (4)   :  0.235 0.209 0.180 0.067 0.227 0.082 
169 UA00041476    (0)   :  0.204 0.186 0.167 0.100 0.202 0.142 
170 UA00046702    (0)   :  0.242 0.218 0.202 0.044 0.244 0.050 
171 UA00019940    (0)   :  0.207 0.204 0.187 0.091 0.207 0.104 
172 UA00049813    (0)   :  0.201 0.209 0.239 0.090 0.198 0.063 
173 UA00064165    (0)   :  0.115 0.116 0.105 0.086 0.116 0.461 
174 UA00064421    (0)   :  0.163 0.157 0.136 0.033 0.159 0.352 
175 UA00064569    (4)   :  0.229 0.228 0.229 0.033 0.228 0.054 
176 UA00003996    (0)   :  0.182 0.171 0.156 0.068 0.180 0.243 
177 UA00064491    (4)   :  0.224 0.207 0.208 0.042 0.215 0.104 
178 UA00011899    (0)   :  0.226 0.218 0.192 0.088 0.221 0.056 
179  Puco015    (4)   :  0.188 0.181 0.168 0.200 0.187 0.076 
180 UA00047929    (4)   :  0.207 0.225 0.270 0.056 0.207 0.034 
181 UA00056669    (0)   :  0.215 0.207 0.181 0.055 0.218 0.124 
182 UA00050176    (0)   :  0.198 0.193 0.161 0.107 0.200 0.141 
183  Puco014    (4)   :  0.189 0.200 0.212 0.084 0.195 0.119 
184 UA00019608    (0)   :  0.225 0.204 0.172 0.057 0.217 0.126 
185 UA00064333    (0)   :  0.235 0.210 0.181 0.063 0.228 0.084 
186  Puco013    (4)   :  0.182 0.172 0.153 0.067 0.183 0.243 
187 UA00016092    (0)   :  0.248 0.223 0.218 0.032 0.240 0.039 
188 UA00019060    (0)   :  0.086 0.085 0.076 0.161 0.085 0.507 
189 UA00063532    (0)   :  0.195 0.195 0.193 0.105 0.202 0.111 
190 UA00064117    (0)   :  0.106 0.104 0.095 0.284 0.104 0.307 
191 UA00011969    (0)   :  0.194 0.197 0.183 0.104 0.193 0.129 
192 UA00034586    (4)   :  0.222 0.221 0.236 0.050 0.222 0.050 
193 UA00030736    (4)   :  0.224 0.221 0.176 0.083 0.234 0.062 
194 UA00048493    (0)   :  0.208 0.201 0.185 0.122 0.212 0.072 
195 UA00040466    (0)   :  0.066 0.069 0.061 0.044 0.069 0.690 
196 UA00047659    (0)   :  0.218 0.226 0.198 0.051 0.223 0.085 
197 UA00042002    (4)   :  0.147 0.152 0.153 0.317 0.149 0.082 
198 UA00062606    (0)   :  0.186 0.178 0.153 0.087 0.189 0.206 
199 UA00030615    (4)   :  0.067 0.068 0.065 0.036 0.067 0.697 
200 UA00048899    (0)   :  0.216 0.220 0.186 0.071 0.219 0.087 
201 UA00047725    (0)   :  0.029 0.030 0.029 0.035 0.030 0.848 
202 UA00030866    (4)   :  0.204 0.210 0.168 0.063 0.222 0.132 
203 UA00034564    (0)   :  0.221 0.219 0.165 0.068 0.230 0.097 
204 UA00046520    (0)   :  0.188 0.214 0.324 0.040 0.186 0.049 
205 UA00035027    (0)   :  0.180 0.191 0.175 0.107 0.192 0.155 
206 UA00035421    (0)   :  0.152 0.144 0.119 0.049 0.149 0.387 
207 UA00062740    (4)   :  0.164 0.170 0.137 0.148 0.175 0.206 
208 UA00012360    (0)   :  0.058 0.059 0.056 0.041 0.059 0.727 
209 UA00050203    (0)   :  0.213 0.215 0.219 0.076 0.212 0.065 
210 UA00040534    (4)   :  0.099 0.098 0.085 0.257 0.100 0.361 
211 UA00031261    (4)   :  0.077 0.077 0.067 0.158 0.079 0.542 
212 UA00031917    (4)   :  0.094 0.092 0.078 0.282 0.092 0.361 
213 UA00040798    (4)   :  0.118 0.116 0.124 0.105 0.118 0.419 
214 UA00030598    (4)   :  0.128 0.133 0.125 0.103 0.140 0.370 
215 UA00050385    (0)   :  0.212 0.203 0.163 0.075 0.212 0.135 
216 UA00058283    (0)   :  0.046 0.047 0.046 0.077 0.047 0.737 
217 UA00042297    (4)   :  0.105 0.109 0.107 0.401 0.108 0.170 
218 UA00015415    (4)   :  0.047 0.049 0.045 0.038 0.048 0.773 
219 UA00035531    (0)   :  0.070 0.071 0.063 0.125 0.073 0.598 
220 UA00048683    (0)   :  0.089 0.086 0.079 0.049 0.091 0.606 
221 UA00046734    (4)   :  0.054 0.055 0.052 0.052 0.055 0.731 
222   pcRF01    (0)   :  0.269 0.218 0.201 0.025 0.237 0.050 
223 UA00007223    (0)   :  0.166 0.160 0.127 0.114 0.173 0.259 
224 UA00013841    (0)   :  0.185 0.184 0.171 0.235 0.176 0.049 
225 UA00014196    (0)   :  0.078 0.074 0.066 0.085 0.076 0.620 
226 UA00034635    (0)   :  0.221 0.222 0.194 0.052 0.232 0.079 
227 UA00047371    (0)   :  0.149 0.156 0.150 0.305 0.154 0.087 
228 UA00063544    (0)   :  0.154 0.159 0.166 0.286 0.153 0.083 
229 UA00064246    (0)   :  0.162 0.159 0.164 0.134 0.158 0.223 
230 UA00064328    (0)   :  0.155 0.153 0.135 0.156 0.154 0.247 
231 UA00002952    (0)   :  0.135 0.137 0.115 0.200 0.146 0.267 
232 UA00064079    (0)   :  0.171 0.174 0.157 0.218 0.173 0.107 
233 UA00046793    (0)   :  0.134 0.132 0.110 0.200 0.134 0.291 
234 UA00034769    (0)   :  0.097 0.103 0.111 0.464 0.100 0.125 
235 UA00034949    (0)   :  0.161 0.153 0.122 0.098 0.164 0.302 
236 UA00063753    (0)   :  0.156 0.174 0.239 0.142 0.158 0.131 
237 UA00015713    (0)   :  0.163 0.181 0.191 0.234 0.167 0.064 
238 UA00003494    (0)   :  0.186 0.178 0.143 0.124 0.188 0.182 
239 UA00056767    (0)   :  0.190 0.222 0.333 0.025 0.186 0.044 
240 UA00014461    (0)   :  0.159 0.154 0.136 0.119 0.162 0.270 
241 UA00034669    (0)   :  0.109 0.114 0.102 0.182 0.111 0.382 
242 UA00048164    (0)   :  0.176 0.176 0.156 0.048 0.176 0.269 
243 UA00007974    (0)   :  0.171 0.194 0.251 0.137 0.174 0.073 
244 UA00016166    (0)   :  0.154 0.144 0.125 0.352 0.153 0.071 
245 UA00015653    (0)   :  0.117 0.120 0.101 0.335 0.122 0.204 
246 UA00063882    (0)   :  0.119 0.114 0.101 0.147 0.117 0.403 
247 UA00049027    (0)   :  0.126 0.130 0.132 0.366 0.128 0.118 
248 UA00018878    (0)   :  0.135 0.143 0.157 0.377 0.134 0.054 
249 UA00038796    (0)   :  0.135 0.137 0.128 0.081 0.137 0.382 
250 UA00013465    (0)   :  0.078 0.082 0.077 0.071 0.081 0.611 
251 UA00014604    (0)   :  0.142 0.151 0.150 0.147 0.146 0.264 
252 UA00041913    (0)   :  0.133 0.141 0.184 0.324 0.134 0.083 
253 UA00021632    (0)   :  0.086 0.087 0.081 0.558 0.088 0.100 
254 UA00064027    (0)   :  0.165 0.161 0.139 0.209 0.168 0.159 
255 UA00015023    (0)   :  0.199 0.182 0.168 0.065 0.195 0.192 
256 UA00050243    (0)   :  0.148 0.147 0.123 0.347 0.151 0.084 
257 UA00048298    (0)   :  0.205 0.195 0.183 0.111 0.201 0.105 
258 UA00050437    (0)   :  0.161 0.156 0.140 0.091 0.159 0.293 
259 UA00014262    (0)   :  0.175 0.176 0.151 0.223 0.175 0.100 
260 UA00049129    (0)   :  0.191 0.198 0.217 0.133 0.194 0.067 
261 UA00014740    (0)   :  0.177 0.192 0.212 0.119 0.181 0.119 
262 UA00049612    (0)   :  0.065 0.065 0.068 0.639 0.065 0.099 
263 UA00014635    (0)   :  0.191 0.219 0.318 0.037 0.189 0.047 
264 UA00014673    (0)   :  0.128 0.134 0.127 0.243 0.128 0.240 
265 UA00033608    (0)   :  0.104 0.108 0.116 0.460 0.106 0.107 
266 UA00064540    (0)   :  0.173 0.196 0.265 0.068 0.176 0.121 
267 UA00050256    (0)   :  0.144 0.145 0.117 0.246 0.147 0.201 
268 UA00015274    (0)   :  0.212 0.209 0.182 0.068 0.213 0.117 
269 UA00062993    (0)   :  0.195 0.213 0.232 0.038 0.203 0.120 
270 UA00038364    (0)   :  0.166 0.179 0.189 0.180 0.174 0.111 
271 UA00014446    (0)   :  0.226 0.226 0.204 0.046 0.232 0.066 
272 UA00063545    (0)   :  0.078 0.079 0.072 0.516 0.080 0.175 
273 UA00040054    (0)   :  0.220 0.214 0.193 0.109 0.216 0.046 
274 UA00058447    (0)   :  0.203 0.218 0.224 0.086 0.205 0.064 
275 UA00046835    (0)   :  0.201 0.214 0.250 0.067 0.201 0.067 
276 UA00014608    (0)   :  0.209 0.215 0.205 0.063 0.209 0.098 
277    pc012    (0)   :  0.183 0.189 0.185 0.108 0.186 0.150 
278    pc002    (0)   :  0.116 0.116 0.110 0.442 0.119 0.098 
279 UA00033690    (0)   :  0.140 0.161 0.221 0.275 0.141 0.062 
280 UA00013688    (0)   :  0.192 0.196 0.181 0.091 0.197 0.142 
281 UA00063666    (0)   :  0.165 0.199 0.301 0.140 0.166 0.030 
282 UA00063292    (0)   :  0.186 0.214 0.332 0.043 0.185 0.041 
283    pc001    (0)   :  0.205 0.206 0.186 0.077 0.205 0.121 
284    pc008    (0)   :  0.195 0.211 0.232 0.085 0.194 0.083 
285 UA00034316    (0)   :  0.136 0.132 0.117 0.247 0.134 0.233 
286 UA00013046    (0)   :  0.219 0.220 0.256 0.054 0.216 0.035 
287 UA00050241    (0)   :  0.194 0.219 0.303 0.056 0.198 0.029 
288 UA00048599    (0)   :  0.206 0.222 0.270 0.043 0.211 0.049 
289 UA00046649    (0)   :  0.117 0.121 0.119 0.470 0.117 0.055 
290 UA00015674    (0)   :  0.092 0.097 0.113 0.524 0.092 0.082 
291 UA00013177    (0)   :  0.160 0.173 0.209 0.154 0.158 0.145 
292 UA00012814    (0)   :  0.220 0.207 0.187 0.075 0.206 0.105 
293 UA00034654    (0)   :  0.224 0.228 0.219 0.052 0.226 0.051 
294 UA00046743    (0)   :  0.196 0.216 0.284 0.052 0.195 0.057 
295 UA00014854    (0)   :  0.169 0.185 0.233 0.218 0.166 0.029 
296 UA00013729    (0)   :  0.224 0.210 0.196 0.078 0.215 0.077 
297 UA00063483    (0)   :  0.208 0.229 0.240 0.061 0.217 0.045 
298 UA00039326    (0)   :  0.179 0.186 0.192 0.206 0.178 0.059 
299 UA00014742    (0)   :  0.198 0.218 0.283 0.060 0.202 0.039 
300 UA00049597    (0)   :  0.109 0.116 0.126 0.516 0.107 0.026 
301 UA00048067    (0)   :  0.168 0.182 0.213 0.168 0.169 0.099 
302 UA00012918    (0)   :  0.140 0.164 0.240 0.281 0.146 0.030 
303 UA00013487    (0)   :  0.265 0.224 0.198 0.036 0.245 0.032 
304 UA00046759    (0)   :  0.151 0.152 0.144 0.172 0.151 0.229 
305 UA00050164    (0)   :  0.086 0.083 0.075 0.615 0.083 0.058 
306 UA00049839    (0)   :  0.193 0.215 0.269 0.051 0.197 0.075 
307 UA00048444    (0)   :  0.160 0.193 0.322 0.121 0.159 0.045 
308 UA00063857    (0)   :  0.200 0.223 0.255 0.080 0.209 0.032 
309 UA00014921    (0)   :  0.107 0.115 0.120 0.515 0.110 0.033 
310 UA00048895    (0)   :  0.115 0.117 0.120 0.468 0.113 0.067 
311 UA00014556    (0)   :  0.181 0.187 0.166 0.075 0.181 0.210 
312    pc009    (0)   :  0.186 0.215 0.341 0.046 0.185 0.027 
313 UA00014959    (0)   :  0.105 0.107 0.116 0.523 0.105 0.043 
314 UA00020709    (0)   :  0.185 0.190 0.184 0.187 0.182 0.072 
315 UA00013126    (0)   :  0.036 0.037 0.038 0.813 0.036 0.040 
316 UA00013695    (0)   :  0.049 0.050 0.048 0.764 0.049 0.040 
317 UA00049344    (0)   :  0.095 0.099 0.091 0.550 0.098 0.066 
318 UA00047614    (0)   :  0.052 0.051 0.050 0.670 0.051 0.126 
319 UA00014221    (0)   :  0.197 0.229 0.317 0.026 0.197 0.035 
320 UA00014346    (0)   :  0.178 0.205 0.270 0.086 0.180 0.080 
321 UA00014245    (0)   :  0.145 0.153 0.178 0.343 0.136 0.044 
322 UA00014696    (0)   :  0.041 0.041 0.037 0.778 0.041 0.062 
323 UA00006991    (0)   :  0.217 0.213 0.176 0.055 0.217 0.121 
324 UA00048948    (0)   :  0.209 0.211 0.192 0.071 0.214 0.103 
325 UA00002239    (0)   :  0.213 0.206 0.172 0.081 0.209 0.120 
326 UA00063459    (0)   :  0.183 0.213 0.325 0.069 0.181 0.030 
327 UA00048356    (0)   :  0.175 0.190 0.206 0.089 0.176 0.164 
328 UA00063940    (0)   :  0.198 0.196 0.174 0.077 0.199 0.155 
329 UA00048130    (0)   :  0.190 0.217 0.278 0.052 0.198 0.066 
330 UA00048903    (0)   :  0.231 0.229 0.242 0.032 0.228 0.038 
331 UA00064643    (0)   :  0.200 0.204 0.198 0.095 0.206 0.097 
332 UA00050233    (0)   :  0.205 0.202 0.208 0.053 0.205 0.127 
333 UA00012507    (0)   :  0.187 0.183 0.157 0.044 0.195 0.233 
334 UA00064416    (0)   :  0.251 0.215 0.196 0.045 0.234 0.059 
335 UA00034724    (0)   :  0.213 0.214 0.223 0.051 0.215 0.084 
336 UA00002621    (0)   :  0.215 0.229 0.243 0.045 0.217 0.051 
337 UA00033203    (0)   :  0.253 0.212 0.185 0.068 0.227 0.055 
338 UA00011996    (0)   :  0.213 0.224 0.191 0.104 0.222 0.046 
339 UA00014408    (0)   :  0.152 0.149 0.131 0.065 0.152 0.350 
340 UA00049502    (0)   :  0.187 0.202 0.202 0.053 0.188 0.169 
341 UA00062695    (0)   :  0.174 0.194 0.224 0.133 0.174 0.101 
342 UA00014072    (0)   :  0.190 0.202 0.273 0.078 0.191 0.066 
343 UA00003334    (0)   :  0.203 0.224 0.274 0.054 0.204 0.040 
344 UA00013835    (0)   :  0.194 0.209 0.208 0.111 0.202 0.076 
345 UA00046760    (0)   :  0.168 0.172 0.185 0.252 0.169 0.055 
346 UA00014241    (0)   :  0.220 0.219 0.219 0.045 0.223 0.074 
347 UA00049585    (0)   :  0.210 0.223 0.265 0.056 0.214 0.032 
348 UA00013409    (0)   :  0.154 0.175 0.242 0.074 0.152 0.202 
349 UA00047548    (0)   :  0.229 0.231 0.198 0.067 0.239 0.037 
350 UA00049038    (0)   :  0.122 0.123 0.125 0.385 0.119 0.126 
351 UA00047612    (0)   :  0.215 0.215 0.203 0.053 0.223 0.092 
352 UA00014822    (0)   :  0.116 0.121 0.106 0.361 0.119 0.177 
353 UA00035299    (0)   :  0.224 0.213 0.195 0.075 0.222 0.072 
354 UA00012804    (0)   :  0.129 0.130 0.120 0.406 0.132 0.083 
355 UA00049578    (0)   :  0.185 0.185 0.183 0.060 0.192 0.195 
356 UA00047672    (0)   :  0.248 0.223 0.192 0.044 0.227 0.067 
357 UA00043961    (0)   :  0.069 0.072 0.075 0.623 0.071 0.090 
358 UA00064575    (0)   :  0.158 0.169 0.194 0.068 0.160 0.251 
359 UA00014732    (0)   :  0.227 0.208 0.201 0.044 0.220 0.099 
360 UA00050181    (0)   :  0.232 0.228 0.178 0.033 0.236 0.094 
361 UA00033369    (0)   :  0.157 0.149 0.129 0.309 0.155 0.101 
362 UA00011982    (0)   :  0.257 0.219 0.224 0.031 0.240 0.029 
363 UA00014590    (0)   :  0.207 0.187 0.163 0.149 0.200 0.095 
364 UA00047743    (0)   :  0.252 0.221 0.197 0.047 0.240 0.042 
365 UA00046621    (0)   :  0.258 0.229 0.204 0.041 0.237 0.031 
366 UA00050422    (0)   :  0.196 0.191 0.176 0.057 0.195 0.185 
367 UA00002760    (0)   :  0.200 0.206 0.206 0.125 0.205 0.058 
368 UA00012999    (0)   :  0.205 0.197 0.170 0.170 0.206 0.052 
369 UA00063838    (0)   :  0.217 0.218 0.240 0.045 0.216 0.063 
370 UA00003729    (0)   :  0.131 0.135 0.146 0.243 0.128 0.217 
371 UA00015348    (0)   :  0.175 0.193 0.270 0.100 0.175 0.087 
372 UA00019058    (0)   :  0.171 0.197 0.269 0.068 0.166 0.130 
373 UA00049549    (0)   :  0.163 0.192 0.303 0.154 0.158 0.031 
374 UA00014334    (0)   :  0.205 0.200 0.164 0.077 0.210 0.144 
375 UA00014350    (0)   :  0.265 0.225 0.219 0.025 0.243 0.024 
376 UA00049227    (0)   :  0.160 0.160 0.122 0.260 0.166 0.132 
377 UA00014051    (0)   :  0.209 0.190 0.163 0.033 0.205 0.199 
378 UA00034381    (0)   :  0.201 0.198 0.199 0.060 0.204 0.137 
379 UA00002354    (0)   :  0.257 0.220 0.202 0.037 0.243 0.042 
380 UA00049892    (0)   :  0.197 0.202 0.241 0.124 0.198 0.037 
381 UA00021989    (0)   :  0.230 0.217 0.210 0.037 0.223 0.084 
382 UA00048968    (0)   :  0.231 0.219 0.189 0.047 0.228 0.086 
383 UA00013174    (0)   :  0.226 0.206 0.188 0.068 0.221 0.091 
384 UA00033992    (0)   :  0.190 0.174 0.146 0.254 0.184 0.051 
385 UA00015801    (0)   :  0.251 0.226 0.224 0.025 0.246 0.028 
386 UA00063303    (0)   :  0.140 0.146 0.164 0.327 0.139 0.085 
387 UA00050206    (0)   :  0.190 0.221 0.327 0.028 0.186 0.048 
388 UA00014458    (0)   :  0.191 0.193 0.202 0.125 0.191 0.098 
389 UA00007204    (0)   :  0.192 0.214 0.274 0.086 0.188 0.046 
390 UA00063212    (0)   :  0.138 0.146 0.176 0.231 0.136 0.173 
391 UA00013340    (0)   :  0.206 0.200 0.184 0.157 0.201 0.053 
392 UA00062743    (0)   :  0.217 0.206 0.169 0.040 0.224 0.143 
393 UA00063189    (0)   :  0.099 0.098 0.091 0.086 0.102 0.524 
394 UA00035432    (0)   :  0.212 0.222 0.261 0.048 0.211 0.046 
395 UA00007958    (0)   :  0.236 0.225 0.198 0.045 0.243 0.052 
396 UA00013634    (0)   :  0.235 0.223 0.184 0.037 0.237 0.084 
397 UA00048175    (0)   :  0.257 0.221 0.207 0.022 0.240 0.053 
398 UA00003202    (0)   :  0.218 0.224 0.208 0.060 0.226 0.064 
399 UA00035090    (0)   :  0.190 0.198 0.216 0.069 0.193 0.135 
400 UA00064679    (0)   :  0.144 0.139 0.126 0.078 0.143 0.371 
401 UA00039518    (0)   :  0.233 0.224 0.203 0.060 0.225 0.054 
402 UA00058268    (0)   :  0.218 0.216 0.202 0.069 0.215 0.080 
403 UA00049456    (0)   :  0.157 0.162 0.175 0.271 0.161 0.074 
404 UA00049550    (0)   :  0.179 0.195 0.246 0.043 0.184 0.154 
405 UA00048342    (0)   :  0.176 0.181 0.187 0.196 0.176 0.083 
406 UA00063493    (0)   :  0.227 0.225 0.236 0.038 0.229 0.046 
407 UA00058261    (0)   :  0.212 0.188 0.160 0.045 0.206 0.189 
408 UA00014663    (0)   :  0.211 0.208 0.183 0.074 0.220 0.105 
409 UA00048817    (0)   :  0.182 0.171 0.139 0.241 0.183 0.084 
410 UA00049381    (0)   :  0.232 0.216 0.185 0.041 0.228 0.098 
411 UA00035901    (0)   :  0.160 0.155 0.140 0.076 0.153 0.316 
412 UA00013301    (0)   :  0.166 0.195 0.269 0.074 0.173 0.123 
413 UA00047926    (0)   :  0.206 0.186 0.162 0.106 0.200 0.139 
414 UA00007272    (0)   :  0.186 0.174 0.145 0.077 0.179 0.239 
415 UA00016041    (0)   :  0.190 0.208 0.236 0.111 0.192 0.063 
416 UA00013502    (0)   :  0.218 0.216 0.214 0.033 0.219 0.099 
417 UA00002390    (0)   :  0.203 0.188 0.161 0.177 0.198 0.072 
418 UA00034907    (0)   :  0.207 0.215 0.195 0.049 0.216 0.118 
419 UA00048821    (0)   :  0.165 0.158 0.148 0.195 0.165 0.168 
420 UA00002136    (0)   :  0.168 0.177 0.191 0.187 0.174 0.103 
421 UA00011790    (0)   :  0.219 0.210 0.170 0.072 0.230 0.100 
422 UA00021586    (0)   :  0.161 0.159 0.155 0.257 0.163 0.105 
423 UA00033270    (0)   :  0.206 0.204 0.196 0.073 0.209 0.112 
424 UA00048073    (0)   :  0.210 0.211 0.216 0.076 0.204 0.082 
425 UA00048856    (0)   :  0.198 0.197 0.175 0.063 0.197 0.171 
426 UA00049713    (0)   :  0.224 0.206 0.197 0.065 0.221 0.086 
427 UA00046885    (0)   :  0.213 0.217 0.209 0.073 0.225 0.063 
428 UA00034893    (0)   :  0.228 0.218 0.230 0.053 0.223 0.048 
429 UA00048011    (0)   :  0.221 0.207 0.196 0.032 0.218 0.126 
430 UA00015786    (0)   :  0.159 0.158 0.140 0.117 0.162 0.264 
431 UA00013162    (0)   :  0.215 0.201 0.160 0.064 0.217 0.143 
432 UA00049512    (0)   :  0.186 0.201 0.213 0.093 0.196 0.111 
433 UA00004046    (0)   :  0.246 0.217 0.193 0.035 0.241 0.068 
434 UA00048881    (0)   :  0.139 0.142 0.122 0.195 0.146 0.256 
435 UA00046610    (0)   :  0.177 0.167 0.145 0.187 0.175 0.149 
436 UA00033282    (0)   :  0.189 0.195 0.183 0.095 0.200 0.138 
437 UA00047561    (0)   :  0.239 0.217 0.190 0.051 0.234 0.068 
438 UA00013777    (0)   :  0.189 0.184 0.151 0.045 0.194 0.237 
439 UA00062849    (0)   :  0.184 0.214 0.289 0.062 0.190 0.060 
440 UA00049786    (0)   :  0.242 0.210 0.190 0.033 0.223 0.101 
441 UA00033246    (0)   :  0.188 0.218 0.337 0.041 0.186 0.030 
442 UA00045302    (0)   :  0.220 0.224 0.194 0.087 0.221 0.055 
443 UA00048637    (0)   :  0.233 0.205 0.190 0.045 0.231 0.096 
444 UA00049832    (0)   :  0.167 0.177 0.216 0.221 0.166 0.053 
445 UA00022023    (0)   :  0.199 0.195 0.158 0.163 0.207 0.078 
446 UA00050192    (0)   :  0.174 0.172 0.145 0.264 0.177 0.068 
447 UA00050413    (0)   :  0.207 0.211 0.209 0.065 0.208 0.099 
448 UA00013445    (0)   :  0.242 0.228 0.206 0.033 0.245 0.045 
449 UA00035496    (0)   :  0.169 0.168 0.156 0.066 0.160 0.280 
450 UA00003333    (0)   :  0.143 0.133 0.119 0.139 0.138 0.328 
451 UA00064008    (0)   :  0.166 0.158 0.139 0.046 0.161 0.330 
452 UA00003427    (0)   :  0.167 0.163 0.150 0.239 0.164 0.117 
453 UA00028092    (0)   :  0.130 0.130 0.127 0.299 0.132 0.181 
454    pc003    (0)   :  0.065 0.066 0.061 0.123 0.066 0.619 
455 UA00034440    (0)   :  0.190 0.206 0.252 0.051 0.192 0.108 
456 UA00026062    (0)   :  0.240 0.215 0.183 0.072 0.231 0.060 
457 UA00014347    (0)   :  0.186 0.187 0.174 0.111 0.182 0.160 
458 UA00021516    (0)   :  0.245 0.211 0.199 0.052 0.235 0.058 
459 UA00049347    (0)   :  0.145 0.140 0.123 0.054 0.148 0.390 
460 UA00063436    (0)   :  0.116 0.123 0.151 0.063 0.119 0.426 
461 UA00047790    (0)   :  0.224 0.224 0.172 0.058 0.237 0.084 
462 UA00045714    (0)   :  0.147 0.143 0.122 0.138 0.148 0.302 
463 UA00038979    (0)   :  0.163 0.185 0.235 0.175 0.167 0.073 
464 UA00016123    (0)   :  0.189 0.189 0.144 0.108 0.198 0.172 
465 UA00034765    (0)   :  0.065 0.062 0.056 0.032 0.065 0.720 
466 UA00063815    (0)   :  0.083 0.084 0.083 0.146 0.084 0.520 
467 UA00034795    (0)   :  0.192 0.209 0.255 0.066 0.188 0.089 
468 UA00004000    (0)   :  0.075 0.076 0.071 0.053 0.078 0.647 
469 UA00049367    (0)   :  0.191 0.203 0.219 0.040 0.192 0.155 
470 UA00034457    (0)   :  0.232 0.225 0.187 0.073 0.231 0.053 
471 UA00050015    (0)   :  0.186 0.194 0.209 0.114 0.185 0.113 
472 UA00021373    (0)   :  0.209 0.209 0.188 0.076 0.221 0.097 
473 UA00050232    (0)   :  0.075 0.075 0.071 0.131 0.077 0.571 
474 UA00038724    (0)   :  0.182 0.196 0.187 0.179 0.196 0.060 
475 UA00007824    (0)   :  0.197 0.184 0.151 0.143 0.192 0.133 
476 UA00048754    (0)   :  0.200 0.198 0.152 0.033 0.211 0.206 
477 UA00014271    (0)   :  0.206 0.205 0.192 0.114 0.207 0.077 
478 UA00013756    (0)   :  0.141 0.155 0.191 0.151 0.146 0.215 
479 UA00014385    (0)   :  0.137 0.130 0.114 0.160 0.133 0.327 
480 UA00049609    (0)   :  0.195 0.214 0.252 0.061 0.203 0.075 
481 UA00003748    (0)   :  0.145 0.146 0.119 0.045 0.152 0.393 
482 UA00063952    (0)   :  0.158 0.158 0.144 0.037 0.164 0.340 
483 UA00058348    (0)   :  0.104 0.107 0.104 0.035 0.104 0.545 
484 UA00014922    (0)   :  0.062 0.065 0.062 0.062 0.067 0.681 
485 UA00003820    (0)   :  0.212 0.203 0.169 0.033 0.219 0.164 
486 UA00013693    (0)   :  0.175 0.171 0.144 0.121 0.182 0.207 
487 UA00047713    (0)   :  0.086 0.082 0.072 0.037 0.085 0.638 
488 UA00034891    (0)   :  0.127 0.134 0.124 0.074 0.137 0.404 
489 UA00049223    (0)   :  0.144 0.147 0.140 0.056 0.153 0.360 
490 UA00064399    (0)   :  0.053 0.050 0.043 0.272 0.051 0.532 
491 UA00013336    (0)   :  0.055 0.056 0.054 0.103 0.057 0.676 
492 UA00035291    (0)   :  0.068 0.067 0.057 0.078 0.068 0.662 
493 UA00003945    (0)   :  0.082 0.084 0.076 0.077 0.084 0.597 
494 UA00014518    (0)   :  0.113 0.111 0.097 0.068 0.116 0.496 
495 UA00013583    (0)   :  0.085 0.088 0.086 0.451 0.090 0.200 
496 UA00011510    (0)   :  0.119 0.114 0.102 0.098 0.117 0.450 
497 UA00046860    (0)   :  0.157 0.144 0.130 0.089 0.155 0.324 
498 UA00048853    (0)   :  0.119 0.114 0.103 0.185 0.121 0.357 
499 UA00012151    (0)   :  0.067 0.066 0.059 0.052 0.067 0.689 
500 UA00063930    (0)   :  0.102 0.105 0.125 0.419 0.101 0.149 
501 UA00013453    (0)   :  0.146 0.143 0.133 0.148 0.143 0.288 
502 UA00039299    (0)   :  0.050 0.052 0.049 0.059 0.051 0.740 
503 UA00014280    (0)   :  0.040 0.041 0.040 0.028 0.041 0.809 
504 UA00014200    (0)   :  0.107 0.099 0.087 0.049 0.103 0.554 
505 UA00040612    (0)   :  0.053 0.052 0.048 0.131 0.054 0.663 
506 UA00062679    (0)   :  0.051 0.050 0.049 0.084 0.051 0.715 
507 UA00034481    (0)   :  0.073 0.074 0.067 0.046 0.075 0.664 
508 UA00011880    (0)   :  0.128 0.143 0.185 0.315 0.131 0.098 
509 UA00013421    (0)   :  0.050 0.048 0.042 0.174 0.051 0.635 
510 UA00048051    (0)   :  0.037 0.037 0.036 0.043 0.037 0.809 
511 UA00063370    (0)   :  0.041 0.042 0.039 0.142 0.043 0.693 
512 UA00014716    (0)   :  0.050 0.051 0.049 0.086 0.051 0.713 
513 UA00033426    (0)   :  0.112 0.102 0.090 0.168 0.107 0.421 
514 UA00015190    (0)   :  0.055 0.054 0.051 0.239 0.055 0.547 
515 UA00013730    (0)   :  0.213 0.214 0.201 0.101 0.214 0.058 
516 UA00047644    (4)   :  0.101 0.099 0.085 0.164 0.106 0.445 
517 UA00031933    (9)   :  0.218 0.209 0.171 0.063 0.221 0.118 
518 UA00031541    (9)   :  0.117 0.120 0.115 0.135 0.119 0.394 
519   PCO-60    (4)   :  0.192 0.197 0.193 0.053 0.191 0.175 
520 UA00030495    (4)   :  0.171 0.179 0.162 0.136 0.185 0.168 
521 UA00031133    (4)   :  0.184 0.213 0.335 0.051 0.180 0.036 
522 UA00032049    (4)   :  0.153 0.153 0.128 0.311 0.154 0.102 
523 UA00030599    (4)   :  0.165 0.191 0.279 0.116 0.162 0.087 
524 UA00030250    (4)   :  0.246 0.225 0.191 0.044 0.236 0.058 
525 UA00049385    (4)   :  0.168 0.183 0.221 0.142 0.168 0.118 
526 UA00031816    (4)   :  0.182 0.217 0.327 0.050 0.180 0.044 
527 UA00030275    (4)   :  0.202 0.194 0.163 0.132 0.202 0.107 
528 UA00041861    (4)   :  0.200 0.200 0.168 0.103 0.213 0.116 
529 UA00041433    (4)   :  0.231 0.226 0.219 0.037 0.233 0.053 
530  PCO-114    (4)   :  0.222 0.209 0.173 0.046 0.214 0.137 
531 UA00031529    (4)   :  0.207 0.216 0.208 0.058 0.213 0.097 
532 UA00039719    (4)   :  0.209 0.204 0.203 0.052 0.209 0.122 
533  PCO-442    (4)   :  0.255 0.221 0.202 0.035 0.240 0.047 
534   PCO-58    (0)   :  0.232 0.201 0.176 0.074 0.219 0.099 
535 UA00048673    (4)   :  0.196 0.196 0.180 0.068 0.200 0.159 
536   PCO-63    (4)   :  0.216 0.214 0.231 0.038 0.213 0.088 


Estimated Allele Frequencies in each cluster
First column gives estimated ancestral frequencies


Locus 1 : PP01 
2 alleles
0.0% missing data
   1   (0.591) 0.593 0.586 0.576 0.891 0.591 0.327 
   2   (0.409) 0.407 0.414 0.424 0.109 0.409 0.673 

Locus 2 : PP02 
2 alleles
0.0% missing data
   1   (0.913) 0.911 0.911 0.899 0.991 0.911 0.968 
   2   (0.087) 0.089 0.089 0.101 0.009 0.089 0.032 

Locus 3 : PP03 
2 alleles
18.3% missing data
   1   (0.792) 0.791 0.782 0.759 0.938 0.789 0.976 
   2   (0.208) 0.209 0.218 0.241 0.062 0.211 0.024 

Locus 4 : PP04 
2 alleles
0.4% missing data
   1   (0.723) 0.685 0.671 0.612 0.650 0.683 0.964 
   2   (0.277) 0.315 0.329 0.388 0.350 0.317 0.036 

Locus 5 : PP06 
2 alleles
0.0% missing data
   1   (0.629) 0.645 0.654 0.685 0.659 0.648 0.620 
   2   (0.371) 0.355 0.346 0.315 0.341 0.352 0.380 

Locus 6 : PP07 
2 alleles
0.0% missing data
   1   (0.698) 0.676 0.665 0.639 0.904 0.669 0.957 
   2   (0.302) 0.324 0.335 0.361 0.096 0.331 0.043 

Locus 7 : PP09 
2 alleles
0.0% missing data
   1   (0.474) 0.490 0.513 0.573 0.618 0.495 0.054 
   2   (0.526) 0.510 0.487 0.427 0.382 0.505 0.946 

Locus 8 : PP10 
2 alleles
0.0% missing data
   1   (0.189) 0.138 0.137 0.108 0.426 0.143 0.391 
   2   (0.811) 0.862 0.863 0.892 0.574 0.857 0.609 

Locus 9 : PP11 
2 alleles
0.0% missing data
   1   (0.681) 0.676 0.691 0.721 0.831 0.684 0.823 
   2   (0.319) 0.324 0.309 0.279 0.169 0.316 0.177 

Locus 10 : PP12 
2 alleles
0.2% missing data
   1   (0.419) 0.443 0.448 0.464 0.258 0.442 0.095 
   2   (0.581) 0.557 0.552 0.536 0.742 0.558 0.905 

Locus 11 : PP13 
2 alleles
0.0% missing data
   1   (0.176) 0.144 0.139 0.117 0.519 0.141 0.134 
   2   (0.824) 0.856 0.861 0.883 0.481 0.859 0.866 

Locus 12 : PP14 
2 alleles
0.2% missing data
   1   (0.870) 0.866 0.876 0.887 0.970 0.869 0.918 
   2   (0.130) 0.134 0.124 0.113 0.030 0.131 0.082 

Locus 13 : PP15 
2 alleles
0.0% missing data
   1   (0.894) 0.920 0.917 0.917 0.353 0.921 0.931 
   2   (0.106) 0.080 0.083 0.083 0.647 0.079 0.069 

Locus 14 : PP16 
2 alleles
0.0% missing data
   1   (0.494) 0.536 0.546 0.596 0.426 0.532 0.409 
   2   (0.506) 0.464 0.454 0.404 0.574 0.468 0.591 

Locus 15 : PP17 
2 alleles
0.2% missing data
   1   (0.657) 0.652 0.647 0.627 0.855 0.649 0.489 
   2   (0.343) 0.348 0.353 0.373 0.145 0.351 0.511 

Locus 16 : PP18 
2 alleles
0.7% missing data
   1   (0.755) 0.746 0.755 0.765 0.900 0.747 0.926 
   2   (0.245) 0.254 0.245 0.235 0.100 0.253 0.074 

Locus 17 : PP20 
2 alleles
0.0% missing data
   1   (0.623) 0.642 0.640 0.639 0.655 0.642 0.496 
   2   (0.377) 0.358 0.360 0.361 0.345 0.358 0.504 

Locus 18 : PP21 
2 alleles
14.9% missing data
   1   (0.864) 0.848 0.845 0.832 0.977 0.851 0.990 
   2   (0.136) 0.152 0.155 0.168 0.023 0.149 0.010 

Locus 19 : PP22 
2 alleles
1.3% missing data
   1   (0.446) 0.469 0.444 0.386 0.049 0.466 0.108 
   2   (0.554) 0.531 0.556 0.614 0.951 0.534 0.892 

Locus 20 : PP23 
2 alleles
0.7% missing data
   1   (0.647) 0.636 0.639 0.646 0.734 0.635 0.801 
   2   (0.353) 0.364 0.361 0.354 0.266 0.365 0.199 

Locus 21 : PP24 
2 alleles
0.2% missing data
   1   (0.792) 0.836 0.831 0.844 0.893 0.833 0.568 
   2   (0.208) 0.164 0.169 0.156 0.107 0.167 0.432 

Locus 22 : PP25 
2 alleles
0.6% missing data
   1   (0.360) 0.329 0.338 0.347 0.752 0.335 0.475 
   2   (0.640) 0.671 0.662 0.653 0.248 0.665 0.525 

Values of parameters used in structure:
