

----------------------------------------------------
STRUCTURE by Pritchard, Stephens and Donnelly (2000)
     and Falush, Stephens and Pritchard (2003)
       Code by Pritchard, Falush and Hubisz
             Version 2.3.4 (Jul 2012)
----------------------------------------------------



Command line arguments:   structure -K 9 -o outputfile_K9_9 
Input File:    Puma_SNP_genotypes_cut_AZ_final_HWEonly.str

Run parameters:
   536 individuals
   22 loci
   9 populations assumed
   100000 Burn-in period
   500000 Reps


--------------------------------------------
Overall proportion of membership of the
sample in each of the 9 clusters

Inferred Clusters
  1      2      3      4      5      6      7      8      9    
0.114  0.114  0.113  0.112  0.113  0.116  0.113  0.092  0.113  

--------------------------------------------

Allele-freq. divergence among pops (Net nucleotide distance),
computed using point estimates of P.

      1       2       3       4       5       6       7       8       9      
 1      -    0.0016  0.0007  0.0012  0.0006  0.0366  0.0012  0.0741  0.0001  
 2   0.0016     -    0.0006  0.0005  0.0007  0.0237  0.0012  0.0707  0.0013  
 3   0.0007  0.0006     -    0.0001  0.0001  0.0309  0.0005  0.0697  0.0004  
 4   0.0012  0.0005  0.0001     -    0.0003  0.0294  0.0005  0.0699  0.0007  
 5   0.0006  0.0007  0.0001  0.0003     -    0.0315  0.0007  0.0692  0.0003  
 6   0.0366  0.0237  0.0309  0.0294  0.0315     -    0.0344  0.0829  0.0353  
 7   0.0012  0.0012  0.0005  0.0005  0.0007  0.0344     -    0.0764  0.0007  
 8   0.0741  0.0707  0.0697  0.0699  0.0692  0.0829  0.0764     -    0.0727  
 9   0.0001  0.0013  0.0004  0.0007  0.0003  0.0353  0.0007  0.0727     -    

Average distances (expected heterozygosity) between individuals in same cluster:
cluster  1  : 0.3765 
cluster  2  : 0.3717 
cluster  3  : 0.3784 
cluster  4  : 0.3787 
cluster  5  : 0.3786 
cluster  6  : 0.2885 
cluster  7  : 0.3755 
cluster  8  : 0.2513 
cluster  9  : 0.3767 

--------------------------------------------
Estimated Ln Prob of Data   = -13701.1
Mean value of ln likelihood = -12268.3
Variance of ln likelihood   = 2865.6
Mean value of alpha         = 0.1044

Mean value of Fst_1         = 0.0930
Mean value of Fst_2         = 0.1112
Mean value of Fst_3         = 0.0403
Mean value of Fst_4         = 0.0338
Mean value of Fst_5         = 0.0395
Mean value of Fst_6         = 0.2542
Mean value of Fst_7         = 0.0810
Mean value of Fst_8         = 0.3782
Mean value of Fst_9         = 0.0807


Inferred ancestry of individuals:
        Label (%Miss) :  Inferred clusters
  1 UA00063336   (13)   :  0.082 0.084 0.099 0.101 0.104 0.048 0.093 0.298 0.090 
  2 UA00048914    (9)   :  0.097 0.120 0.126 0.131 0.123 0.132 0.111 0.052 0.108 
  3 UA00014769   (13)   :  0.159 0.139 0.118 0.117 0.094 0.028 0.165 0.022 0.156 
  4 UA00008132   (13)   :  0.116 0.110 0.135 0.138 0.138 0.060 0.118 0.070 0.117 
  5 UA00030462   (13)   :  0.096 0.115 0.119 0.128 0.120 0.167 0.100 0.044 0.111 
  6 UA00034866   (13)   :  0.110 0.113 0.140 0.147 0.142 0.107 0.111 0.016 0.114 
  7 UA00034800    (9)   :  0.053 0.055 0.059 0.065 0.057 0.056 0.052 0.548 0.055 
  8  Puco006    (9)   :  0.033 0.128 0.039 0.041 0.040 0.615 0.035 0.033 0.035 
  9 UA00048874    (4)   :  0.067 0.078 0.083 0.084 0.091 0.075 0.073 0.378 0.071 
 10 UA00049060    (9)   :  0.126 0.123 0.126 0.131 0.126 0.040 0.146 0.047 0.135 
 11 UA00033413    (9)   :  0.182 0.131 0.117 0.098 0.127 0.044 0.123 0.020 0.157 
 12  Puco021    (9)   :  0.185 0.120 0.112 0.081 0.127 0.022 0.120 0.070 0.164 
 13  Puco026    (9)   :  0.134 0.113 0.129 0.120 0.140 0.033 0.132 0.051 0.147 
 14  Puco008    (9)   :  0.089 0.106 0.110 0.111 0.108 0.157 0.091 0.135 0.094 
 15   M01301    (9)   :  0.163 0.126 0.114 0.109 0.116 0.086 0.117 0.015 0.154 
 16   M06306    (9)   :  0.093 0.081 0.104 0.100 0.109 0.028 0.093 0.287 0.105 
 17 UA00032185    (9)   :  0.123 0.113 0.132 0.135 0.131 0.077 0.115 0.053 0.122 
 18 UA00030792    (9)   :  0.012 0.012 0.012 0.012 0.012 0.013 0.012 0.902 0.012 
 19 UA00031647    (9)   :  0.094 0.106 0.121 0.128 0.123 0.088 0.101 0.139 0.100 
 20 UA00031979    (9)   :  0.122 0.119 0.136 0.123 0.137 0.071 0.128 0.034 0.131 
 21  Puco016    (9)   :  0.097 0.121 0.119 0.127 0.121 0.164 0.119 0.021 0.111 
 22  Puco010    (9)   :  0.140 0.115 0.139 0.138 0.136 0.046 0.113 0.034 0.139 
 23    M1035    (9)   :  0.117 0.110 0.138 0.138 0.140 0.037 0.124 0.079 0.117 
 24 UA00034601    (9)   :  0.112 0.112 0.125 0.123 0.137 0.085 0.123 0.056 0.128 
 25 UA00050388    (9)   :  0.113 0.113 0.138 0.135 0.142 0.074 0.110 0.055 0.120 
 26 UA00048699    (9)   :  0.080 0.123 0.094 0.099 0.097 0.288 0.107 0.025 0.088 
 27 UA00064058    (9)   :  0.118 0.116 0.129 0.132 0.138 0.039 0.155 0.051 0.122 
 28 UA00033981    (9)   :  0.187 0.120 0.111 0.103 0.127 0.047 0.111 0.039 0.154 
 29   F05033    (9)   :  0.137 0.124 0.130 0.127 0.131 0.039 0.143 0.025 0.143 
 30 UA00048520    (4)   :  0.113 0.107 0.117 0.109 0.124 0.075 0.106 0.128 0.120 
 31 UA00048422    (4)   :  0.029 0.025 0.026 0.027 0.027 0.022 0.026 0.790 0.028 
 32    PucoB    (4)   :  0.139 0.113 0.126 0.101 0.147 0.027 0.152 0.035 0.159 
 33 UA00047393    (4)   :  0.111 0.116 0.125 0.133 0.110 0.045 0.122 0.116 0.121 
 34 UA00064521    (4)   :  0.101 0.119 0.118 0.121 0.128 0.163 0.110 0.031 0.109 
 35 UA00003043    (4)   :  0.108 0.122 0.128 0.130 0.121 0.130 0.129 0.017 0.115 
 36 UA00063025    (4)   :  0.097 0.101 0.115 0.121 0.121 0.116 0.090 0.142 0.097 
 37 UA00063826    (4)   :  0.152 0.120 0.132 0.129 0.141 0.037 0.117 0.036 0.136 
 38   F07407    (4)   :  0.135 0.106 0.107 0.086 0.118 0.031 0.115 0.166 0.136 
 39 UA00021658    (4)   :  0.121 0.120 0.133 0.141 0.144 0.050 0.128 0.036 0.126 
 40 UA00003794    (4)   :  0.129 0.100 0.110 0.093 0.127 0.037 0.121 0.137 0.144 
 41 UA00041322    (4)   :  0.106 0.109 0.138 0.149 0.146 0.073 0.114 0.051 0.113 
 42 UA00063316    (4)   :  0.107 0.111 0.131 0.137 0.138 0.084 0.110 0.070 0.111 
 43 UA00047705    (4)   :  0.120 0.111 0.135 0.123 0.149 0.065 0.128 0.037 0.131 
 44 UA00033904    (4)   :  0.084 0.085 0.098 0.097 0.099 0.045 0.093 0.308 0.092 
 45 UA00048100    (4)   :  0.137 0.117 0.132 0.126 0.138 0.054 0.134 0.020 0.142 
 46 UA00032212    (4)   :  0.101 0.099 0.113 0.117 0.117 0.088 0.094 0.172 0.100 
 47 UA00031574    (4)   :  0.027 0.027 0.026 0.026 0.028 0.033 0.025 0.783 0.027 
 48 UA00031228    (4)   :  0.015 0.017 0.017 0.016 0.016 0.020 0.016 0.867 0.016 
 49 UA00047707    (4)   :  0.133 0.137 0.132 0.131 0.118 0.045 0.161 0.012 0.131 
 50 UA00030906    (4)   :  0.011 0.013 0.012 0.012 0.012 0.018 0.011 0.898 0.012 
 51 UA00041567    (4)   :  0.162 0.119 0.124 0.122 0.128 0.059 0.105 0.044 0.138 
 52 UA00007624    (4)   :  0.141 0.124 0.126 0.127 0.130 0.041 0.147 0.015 0.148 
 53 UA00034514    (4)   :  0.123 0.116 0.134 0.145 0.134 0.055 0.138 0.030 0.124 
 54 UA00030480    (4)   :  0.099 0.107 0.134 0.137 0.136 0.042 0.123 0.112 0.112 
 55  Puco012    (4)   :  0.118 0.117 0.139 0.149 0.139 0.062 0.128 0.028 0.120 
 56 UA00038677    (9)   :  0.108 0.106 0.124 0.129 0.125 0.112 0.102 0.082 0.111 
 57 UA00048275    (4)   :  0.148 0.117 0.129 0.124 0.145 0.045 0.125 0.022 0.145 
 58 UA00064055    (4)   :  0.116 0.121 0.136 0.139 0.127 0.064 0.147 0.031 0.119 
 59  Puco009    (4)   :  0.104 0.123 0.121 0.124 0.117 0.168 0.116 0.017 0.110 
 60 UA00064561    (4)   :  0.135 0.133 0.116 0.123 0.091 0.071 0.181 0.018 0.132 
 61 UA00003479    (4)   :  0.121 0.120 0.135 0.133 0.130 0.073 0.144 0.026 0.118 
 62 UA00063747    (4)   :  0.137 0.128 0.127 0.118 0.132 0.058 0.155 0.013 0.131 
 63 UA00002558    (4)   :  0.110 0.118 0.126 0.131 0.124 0.153 0.099 0.020 0.118 
 64 UA00048410    (4)   :  0.115 0.127 0.115 0.116 0.112 0.158 0.137 0.014 0.107 
 65 UA00012249    (4)   :  0.118 0.127 0.122 0.120 0.118 0.089 0.167 0.017 0.122 
 66 UA00033818    (4)   :  0.061 0.061 0.062 0.061 0.066 0.054 0.058 0.517 0.061 
 67  Puco020    (4)   :  0.102 0.106 0.130 0.128 0.120 0.070 0.122 0.113 0.110 
 68 UA00002545    (9)   :  0.124 0.124 0.126 0.124 0.115 0.047 0.160 0.062 0.119 
 69 UA00048508    (4)   :  0.123 0.121 0.136 0.138 0.141 0.050 0.142 0.023 0.125 
 70 UA00064100    (4)   :  0.110 0.112 0.140 0.140 0.150 0.054 0.129 0.038 0.127 
 71 UA00014585    (4)   :  0.118 0.121 0.130 0.145 0.137 0.064 0.138 0.032 0.115 
 72 UA00063698    (4)   :  0.082 0.117 0.087 0.093 0.089 0.300 0.077 0.076 0.079 
 73 UA00049753    (4)   :  0.088 0.083 0.097 0.102 0.101 0.032 0.086 0.318 0.094 
 74 UA00049037    (4)   :  0.124 0.116 0.130 0.142 0.137 0.040 0.141 0.047 0.124 
 75 UA00034941    (4)   :  0.118 0.110 0.135 0.139 0.138 0.067 0.120 0.050 0.123 
 76 UA00008083    (4)   :  0.062 0.124 0.065 0.070 0.064 0.457 0.060 0.038 0.062 
 77 UA00015084    (4)   :  0.079 0.118 0.090 0.093 0.095 0.255 0.078 0.108 0.083 
 78 UA00041010    (9)   :  0.044 0.089 0.054 0.060 0.051 0.338 0.045 0.275 0.044 
 79 UA00035261    (4)   :  0.094 0.098 0.115 0.111 0.119 0.093 0.104 0.163 0.104 
 80 UA00035431    (4)   :  0.140 0.120 0.127 0.137 0.140 0.065 0.119 0.013 0.139 
 81 UA00045274    (0)   :  0.115 0.109 0.123 0.116 0.143 0.082 0.127 0.057 0.127 
 82 UA00028200    (4)   :  0.075 0.080 0.086 0.085 0.092 0.095 0.080 0.323 0.084 
 83 UA00064559    (0)   :  0.020 0.020 0.021 0.020 0.022 0.018 0.019 0.841 0.020 
 84 UA00040808    (0)   :  0.076 0.095 0.096 0.098 0.097 0.108 0.089 0.256 0.083 
 85 UA00049156    (0)   :  0.080 0.090 0.096 0.100 0.097 0.106 0.079 0.268 0.084 
 86 UA00003952    (4)   :  0.054 0.125 0.069 0.064 0.063 0.467 0.072 0.024 0.062 
 87 UA00063954    (0)   :  0.109 0.109 0.132 0.139 0.146 0.038 0.113 0.096 0.118 
 88 UA00062934    (0)   :  0.105 0.101 0.129 0.131 0.136 0.059 0.107 0.122 0.110 
 89 UA00033829    (0)   :  0.040 0.059 0.046 0.049 0.045 0.164 0.039 0.519 0.040 
 90 UA00064351    (4)   :  0.177 0.124 0.115 0.105 0.124 0.074 0.103 0.028 0.150 
 91 UA00003697    (4)   :  0.058 0.123 0.075 0.076 0.071 0.423 0.058 0.053 0.062 
 92 UA00063438    (4)   :  0.098 0.102 0.123 0.130 0.128 0.077 0.095 0.146 0.101 
 93 UA00007608    (0)   :  0.091 0.104 0.108 0.105 0.114 0.133 0.090 0.161 0.094 
 94 UA00019683    (4)   :  0.105 0.076 0.079 0.065 0.088 0.028 0.082 0.371 0.106 
 95 UA00007781    (0)   :  0.120 0.115 0.135 0.128 0.156 0.056 0.134 0.029 0.128 
 96 UA00002915    (0)   :  0.083 0.085 0.106 0.114 0.105 0.067 0.089 0.269 0.083 
 97  Puco031    (4)   :  0.114 0.122 0.133 0.128 0.139 0.065 0.142 0.033 0.123 
 98 UA00048280    (4)   :  0.134 0.109 0.127 0.133 0.149 0.066 0.119 0.024 0.138 
 99 UA00048589    (0)   :  0.140 0.112 0.128 0.104 0.136 0.045 0.137 0.055 0.144 
100 UA00034417    (0)   :  0.095 0.110 0.120 0.120 0.120 0.134 0.113 0.087 0.099 
101 UA00050411    (4)   :  0.135 0.132 0.128 0.127 0.125 0.042 0.171 0.013 0.128 
102  Puco029    (4)   :  0.140 0.119 0.126 0.122 0.143 0.025 0.150 0.022 0.153 
103   F03403    (4)   :  0.168 0.128 0.116 0.081 0.139 0.039 0.146 0.015 0.167 
104 UA00049904    (0)   :  0.120 0.104 0.125 0.131 0.138 0.046 0.103 0.113 0.121 
105 UA00035335    (0)   :  0.155 0.133 0.130 0.109 0.122 0.026 0.157 0.017 0.152 
106 UA00012611    (0)   :  0.117 0.114 0.139 0.139 0.154 0.042 0.139 0.028 0.127 
107 UA00050319    (0)   :  0.189 0.132 0.115 0.079 0.133 0.024 0.136 0.016 0.177 
108 UA00032068    (4)   :  0.115 0.107 0.139 0.138 0.141 0.036 0.123 0.080 0.121 
109 UA00032026    (4)   :  0.123 0.117 0.130 0.145 0.134 0.044 0.125 0.054 0.127 
110 UA00030476    (4)   :  0.176 0.123 0.111 0.076 0.132 0.021 0.136 0.051 0.174 
111 UA00046853    (0)   :  0.205 0.133 0.117 0.100 0.107 0.034 0.098 0.041 0.164 
112 UA00040156    (4)   :  0.012 0.012 0.012 0.012 0.012 0.013 0.011 0.904 0.012 
113 UA00030528    (4)   :  0.099 0.109 0.131 0.129 0.122 0.041 0.109 0.152 0.107 
114  Puco025    (4)   :  0.144 0.135 0.123 0.131 0.109 0.036 0.162 0.019 0.141 
115    pc016    (0)   :  0.011 0.011 0.011 0.012 0.012 0.014 0.011 0.907 0.011 
116 UA00030617    (4)   :  0.155 0.134 0.124 0.122 0.110 0.034 0.169 0.015 0.137 
117 UA00030585    (4)   :  0.023 0.022 0.022 0.021 0.022 0.024 0.021 0.820 0.023 
118 UA00032060    (4)   :  0.110 0.099 0.125 0.120 0.128 0.039 0.106 0.157 0.117 
119    pc007    (0)   :  0.167 0.127 0.119 0.105 0.126 0.041 0.124 0.043 0.149 
120 UA00030798    (4)   :  0.028 0.028 0.030 0.031 0.030 0.018 0.027 0.780 0.028 
121 UA00030778    (4)   :  0.124 0.128 0.137 0.140 0.138 0.037 0.160 0.012 0.124 
122 UA00039674    (4)   :  0.016 0.016 0.017 0.018 0.017 0.015 0.016 0.868 0.016 
123 UA00032241    (4)   :  0.165 0.143 0.122 0.119 0.119 0.033 0.135 0.013 0.152 
124 UA00011624    (0)   :  0.140 0.125 0.137 0.135 0.126 0.044 0.143 0.021 0.129 
125 UA00033779    (4)   :  0.193 0.134 0.115 0.094 0.121 0.035 0.120 0.021 0.168 
126 UA00049402    (4)   :  0.104 0.120 0.119 0.128 0.116 0.121 0.149 0.034 0.110 
127 UA00033653    (0)   :  0.215 0.140 0.111 0.086 0.117 0.029 0.112 0.017 0.175 
128 UA00047738    (0)   :  0.124 0.113 0.137 0.140 0.134 0.075 0.112 0.041 0.124 
129 UA00047502    (4)   :  0.096 0.116 0.132 0.130 0.123 0.141 0.104 0.047 0.111 
130 UA00012014    (4)   :  0.117 0.117 0.137 0.149 0.141 0.058 0.132 0.031 0.118 
131 UA00040729    (0)   :  0.141 0.119 0.129 0.112 0.129 0.034 0.144 0.033 0.159 
132 UA00030392    (4)   :  0.139 0.134 0.123 0.133 0.116 0.038 0.152 0.028 0.137 
133 UA00050033    (0)   :  0.137 0.119 0.127 0.139 0.128 0.042 0.133 0.044 0.131 
134 UA00012152    (0)   :  0.074 0.132 0.076 0.079 0.070 0.397 0.089 0.015 0.068 
135 UA00050406    (0)   :  0.119 0.110 0.146 0.149 0.145 0.051 0.123 0.033 0.124 
136 UA00047973    (0)   :  0.135 0.116 0.137 0.136 0.145 0.048 0.130 0.024 0.127 
137 UA00008051    (0)   :  0.120 0.111 0.128 0.136 0.119 0.089 0.106 0.067 0.124 
138 UA00047337    (4)   :  0.111 0.106 0.117 0.120 0.121 0.043 0.116 0.146 0.121 
139 UA00041604    (4)   :  0.115 0.110 0.133 0.138 0.130 0.093 0.106 0.059 0.117 
140 UA00031704    (4)   :  0.126 0.123 0.137 0.133 0.136 0.034 0.163 0.018 0.129 
141 UA00040423    (4)   :  0.122 0.115 0.137 0.140 0.125 0.043 0.127 0.065 0.125 
142 UA00049433    (0)   :  0.105 0.118 0.132 0.140 0.123 0.092 0.127 0.047 0.115 
143 UA00034816    (0)   :  0.130 0.127 0.117 0.117 0.101 0.094 0.161 0.026 0.127 
144 UA00050214    (0)   :  0.153 0.140 0.118 0.125 0.087 0.036 0.179 0.018 0.143 
145 UA00041073    (0)   :  0.122 0.117 0.130 0.144 0.123 0.076 0.120 0.049 0.119 
146 UA00030318    (4)   :  0.132 0.120 0.130 0.130 0.123 0.069 0.148 0.021 0.128 
147 UA00046845    (0)   :  0.111 0.123 0.120 0.126 0.116 0.103 0.150 0.038 0.114 
148 UA00063946    (0)   :  0.203 0.131 0.111 0.070 0.124 0.025 0.127 0.029 0.180 
149 UA00031374    (4)   :  0.123 0.114 0.144 0.134 0.138 0.066 0.131 0.030 0.122 
150    M1136    (4)   :  0.087 0.085 0.092 0.097 0.086 0.039 0.100 0.325 0.090 
151 UA00034299    (0)   :  0.146 0.141 0.116 0.115 0.093 0.043 0.182 0.024 0.140 
152 UA00002387    (4)   :  0.131 0.123 0.134 0.133 0.124 0.068 0.151 0.015 0.122 
153 UA00021855    (0)   :  0.142 0.115 0.135 0.147 0.132 0.052 0.109 0.031 0.137 
154 UA00014500    (0)   :  0.112 0.117 0.136 0.133 0.146 0.043 0.151 0.043 0.120 
155 UA00050419    (4)   :  0.153 0.138 0.114 0.129 0.081 0.041 0.187 0.016 0.143 
156 UA00031854    (4)   :  0.117 0.116 0.135 0.128 0.138 0.085 0.129 0.031 0.119 
157    pc011    (4)   :  0.127 0.126 0.129 0.123 0.119 0.053 0.182 0.017 0.124 
158 UA00033004    (0)   :  0.114 0.113 0.135 0.130 0.130 0.057 0.146 0.055 0.121 
159 UA00046510    (0)   :  0.109 0.124 0.126 0.125 0.121 0.134 0.126 0.021 0.112 
160 UA00048747    (0)   :  0.123 0.120 0.137 0.140 0.125 0.067 0.149 0.022 0.117 
161 UA00014293    (0)   :  0.124 0.126 0.132 0.126 0.118 0.053 0.184 0.021 0.117 
162 UA00047686    (0)   :  0.100 0.122 0.126 0.124 0.121 0.160 0.108 0.034 0.106 
163 UA00033783    (4)   :  0.095 0.087 0.088 0.077 0.087 0.095 0.079 0.297 0.094 
164 UA00042609    (4)   :  0.094 0.121 0.106 0.107 0.100 0.226 0.107 0.040 0.099 
165 UA00031169    (4)   :  0.143 0.134 0.122 0.121 0.100 0.038 0.179 0.025 0.136 
166 UA00035181    (0)   :  0.136 0.120 0.123 0.124 0.150 0.036 0.155 0.011 0.145 
167 UA00050133    (0)   :  0.121 0.121 0.135 0.137 0.140 0.058 0.137 0.033 0.119 
168  Puco011    (4)   :  0.121 0.126 0.123 0.124 0.111 0.057 0.178 0.032 0.128 
169 UA00041476    (0)   :  0.114 0.115 0.133 0.132 0.122 0.084 0.130 0.056 0.116 
170 UA00046702    (0)   :  0.133 0.130 0.120 0.125 0.111 0.042 0.188 0.021 0.129 
171 UA00019940    (0)   :  0.130 0.121 0.131 0.139 0.122 0.067 0.129 0.030 0.131 
172 UA00049813    (0)   :  0.161 0.119 0.129 0.130 0.121 0.043 0.114 0.036 0.147 
173 UA00064165    (0)   :  0.078 0.119 0.098 0.099 0.099 0.308 0.081 0.036 0.084 
174 UA00064421    (0)   :  0.092 0.118 0.110 0.113 0.108 0.242 0.104 0.014 0.099 
175 UA00064569    (4)   :  0.144 0.139 0.118 0.124 0.118 0.041 0.166 0.012 0.138 
176 UA00003996    (0)   :  0.106 0.124 0.120 0.118 0.114 0.139 0.138 0.035 0.106 
177 UA00064491    (4)   :  0.137 0.138 0.117 0.129 0.103 0.066 0.156 0.018 0.136 
178 UA00011899    (0)   :  0.125 0.113 0.143 0.153 0.140 0.044 0.121 0.039 0.122 
179  Puco015    (4)   :  0.112 0.111 0.125 0.128 0.123 0.055 0.131 0.095 0.120 
180 UA00047929    (4)   :  0.152 0.125 0.121 0.124 0.125 0.029 0.146 0.023 0.156 
181 UA00056669    (0)   :  0.118 0.118 0.144 0.146 0.141 0.074 0.124 0.019 0.115 
182 UA00050176    (0)   :  0.108 0.116 0.135 0.149 0.136 0.080 0.119 0.049 0.109 
183  Puco014    (4)   :  0.138 0.117 0.131 0.140 0.138 0.064 0.118 0.030 0.125 
184 UA00019608    (0)   :  0.119 0.120 0.134 0.137 0.128 0.078 0.143 0.025 0.116 
185 UA00064333    (0)   :  0.129 0.127 0.136 0.138 0.128 0.055 0.142 0.024 0.121 
186  Puco013    (4)   :  0.104 0.118 0.123 0.132 0.127 0.145 0.124 0.027 0.100 
187 UA00016092    (0)   :  0.148 0.133 0.123 0.125 0.108 0.036 0.178 0.013 0.136 
188 UA00019060    (0)   :  0.054 0.111 0.066 0.064 0.064 0.417 0.057 0.113 0.055 
189 UA00063532    (0)   :  0.124 0.118 0.127 0.134 0.135 0.064 0.131 0.052 0.117 
190 UA00064117    (0)   :  0.077 0.106 0.091 0.095 0.089 0.218 0.080 0.170 0.075 
191 UA00011969    (0)   :  0.117 0.113 0.140 0.141 0.135 0.072 0.118 0.040 0.123 
192 UA00034586    (4)   :  0.146 0.127 0.134 0.136 0.132 0.036 0.126 0.018 0.145 
193 UA00030736    (4)   :  0.117 0.110 0.142 0.155 0.144 0.046 0.134 0.034 0.118 
194 UA00048493    (0)   :  0.120 0.110 0.133 0.138 0.138 0.051 0.137 0.057 0.116 
195 UA00040466    (0)   :  0.043 0.129 0.053 0.051 0.050 0.554 0.053 0.020 0.046 
196 UA00047659    (0)   :  0.114 0.113 0.137 0.144 0.156 0.054 0.140 0.017 0.124 
197 UA00042002    (4)   :  0.109 0.100 0.120 0.112 0.127 0.052 0.113 0.149 0.118 
198 UA00062606    (0)   :  0.107 0.119 0.128 0.130 0.123 0.118 0.122 0.033 0.119 
199 UA00030615    (4)   :  0.039 0.131 0.042 0.044 0.042 0.608 0.038 0.016 0.040 
200 UA00048899    (0)   :  0.118 0.111 0.144 0.142 0.147 0.056 0.129 0.029 0.125 
201 UA00047725    (0)   :  0.015 0.140 0.016 0.016 0.016 0.753 0.014 0.015 0.016 
202 UA00030866    (4)   :  0.119 0.115 0.135 0.145 0.130 0.068 0.135 0.022 0.130 
203 UA00034564    (0)   :  0.117 0.123 0.141 0.136 0.127 0.060 0.142 0.025 0.129 
204 UA00046520    (0)   :  0.184 0.130 0.117 0.093 0.132 0.033 0.128 0.018 0.166 
205 UA00035027    (0)   :  0.113 0.114 0.131 0.142 0.144 0.080 0.120 0.040 0.116 
206 UA00035421    (0)   :  0.093 0.121 0.107 0.110 0.101 0.229 0.115 0.023 0.102 
207 UA00062740    (4)   :  0.105 0.113 0.130 0.138 0.126 0.102 0.123 0.050 0.114 
208 UA00012360    (0)   :  0.029 0.133 0.034 0.035 0.035 0.655 0.032 0.016 0.030 
209 UA00050203    (0)   :  0.125 0.118 0.136 0.127 0.140 0.044 0.138 0.034 0.137 
210 UA00040534    (4)   :  0.066 0.107 0.090 0.091 0.085 0.264 0.074 0.150 0.074 
211 UA00031261    (4)   :  0.058 0.118 0.067 0.076 0.066 0.406 0.057 0.085 0.067 
212 UA00031917    (4)   :  0.074 0.112 0.089 0.095 0.089 0.252 0.081 0.125 0.083 
213 UA00040798    (4)   :  0.096 0.119 0.087 0.092 0.084 0.302 0.073 0.059 0.089 
214 UA00030598    (4)   :  0.086 0.110 0.103 0.102 0.103 0.245 0.095 0.063 0.092 
215 UA00050385    (0)   :  0.112 0.121 0.133 0.138 0.131 0.087 0.131 0.029 0.118 
216 UA00058283    (0)   :  0.026 0.133 0.028 0.030 0.027 0.668 0.024 0.038 0.025 
217 UA00042297    (4)   :  0.081 0.076 0.071 0.074 0.070 0.106 0.065 0.388 0.068 
218 UA00015415    (4)   :  0.026 0.134 0.029 0.028 0.029 0.679 0.029 0.017 0.029 
219 UA00035531    (0)   :  0.045 0.119 0.053 0.053 0.054 0.500 0.052 0.076 0.048 
220 UA00048683    (0)   :  0.059 0.130 0.064 0.068 0.063 0.472 0.063 0.021 0.060 
221 UA00046734    (4)   :  0.029 0.134 0.032 0.032 0.033 0.661 0.029 0.020 0.029 
222   pcRF01    (0)   :  0.152 0.136 0.121 0.118 0.097 0.042 0.191 0.010 0.133 
223 UA00007223    (0)   :  0.099 0.122 0.115 0.130 0.114 0.140 0.122 0.048 0.111 
224 UA00013841    (0)   :  0.116 0.113 0.133 0.121 0.129 0.038 0.130 0.081 0.140 
225 UA00014196    (0)   :  0.055 0.122 0.066 0.073 0.068 0.444 0.065 0.046 0.062 
226 UA00034635    (0)   :  0.129 0.117 0.139 0.162 0.132 0.051 0.128 0.020 0.122 
227 UA00047371    (0)   :  0.102 0.095 0.127 0.133 0.131 0.054 0.099 0.152 0.107 
228 UA00063544    (0)   :  0.118 0.103 0.124 0.118 0.119 0.052 0.104 0.143 0.119 
229 UA00064246    (0)   :  0.108 0.116 0.117 0.118 0.117 0.137 0.105 0.077 0.105 
230 UA00064328    (0)   :  0.101 0.115 0.122 0.129 0.125 0.152 0.099 0.056 0.101 
231 UA00002952    (0)   :  0.091 0.107 0.113 0.121 0.117 0.136 0.108 0.102 0.105 
232 UA00064079    (0)   :  0.104 0.109 0.127 0.136 0.123 0.071 0.111 0.107 0.113 
233 UA00046793    (0)   :  0.085 0.107 0.105 0.105 0.108 0.165 0.102 0.131 0.092 
234 UA00034769    (0)   :  0.089 0.079 0.081 0.084 0.083 0.074 0.072 0.356 0.083 
235 UA00034949    (0)   :  0.096 0.120 0.119 0.118 0.111 0.161 0.120 0.044 0.112 
236 UA00063753    (0)   :  0.170 0.124 0.109 0.110 0.115 0.074 0.101 0.055 0.142 
237 UA00015713    (0)   :  0.130 0.111 0.125 0.125 0.132 0.041 0.113 0.095 0.128 
238 UA00003494    (0)   :  0.100 0.119 0.121 0.124 0.111 0.096 0.140 0.078 0.109 
239 UA00056767    (0)   :  0.204 0.137 0.113 0.089 0.122 0.028 0.124 0.011 0.173 
240 UA00014461    (0)   :  0.100 0.116 0.115 0.117 0.118 0.142 0.118 0.065 0.108 
241 UA00034669    (0)   :  0.075 0.115 0.095 0.094 0.104 0.275 0.080 0.083 0.079 
242 UA00048164    (0)   :  0.106 0.120 0.120 0.114 0.117 0.174 0.121 0.019 0.108 
243 UA00007974    (0)   :  0.143 0.125 0.126 0.097 0.143 0.042 0.125 0.046 0.153 
244 UA00016166    (0)   :  0.098 0.102 0.113 0.109 0.104 0.054 0.105 0.215 0.099 
245 UA00015653    (0)   :  0.085 0.105 0.111 0.109 0.114 0.131 0.091 0.161 0.093 
246 UA00063882    (0)   :  0.077 0.109 0.095 0.096 0.099 0.261 0.091 0.087 0.085 
247 UA00049027    (0)   :  0.101 0.104 0.113 0.115 0.115 0.085 0.097 0.163 0.107 
248 UA00018878    (0)   :  0.107 0.097 0.110 0.101 0.133 0.038 0.113 0.178 0.123 
249 UA00038796    (0)   :  0.096 0.123 0.110 0.111 0.120 0.211 0.098 0.025 0.105 
250 UA00013465    (0)   :  0.051 0.131 0.058 0.065 0.059 0.505 0.050 0.030 0.051 
251 UA00014604    (0)   :  0.098 0.120 0.112 0.117 0.126 0.171 0.097 0.055 0.103 
252 UA00041913    (0)   :  0.144 0.103 0.100 0.109 0.102 0.050 0.089 0.183 0.121 
253 UA00021632    (0)   :  0.070 0.077 0.087 0.092 0.086 0.070 0.071 0.368 0.079 
254 UA00064027    (0)   :  0.099 0.109 0.128 0.135 0.138 0.102 0.103 0.080 0.106 
255 UA00015023    (0)   :  0.116 0.123 0.131 0.133 0.123 0.097 0.132 0.030 0.115 
256 UA00050243    (0)   :  0.093 0.098 0.125 0.127 0.125 0.057 0.101 0.172 0.102 
257 UA00048298    (0)   :  0.125 0.118 0.132 0.138 0.124 0.067 0.127 0.047 0.121 
258 UA00050437    (0)   :  0.096 0.117 0.122 0.131 0.127 0.164 0.106 0.033 0.104 
259 UA00014262    (0)   :  0.106 0.106 0.131 0.136 0.136 0.063 0.118 0.086 0.118 
260 UA00049129    (0)   :  0.139 0.116 0.129 0.125 0.136 0.043 0.125 0.056 0.131 
261 UA00014740    (0)   :  0.135 0.112 0.123 0.124 0.136 0.064 0.118 0.056 0.132 
262 UA00049612    (0)   :  0.048 0.048 0.047 0.047 0.046 0.065 0.042 0.611 0.046 
263 UA00014635    (0)   :  0.182 0.131 0.113 0.101 0.128 0.032 0.135 0.016 0.163 
264 UA00014673    (0)   :  0.091 0.114 0.115 0.115 0.117 0.161 0.097 0.086 0.104 
265 UA00033608    (0)   :  0.092 0.080 0.090 0.086 0.091 0.063 0.075 0.335 0.087 
266 UA00064540    (0)   :  0.153 0.124 0.116 0.103 0.136 0.070 0.124 0.029 0.145 
267 UA00050256    (0)   :  0.091 0.102 0.124 0.133 0.127 0.105 0.103 0.118 0.097 
268 UA00015274    (0)   :  0.119 0.125 0.130 0.127 0.131 0.078 0.139 0.025 0.126 
269 UA00062993    (0)   :  0.129 0.123 0.131 0.132 0.152 0.068 0.119 0.014 0.132 
270 UA00038364    (0)   :  0.120 0.116 0.135 0.134 0.136 0.067 0.105 0.066 0.121 
271 UA00014446    (0)   :  0.124 0.120 0.145 0.147 0.156 0.047 0.124 0.016 0.122 
272 UA00063545    (0)   :  0.062 0.077 0.076 0.077 0.078 0.125 0.062 0.378 0.065 
273 UA00040054    (0)   :  0.125 0.130 0.132 0.127 0.131 0.040 0.144 0.035 0.135 
274 UA00058447    (0)   :  0.129 0.109 0.137 0.123 0.150 0.044 0.135 0.034 0.137 
275 UA00046835    (0)   :  0.138 0.119 0.126 0.124 0.147 0.044 0.136 0.030 0.136 
276 UA00014608    (0)   :  0.121 0.112 0.141 0.139 0.152 0.058 0.128 0.023 0.126 
277    pc012    (0)   :  0.112 0.113 0.137 0.137 0.138 0.088 0.114 0.044 0.119 
278    pc002    (0)   :  0.080 0.087 0.099 0.102 0.098 0.069 0.078 0.301 0.086 
279 UA00033690    (0)   :  0.153 0.109 0.109 0.084 0.123 0.037 0.115 0.117 0.153 
280 UA00013688    (0)   :  0.116 0.116 0.128 0.133 0.143 0.084 0.123 0.037 0.120 
281 UA00063666    (0)   :  0.202 0.126 0.111 0.081 0.120 0.020 0.109 0.064 0.167 
282 UA00063292    (0)   :  0.199 0.132 0.118 0.077 0.127 0.023 0.126 0.017 0.181 
283    pc001    (0)   :  0.116 0.118 0.134 0.138 0.146 0.073 0.122 0.028 0.124 
284    pc008    (0)   :  0.134 0.120 0.135 0.121 0.137 0.051 0.127 0.029 0.145 
285 UA00034316    (0)   :  0.085 0.101 0.098 0.102 0.091 0.169 0.099 0.169 0.086 
286 UA00013046    (0)   :  0.152 0.125 0.130 0.129 0.113 0.031 0.145 0.023 0.152 
287 UA00050241    (0)   :  0.178 0.129 0.123 0.107 0.130 0.023 0.126 0.020 0.164 
288 UA00048599    (0)   :  0.146 0.118 0.121 0.123 0.155 0.033 0.143 0.017 0.144 
289 UA00046649    (0)   :  0.100 0.095 0.107 0.105 0.109 0.041 0.099 0.236 0.107 
290 UA00015674    (0)   :  0.089 0.076 0.078 0.076 0.085 0.050 0.072 0.386 0.087 
291 UA00013177    (0)   :  0.138 0.116 0.120 0.110 0.117 0.084 0.105 0.077 0.133 
292 UA00012814    (0)   :  0.126 0.117 0.135 0.140 0.133 0.064 0.134 0.029 0.122 
293 UA00034654    (0)   :  0.125 0.116 0.137 0.139 0.149 0.041 0.138 0.018 0.137 
294 UA00046743    (0)   :  0.162 0.128 0.117 0.098 0.127 0.037 0.147 0.021 0.164 
295 UA00014854    (0)   :  0.150 0.116 0.116 0.084 0.134 0.022 0.135 0.081 0.162 
296 UA00013729    (0)   :  0.134 0.127 0.129 0.136 0.119 0.053 0.142 0.030 0.130 
297 UA00063483    (0)   :  0.164 0.115 0.128 0.153 0.130 0.030 0.116 0.022 0.143 
298 UA00039326    (0)   :  0.124 0.109 0.130 0.117 0.135 0.040 0.125 0.083 0.137 
299 UA00014742    (0)   :  0.180 0.122 0.127 0.118 0.133 0.029 0.110 0.026 0.155 
300 UA00049597    (0)   :  0.111 0.085 0.094 0.077 0.099 0.022 0.097 0.297 0.118 
301 UA00048067    (0)   :  0.138 0.110 0.126 0.130 0.135 0.060 0.108 0.060 0.133 
302 UA00012918    (0)   :  0.160 0.109 0.107 0.069 0.123 0.019 0.123 0.128 0.161 
303 UA00013487    (0)   :  0.159 0.137 0.123 0.110 0.093 0.033 0.201 0.017 0.128 
304 UA00046759    (0)   :  0.103 0.115 0.125 0.128 0.123 0.133 0.096 0.071 0.106 
305 UA00050164    (0)   :  0.056 0.056 0.059 0.057 0.058 0.037 0.061 0.562 0.055 
306 UA00049839    (0)   :  0.188 0.125 0.121 0.126 0.112 0.047 0.107 0.022 0.153 
307 UA00048444    (0)   :  0.226 0.132 0.102 0.068 0.105 0.025 0.098 0.065 0.179 
308 UA00063857    (0)   :  0.152 0.120 0.128 0.129 0.137 0.028 0.127 0.032 0.147 
309 UA00014921    (0)   :  0.096 0.079 0.097 0.096 0.098 0.026 0.082 0.329 0.095 
310 UA00048895    (0)   :  0.083 0.079 0.089 0.091 0.088 0.044 0.085 0.355 0.087 
311 UA00014556    (0)   :  0.113 0.122 0.130 0.131 0.138 0.120 0.106 0.023 0.115 
312    pc009    (0)   :  0.228 0.133 0.104 0.084 0.115 0.019 0.119 0.018 0.180 
313 UA00014959    (0)   :  0.097 0.081 0.098 0.084 0.100 0.033 0.099 0.295 0.114 
314 UA00020709    (0)   :  0.120 0.113 0.132 0.117 0.136 0.047 0.134 0.063 0.137 
315 UA00013126    (0)   :  0.017 0.017 0.017 0.016 0.017 0.018 0.016 0.866 0.017 
316 UA00013695    (0)   :  0.026 0.027 0.029 0.028 0.029 0.020 0.027 0.786 0.028 
317 UA00049344    (0)   :  0.080 0.078 0.099 0.100 0.099 0.048 0.079 0.327 0.089 
318 UA00047614    (0)   :  0.037 0.045 0.042 0.044 0.042 0.090 0.037 0.623 0.040 
319 UA00014221    (0)   :  0.176 0.131 0.119 0.100 0.140 0.027 0.134 0.010 0.164 
320 UA00014346    (0)   :  0.161 0.121 0.124 0.105 0.136 0.045 0.119 0.038 0.151 
321 UA00014245    (0)   :  0.118 0.094 0.108 0.083 0.117 0.030 0.124 0.187 0.137 
322 UA00014696    (0)   :  0.018 0.020 0.020 0.020 0.020 0.024 0.020 0.838 0.019 
323 UA00006991    (0)   :  0.110 0.121 0.138 0.149 0.146 0.070 0.133 0.020 0.113 
324 UA00048948    (0)   :  0.122 0.119 0.138 0.146 0.140 0.064 0.119 0.028 0.124 
325 UA00002239    (0)   :  0.114 0.119 0.134 0.134 0.132 0.080 0.137 0.030 0.120 
326 UA00063459    (0)   :  0.187 0.131 0.117 0.076 0.132 0.021 0.137 0.024 0.176 
327 UA00048356    (0)   :  0.123 0.113 0.128 0.137 0.139 0.091 0.112 0.034 0.123 
328 UA00063940    (0)   :  0.111 0.120 0.131 0.143 0.128 0.091 0.122 0.035 0.119 
329 UA00048130    (0)   :  0.175 0.123 0.123 0.122 0.134 0.038 0.114 0.020 0.150 
330 UA00048903    (0)   :  0.155 0.138 0.118 0.130 0.101 0.033 0.163 0.013 0.150 
331 UA00064643    (0)   :  0.130 0.121 0.137 0.137 0.131 0.056 0.117 0.042 0.129 
332 UA00050233    (0)   :  0.135 0.125 0.130 0.129 0.130 0.077 0.126 0.022 0.126 
333 UA00012507    (0)   :  0.107 0.119 0.127 0.135 0.131 0.124 0.125 0.017 0.115 
334 UA00064416    (0)   :  0.134 0.128 0.136 0.132 0.113 0.044 0.169 0.019 0.124 
335 UA00034724    (0)   :  0.139 0.122 0.134 0.142 0.129 0.053 0.128 0.021 0.132 
336 UA00002621    (0)   :  0.138 0.128 0.130 0.137 0.135 0.040 0.138 0.018 0.135 
337 UA00033203    (0)   :  0.143 0.130 0.129 0.119 0.106 0.043 0.171 0.036 0.122 
338 UA00011996    (0)   :  0.122 0.114 0.141 0.152 0.150 0.039 0.125 0.037 0.122 
339 UA00014408    (0)   :  0.090 0.124 0.105 0.112 0.108 0.236 0.107 0.026 0.092 
340 UA00049502    (0)   :  0.130 0.117 0.133 0.143 0.136 0.089 0.111 0.019 0.122 
341 UA00062695    (0)   :  0.142 0.115 0.127 0.121 0.136 0.058 0.111 0.061 0.129 
342 UA00014072    (0)   :  0.180 0.125 0.117 0.120 0.126 0.041 0.109 0.034 0.147 
343 UA00003334    (0)   :  0.152 0.127 0.125 0.121 0.122 0.032 0.144 0.025 0.154 
344 UA00013835    (0)   :  0.124 0.112 0.141 0.140 0.152 0.044 0.120 0.039 0.128 
345 UA00046760    (0)   :  0.129 0.099 0.123 0.132 0.121 0.038 0.098 0.142 0.119 
346 UA00014241    (0)   :  0.130 0.119 0.134 0.132 0.136 0.049 0.154 0.019 0.126 
347 UA00049585    (0)   :  0.169 0.121 0.127 0.135 0.133 0.029 0.117 0.022 0.148 
348 UA00013409    (0)   :  0.173 0.128 0.107 0.098 0.109 0.120 0.095 0.033 0.135 
349 UA00047548    (0)   :  0.123 0.117 0.144 0.141 0.147 0.036 0.141 0.029 0.123 
350 UA00049038    (0)   :  0.096 0.088 0.100 0.104 0.099 0.086 0.083 0.251 0.091 
351 UA00047612    (0)   :  0.121 0.119 0.142 0.148 0.139 0.059 0.128 0.020 0.124 
352 UA00014822    (0)   :  0.093 0.094 0.106 0.114 0.105 0.110 0.090 0.190 0.098 
353 UA00035299    (0)   :  0.131 0.122 0.134 0.140 0.127 0.049 0.130 0.033 0.135 
354 UA00012804    (0)   :  0.085 0.086 0.108 0.113 0.112 0.055 0.088 0.265 0.089 
355 UA00049578    (0)   :  0.116 0.118 0.135 0.141 0.138 0.102 0.109 0.024 0.117 
356 UA00047672    (0)   :  0.141 0.141 0.123 0.115 0.101 0.051 0.175 0.018 0.134 
357 UA00043961    (0)   :  0.051 0.052 0.049 0.051 0.051 0.059 0.045 0.589 0.053 
358 UA00064575    (0)   :  0.140 0.117 0.114 0.126 0.114 0.144 0.096 0.029 0.120 
359 UA00014732    (0)   :  0.118 0.123 0.135 0.138 0.141 0.068 0.144 0.017 0.117 
360 UA00050181    (0)   :  0.124 0.120 0.136 0.147 0.141 0.059 0.138 0.011 0.125 
361 UA00033369    (0)   :  0.098 0.101 0.119 0.122 0.121 0.064 0.101 0.170 0.104 
362 UA00011982    (0)   :  0.158 0.148 0.112 0.116 0.086 0.030 0.189 0.013 0.148 
363 UA00014590    (0)   :  0.114 0.113 0.135 0.135 0.130 0.061 0.123 0.073 0.117 
364 UA00047743    (0)   :  0.137 0.140 0.134 0.133 0.121 0.040 0.147 0.017 0.130 
365 UA00046621    (0)   :  0.138 0.132 0.132 0.134 0.128 0.034 0.154 0.018 0.131 
366 UA00050422    (0)   :  0.109 0.121 0.136 0.144 0.137 0.097 0.119 0.021 0.117 
367 UA00002760    (0)   :  0.144 0.111 0.132 0.142 0.127 0.040 0.118 0.056 0.129 
368 UA00012999    (0)   :  0.116 0.121 0.127 0.139 0.130 0.041 0.126 0.077 0.123 
369 UA00063838    (0)   :  0.145 0.132 0.127 0.129 0.116 0.046 0.141 0.018 0.146 
370 UA00003729    (0)   :  0.103 0.105 0.110 0.102 0.114 0.132 0.097 0.128 0.108 
371 UA00015348    (0)   :  0.187 0.125 0.116 0.112 0.116 0.048 0.097 0.047 0.152 
372 UA00019058    (0)   :  0.162 0.134 0.113 0.086 0.125 0.076 0.126 0.031 0.147 
373 UA00049549    (0)   :  0.206 0.125 0.103 0.063 0.115 0.018 0.114 0.078 0.178 
374 UA00014334    (0)   :  0.115 0.117 0.133 0.135 0.129 0.079 0.136 0.030 0.127 
375 UA00014350    (0)   :  0.166 0.150 0.102 0.117 0.068 0.028 0.209 0.010 0.150 
376 UA00049227    (0)   :  0.094 0.103 0.128 0.137 0.122 0.079 0.113 0.116 0.109 
377 UA00014051    (0)   :  0.119 0.125 0.124 0.120 0.121 0.117 0.145 0.016 0.113 
378 UA00034381    (0)   :  0.129 0.120 0.128 0.140 0.123 0.080 0.128 0.025 0.127 
379 UA00002354    (0)   :  0.150 0.138 0.131 0.124 0.101 0.036 0.175 0.016 0.130 
380 UA00049892    (0)   :  0.154 0.122 0.122 0.125 0.109 0.030 0.129 0.058 0.152 
381 UA00021989    (0)   :  0.142 0.120 0.132 0.141 0.121 0.055 0.141 0.016 0.132 
382 UA00048968    (0)   :  0.122 0.121 0.139 0.138 0.141 0.053 0.143 0.020 0.123 
383 UA00013174    (0)   :  0.128 0.127 0.128 0.127 0.124 0.056 0.149 0.033 0.128 
384 UA00033992    (0)   :  0.103 0.102 0.129 0.141 0.122 0.039 0.117 0.137 0.109 
385 UA00015801    (0)   :  0.157 0.150 0.109 0.119 0.087 0.031 0.184 0.010 0.152 
386 UA00063303    (0)   :  0.124 0.103 0.111 0.099 0.112 0.058 0.107 0.162 0.124 
387 UA00050206    (0)   :  0.211 0.135 0.109 0.097 0.120 0.032 0.108 0.012 0.176 
388 UA00014458    (0)   :  0.133 0.114 0.128 0.124 0.124 0.063 0.122 0.065 0.127 
389 UA00007204    (0)   :  0.155 0.118 0.122 0.107 0.131 0.030 0.145 0.033 0.160 
390 UA00063212    (0)   :  0.138 0.106 0.104 0.098 0.101 0.105 0.081 0.150 0.117 
391 UA00013340    (0)   :  0.118 0.106 0.142 0.149 0.149 0.040 0.115 0.064 0.118 
392 UA00062743    (0)   :  0.115 0.121 0.130 0.133 0.120 0.077 0.153 0.017 0.134 
393 UA00063189    (0)   :  0.064 0.125 0.075 0.079 0.076 0.385 0.077 0.053 0.065 
394 UA00035432    (0)   :  0.175 0.123 0.120 0.133 0.118 0.036 0.127 0.020 0.148 
395 UA00007958    (0)   :  0.131 0.118 0.141 0.146 0.132 0.040 0.147 0.019 0.125 
396 UA00013634    (0)   :  0.117 0.129 0.127 0.127 0.119 0.059 0.175 0.015 0.131 
397 UA00048175    (0)   :  0.148 0.148 0.114 0.117 0.082 0.040 0.201 0.009 0.141 
398 UA00003202    (0)   :  0.141 0.118 0.133 0.153 0.132 0.042 0.125 0.026 0.129 
399 UA00035090    (0)   :  0.143 0.122 0.129 0.127 0.120 0.081 0.112 0.028 0.138 
400 UA00064679    (0)   :  0.091 0.118 0.105 0.103 0.102 0.233 0.108 0.040 0.099 
401 UA00039518    (0)   :  0.133 0.118 0.134 0.123 0.129 0.043 0.157 0.032 0.130 
402 UA00058268    (0)   :  0.124 0.117 0.139 0.153 0.130 0.053 0.129 0.027 0.129 
403 UA00049456    (0)   :  0.130 0.103 0.119 0.124 0.119 0.046 0.102 0.143 0.114 
404 UA00049550    (0)   :  0.169 0.126 0.117 0.116 0.119 0.093 0.101 0.017 0.142 
405 UA00048342    (0)   :  0.125 0.113 0.131 0.139 0.131 0.055 0.109 0.069 0.127 
406 UA00063493    (0)   :  0.152 0.120 0.137 0.144 0.124 0.038 0.126 0.015 0.143 
407 UA00058261    (0)   :  0.120 0.121 0.121 0.134 0.109 0.109 0.144 0.022 0.121 
408 UA00014663    (0)   :  0.118 0.123 0.142 0.146 0.142 0.067 0.119 0.028 0.115 
409 UA00048817    (0)   :  0.106 0.100 0.120 0.120 0.110 0.054 0.111 0.167 0.113 
410 UA00049381    (0)   :  0.125 0.123 0.124 0.128 0.114 0.063 0.178 0.019 0.125 
411 UA00035901    (0)   :  0.097 0.119 0.115 0.119 0.115 0.211 0.095 0.028 0.101 
412 UA00013301    (0)   :  0.196 0.127 0.114 0.102 0.111 0.065 0.097 0.034 0.153 
413 UA00047926    (0)   :  0.120 0.117 0.124 0.129 0.112 0.086 0.144 0.055 0.112 
414 UA00007272    (0)   :  0.114 0.124 0.117 0.126 0.121 0.119 0.126 0.032 0.121 
415 UA00016041    (0)   :  0.155 0.120 0.132 0.128 0.129 0.040 0.114 0.042 0.140 
416 UA00013502    (0)   :  0.146 0.123 0.125 0.134 0.119 0.063 0.141 0.014 0.133 
417 UA00002390    (0)   :  0.105 0.111 0.143 0.144 0.142 0.050 0.116 0.074 0.116 
418 UA00034907    (0)   :  0.120 0.113 0.141 0.144 0.147 0.069 0.123 0.018 0.125 
419 UA00048821    (0)   :  0.107 0.117 0.125 0.126 0.122 0.107 0.107 0.075 0.114 
420 UA00002136    (0)   :  0.159 0.110 0.123 0.140 0.121 0.054 0.098 0.067 0.128 
421 UA00011790    (0)   :  0.111 0.118 0.136 0.132 0.129 0.061 0.160 0.034 0.118 
422 UA00021586    (0)   :  0.104 0.100 0.120 0.119 0.121 0.063 0.110 0.150 0.112 
423 UA00033270    (0)   :  0.121 0.116 0.134 0.140 0.139 0.063 0.131 0.030 0.126 
424 UA00048073    (0)   :  0.128 0.114 0.137 0.141 0.139 0.055 0.127 0.030 0.129 
425 UA00048856    (0)   :  0.115 0.114 0.130 0.128 0.135 0.088 0.136 0.026 0.129 
426 UA00049713    (0)   :  0.138 0.136 0.123 0.129 0.103 0.058 0.151 0.026 0.135 
427 UA00046885    (0)   :  0.126 0.114 0.133 0.141 0.149 0.042 0.135 0.032 0.127 
428 UA00034893    (0)   :  0.146 0.127 0.132 0.135 0.114 0.039 0.142 0.021 0.145 
429 UA00048011    (0)   :  0.130 0.126 0.132 0.135 0.121 0.076 0.141 0.013 0.126 
430 UA00015786    (0)   :  0.105 0.119 0.115 0.122 0.108 0.176 0.105 0.050 0.100 
431 UA00013162    (0)   :  0.117 0.128 0.125 0.132 0.118 0.081 0.153 0.022 0.125 
432 UA00049512    (0)   :  0.135 0.116 0.136 0.131 0.137 0.066 0.111 0.036 0.131 
433 UA00004046    (0)   :  0.127 0.129 0.124 0.122 0.120 0.049 0.187 0.015 0.127 
434 UA00048881    (0)   :  0.101 0.108 0.112 0.131 0.113 0.139 0.095 0.100 0.101 
435 UA00046610    (0)   :  0.100 0.111 0.128 0.129 0.128 0.083 0.116 0.101 0.104 
436 UA00033282    (0)   :  0.122 0.117 0.136 0.135 0.136 0.083 0.115 0.030 0.124 
437 UA00047561    (0)   :  0.126 0.122 0.139 0.138 0.130 0.050 0.151 0.021 0.122 
438 UA00013777    (0)   :  0.107 0.121 0.122 0.129 0.129 0.120 0.139 0.018 0.115 
439 UA00062849    (0)   :  0.178 0.126 0.125 0.109 0.130 0.038 0.114 0.029 0.151 
440 UA00049786    (0)   :  0.139 0.136 0.116 0.118 0.094 0.068 0.186 0.016 0.127 
441 UA00033246    (0)   :  0.223 0.131 0.109 0.094 0.117 0.020 0.109 0.017 0.180 
442 UA00045302    (0)   :  0.125 0.121 0.142 0.149 0.137 0.042 0.125 0.029 0.130 
443 UA00048637    (0)   :  0.133 0.131 0.122 0.128 0.103 0.065 0.175 0.021 0.122 
444 UA00049832    (0)   :  0.143 0.114 0.120 0.109 0.125 0.037 0.124 0.094 0.133 
445 UA00022023    (0)   :  0.104 0.109 0.140 0.141 0.139 0.053 0.130 0.065 0.118 
446 UA00050192    (0)   :  0.100 0.102 0.134 0.138 0.140 0.049 0.116 0.113 0.109 
447 UA00050413    (0)   :  0.131 0.120 0.137 0.139 0.137 0.059 0.128 0.021 0.128 
448 UA00013445    (0)   :  0.125 0.123 0.136 0.136 0.142 0.039 0.157 0.013 0.128 
449 UA00035496    (0)   :  0.105 0.123 0.121 0.121 0.125 0.168 0.108 0.027 0.104 
450 UA00003333    (0)   :  0.087 0.118 0.107 0.112 0.107 0.225 0.094 0.059 0.091 
451 UA00064008    (0)   :  0.097 0.122 0.113 0.118 0.112 0.205 0.112 0.019 0.102 
452 UA00003427    (0)   :  0.103 0.104 0.125 0.124 0.125 0.070 0.109 0.132 0.108 
453 UA00028092    (0)   :  0.096 0.096 0.100 0.108 0.101 0.119 0.089 0.200 0.091 
454    pc003    (0)   :  0.042 0.123 0.045 0.050 0.044 0.534 0.041 0.077 0.044 
455 UA00034440    (0)   :  0.156 0.123 0.121 0.128 0.130 0.062 0.115 0.025 0.140 
456 UA00026062    (0)   :  0.128 0.128 0.125 0.123 0.112 0.046 0.175 0.032 0.131 
