

----------------------------------------------------
STRUCTURE by Pritchard, Stephens and Donnelly (2000)
     and Falush, Stephens and Pritchard (2003)
       Code by Pritchard, Falush and Hubisz
             Version 2.3.4 (Jul 2012)
----------------------------------------------------



Command line arguments:   structure -K 5 -o outputfile_K5_5 
Input File:    Puma_SNP_genotypes_cut_AZ_final_HWEonly.str

Run parameters:
   536 individuals
   22 loci
   5 populations assumed
   100000 Burn-in period
   500000 Reps


--------------------------------------------
Overall proportion of membership of the
sample in each of the 5 clusters

Inferred Clusters
  1      2      3      4      5    
0.205  0.197  0.188  0.205  0.205  

--------------------------------------------

Allele-freq. divergence among pops (Net nucleotide distance),
computed using point estimates of P.

      1       2       3       4       5      
 1      -    0.0533  0.0502  0.0100  0.0010  
 2   0.0533     -    0.0657  0.0493  0.0483  
 3   0.0502  0.0657     -    0.0607  0.0495  
 4   0.0100  0.0493  0.0607     -    0.0048  
 5   0.0010  0.0483  0.0495  0.0048     -    

Average distances (expected heterozygosity) between individuals in same cluster:
cluster  1  : 0.3735 
cluster  2  : 0.2738 
cluster  3  : 0.3131 
cluster  4  : 0.3691 
cluster  5  : 0.3784 

--------------------------------------------
Estimated Ln Prob of Data   = -13101.0
Mean value of ln likelihood = -12329.3
Variance of ln likelihood   = 1543.4
Mean value of alpha         = 0.3225

Mean value of Fst_1         = 0.1014
Mean value of Fst_2         = 0.2625
Mean value of Fst_3         = 0.2438
Mean value of Fst_4         = 0.0837
Mean value of Fst_5         = 0.0804


Inferred ancestry of individuals:
        Label (%Miss) :  Inferred clusters
  1 UA00063336   (13)   :  0.135 0.096 0.498 0.134 0.137 
  2 UA00048914    (9)   :  0.157 0.276 0.195 0.189 0.183 
  3 UA00014769   (13)   :  0.256 0.037 0.095 0.343 0.269 
  4 UA00008132   (13)   :  0.219 0.130 0.184 0.238 0.229 
  5 UA00030462   (13)   :  0.158 0.374 0.160 0.143 0.165 
  6 UA00034866   (13)   :  0.238 0.258 0.072 0.191 0.242 
  7 UA00034800    (9)   :  0.080 0.103 0.651 0.081 0.084 
  8  Puco006    (9)   :  0.069 0.673 0.114 0.072 0.072 
  9 UA00048874    (4)   :  0.085 0.119 0.594 0.103 0.098 
 10 UA00049060    (9)   :  0.227 0.076 0.176 0.276 0.244 
 11 UA00033413    (9)   :  0.362 0.098 0.067 0.180 0.293 
 12  Puco021    (9)   :  0.335 0.055 0.219 0.130 0.260 
 13  Puco026    (9)   :  0.272 0.060 0.197 0.216 0.255 
 14  Puco008    (9)   :  0.121 0.248 0.367 0.129 0.136 
 15   M01301    (9)   :  0.330 0.161 0.054 0.180 0.275 
 16   M06306    (9)   :  0.145 0.049 0.578 0.098 0.129 
 17 UA00032185    (9)   :  0.230 0.176 0.153 0.207 0.235 
 18 UA00030792    (9)   :  0.037 0.049 0.841 0.036 0.038 
 19 UA00031647    (9)   :  0.145 0.173 0.395 0.138 0.149 
 20 UA00031979    (9)   :  0.219 0.162 0.159 0.222 0.238 
 21  Puco016    (9)   :  0.143 0.410 0.076 0.204 0.168 
 22  Puco010    (9)   :  0.300 0.102 0.117 0.205 0.275 
 23    M1035    (9)   :  0.200 0.056 0.236 0.276 0.232 
 24 UA00034601    (9)   :  0.222 0.224 0.204 0.149 0.202 
 25 UA00050388    (9)   :  0.216 0.146 0.236 0.180 0.222 
 26 UA00048699    (9)   :  0.118 0.538 0.066 0.150 0.128 
 27 UA00064058    (9)   :  0.230 0.065 0.154 0.307 0.244 
 28 UA00033981    (9)   :  0.346 0.107 0.140 0.141 0.267 
 29   F05033    (9)   :  0.286 0.077 0.096 0.264 0.277 
 30 UA00048520    (4)   :  0.197 0.161 0.327 0.134 0.181 
 31 UA00048422    (4)   :  0.063 0.052 0.772 0.052 0.060 
 32    PucoB    (4)   :  0.336 0.046 0.128 0.201 0.289 
 33 UA00047393    (4)   :  0.160 0.076 0.328 0.237 0.199 
 34 UA00064521    (4)   :  0.189 0.357 0.122 0.145 0.187 
 35 UA00003043    (4)   :  0.179 0.264 0.063 0.283 0.212 
 36 UA00063025    (4)   :  0.170 0.215 0.351 0.108 0.156 
 37 UA00063826    (4)   :  0.331 0.072 0.138 0.178 0.281 
 38   F07407    (4)   :  0.250 0.066 0.351 0.122 0.211 
 39 UA00021658    (4)   :  0.275 0.101 0.113 0.246 0.265 
 40 UA00003794    (4)   :  0.239 0.079 0.335 0.141 0.206 
 41 UA00041322    (4)   :  0.202 0.150 0.240 0.189 0.218 
 42 UA00063316    (4)   :  0.210 0.209 0.235 0.152 0.194 
 43 UA00047705    (4)   :  0.250 0.156 0.196 0.169 0.228 
 44 UA00033904    (4)   :  0.109 0.089 0.566 0.118 0.117 
 45 UA00048100    (4)   :  0.278 0.133 0.085 0.241 0.262 
 46 UA00032212    (4)   :  0.159 0.162 0.378 0.143 0.159 
 47 UA00031574    (4)   :  0.066 0.088 0.730 0.054 0.063 
 48 UA00031228    (4)   :  0.046 0.077 0.779 0.049 0.049 
 49 UA00047707    (4)   :  0.208 0.076 0.046 0.409 0.261 
 50 UA00030906    (4)   :  0.035 0.069 0.828 0.033 0.035 
 51 UA00041567    (4)   :  0.314 0.134 0.132 0.155 0.266 
 52 UA00007624    (4)   :  0.331 0.075 0.053 0.240 0.300 
 53 UA00034514    (4)   :  0.253 0.122 0.089 0.284 0.253 
 54 UA00030480    (4)   :  0.176 0.074 0.321 0.225 0.203 
 55  Puco012    (4)   :  0.226 0.160 0.095 0.276 0.243 
 56 UA00038677    (9)   :  0.192 0.229 0.256 0.139 0.184 
 57 UA00048275    (4)   :  0.336 0.104 0.099 0.175 0.286 
 58 UA00064055    (4)   :  0.186 0.143 0.104 0.339 0.229 
 59  Puco009    (4)   :  0.165 0.346 0.068 0.226 0.194 
 60 UA00064561    (4)   :  0.172 0.129 0.056 0.410 0.232 
 61 UA00003479    (4)   :  0.211 0.164 0.073 0.310 0.242 
 62 UA00063747    (4)   :  0.269 0.115 0.044 0.306 0.267 
 63 UA00002558    (4)   :  0.221 0.330 0.073 0.166 0.210 
 64 UA00048410    (4)   :  0.157 0.346 0.048 0.265 0.183 
 65 UA00012249    (4)   :  0.177 0.212 0.051 0.355 0.205 
 66 UA00033818    (4)   :  0.111 0.104 0.596 0.086 0.104 
 67  Puco020    (4)   :  0.159 0.158 0.229 0.264 0.191 
 68 UA00002545    (9)   :  0.168 0.079 0.146 0.387 0.220 
 69 UA00048508    (4)   :  0.246 0.100 0.076 0.314 0.264 
 70 UA00064100    (4)   :  0.244 0.126 0.150 0.223 0.258 
 71 UA00014585    (4)   :  0.236 0.150 0.096 0.273 0.246 
 72 UA00063698    (4)   :  0.131 0.442 0.200 0.102 0.123 
 73 UA00049753    (4)   :  0.127 0.052 0.575 0.115 0.131 
 74 UA00049037    (4)   :  0.246 0.071 0.134 0.296 0.252 
 75 UA00034941    (4)   :  0.243 0.173 0.218 0.145 0.220 
 76 UA00008083    (4)   :  0.100 0.609 0.094 0.097 0.099 
 77 UA00015084    (4)   :  0.126 0.396 0.270 0.090 0.118 
 78 UA00041010    (9)   :  0.068 0.418 0.359 0.079 0.076 
 79 UA00035261    (4)   :  0.154 0.192 0.352 0.146 0.155 
 80 UA00035431    (4)   :  0.320 0.143 0.050 0.203 0.285 
 81 UA00045274    (0)   :  0.246 0.178 0.194 0.160 0.222 
 82 UA00028200    (4)   :  0.118 0.208 0.456 0.101 0.117 
 83 UA00064559    (0)   :  0.048 0.053 0.812 0.040 0.046 
 84 UA00040808    (0)   :  0.089 0.181 0.499 0.125 0.105 
 85 UA00049156    (0)   :  0.105 0.187 0.507 0.097 0.104 
 86 UA00003952    (4)   :  0.084 0.646 0.068 0.108 0.094 
 87 UA00063954    (0)   :  0.177 0.073 0.382 0.175 0.193 
 88 UA00062934    (0)   :  0.152 0.116 0.430 0.145 0.157 
 89 UA00033829    (0)   :  0.074 0.235 0.552 0.065 0.075 
 90 UA00064351    (4)   :  0.333 0.164 0.102 0.136 0.266 
 91 UA00003697    (4)   :  0.101 0.559 0.151 0.087 0.102 
 92 UA00063438    (4)   :  0.147 0.151 0.395 0.144 0.163 
 93 UA00007608    (0)   :  0.138 0.251 0.382 0.098 0.131 
 94 UA00019683    (4)   :  0.178 0.058 0.525 0.091 0.147 
 95 UA00007781    (0)   :  0.290 0.136 0.117 0.195 0.262 
 96 UA00002915    (0)   :  0.132 0.168 0.410 0.147 0.142 
 97  Puco031    (4)   :  0.207 0.135 0.111 0.297 0.250 
 98 UA00048280    (4)   :  0.321 0.163 0.111 0.146 0.259 
 99 UA00048589    (0)   :  0.265 0.093 0.201 0.199 0.242 
100 UA00034417    (0)   :  0.156 0.229 0.231 0.205 0.178 
101 UA00050411    (4)   :  0.222 0.075 0.047 0.404 0.252 
102  Puco029    (4)   :  0.312 0.037 0.090 0.268 0.293 
103   F03403    (4)   :  0.392 0.090 0.050 0.166 0.302 
104 UA00049904    (0)   :  0.241 0.101 0.318 0.129 0.211 
105 UA00035335    (0)   :  0.280 0.032 0.068 0.326 0.293 
106 UA00012611    (0)   :  0.278 0.074 0.108 0.261 0.279 
107 UA00050319    (0)   :  0.411 0.054 0.052 0.164 0.319 
108 UA00032068    (4)   :  0.217 0.060 0.259 0.230 0.234 
109 UA00032026    (4)   :  0.222 0.085 0.209 0.248 0.236 
110 UA00030476    (4)   :  0.367 0.046 0.172 0.135 0.280 
111 UA00046853    (0)   :  0.338 0.074 0.154 0.157 0.277 
112 UA00040156    (4)   :  0.037 0.048 0.844 0.035 0.037 
113 UA00030528    (4)   :  0.146 0.069 0.379 0.222 0.184 
114  Puco025    (4)   :  0.222 0.061 0.072 0.379 0.265 
115    pc016    (0)   :  0.035 0.049 0.844 0.035 0.036 
116 UA00030617    (4)   :  0.238 0.050 0.049 0.388 0.276 
117 UA00030585    (4)   :  0.066 0.072 0.751 0.050 0.062 
118 UA00032060    (4)   :  0.200 0.069 0.380 0.158 0.193 
119    pc007    (0)   :  0.334 0.090 0.123 0.181 0.272 
120 UA00030798    (4)   :  0.065 0.049 0.757 0.063 0.066 
121 UA00030778    (4)   :  0.219 0.060 0.050 0.407 0.264 
122 UA00039674    (4)   :  0.041 0.047 0.828 0.042 0.042 
123 UA00032241    (4)   :  0.338 0.054 0.051 0.249 0.309 
124 UA00011624    (0)   :  0.238 0.082 0.085 0.337 0.258 
125 UA00033779    (4)   :  0.397 0.076 0.064 0.158 0.305 
126 UA00049402    (4)   :  0.161 0.311 0.095 0.248 0.184 
127 UA00033653    (0)   :  0.419 0.068 0.057 0.142 0.314 
128 UA00047738    (0)   :  0.227 0.173 0.182 0.188 0.229 
129 UA00047502    (4)   :  0.150 0.368 0.131 0.179 0.173 
130 UA00012014    (4)   :  0.204 0.126 0.126 0.307 0.238 
131 UA00040729    (0)   :  0.309 0.070 0.130 0.213 0.277 
132 UA00030392    (4)   :  0.247 0.062 0.083 0.337 0.271 
133 UA00050033    (0)   :  0.276 0.083 0.126 0.251 0.263 
134 UA00012152    (0)   :  0.107 0.542 0.049 0.178 0.125 
135 UA00050406    (0)   :  0.252 0.111 0.131 0.241 0.265 
136 UA00047973    (0)   :  0.306 0.097 0.087 0.231 0.279 
137 UA00008051    (0)   :  0.193 0.186 0.234 0.186 0.202 
138 UA00047337    (4)   :  0.197 0.085 0.341 0.185 0.193 
139 UA00041604    (4)   :  0.196 0.177 0.215 0.202 0.210 
140 UA00031704    (4)   :  0.240 0.046 0.057 0.393 0.263 
141 UA00040423    (4)   :  0.198 0.081 0.214 0.277 0.231 
142 UA00049433    (0)   :  0.166 0.219 0.167 0.250 0.198 
143 UA00034816    (0)   :  0.178 0.180 0.074 0.347 0.221 
144 UA00050214    (0)   :  0.187 0.054 0.065 0.447 0.247 
145 UA00041073    (0)   :  0.220 0.184 0.123 0.245 0.229 
146 UA00030318    (4)   :  0.221 0.139 0.068 0.326 0.246 
147 UA00046845    (0)   :  0.164 0.249 0.095 0.295 0.196 
148 UA00063946    (0)   :  0.400 0.064 0.106 0.134 0.295 
149 UA00031374    (4)   :  0.227 0.152 0.100 0.268 0.253 
150    M1136    (4)   :  0.138 0.079 0.404 0.213 0.166 
151 UA00034299    (0)   :  0.174 0.081 0.079 0.426 0.241 
152 UA00002387    (4)   :  0.180 0.156 0.052 0.375 0.237 
153 UA00021855    (0)   :  0.290 0.120 0.126 0.195 0.269 
154 UA00014500    (0)   :  0.240 0.077 0.128 0.301 0.254 
155 UA00050419    (4)   :  0.200 0.077 0.050 0.431 0.243 
156 UA00031854    (4)   :  0.247 0.189 0.090 0.233 0.242 
157    pc011    (4)   :  0.185 0.097 0.057 0.432 0.228 
158 UA00033004    (0)   :  0.178 0.108 0.164 0.329 0.221 
159 UA00046510    (0)   :  0.178 0.272 0.075 0.263 0.212 
160 UA00048747    (0)   :  0.178 0.146 0.076 0.373 0.227 
161 UA00014293    (0)   :  0.183 0.100 0.061 0.422 0.234 
162 UA00047686    (0)   :  0.148 0.298 0.162 0.209 0.183 
163 UA00033783    (4)   :  0.162 0.182 0.406 0.104 0.146 
164 UA00042609    (4)   :  0.136 0.367 0.134 0.206 0.157 
165 UA00031169    (4)   :  0.174 0.063 0.070 0.457 0.236 
166 UA00035181    (0)   :  0.321 0.066 0.041 0.275 0.298 
167 UA00050133    (0)   :  0.219 0.130 0.103 0.302 0.246 
168  Puco011    (4)   :  0.171 0.116 0.093 0.402 0.218 
169 UA00041476    (0)   :  0.179 0.189 0.128 0.290 0.214 
170 UA00046702    (0)   :  0.201 0.071 0.061 0.421 0.246 
171 UA00019940    (0)   :  0.212 0.141 0.141 0.265 0.242 
172 UA00049813    (0)   :  0.301 0.085 0.129 0.210 0.275 
173 UA00064165    (0)   :  0.122 0.501 0.124 0.121 0.132 
174 UA00064421    (0)   :  0.155 0.421 0.049 0.197 0.179 
175 UA00064569    (4)   :  0.254 0.077 0.049 0.344 0.276 
176 UA00003996    (0)   :  0.158 0.323 0.087 0.257 0.175 
177 UA00064491    (4)   :  0.224 0.146 0.060 0.324 0.247 
178 UA00011899    (0)   :  0.253 0.082 0.124 0.278 0.264 
179  Puco015    (4)   :  0.173 0.105 0.254 0.265 0.203 
180 UA00047929    (4)   :  0.343 0.047 0.084 0.229 0.296 
181 UA00056669    (0)   :  0.224 0.173 0.082 0.271 0.250 
182 UA00050176    (0)   :  0.205 0.195 0.146 0.237 0.218 
183  Puco014    (4)   :  0.277 0.160 0.125 0.190 0.248 
184 UA00019608    (0)   :  0.189 0.171 0.080 0.327 0.234 
185 UA00064333    (0)   :  0.181 0.114 0.093 0.371 0.242 
186  Puco013    (4)   :  0.180 0.299 0.094 0.230 0.197 
187 UA00016092    (0)   :  0.222 0.055 0.048 0.418 0.257 
188 UA00019060    (0)   :  0.092 0.518 0.185 0.104 0.101 
189 UA00063532    (0)   :  0.237 0.155 0.140 0.237 0.231 
190 UA00064117    (0)   :  0.105 0.331 0.324 0.126 0.113 
191 UA00011969    (0)   :  0.241 0.174 0.146 0.205 0.235 
192 UA00034586    (4)   :  0.299 0.073 0.079 0.257 0.293 
193 UA00030736    (4)   :  0.232 0.090 0.116 0.308 0.253 
194 UA00048493    (0)   :  0.220 0.104 0.161 0.276 0.238 
195 UA00040466    (0)   :  0.081 0.705 0.063 0.074 0.077 
196 UA00047659    (0)   :  0.276 0.124 0.080 0.244 0.276 
197 UA00042002    (4)   :  0.179 0.109 0.393 0.148 0.171 
198 UA00062606    (0)   :  0.173 0.265 0.130 0.235 0.198 
199 UA00030615    (4)   :  0.082 0.703 0.050 0.081 0.084 
200 UA00048899    (0)   :  0.261 0.126 0.107 0.241 0.266 
201 UA00047725    (0)   :  0.040 0.835 0.049 0.037 0.040 
202 UA00030866    (4)   :  0.230 0.196 0.102 0.227 0.245 
203 UA00034564    (0)   :  0.210 0.148 0.107 0.284 0.251 
204 UA00046520    (0)   :  0.408 0.065 0.056 0.157 0.315 
205 UA00035027    (0)   :  0.233 0.203 0.163 0.175 0.226 
206 UA00035421    (0)   :  0.127 0.470 0.065 0.195 0.143 
207 UA00062740    (4)   :  0.187 0.267 0.226 0.140 0.180 
208 UA00012360    (0)   :  0.073 0.718 0.060 0.075 0.074 
209 UA00050203    (0)   :  0.271 0.096 0.108 0.249 0.276 
210 UA00040534    (4)   :  0.099 0.384 0.305 0.102 0.109 
211 UA00031261    (4)   :  0.078 0.560 0.197 0.081 0.085 
212 UA00031917    (4)   :  0.084 0.387 0.340 0.095 0.094 
213 UA00040798    (4)   :  0.153 0.439 0.132 0.126 0.150 
214 UA00030598    (4)   :  0.158 0.420 0.125 0.139 0.159 
215 UA00050385    (0)   :  0.193 0.184 0.110 0.284 0.229 
216 UA00058283    (0)   :  0.063 0.716 0.105 0.054 0.062 
217 UA00042297    (4)   :  0.140 0.199 0.408 0.117 0.136 
218 UA00015415    (4)   :  0.054 0.771 0.054 0.062 0.059 
219 UA00035531    (0)   :  0.072 0.605 0.156 0.087 0.080 
220 UA00048683    (0)   :  0.092 0.631 0.068 0.111 0.097 
221 UA00046734    (4)   :  0.066 0.718 0.076 0.069 0.071 
222   pcRF01    (0)   :  0.172 0.068 0.036 0.482 0.242 
223 UA00007223    (0)   :  0.152 0.326 0.154 0.197 0.172 
224 UA00013841    (0)   :  0.183 0.068 0.333 0.211 0.206 
225 UA00014196    (0)   :  0.074 0.640 0.109 0.093 0.083 
226 UA00034635    (0)   :  0.256 0.116 0.080 0.277 0.271 
227 UA00047371    (0)   :  0.204 0.106 0.380 0.128 0.181 
228 UA00063544    (0)   :  0.191 0.109 0.359 0.154 0.187 
229 UA00064246    (0)   :  0.199 0.270 0.167 0.168 0.196 
230 UA00064328    (0)   :  0.154 0.287 0.215 0.172 0.172 
231 UA00002952    (0)   :  0.140 0.320 0.258 0.138 0.145 
232 UA00064079    (0)   :  0.188 0.135 0.277 0.197 0.203 
233 UA00046793    (0)   :  0.119 0.361 0.231 0.156 0.132 
234 UA00034769    (0)   :  0.141 0.155 0.486 0.091 0.127 
235 UA00034949    (0)   :  0.131 0.386 0.134 0.191 0.157 
236 UA00063753    (0)   :  0.290 0.160 0.196 0.124 0.231 
237 UA00015713    (0)   :  0.238 0.085 0.312 0.151 0.214 
238 UA00003494    (0)   :  0.144 0.242 0.148 0.291 0.176 
239 UA00056767    (0)   :  0.424 0.058 0.036 0.162 0.320 
240 UA00014461    (0)   :  0.159 0.339 0.148 0.190 0.164 
241 UA00034669    (0)   :  0.134 0.405 0.232 0.101 0.128 
242 UA00048164    (0)   :  0.190 0.330 0.070 0.205 0.205 
243 UA00007974    (0)   :  0.310 0.097 0.208 0.136 0.249 
244 UA00016166    (0)   :  0.126 0.093 0.419 0.201 0.161 
245 UA00015653    (0)   :  0.121 0.242 0.411 0.103 0.122 
246 UA00063882    (0)   :  0.113 0.457 0.176 0.130 0.123 
247 UA00049027    (0)   :  0.154 0.142 0.432 0.123 0.149 
248 UA00018878    (0)   :  0.199 0.069 0.454 0.111 0.167 
249 UA00038796    (0)   :  0.154 0.452 0.123 0.121 0.150 
250 UA00013465    (0)   :  0.095 0.630 0.096 0.085 0.095 
251 UA00014604    (0)   :  0.188 0.309 0.206 0.121 0.176 
252 UA00041913    (0)   :  0.229 0.106 0.370 0.113 0.182 
253 UA00021632    (0)   :  0.091 0.116 0.607 0.090 0.097 
254 UA00064027    (0)   :  0.170 0.200 0.278 0.163 0.189 
255 UA00015023    (0)   :  0.168 0.258 0.086 0.287 0.201 
256 UA00050243    (0)   :  0.143 0.118 0.415 0.165 0.160 
257 UA00048298    (0)   :  0.212 0.138 0.150 0.269 0.230 
258 UA00050437    (0)   :  0.153 0.359 0.131 0.179 0.178 
259 UA00014262    (0)   :  0.171 0.135 0.305 0.204 0.184 
260 UA00049129    (0)   :  0.276 0.091 0.174 0.208 0.251 
261 UA00014740    (0)   :  0.275 0.160 0.164 0.161 0.240 
262 UA00049612    (0)   :  0.086 0.123 0.635 0.072 0.084 
263 UA00014635    (0)   :  0.406 0.062 0.051 0.165 0.316 
264 UA00014673    (0)   :  0.148 0.265 0.319 0.123 0.145 
265 UA00033608    (0)   :  0.141 0.130 0.498 0.099 0.132 
266 UA00064540    (0)   :  0.337 0.151 0.097 0.146 0.269 
267 UA00050256    (0)   :  0.141 0.254 0.317 0.139 0.150 
268 UA00015274    (0)   :  0.202 0.162 0.103 0.296 0.238 
269 UA00062993    (0)   :  0.335 0.161 0.060 0.169 0.274 
270 UA00038364    (0)   :  0.230 0.145 0.244 0.164 0.218 
271 UA00014446    (0)   :  0.286 0.096 0.074 0.253 0.291 
272 UA00063545    (0)   :  0.082 0.201 0.547 0.082 0.087 
273 UA00040054    (0)   :  0.204 0.067 0.169 0.313 0.247 
274 UA00058447    (0)   :  0.314 0.091 0.129 0.193 0.273 
275 UA00046835    (0)   :  0.336 0.096 0.094 0.198 0.276 
276 UA00014608    (0)   :  0.298 0.140 0.096 0.195 0.271 
277    pc012    (0)   :  0.232 0.201 0.158 0.178 0.231 
278    pc002    (0)   :  0.128 0.122 0.491 0.119 0.140 
279 UA00033690    (0)   :  0.255 0.078 0.362 0.103 0.202 
280 UA00013688    (0)   :  0.243 0.190 0.131 0.202 0.235 
281 UA00063666    (0)   :  0.356 0.040 0.198 0.131 0.274 
282 UA00063292    (0)   :  0.408 0.058 0.065 0.155 0.314 
283    pc001    (0)   :  0.246 0.169 0.119 0.221 0.246 
284    pc008    (0)   :  0.286 0.114 0.134 0.203 0.263 
285 UA00034316    (0)   :  0.125 0.259 0.280 0.188 0.149 
286 UA00013046    (0)   :  0.309 0.051 0.081 0.272 0.288 
287 UA00050241    (0)   :  0.376 0.042 0.085 0.185 0.313 
288 UA00048599    (0)   :  0.384 0.069 0.063 0.183 0.300 
289 UA00046649    (0)   :  0.131 0.072 0.534 0.128 0.136 
290 UA00015674    (0)   :  0.139 0.104 0.559 0.080 0.118 
291 UA00013177    (0)   :  0.250 0.179 0.203 0.144 0.224 
292 UA00012814    (0)   :  0.214 0.145 0.109 0.293 0.238 
293 UA00034654    (0)   :  0.274 0.076 0.083 0.281 0.286 
294 UA00046743    (0)   :  0.342 0.079 0.076 0.212 0.290 
295 UA00014854    (0)   :  0.277 0.040 0.301 0.147 0.235 
296 UA00013729    (0)   :  0.203 0.106 0.115 0.335 0.241 
297 UA00063483    (0)   :  0.359 0.065 0.096 0.181 0.300 
298 UA00039326    (0)   :  0.229 0.083 0.279 0.187 0.221 
299 UA00014742    (0)   :  0.370 0.056 0.090 0.178 0.307 
300 UA00049597    (0)   :  0.141 0.036 0.593 0.100 0.130 
301 UA00048067    (0)   :  0.273 0.123 0.242 0.132 0.229 
302 UA00012918    (0)   :  0.267 0.042 0.370 0.111 0.210 
303 UA00013487    (0)   :  0.168 0.044 0.050 0.498 0.240 
304 UA00046759    (0)   :  0.176 0.264 0.237 0.147 0.177 
305 UA00050164    (0)   :  0.086 0.082 0.624 0.111 0.097 
306 UA00049839    (0)   :  0.353 0.095 0.074 0.185 0.293 
307 UA00048444    (0)   :  0.376 0.060 0.161 0.121 0.282 
308 UA00063857    (0)   :  0.327 0.046 0.120 0.221 0.287 
309 UA00014921    (0)   :  0.143 0.043 0.577 0.104 0.133 
310 UA00048895    (0)   :  0.153 0.087 0.501 0.115 0.143 
311 UA00014556    (0)   :  0.209 0.271 0.124 0.180 0.216 
312    pc009    (0)   :  0.421 0.037 0.067 0.157 0.318 
313 UA00014959    (0)   :  0.131 0.057 0.584 0.103 0.126 
314 UA00020709    (0)   :  0.211 0.097 0.260 0.214 0.218 
315 UA00013126    (0)   :  0.055 0.057 0.787 0.047 0.053 
316 UA00013695    (0)   :  0.064 0.058 0.755 0.061 0.063 
317 UA00049344    (0)   :  0.107 0.085 0.609 0.092 0.108 
318 UA00047614    (0)   :  0.063 0.142 0.679 0.053 0.063 
319 UA00014221    (0)   :  0.409 0.049 0.038 0.184 0.320 
320 UA00014346    (0)   :  0.350 0.106 0.119 0.145 0.280 
321 UA00014245    (0)   :  0.211 0.058 0.399 0.142 0.189 
322 UA00014696    (0)   :  0.049 0.095 0.746 0.058 0.053 
323 UA00006991    (0)   :  0.223 0.168 0.084 0.276 0.250 
324 UA00048948    (0)   :  0.243 0.140 0.105 0.250 0.262 
325 UA00002239    (0)   :  0.186 0.168 0.122 0.294 0.229 
326 UA00063459    (0)   :  0.402 0.042 0.106 0.149 0.301 
327 UA00048356    (0)   :  0.290 0.199 0.129 0.146 0.237 
328 UA00063940    (0)   :  0.208 0.209 0.108 0.243 0.233 
329 UA00048130    (0)   :  0.384 0.090 0.075 0.159 0.293 
330 UA00048903    (0)   :  0.279 0.055 0.046 0.338 0.282 
331 UA00064643    (0)   :  0.229 0.136 0.135 0.254 0.247 
332 UA00050233    (0)   :  0.245 0.172 0.076 0.252 0.256 
333 UA00012507    (0)   :  0.183 0.310 0.065 0.232 0.209 
334 UA00064416    (0)   :  0.193 0.082 0.064 0.401 0.261 
335 UA00034724    (0)   :  0.272 0.115 0.074 0.270 0.269 
336 UA00002621    (0)   :  0.314 0.071 0.067 0.258 0.291 
337 UA00033203    (0)   :  0.171 0.078 0.090 0.420 0.241 
338 UA00011996    (0)   :  0.283 0.066 0.162 0.218 0.270 
339 UA00014408    (0)   :  0.142 0.409 0.093 0.195 0.161 
340 UA00049502    (0)   :  0.285 0.219 0.078 0.163 0.254 
341 UA00062695    (0)   :  0.283 0.133 0.180 0.158 0.247 
342 UA00014072    (0)   :  0.344 0.089 0.105 0.177 0.285 
343 UA00003334    (0)   :  0.345 0.058 0.074 0.227 0.297 
344 UA00013835    (0)   :  0.270 0.109 0.172 0.191 0.258 
345 UA00046760    (0)   :  0.240 0.074 0.312 0.156 0.218 
346 UA00014241    (0)   :  0.271 0.106 0.066 0.289 0.267 
347 UA00049585    (0)   :  0.353 0.046 0.085 0.204 0.312 
348 UA00013409    (0)   :  0.291 0.235 0.101 0.135 0.238 
349 UA00047548    (0)   :  0.269 0.055 0.100 0.287 0.289 
350 UA00049038    (0)   :  0.156 0.152 0.426 0.117 0.149 
351 UA00047612    (0)   :  0.279 0.132 0.082 0.235 0.272 
352 UA00014822    (0)   :  0.129 0.210 0.435 0.099 0.127 
353 UA00035299    (0)   :  0.227 0.106 0.105 0.304 0.258 
354 UA00012804    (0)   :  0.154 0.103 0.462 0.130 0.151 
355 UA00049578    (0)   :  0.233 0.251 0.090 0.199 0.227 
356 UA00047672    (0)   :  0.162 0.095 0.062 0.444 0.237 
357 UA00043961    (0)   :  0.100 0.110 0.618 0.077 0.094 
358 UA00064575    (0)   :  0.251 0.298 0.094 0.140 0.217 
359 UA00014732    (0)   :  0.233 0.133 0.065 0.306 0.263 
360 UA00050181    (0)   :  0.233 0.137 0.052 0.311 0.267 
361 UA00033369    (0)   :  0.139 0.136 0.374 0.183 0.168 
362 UA00011982    (0)   :  0.187 0.042 0.046 0.468 0.257 
363 UA00014590    (0)   :  0.170 0.130 0.197 0.291 0.212 
364 UA00047743    (0)   :  0.200 0.061 0.074 0.393 0.271 
365 UA00046621    (0)   :  0.219 0.046 0.060 0.409 0.266 
366 UA00050422    (0)   :  0.201 0.246 0.086 0.238 0.229 
367 UA00002760    (0)   :  0.260 0.082 0.166 0.236 0.257 
368 UA00012999    (0)   :  0.201 0.072 0.227 0.270 0.229 
369 UA00063838    (0)   :  0.275 0.091 0.070 0.276 0.287 
370 UA00003729    (0)   :  0.181 0.251 0.296 0.113 0.160 
371 UA00015348    (0)   :  0.331 0.112 0.132 0.152 0.273 
372 UA00019058    (0)   :  0.339 0.157 0.089 0.150 0.266 
373 UA00049549    (0)   :  0.361 0.042 0.208 0.121 0.267 
374 UA00014334    (0)   :  0.186 0.207 0.114 0.280 0.214 
375 UA00014350    (0)   :  0.168 0.035 0.035 0.519 0.242 
376 UA00049227    (0)   :  0.162 0.177 0.333 0.156 0.173 
377 UA00014051    (0)   :  0.170 0.266 0.046 0.312 0.207 
378 UA00034381    (0)   :  0.247 0.177 0.084 0.250 0.242 
379 UA00002354    (0)   :  0.189 0.058 0.051 0.450 0.252 
380 UA00049892    (0)   :  0.284 0.053 0.170 0.232 0.261 
381 UA00021989    (0)   :  0.255 0.117 0.052 0.308 0.268 
382 UA00048968    (0)   :  0.229 0.123 0.070 0.322 0.255 
383 UA00013174    (0)   :  0.196 0.129 0.091 0.356 0.227 
384 UA00033992    (0)   :  0.170 0.071 0.314 0.246 0.200 
385 UA00015801    (0)   :  0.216 0.040 0.038 0.443 0.264 
386 UA00063303    (0)   :  0.187 0.107 0.387 0.144 0.174 
387 UA00050206    (0)   :  0.416 0.063 0.040 0.159 0.323 
388 UA00014458    (0)   :  0.240 0.130 0.160 0.228 0.242 
389 UA00007204    (0)   :  0.334 0.064 0.129 0.195 0.279 
390 UA00063212    (0)   :  0.211 0.206 0.265 0.124 0.194 
391 UA00013340    (0)   :  0.250 0.075 0.214 0.212 0.248 
392 UA00062743    (0)   :  0.177 0.214 0.057 0.331 0.221 
393 UA00063189    (0)   :  0.105 0.557 0.103 0.125 0.110 
394 UA00035432    (0)   :  0.330 0.064 0.068 0.238 0.300 
395 UA00007958    (0)   :  0.259 0.077 0.067 0.333 0.264 
396 UA00013634    (0)   :  0.195 0.123 0.055 0.386 0.240 
397 UA00048175    (0)   :  0.169 0.076 0.032 0.490 0.233 
398 UA00003202    (0)   :  0.290 0.092 0.087 0.252 0.279 
399 UA00035090    (0)   :  0.265 0.173 0.098 0.216 0.248 
400 UA00064679    (0)   :  0.141 0.430 0.101 0.178 0.150 
401 UA00039518    (0)   :  0.242 0.076 0.082 0.338 0.262 
402 UA00058268    (0)   :  0.236 0.113 0.101 0.280 0.270 
403 UA00049456    (0)   :  0.214 0.097 0.330 0.161 0.198 
404 UA00049550    (0)   :  0.303 0.187 0.063 0.179 0.268 
405 UA00048342    (0)   :  0.218 0.109 0.273 0.178 0.222 
406 UA00063493    (0)   :  0.287 0.066 0.056 0.293 0.298 
407 UA00058261    (0)   :  0.168 0.243 0.063 0.328 0.199 
408 UA00014663    (0)   :  0.205 0.143 0.110 0.286 0.257 
409 UA00048817    (0)   :  0.157 0.120 0.292 0.241 0.189 
410 UA00049381    (0)   :  0.192 0.137 0.058 0.385 0.228 
411 UA00035901    (0)   :  0.169 0.373 0.111 0.164 0.183 
412 UA00013301    (0)   :  0.334 0.151 0.102 0.142 0.271 
413 UA00047926    (0)   :  0.161 0.173 0.137 0.322 0.207 
414 UA00007272    (0)   :  0.143 0.315 0.107 0.253 0.182 
415 UA00016041    (0)   :  0.284 0.084 0.163 0.200 0.270 
416 UA00013502    (0)   :  0.255 0.135 0.048 0.306 0.256 
417 UA00002390    (0)   :  0.194 0.101 0.243 0.245 0.217 
418 UA00034907    (0)   :  0.272 0.170 0.079 0.210 0.269 
419 UA00048821    (0)   :  0.161 0.204 0.255 0.199 0.180 
420 UA00002136    (0)   :  0.253 0.128 0.258 0.141 0.219 
421 UA00011790    (0)   :  0.201 0.146 0.098 0.330 0.226 
422 UA00021586    (0)   :  0.177 0.140 0.305 0.194 0.184 
423 UA00033270    (0)   :  0.250 0.157 0.106 0.244 0.243 
424 UA00048073    (0)   :  0.280 0.111 0.109 0.239 0.261 
425 UA00048856    (0)   :  0.224 0.238 0.093 0.220 0.225 
426 UA00049713    (0)   :  0.187 0.120 0.093 0.360 0.240 
427 UA00046885    (0)   :  0.300 0.091 0.103 0.232 0.275 
428 UA00034893    (0)   :  0.269 0.069 0.082 0.307 0.273 
429 UA00048011    (0)   :  0.225 0.170 0.046 0.309 0.250 
430 UA00015786    (0)   :  0.167 0.303 0.153 0.200 0.178 
431 UA00013162    (0)   :  0.168 0.203 0.098 0.317 0.214 
432 UA00049512    (0)   :  0.275 0.151 0.136 0.188 0.251 
433 UA00004046    (0)   :  0.194 0.102 0.050 0.416 0.238 
434 UA00048881    (0)   :  0.153 0.309 0.238 0.140 0.160 
435 UA00046610    (0)   :  0.165 0.206 0.231 0.214 0.183 
436 UA00033282    (0)   :  0.240 0.179 0.147 0.197 0.236 
437 UA00047561    (0)   :  0.201 0.100 0.075 0.379 0.246 
438 UA00013777    (0)   :  0.181 0.317 0.064 0.240 0.198 
439 UA00062849    (0)   :  0.365 0.084 0.083 0.172 0.296 
440 UA00049786    (0)   :  0.161 0.141 0.044 0.435 0.219 
441 UA00033246    (0)   :  0.419 0.043 0.061 0.156 0.321 
442 UA00045302    (0)   :  0.251 0.081 0.135 0.256 0.276 
443 UA00048637    (0)   :  0.182 0.135 0.064 0.398 0.222 
444 UA00049832    (0)   :  0.251 0.072 0.287 0.169 0.222 
445 UA00022023    (0)   :  0.190 0.114 0.235 0.244 0.216 
446 UA00050192    (0)   :  0.171 0.094 0.351 0.193 0.191 
447 UA00050413    (0)   :  0.255 0.133 0.100 0.259 0.254 
448 UA00013445    (0)   :  0.241 0.068 0.051 0.368 0.272 
449 UA00035496    (0)   :  0.193 0.339 0.099 0.171 0.197 
450 UA00003333    (0)   :  0.135 0.368 0.183 0.167 0.148 
451 UA00064008    (0)   :  0.154 0.399 0.066 0.204 0.176 
452 UA00003427    (0)   :  0.177 0.158 0.298 0.179 0.188 
453 UA00028092    (0)   :  0.159 0.214 0.333 0.140 0.154 
454    pc003    (0)   :  0.076 0.621 0.146 0.078 0.079 
455 UA00034440    (0)   :  0.327 0.141 0.071 0.181 0.280 
456 UA00026062    (0)   :  0.173 0.086 0.096 0.420 0.225 
457 UA00014347    (0)   :  0.226 0.214 0.164 0.172 0.224 
458 UA00021516    (0)   :  0.201 0.083 0.072 0.398 0.246 
459 UA00049347    (0)   :  0.142 0.440 0.076 0.184 0.157 
460 UA00063436    (0)   :  0.187 0.449 0.088 0.115 0.161 
461 UA00047790    (0)   :  0.226 0.124 0.085 0.313 0.252 
462 UA00045714    (0)   :  0.149 0.360 0.170 0.164 0.156 
463 UA00038979    (0)   :  0.293 0.097 0.216 0.147 0.247 
464 UA00016123    (0)   :  0.179 0.238 0.143 0.238 0.201 
465 UA00034765    (0)   :  0.066 0.735 0.044 0.082 0.073 
466 UA00063815    (0)   :  0.105 0.538 0.183 0.078 0.096 
467 UA00034795    (0)   :  0.328 0.119 0.090 0.178 0.285 
468 UA00004000    (0)   :  0.093 0.656 0.076 0.085 0.091 
469 UA00049367    (0)   :  0.303 0.192 0.056 0.193 0.256 
470 UA00034457    (0)   :  0.244 0.078 0.109 0.302 0.267 
471 UA00050015    (0)   :  0.289 0.145 0.164 0.158 0.244 
472 UA00021373    (0)   :  0.245 0.138 0.111 0.259 0.247 
473 UA00050232    (0)   :  0.086 0.590 0.159 0.079 0.085 
474 UA00038724    (0)   :  0.262 0.085 0.249 0.168 0.235 
475 UA00007824    (0)   :  0.163 0.172 0.191 0.279 0.195 
476 UA00048754    (0)   :  0.188 0.293 0.050 0.258 0.212 
477 UA00014271    (0)   :  0.247 0.108 0.151 0.258 0.236 
478 UA00013756    (0)   :  0.227 0.249 0.199 0.129 0.196 
479 UA00014385    (0)   :  0.125 0.383 0.198 0.157 0.137 
480 UA00049609    (0)   :  0.337 0.101 0.087 0.200 0.277 
481 UA00003748    (0)   :  0.135 0.473 0.065 0.178 0.149 
482 UA00063952    (0)   :  0.165 0.417 0.054 0.194 0.171 
483 UA00058348    (0)   :  0.136 0.572 0.050 0.115 0.128 
484 UA00014922    (0)   :  0.081 0.674 0.083 0.082 0.080 
485 UA00003820    (0)   :  0.185 0.242 0.049 0.310 0.213 
486 UA00013693    (0)   :  0.180 0.275 0.157 0.201 0.188 
487 UA00047713    (0)   :  0.082 0.666 0.051 0.108 0.092 
488 UA00034891    (0)   :  0.171 0.453 0.116 0.108 0.151 
489 UA00049223    (0)   :  0.171 0.410 0.079 0.168 0.172 
490 UA00064399    (0)   :  0.050 0.524 0.309 0.060 0.057 
491 UA00013336    (0)   :  0.071 0.667 0.129 0.063 0.070 
492 UA00035291    (0)   :  0.064 0.675 0.112 0.075 0.074 
493 UA00003945    (0)   :  0.095 0.604 0.100 0.105 0.096 
494 UA00014518    (0)   :  0.105 0.545 0.087 0.147 0.117 
495 UA00013583    (0)   :  0.105 0.225 0.487 0.084 0.099 
496 UA00011510    (0)   :  0.118 0.495 0.128 0.135 0.124 
497 UA00046860    (0)   :  0.138 0.380 0.114 0.207 0.161 
498 UA00048853    (0)   :  0.118 0.394 0.224 0.136 0.127 
499 UA00012151    (0)   :  0.067 0.703 0.071 0.083 0.075 
500 UA00063930    (0)   :  0.156 0.177 0.438 0.097 0.133 
501 UA00013453    (0)   :  0.155 0.333 0.182 0.167 0.163 
502 UA00039299    (0)   :  0.060 0.739 0.078 0.061 0.062 
503 UA00014280    (0)   :  0.056 0.796 0.041 0.051 0.056 
504 UA00014200    (0)   :  0.091 0.598 0.065 0.141 0.104 
505 UA00040612    (0)   :  0.058 0.657 0.158 0.063 0.064 
506 UA00062679    (0)   :  0.062 0.699 0.112 0.062 0.065 
507 UA00034481    (0)   :  0.085 0.668 0.067 0.091 0.090 
508 UA00011880    (0)   :  0.217 0.122 0.365 0.110 0.185 
509 UA00013421    (0)   :  0.052 0.623 0.211 0.059 0.055 
510 UA00048051    (0)   :  0.047 0.796 0.061 0.048 0.048 
511 UA00063370    (0)   :  0.053 0.670 0.175 0.049 0.052 
512 UA00014716    (0)   :  0.064 0.690 0.117 0.062 0.066 
513 UA00033426    (0)   :  0.091 0.450 0.196 0.151 0.112 
514 UA00015190    (0)   :  0.060 0.519 0.288 0.067 0.067 
515 UA00013730    (0)   :  0.260 0.081 0.141 0.263 0.254 
516 UA00047644    (4)   :  0.104 0.466 0.220 0.101 0.109 
517 UA00031933    (9)   :  0.207 0.175 0.090 0.297 0.230 
518 UA00031541    (9)   :  0.137 0.430 0.153 0.140 0.139 
519   PCO-60    (4)   :  0.220 0.234 0.085 0.228 0.233 
520 UA00030495    (4)   :  0.219 0.214 0.186 0.174 0.207 
521 UA00031133    (4)   :  0.409 0.050 0.083 0.147 0.310 
522 UA00032049    (4)   :  0.165 0.140 0.396 0.133 0.165 
523 UA00030599    (4)   :  0.336 0.111 0.164 0.129 0.261 
524 UA00030250    (4)   :  0.211 0.083 0.066 0.384 0.256 
525 UA00049385    (4)   :  0.273 0.149 0.214 0.137 0.228 
526 UA00031816    (4)   :  0.421 0.058 0.078 0.136 0.307 
527 UA00030275    (4)   :  0.189 0.156 0.186 0.254 0.215 
528 UA00041861    (4)   :  0.212 0.170 0.147 0.247 0.224 
529 UA00041433    (4)   :  0.264 0.081 0.054 0.313 0.288 
530  PCO-114    (4)   :  0.174 0.199 0.065 0.348 0.214 
531 UA00031529    (4)   :  0.268 0.141 0.084 0.245 0.262 
532 UA00039719    (4)   :  0.230 0.160 0.070 0.296 0.244 
533  PCO-442    (4)   :  0.201 0.068 0.050 0.432 0.248 
534   PCO-58    (0)   :  0.160 0.136 0.097 0.394 0.213 
535 UA00048673    (4)   :  0.244 0.219 0.105 0.194 0.239 
536   PCO-63    (4)   :  0.281 0.116 0.056 0.263 0.284 


Estimated Allele Frequencies in each cluster
First column gives estimated ancestral frequencies


Locus 1 : PP01 
2 alleles
0.0% missing data
   1   (0.598) 0.558 0.333 0.863 0.627 0.580 
   2   (0.402) 0.442 0.667 0.137 0.373 0.420 

Locus 2 : PP02 
2 alleles
0.0% missing data
   1   (0.905) 0.895 0.967 0.990 0.909 0.899 
   2   (0.095) 0.105 0.033 0.010 0.091 0.101 

Locus 3 : PP03 
2 alleles
18.3% missing data
   1   (0.790) 0.724 0.969 0.920 0.825 0.753 
   2   (0.210) 0.276 0.031 0.080 0.175 0.247 

Locus 4 : PP04 
2 alleles
0.4% missing data
   1   (0.727) 0.580 0.960 0.646 0.733 0.636 
   2   (0.273) 0.420 0.040 0.354 0.267 0.364 

Locus 5 : PP06 
2 alleles
0.0% missing data
   1   (0.623) 0.706 0.608 0.659 0.614 0.673 
   2   (0.377) 0.294 0.392 0.341 0.386 0.327 

Locus 6 : PP07 
2 alleles
0.0% missing data
   1   (0.693) 0.607 0.946 0.869 0.692 0.641 
   2   (0.307) 0.393 0.054 0.131 0.308 0.359 

Locus 7 : PP09 
2 alleles
0.0% missing data
   1   (0.461) 0.620 0.064 0.632 0.410 0.556 
   2   (0.539) 0.380 0.936 0.368 0.590 0.444 

Locus 8 : PP10 
2 alleles
0.0% missing data
   1   (0.184) 0.105 0.380 0.412 0.107 0.116 
   2   (0.816) 0.895 0.620 0.588 0.893 0.884 

Locus 9 : PP11 
2 alleles
0.0% missing data
   1   (0.671) 0.760 0.820 0.801 0.601 0.708 
   2   (0.329) 0.240 0.180 0.199 0.399 0.292 

Locus 10 : PP12 
2 alleles
0.2% missing data
   1   (0.417) 0.473 0.121 0.284 0.452 0.460 
   2   (0.583) 0.527 0.879 0.716 0.548 0.540 

Locus 11 : PP13 
2 alleles
0.0% missing data
   1   (0.178) 0.102 0.128 0.490 0.145 0.124 
   2   (0.822) 0.898 0.872 0.510 0.855 0.876 

Locus 12 : PP14 
2 alleles
0.2% missing data
   1   (0.856) 0.905 0.914 0.963 0.826 0.879 
   2   (0.144) 0.095 0.086 0.037 0.174 0.121 

Locus 13 : PP15 
2 alleles
0.0% missing data
   1   (0.899) 0.920 0.940 0.403 0.953 0.924 
   2   (0.101) 0.080 0.060 0.597 0.047 0.076 

Locus 14 : PP16 
2 alleles
0.0% missing data
   1   (0.499) 0.607 0.400 0.429 0.524 0.579 
   2   (0.501) 0.393 0.600 0.571 0.476 0.421 

Locus 15 : PP17 
2 alleles
0.2% missing data
   1   (0.654) 0.616 0.506 0.836 0.665 0.636 
   2   (0.346) 0.384 0.494 0.164 0.335 0.364 

Locus 16 : PP18 
2 alleles
0.7% missing data
   1   (0.742) 0.764 0.920 0.893 0.707 0.750 
   2   (0.258) 0.236 0.080 0.107 0.293 0.250 

Locus 17 : PP20 
2 alleles
0.0% missing data
   1   (0.628) 0.632 0.502 0.652 0.670 0.638 
   2   (0.372) 0.368 0.498 0.348 0.330 0.362 

Locus 18 : PP21 
2 alleles
14.9% missing data
   1   (0.860) 0.809 0.988 0.971 0.856 0.829 
   2   (0.140) 0.191 0.012 0.029 0.144 0.171 

Locus 19 : PP22 
2 alleles
1.3% missing data
   1   (0.469) 0.354 0.148 0.067 0.603 0.425 
   2   (0.531) 0.646 0.852 0.933 0.397 0.575 

Locus 20 : PP23 
2 alleles
0.7% missing data
   1   (0.639) 0.641 0.796 0.740 0.601 0.636 
   2   (0.361) 0.359 0.204 0.260 0.399 0.364 

Locus 21 : PP24 
2 alleles
0.2% missing data
   1   (0.797) 0.839 0.582 0.867 0.872 0.837 
   2   (0.203) 0.161 0.418 0.133 0.128 0.163 

Locus 22 : PP25 
2 alleles
0.6% missing data
   1   (0.356) 0.356 0.466 0.702 0.279 0.339 
   2   (0.644) 0.644 0.534 0.298 0.721 0.661 

Values of parameters used in structure:
DATAFILE=Puma_SNP_genotypes_cut_AZ_final_HWEonly.str,	OUTFILE=outputfile_K5_5,	NUMINDS=536,	NUMLOCI=22,	MISSING=-9,	LABEL=1,	POPDATA=0,	POPFLAG=0,	PHENOTYPE=0,	EXTRACOLS=0,	MAXPOPS=5,	BURNIN=100000,	NUMREPS=500000,	USEPOPINFO=0,	INFERALPHA=1,	INFERLAMBDA=0,	POPSPECIFICLAMBDA=0,	POPALPHAS=0,	COMPUTEPROB=1,	NOADMIX=0,	ADMBURNIN=2500,	UPDATEFREQ=200,	PRINTLIKES=0,	INTERMEDSAVE=0,	PRINTKLD=0,	PRINTNET=0,	PRINTLAMBDA=0,	ANCESTDIST=0,	NUMBOXES=1000,	ANCESTPINT=0.90000,	GENSBACK=2,	MIGRPRIOR=0.05000,	PRINTQHAT=0,	PRINTQSUM=0,	ALPHA=1.0000,	FREQSCORR=1,	FPRIORMEAN=0.0100,	FPRIORSD=0.0500,	ONEFST=0,	LAMBDA=1.0000,	UNIFPRIORALPHA=1,	ALPHAMAX=10.0000,	ALPHAPRIORA=1.0000,	ALPHAPRIORB=2.0000,	ALPHAPROPSD=0.0250,	STARTATPOPINFO=0,	RANDOMIZE=1,	LINKAGE=0,	METROFREQ=20,	REPORTHITRATE=0,	MARKOVPHASE=0,	PHASED=0,	PLOIDY=2,	PHASEINFO=0	LOCPRIOR=0, 	LOCPRIORINIT=1.000000, 	LOCDATA=0, 	LOCISPOP=0, 	LOCPRIORSTEP=0.100000, 	MAXLOCPRIOR=20.000000, 	SEED=1716620076,	
[STRAT parameters]:    NUMSIMSTATS=1000,	PHENOTYPECOL=-9,	POOLFREQ=10,	LOCUSxONLY=0,	EMERROR=0.00100,	MISSINGPHENO=-9,	