

----------------------------------------------------
STRUCTURE by Pritchard, Stephens and Donnelly (2000)
     and Falush, Stephens and Pritchard (2003)
       Code by Pritchard, Falush and Hubisz
             Version 2.3.4 (Jul 2012)
----------------------------------------------------



Command line arguments:   structure -K 8 -o outputfile_K8_9 
Input File:    Puma_SNP_genotypes_cut_AZ_final_HWEonly.str

Run parameters:
   536 individuals
   22 loci
   8 populations assumed
   100000 Burn-in period
   500000 Reps


--------------------------------------------
Overall proportion of membership of the
sample in each of the 8 clusters

Inferred Clusters
  1      2      3      4      5      6      7      8    
0.128  0.127  0.128  0.128  0.127  0.128  0.127  0.108  

--------------------------------------------

Allele-freq. divergence among pops (Net nucleotide distance),
computed using point estimates of P.

      1       2       3       4       5       6       7       8      
 1      -    0.0085  0.0138  0.0128  0.0074  0.0009  0.0106  0.0653  
 2   0.0085     -    0.0034  0.0016  0.0002  0.0143  0.0012  0.0694  
 3   0.0138  0.0034     -    0.0007  0.0028  0.0186  0.0006  0.0676  
 4   0.0128  0.0016  0.0007     -    0.0017  0.0184  0.0003  0.0718  
 5   0.0074  0.0002  0.0028  0.0017     -    0.0126  0.0009  0.0659  
 6   0.0009  0.0143  0.0186  0.0184  0.0126     -    0.0158  0.0657  
 7   0.0106  0.0012  0.0006  0.0003  0.0009  0.0158     -    0.0668  
 8   0.0653  0.0694  0.0676  0.0718  0.0659  0.0657  0.0668     -    

Average distances (expected heterozygosity) between individuals in same cluster:
cluster  1  : 0.3488 
cluster  2  : 0.3779 
cluster  3  : 0.3749 
cluster  4  : 0.3744 
cluster  5  : 0.3787 
cluster  6  : 0.3342 
cluster  7  : 0.3780 
cluster  8  : 0.2641 

--------------------------------------------
Estimated Ln Prob of Data   = -13633.5
Mean value of ln likelihood = -12287.3
Variance of ln likelihood   = 2692.4
Mean value of alpha         = 0.1339

Mean value of Fst_1         = 0.1538
Mean value of Fst_2         = 0.0475
Mean value of Fst_3         = 0.0886
Mean value of Fst_4         = 0.0978
Mean value of Fst_5         = 0.0340
Mean value of Fst_6         = 0.1919
Mean value of Fst_7         = 0.0603
Mean value of Fst_8         = 0.3483


Inferred ancestry of individuals:
        Label (%Miss) :  Inferred clusters
  1 UA00063336   (13)   :  0.080 0.107 0.097 0.087 0.113 0.073 0.105 0.340 
  2 UA00048914    (9)   :  0.157 0.142 0.104 0.108 0.148 0.143 0.127 0.071 
  3 UA00014769   (13)   :  0.097 0.158 0.163 0.221 0.114 0.057 0.159 0.030 
  4 UA00008132   (13)   :  0.115 0.152 0.126 0.131 0.154 0.093 0.143 0.086 
  5 UA00030462   (13)   :  0.164 0.131 0.108 0.102 0.140 0.173 0.120 0.061 
  6 UA00034866   (13)   :  0.145 0.148 0.124 0.111 0.166 0.141 0.142 0.022 
  7 UA00034800    (9)   :  0.060 0.059 0.053 0.056 0.061 0.059 0.059 0.594 
  8  Puco006    (9)   :  0.322 0.048 0.040 0.036 0.049 0.419 0.042 0.043 
  9 UA00048874    (4)   :  0.087 0.089 0.073 0.068 0.092 0.079 0.084 0.428 
 10 UA00049060    (9)   :  0.101 0.157 0.154 0.157 0.133 0.076 0.158 0.065 
 11 UA00033413    (9)   :  0.077 0.103 0.230 0.193 0.107 0.102 0.163 0.025 
 12  Puco021    (9)   :  0.051 0.079 0.243 0.192 0.089 0.091 0.163 0.093 
 13  Puco026    (9)   :  0.088 0.137 0.174 0.149 0.140 0.082 0.160 0.070 
 14  Puco008    (9)   :  0.143 0.115 0.090 0.087 0.128 0.155 0.104 0.179 
 15   M01301    (9)   :  0.108 0.110 0.197 0.183 0.106 0.119 0.159 0.019 
 16   M06306    (9)   :  0.069 0.094 0.116 0.095 0.103 0.060 0.105 0.358 
 17 UA00032185    (9)   :  0.118 0.141 0.138 0.138 0.145 0.106 0.143 0.069 
 18 UA00030792    (9)   :  0.017 0.015 0.016 0.015 0.016 0.017 0.015 0.889 
 19 UA00031647    (9)   :  0.118 0.133 0.107 0.092 0.143 0.111 0.120 0.176 
 20 UA00031979    (9)   :  0.117 0.149 0.149 0.130 0.157 0.106 0.144 0.047 
 21  Puco016    (9)   :  0.169 0.148 0.103 0.103 0.154 0.174 0.121 0.028 
 22  Puco010    (9)   :  0.105 0.139 0.162 0.158 0.144 0.088 0.157 0.046 
 23    M1035    (9)   :  0.103 0.161 0.125 0.131 0.155 0.076 0.147 0.101 
 24 UA00034601    (9)   :  0.119 0.131 0.146 0.121 0.148 0.121 0.137 0.077 
 25 UA00050388    (9)   :  0.118 0.142 0.137 0.119 0.156 0.107 0.143 0.078 
 26 UA00048699    (9)   :  0.214 0.114 0.083 0.090 0.119 0.250 0.099 0.031 
 27 UA00064058    (9)   :  0.101 0.160 0.141 0.146 0.160 0.082 0.148 0.062 
 28 UA00033981    (9)   :  0.081 0.095 0.211 0.187 0.110 0.103 0.159 0.053 
 29   F05033    (9)   :  0.092 0.144 0.176 0.172 0.135 0.082 0.166 0.034 
 30 UA00048520    (4)   :  0.098 0.115 0.145 0.123 0.118 0.103 0.132 0.166 
 31 UA00048422    (4)   :  0.028 0.029 0.032 0.032 0.030 0.027 0.032 0.789 
 32    PucoB    (4)   :  0.073 0.124 0.219 0.153 0.131 0.083 0.171 0.046 
 33 UA00047393    (4)   :  0.104 0.152 0.110 0.136 0.136 0.071 0.139 0.152 
 34 UA00064521    (4)   :  0.161 0.132 0.121 0.100 0.150 0.170 0.126 0.040 
 35 UA00003043    (4)   :  0.149 0.157 0.112 0.131 0.155 0.140 0.132 0.023 
 36 UA00063025    (4)   :  0.126 0.111 0.112 0.096 0.126 0.131 0.113 0.185 
 37 UA00063826    (4)   :  0.091 0.136 0.182 0.150 0.143 0.088 0.161 0.049 
 38   F07407    (4)   :  0.062 0.089 0.183 0.142 0.093 0.075 0.144 0.212 
 39 UA00021658    (4)   :  0.110 0.156 0.145 0.141 0.157 0.092 0.153 0.045 
 40 UA00003794    (4)   :  0.068 0.099 0.183 0.142 0.103 0.079 0.145 0.181 
 41 UA00041322    (4)   :  0.125 0.153 0.123 0.105 0.172 0.105 0.143 0.074 
 42 UA00063316    (4)   :  0.123 0.141 0.125 0.109 0.159 0.119 0.130 0.094 
 43 UA00047705    (4)   :  0.108 0.135 0.166 0.128 0.147 0.107 0.154 0.055 
 44 UA00033904    (4)   :  0.078 0.101 0.103 0.081 0.106 0.071 0.099 0.361 
 45 UA00048100    (4)   :  0.103 0.138 0.176 0.154 0.150 0.102 0.150 0.027 
 46 UA00032212    (4)   :  0.111 0.114 0.107 0.105 0.121 0.107 0.112 0.222 
 47 UA00031574    (4)   :  0.036 0.031 0.034 0.030 0.031 0.039 0.032 0.768 
 48 UA00031228    (4)   :  0.025 0.021 0.020 0.020 0.022 0.026 0.021 0.846 
 49 UA00047707    (4)   :  0.112 0.181 0.129 0.172 0.151 0.075 0.162 0.016 
 50 UA00030906    (4)   :  0.020 0.015 0.015 0.014 0.016 0.021 0.015 0.884 
 51 UA00041567    (4)   :  0.097 0.117 0.182 0.167 0.125 0.103 0.152 0.057 
 52 UA00007624    (4)   :  0.092 0.143 0.177 0.182 0.134 0.084 0.167 0.021 
 53 UA00034514    (4)   :  0.114 0.162 0.136 0.145 0.166 0.096 0.144 0.039 
 54 UA00030480    (4)   :  0.104 0.155 0.116 0.108 0.166 0.082 0.132 0.138 
 55  Puco012    (4)   :  0.121 0.164 0.131 0.137 0.168 0.096 0.147 0.036 
 56 UA00038677    (9)   :  0.134 0.124 0.125 0.110 0.136 0.131 0.130 0.110 
 57 UA00048275    (4)   :  0.091 0.127 0.186 0.155 0.147 0.102 0.162 0.030 
 58 UA00064055    (4)   :  0.115 0.178 0.117 0.135 0.175 0.097 0.143 0.040 
 59  Puco009    (4)   :  0.165 0.144 0.111 0.117 0.146 0.169 0.125 0.023 
 60 UA00064561    (4)   :  0.128 0.177 0.121 0.197 0.130 0.081 0.144 0.023 
 61 UA00003479    (4)   :  0.125 0.173 0.127 0.136 0.166 0.102 0.139 0.033 
 62 UA00063747    (4)   :  0.107 0.156 0.165 0.169 0.148 0.089 0.150 0.017 
 63 UA00002558    (4)   :  0.160 0.132 0.122 0.118 0.137 0.168 0.135 0.027 
 64 UA00048410    (4)   :  0.162 0.157 0.109 0.138 0.135 0.150 0.130 0.019 
 65 UA00012249    (4)   :  0.134 0.172 0.118 0.146 0.161 0.113 0.135 0.021 
 66 UA00033818    (4)   :  0.062 0.062 0.074 0.063 0.064 0.064 0.070 0.541 
 67  Puco020    (4)   :  0.115 0.148 0.106 0.132 0.147 0.092 0.129 0.131 
 68 UA00002545    (9)   :  0.110 0.176 0.119 0.161 0.144 0.072 0.142 0.075 
 69 UA00048508    (4)   :  0.116 0.166 0.134 0.147 0.165 0.090 0.153 0.029 
 70 UA00064100    (4)   :  0.117 0.159 0.134 0.120 0.172 0.095 0.154 0.049 
 71 UA00014585    (4)   :  0.124 0.170 0.126 0.131 0.167 0.099 0.143 0.041 
 72 UA00063698    (4)   :  0.205 0.088 0.091 0.081 0.101 0.244 0.091 0.100 
 73 UA00049753    (4)   :  0.071 0.106 0.094 0.081 0.119 0.060 0.100 0.368 
 74 UA00049037    (4)   :  0.104 0.166 0.139 0.146 0.156 0.082 0.150 0.056 
 75 UA00034941    (4)   :  0.115 0.142 0.143 0.118 0.161 0.110 0.140 0.070 
 76 UA00008083    (4)   :  0.277 0.068 0.062 0.066 0.070 0.342 0.068 0.047 
 77 UA00015084    (4)   :  0.184 0.089 0.094 0.080 0.098 0.223 0.092 0.139 
 78 UA00041010    (9)   :  0.196 0.058 0.046 0.044 0.063 0.246 0.052 0.295 
 79 UA00035261    (4)   :  0.112 0.119 0.115 0.101 0.128 0.111 0.116 0.197 
 80 UA00035431    (4)   :  0.115 0.138 0.167 0.152 0.148 0.107 0.155 0.017 
 81 UA00045274    (0)   :  0.111 0.131 0.158 0.121 0.138 0.114 0.150 0.077 
 82 UA00028200    (4)   :  0.103 0.090 0.090 0.073 0.101 0.107 0.088 0.348 
 83 UA00064559    (0)   :  0.023 0.023 0.025 0.023 0.023 0.023 0.024 0.837 
 84 UA00040808    (0)   :  0.108 0.104 0.078 0.077 0.107 0.111 0.089 0.325 
 85 UA00049156    (0)   :  0.107 0.092 0.083 0.077 0.105 0.113 0.090 0.334 
 86 UA00003952    (4)   :  0.272 0.077 0.060 0.059 0.082 0.353 0.066 0.031 
 87 UA00063954    (0)   :  0.097 0.142 0.134 0.114 0.151 0.082 0.145 0.135 
 88 UA00062934    (0)   :  0.104 0.131 0.127 0.105 0.142 0.095 0.127 0.171 
 89 UA00033829    (0)   :  0.109 0.046 0.043 0.043 0.049 0.122 0.046 0.542 
 90 UA00064351    (4)   :  0.096 0.093 0.210 0.181 0.104 0.123 0.156 0.036 
 91 UA00003697    (4)   :  0.261 0.073 0.065 0.059 0.081 0.324 0.070 0.068 
 92 UA00063438    (4)   :  0.116 0.128 0.106 0.095 0.139 0.102 0.121 0.192 
 93 UA00007608    (0)   :  0.136 0.107 0.105 0.085 0.118 0.143 0.104 0.203 
 94 UA00019683    (4)   :  0.048 0.062 0.135 0.109 0.070 0.063 0.101 0.412 
 95 UA00007781    (0)   :  0.103 0.141 0.167 0.135 0.153 0.103 0.159 0.039 
 96 UA00002915    (0)   :  0.096 0.116 0.086 0.086 0.127 0.090 0.099 0.300 
 97  Puco031    (4)   :  0.119 0.169 0.127 0.134 0.162 0.094 0.153 0.042 
 98 UA00048280    (4)   :  0.109 0.129 0.174 0.141 0.150 0.113 0.153 0.032 
 99 UA00048589    (0)   :  0.081 0.116 0.196 0.156 0.129 0.090 0.159 0.073 
100 UA00034417    (0)   :  0.141 0.138 0.105 0.110 0.142 0.135 0.122 0.107 
101 UA00050411    (4)   :  0.110 0.176 0.136 0.170 0.156 0.081 0.155 0.017 
102  Puco029    (4)   :  0.081 0.141 0.194 0.171 0.134 0.074 0.174 0.030 
103   F03403    (4)   :  0.063 0.092 0.264 0.188 0.098 0.094 0.180 0.019 
104 UA00049904    (0)   :  0.096 0.133 0.145 0.115 0.141 0.089 0.133 0.147 
105 UA00035335    (0)   :  0.088 0.152 0.189 0.187 0.131 0.065 0.163 0.024 
106 UA00012611    (0)   :  0.104 0.169 0.148 0.132 0.169 0.084 0.157 0.036 
107 UA00050319    (0)   :  0.051 0.084 0.269 0.214 0.088 0.093 0.180 0.020 
108 UA00032068    (4)   :  0.095 0.155 0.133 0.123 0.168 0.078 0.143 0.106 
109 UA00032026    (4)   :  0.110 0.159 0.136 0.136 0.153 0.081 0.153 0.073 
110 UA00030476    (4)   :  0.043 0.073 0.270 0.197 0.084 0.088 0.176 0.069 
111 UA00046853    (0)   :  0.079 0.099 0.213 0.193 0.103 0.093 0.163 0.058 
112 UA00040156    (4)   :  0.016 0.015 0.015 0.014 0.015 0.017 0.015 0.893 
113 UA00030528    (4)   :  0.104 0.147 0.102 0.112 0.146 0.072 0.125 0.191 
114  Puco025    (4)   :  0.107 0.174 0.143 0.196 0.128 0.064 0.163 0.025 
115    pc016    (0)   :  0.016 0.015 0.014 0.014 0.015 0.016 0.015 0.894 
116 UA00030617    (4)   :  0.109 0.176 0.146 0.199 0.130 0.061 0.160 0.019 
117 UA00030585    (4)   :  0.027 0.024 0.029 0.027 0.026 0.030 0.028 0.808 
118 UA00032060    (4)   :  0.090 0.123 0.132 0.115 0.132 0.074 0.134 0.200 
119    pc007    (0)   :  0.081 0.114 0.202 0.180 0.109 0.094 0.162 0.057 
120 UA00030798    (4)   :  0.030 0.037 0.033 0.032 0.036 0.026 0.034 0.771 
121 UA00030778    (4)   :  0.112 0.179 0.131 0.158 0.166 0.081 0.157 0.016 
122 UA00039674    (4)   :  0.020 0.021 0.019 0.019 0.021 0.020 0.020 0.860 
123 UA00032241    (4)   :  0.098 0.151 0.175 0.190 0.123 0.079 0.166 0.018 
124 UA00011624    (0)   :  0.102 0.161 0.150 0.171 0.156 0.084 0.149 0.028 
125 UA00033779    (4)   :  0.068 0.093 0.238 0.212 0.095 0.098 0.169 0.026 
126 UA00049402    (4)   :  0.147 0.156 0.109 0.116 0.165 0.142 0.123 0.042 
127 UA00033653    (0)   :  0.058 0.077 0.261 0.224 0.082 0.098 0.177 0.022 
128 UA00047738    (0)   :  0.122 0.136 0.148 0.133 0.143 0.113 0.147 0.058 
129 UA00047502    (4)   :  0.160 0.145 0.101 0.103 0.152 0.159 0.121 0.060 
130 UA00012014    (4)   :  0.120 0.172 0.122 0.131 0.173 0.092 0.150 0.041 
131 UA00040729    (0)   :  0.081 0.130 0.205 0.171 0.124 0.082 0.163 0.044 
132 UA00030392    (4)   :  0.109 0.174 0.134 0.180 0.137 0.070 0.160 0.035 
133 UA00050033    (0)   :  0.106 0.154 0.145 0.162 0.144 0.083 0.147 0.059 
134 UA00012152    (0)   :  0.250 0.098 0.072 0.091 0.091 0.299 0.080 0.018 
135 UA00050406    (0)   :  0.116 0.161 0.136 0.127 0.174 0.094 0.147 0.045 
136 UA00047973    (0)   :  0.102 0.151 0.158 0.144 0.157 0.094 0.162 0.032 
137 UA00008051    (0)   :  0.130 0.140 0.123 0.135 0.138 0.109 0.133 0.092 
138 UA00047337    (4)   :  0.092 0.128 0.130 0.128 0.125 0.075 0.134 0.187 
139 UA00041604    (4)   :  0.131 0.144 0.121 0.123 0.145 0.117 0.138 0.081 
140 UA00031704    (4)   :  0.106 0.179 0.143 0.158 0.165 0.077 0.149 0.023 
141 UA00040423    (4)   :  0.105 0.166 0.129 0.136 0.164 0.080 0.136 0.085 
142 UA00049433    (0)   :  0.130 0.160 0.112 0.121 0.163 0.116 0.133 0.064 
143 UA00034816    (0)   :  0.133 0.164 0.118 0.181 0.132 0.101 0.138 0.033 
144 UA00050214    (0)   :  0.119 0.184 0.123 0.222 0.125 0.054 0.149 0.024 
145 UA00041073    (0)   :  0.126 0.148 0.128 0.149 0.144 0.102 0.143 0.060 
146 UA00030318    (4)   :  0.118 0.160 0.137 0.168 0.153 0.090 0.147 0.026 
147 UA00046845    (0)   :  0.136 0.155 0.112 0.150 0.144 0.118 0.139 0.046 
148 UA00063946    (0)   :  0.047 0.067 0.276 0.222 0.075 0.098 0.176 0.039 
149 UA00031374    (4)   :  0.123 0.161 0.139 0.141 0.156 0.095 0.145 0.040 
150    M1136    (4)   :  0.086 0.117 0.087 0.108 0.105 0.059 0.105 0.332 
151 UA00034299    (0)   :  0.112 0.181 0.132 0.207 0.130 0.057 0.149 0.031 
152 UA00002387    (4)   :  0.126 0.183 0.115 0.154 0.170 0.094 0.138 0.019 
153 UA00021855    (0)   :  0.116 0.140 0.147 0.146 0.157 0.097 0.152 0.044 
154 UA00014500    (0)   :  0.108 0.169 0.131 0.132 0.177 0.084 0.146 0.052 
155 UA00050419    (4)   :  0.115 0.183 0.131 0.226 0.118 0.056 0.152 0.020 
156 UA00031854    (4)   :  0.126 0.147 0.134 0.133 0.159 0.117 0.145 0.040 
157    pc011    (4)   :  0.115 0.183 0.121 0.173 0.158 0.083 0.145 0.023 
158 UA00033004    (0)   :  0.112 0.168 0.125 0.143 0.159 0.086 0.141 0.066 
159 UA00046510    (0)   :  0.151 0.150 0.115 0.131 0.149 0.141 0.136 0.028 
160 UA00048747    (0)   :  0.126 0.172 0.121 0.161 0.160 0.093 0.138 0.029 
161 UA00014293    (0)   :  0.118 0.185 0.123 0.159 0.163 0.084 0.141 0.026 
162 UA00047686    (0)   :  0.161 0.146 0.105 0.111 0.143 0.158 0.127 0.049 
163 UA00033783    (4)   :  0.094 0.077 0.114 0.103 0.083 0.106 0.100 0.323 
164 UA00042609    (4)   :  0.190 0.129 0.096 0.100 0.131 0.196 0.104 0.056 
165 UA00031169    (4)   :  0.111 0.185 0.129 0.200 0.133 0.060 0.153 0.031 
166 UA00035181    (0)   :  0.095 0.151 0.184 0.150 0.154 0.088 0.164 0.014 
167 UA00050133    (0)   :  0.119 0.162 0.132 0.146 0.160 0.092 0.148 0.041 
168  Puco011    (4)   :  0.118 0.173 0.125 0.162 0.161 0.087 0.135 0.040 
169 UA00041476    (0)   :  0.130 0.156 0.115 0.141 0.149 0.104 0.139 0.066 
170 UA00046702    (0)   :  0.108 0.180 0.127 0.192 0.148 0.069 0.150 0.027 
171 UA00019940    (0)   :  0.127 0.155 0.127 0.151 0.157 0.094 0.146 0.044 
172 UA00049813    (0)   :  0.103 0.138 0.168 0.165 0.139 0.087 0.150 0.050 
173 UA00064165    (0)   :  0.222 0.101 0.086 0.080 0.108 0.260 0.095 0.048 
174 UA00064421    (0)   :  0.194 0.129 0.098 0.105 0.134 0.213 0.110 0.018 
175 UA00064569    (4)   :  0.107 0.170 0.149 0.190 0.130 0.073 0.163 0.016 
176 UA00003996    (0)   :  0.152 0.152 0.107 0.132 0.138 0.146 0.129 0.044 
177 UA00064491    (4)   :  0.120 0.169 0.132 0.187 0.127 0.087 0.155 0.023 
178 UA00011899    (0)   :  0.112 0.166 0.135 0.137 0.165 0.086 0.150 0.050 
179  Puco015    (4)   :  0.106 0.146 0.125 0.138 0.144 0.085 0.138 0.118 
180 UA00047929    (4)   :  0.081 0.137 0.198 0.187 0.120 0.076 0.171 0.030 
181 UA00056669    (0)   :  0.129 0.167 0.124 0.133 0.172 0.106 0.142 0.026 
182 UA00050176    (0)   :  0.125 0.159 0.119 0.123 0.168 0.108 0.136 0.061 
183  Puco014    (4)   :  0.112 0.139 0.160 0.143 0.151 0.110 0.144 0.043 
184 UA00019608    (0)   :  0.130 0.178 0.118 0.136 0.164 0.102 0.141 0.033 
185 UA00064333    (0)   :  0.123 0.177 0.121 0.153 0.163 0.083 0.147 0.032 
186  Puco013    (4)   :  0.156 0.148 0.109 0.112 0.156 0.154 0.128 0.036 
187 UA00016092    (0)   :  0.109 0.174 0.141 0.201 0.138 0.065 0.154 0.017 
188 UA00019060    (0)   :  0.248 0.070 0.057 0.060 0.072 0.305 0.065 0.122 
189 UA00063532    (0)   :  0.112 0.151 0.135 0.137 0.153 0.100 0.148 0.063 
190 UA00064117    (0)   :  0.170 0.093 0.077 0.080 0.099 0.186 0.088 0.208 
191 UA00011969    (0)   :  0.120 0.157 0.129 0.131 0.159 0.105 0.144 0.054 
192 UA00034586    (4)   :  0.100 0.149 0.165 0.166 0.150 0.084 0.162 0.025 
193 UA00030736    (4)   :  0.114 0.172 0.126 0.136 0.175 0.084 0.149 0.044 
194 UA00048493    (0)   :  0.109 0.155 0.128 0.135 0.162 0.086 0.153 0.071 
195 UA00040466    (0)   :  0.314 0.057 0.049 0.043 0.060 0.403 0.049 0.025 
196 UA00047659    (0)   :  0.113 0.162 0.146 0.129 0.172 0.100 0.154 0.023 
197 UA00042002    (4)   :  0.088 0.120 0.137 0.115 0.130 0.087 0.129 0.193 
198 UA00062606    (0)   :  0.143 0.144 0.118 0.122 0.156 0.138 0.133 0.045 
199 UA00030615    (4)   :  0.322 0.048 0.044 0.045 0.051 0.423 0.047 0.020 
200 UA00048899    (0)   :  0.116 0.169 0.133 0.122 0.181 0.095 0.146 0.037 
201 UA00047725    (0)   :  0.382 0.019 0.019 0.018 0.020 0.505 0.018 0.020 
202 UA00030866    (4)   :  0.126 0.162 0.130 0.117 0.187 0.115 0.133 0.030 
203 UA00034564    (0)   :  0.123 0.170 0.124 0.123 0.183 0.103 0.138 0.034 
204 UA00046520    (0)   :  0.065 0.089 0.243 0.214 0.096 0.092 0.179 0.023 
205 UA00035027    (0)   :  0.126 0.141 0.136 0.123 0.161 0.123 0.137 0.054 
206 UA00035421    (0)   :  0.196 0.135 0.093 0.103 0.133 0.213 0.099 0.029 
207 UA00062740    (4)   :  0.140 0.147 0.120 0.102 0.164 0.140 0.121 0.068 
208 UA00012360    (0)   :  0.338 0.041 0.036 0.037 0.042 0.445 0.039 0.022 
209 UA00050203    (0)   :  0.103 0.150 0.153 0.151 0.154 0.089 0.156 0.044 
210 UA00040534    (4)   :  0.191 0.092 0.071 0.069 0.097 0.218 0.082 0.181 
211 UA00031261    (4)   :  0.257 0.074 0.055 0.052 0.081 0.313 0.062 0.107 
212 UA00031917    (4)   :  0.189 0.095 0.073 0.065 0.107 0.223 0.079 0.169 
213 UA00040798    (4)   :  0.217 0.090 0.090 0.093 0.095 0.248 0.094 0.072 
214 UA00030598    (4)   :  0.187 0.110 0.095 0.093 0.122 0.212 0.105 0.075 
215 UA00050385    (0)   :  0.130 0.171 0.115 0.121 0.170 0.115 0.139 0.039 
216 UA00058283    (0)   :  0.342 0.032 0.031 0.030 0.033 0.452 0.032 0.048 
217 UA00042297    (4)   :  0.101 0.079 0.081 0.077 0.085 0.106 0.082 0.389 
218 UA00015415    (4)   :  0.352 0.035 0.029 0.029 0.035 0.466 0.031 0.022 
219 UA00035531    (0)   :  0.278 0.060 0.048 0.048 0.062 0.363 0.053 0.087 
220 UA00048683    (0)   :  0.282 0.075 0.059 0.065 0.077 0.350 0.065 0.026 
221 UA00046734    (4)   :  0.341 0.038 0.034 0.035 0.041 0.448 0.036 0.028 
222   pcRF01    (0)   :  0.118 0.190 0.129 0.212 0.137 0.057 0.143 0.014 
223 UA00007223    (0)   :  0.156 0.145 0.103 0.101 0.157 0.159 0.116 0.062 
224 UA00013841    (0)   :  0.096 0.139 0.156 0.131 0.143 0.076 0.145 0.114 
225 UA00014196    (0)   :  0.275 0.077 0.055 0.058 0.078 0.336 0.064 0.057 
226 UA00034635    (0)   :  0.115 0.168 0.136 0.138 0.172 0.093 0.152 0.026 
227 UA00047371    (0)   :  0.096 0.120 0.124 0.105 0.137 0.091 0.133 0.193 
228 UA00063544    (0)   :  0.098 0.118 0.135 0.123 0.128 0.083 0.132 0.183 
229 UA00064246    (0)   :  0.141 0.116 0.127 0.123 0.128 0.146 0.127 0.090 
230 UA00064328    (0)   :  0.155 0.137 0.104 0.103 0.143 0.156 0.122 0.079 
231 UA00002952    (0)   :  0.148 0.126 0.100 0.094 0.139 0.158 0.109 0.127 
232 UA00064079    (0)   :  0.116 0.145 0.111 0.121 0.141 0.096 0.134 0.136 
233 UA00046793    (0)   :  0.155 0.119 0.092 0.091 0.127 0.167 0.100 0.149 
234 UA00034769    (0)   :  0.083 0.077 0.098 0.090 0.082 0.090 0.087 0.393 
235 UA00034949    (0)   :  0.167 0.144 0.096 0.098 0.155 0.171 0.112 0.056 
236 UA00063753    (0)   :  0.096 0.092 0.191 0.169 0.106 0.122 0.148 0.076 
237 UA00015713    (0)   :  0.089 0.118 0.162 0.139 0.133 0.085 0.142 0.132 
238 UA00003494    (0)   :  0.133 0.159 0.104 0.126 0.147 0.120 0.121 0.090 
239 UA00056767    (0)   :  0.066 0.094 0.245 0.217 0.091 0.094 0.179 0.015 
240 UA00014461    (0)   :  0.149 0.138 0.108 0.110 0.138 0.156 0.121 0.081 
241 UA00034669    (0)   :  0.201 0.095 0.090 0.074 0.102 0.237 0.094 0.107 
242 UA00048164    (0)   :  0.165 0.137 0.121 0.113 0.139 0.172 0.128 0.025 
243 UA00007974    (0)   :  0.076 0.109 0.217 0.154 0.117 0.096 0.165 0.065 
244 UA00016166    (0)   :  0.099 0.135 0.097 0.112 0.124 0.070 0.117 0.247 
245 UA00015653    (0)   :  0.138 0.112 0.094 0.079 0.123 0.137 0.104 0.213 
246 UA00063882    (0)   :  0.190 0.109 0.083 0.079 0.116 0.227 0.094 0.102 
247 UA00049027    (0)   :  0.110 0.112 0.113 0.104 0.119 0.106 0.120 0.217 
248 UA00018878    (0)   :  0.076 0.102 0.157 0.110 0.117 0.078 0.132 0.229 
249 UA00038796    (0)   :  0.188 0.116 0.114 0.092 0.131 0.210 0.114 0.035 
250 UA00013465    (0)   :  0.289 0.066 0.056 0.054 0.069 0.366 0.061 0.039 
251 UA00014604    (0)   :  0.161 0.118 0.118 0.102 0.131 0.173 0.120 0.077 
252 UA00041913    (0)   :  0.081 0.090 0.148 0.139 0.099 0.088 0.124 0.232 
253 UA00021632    (0)   :  0.083 0.083 0.072 0.073 0.087 0.078 0.083 0.442 
254 UA00064027    (0)   :  0.132 0.140 0.109 0.098 0.160 0.121 0.133 0.107 
255 UA00015023    (0)   :  0.134 0.159 0.120 0.146 0.147 0.118 0.140 0.037 
256 UA00050243    (0)   :  0.100 0.135 0.104 0.095 0.145 0.085 0.118 0.219 
257 UA00048298    (0)   :  0.118 0.154 0.131 0.154 0.145 0.092 0.142 0.063 
258 UA00050437    (0)   :  0.167 0.135 0.108 0.105 0.139 0.173 0.127 0.045 
259 UA00014262    (0)   :  0.111 0.148 0.122 0.120 0.153 0.095 0.134 0.117 
260 UA00049129    (0)   :  0.091 0.130 0.167 0.160 0.135 0.090 0.150 0.077 
261 UA00014740    (0)   :  0.106 0.125 0.161 0.147 0.137 0.107 0.145 0.072 
262 UA00049612    (0)   :  0.061 0.048 0.050 0.050 0.050 0.064 0.051 0.626 
263 UA00014635    (0)   :  0.069 0.105 0.244 0.199 0.095 0.091 0.176 0.021 
264 UA00014673    (0)   :  0.145 0.114 0.119 0.101 0.119 0.162 0.117 0.124 
265 UA00033608    (0)   :  0.082 0.082 0.100 0.091 0.088 0.084 0.095 0.379 
266 UA00064540    (0)   :  0.093 0.096 0.211 0.173 0.114 0.115 0.158 0.039 
267 UA00050256    (0)   :  0.131 0.132 0.104 0.094 0.145 0.125 0.118 0.153 
268 UA00015274    (0)   :  0.123 0.158 0.133 0.145 0.157 0.104 0.145 0.035 
269 UA00062993    (0)   :  0.115 0.142 0.165 0.134 0.150 0.118 0.158 0.019 
270 UA00038364    (0)   :  0.111 0.134 0.139 0.126 0.145 0.107 0.144 0.093 
271 UA00014446    (0)   :  0.118 0.161 0.138 0.131 0.177 0.093 0.159 0.022 
272 UA00063545    (0)   :  0.105 0.073 0.064 0.060 0.082 0.113 0.070 0.432 
273 UA00040054    (0)   :  0.106 0.162 0.145 0.150 0.155 0.076 0.155 0.051 
274 UA00058447    (0)   :  0.094 0.136 0.179 0.138 0.156 0.093 0.162 0.044 
275 UA00046835    (0)   :  0.090 0.134 0.190 0.160 0.136 0.092 0.161 0.038 
276 UA00014608    (0)   :  0.115 0.154 0.148 0.125 0.162 0.106 0.158 0.031 
277    pc012    (0)   :  0.128 0.149 0.134 0.120 0.152 0.119 0.140 0.058 
278    pc002    (0)   :  0.092 0.100 0.090 0.081 0.109 0.085 0.098 0.344 
279 UA00033690    (0)   :  0.058 0.078 0.220 0.156 0.087 0.092 0.151 0.159 
280 UA00013688    (0)   :  0.127 0.147 0.136 0.124 0.153 0.115 0.152 0.048 
281 UA00063666    (0)   :  0.052 0.078 0.252 0.196 0.085 0.087 0.167 0.084 
282 UA00063292    (0)   :  0.051 0.078 0.270 0.221 0.090 0.092 0.177 0.023 
283    pc001    (0)   :  0.119 0.155 0.148 0.129 0.157 0.107 0.150 0.037 
284    pc008    (0)   :  0.098 0.132 0.177 0.155 0.140 0.098 0.160 0.041 
285 UA00034316    (0)   :  0.143 0.117 0.085 0.104 0.107 0.148 0.103 0.194 
286 UA00013046    (0)   :  0.091 0.151 0.174 0.199 0.128 0.069 0.158 0.030 
287 UA00050241    (0)   :  0.070 0.117 0.224 0.188 0.111 0.087 0.175 0.028 
288 UA00048599    (0)   :  0.086 0.128 0.203 0.160 0.139 0.093 0.168 0.022 
289 UA00046649    (0)   :  0.078 0.105 0.112 0.104 0.109 0.067 0.112 0.311 
290 UA00015674    (0)   :  0.064 0.068 0.103 0.088 0.074 0.073 0.089 0.440 
291 UA00013177    (0)   :  0.109 0.108 0.166 0.147 0.117 0.112 0.140 0.100 
292 UA00012814    (0)   :  0.120 0.168 0.133 0.137 0.162 0.100 0.141 0.038 
293 UA00034654    (0)   :  0.103 0.155 0.154 0.152 0.162 0.089 0.161 0.025 
294 UA00046743    (0)   :  0.075 0.112 0.226 0.191 0.104 0.089 0.175 0.028 
295 UA00014854    (0)   :  0.054 0.094 0.231 0.168 0.100 0.075 0.163 0.114 
296 UA00013729    (0)   :  0.118 0.170 0.132 0.174 0.141 0.076 0.148 0.041 
297 UA00063483    (0)   :  0.101 0.148 0.170 0.154 0.155 0.088 0.154 0.030 
298 UA00039326    (0)   :  0.087 0.124 0.168 0.141 0.136 0.083 0.148 0.113 
299 UA00014742    (0)   :  0.085 0.126 0.195 0.178 0.129 0.088 0.166 0.034 
300 UA00049597    (0)   :  0.052 0.082 0.139 0.102 0.091 0.058 0.114 0.363 
301 UA00048067    (0)   :  0.102 0.123 0.170 0.139 0.129 0.108 0.146 0.082 
302 UA00012918    (0)   :  0.041 0.070 0.242 0.173 0.078 0.077 0.152 0.167 
303 UA00013487    (0)   :  0.116 0.193 0.130 0.211 0.137 0.050 0.142 0.021 
304 UA00046759    (0)   :  0.145 0.124 0.118 0.110 0.134 0.148 0.124 0.097 
305 UA00050164    (0)   :  0.057 0.070 0.060 0.060 0.069 0.048 0.063 0.573 
306 UA00049839    (0)   :  0.102 0.121 0.186 0.182 0.129 0.095 0.156 0.029 
307 UA00048444    (0)   :  0.049 0.064 0.259 0.218 0.069 0.096 0.168 0.077 
308 UA00063857    (0)   :  0.088 0.133 0.188 0.168 0.135 0.085 0.159 0.044 
309 UA00014921    (0)   :  0.063 0.091 0.103 0.096 0.097 0.056 0.098 0.395 
310 UA00048895    (0)   :  0.072 0.089 0.100 0.090 0.094 0.068 0.100 0.386 
311 UA00014556    (0)   :  0.143 0.143 0.130 0.116 0.160 0.139 0.136 0.034 
312    pc009    (0)   :  0.056 0.085 0.257 0.232 0.082 0.089 0.174 0.025 
313 UA00014959    (0)   :  0.059 0.084 0.123 0.098 0.086 0.061 0.103 0.385 
314 UA00020709    (0)   :  0.095 0.138 0.166 0.133 0.141 0.085 0.153 0.089 
315 UA00013126    (0)   :  0.022 0.020 0.022 0.022 0.021 0.022 0.022 0.849 
316 UA00013695    (0)   :  0.028 0.032 0.033 0.031 0.035 0.028 0.033 0.779 
317 UA00049344    (0)   :  0.077 0.098 0.087 0.074 0.102 0.070 0.091 0.400 
318 UA00047614    (0)   :  0.074 0.044 0.041 0.039 0.044 0.078 0.042 0.639 
319 UA00014221    (0)   :  0.069 0.113 0.237 0.190 0.108 0.091 0.179 0.013 
320 UA00014346    (0)   :  0.081 0.104 0.210 0.170 0.114 0.102 0.167 0.050 
321 UA00014245    (0)   :  0.060 0.094 0.179 0.129 0.096 0.069 0.139 0.233 
322 UA00014696    (0)   :  0.030 0.026 0.024 0.023 0.027 0.030 0.024 0.816 
323 UA00006991    (0)   :  0.126 0.173 0.125 0.127 0.167 0.106 0.150 0.027 
324 UA00048948    (0)   :  0.123 0.158 0.131 0.132 0.167 0.100 0.152 0.037 
325 UA00002239    (0)   :  0.128 0.168 0.126 0.129 0.164 0.107 0.139 0.039 
326 UA00063459    (0)   :  0.049 0.080 0.275 0.203 0.084 0.092 0.183 0.034 
327 UA00048356    (0)   :  0.126 0.129 0.148 0.132 0.144 0.130 0.146 0.046 
328 UA00063940    (0)   :  0.134 0.153 0.120 0.141 0.149 0.116 0.143 0.046 
329 UA00048130    (0)   :  0.086 0.125 0.202 0.172 0.128 0.098 0.161 0.027 
330 UA00048903    (0)   :  0.104 0.165 0.155 0.210 0.123 0.063 0.162 0.017 
331 UA00064643    (0)   :  0.115 0.153 0.140 0.153 0.145 0.088 0.152 0.055 
332 UA00050233    (0)   :  0.121 0.145 0.140 0.159 0.148 0.107 0.152 0.029 
333 UA00012507    (0)   :  0.152 0.154 0.114 0.117 0.162 0.143 0.135 0.022 
334 UA00064416    (0)   :  0.114 0.186 0.129 0.173 0.154 0.066 0.153 0.025 
335 UA00034724    (0)   :  0.110 0.151 0.150 0.168 0.149 0.089 0.156 0.028 
336 UA00002621    (0)   :  0.100 0.150 0.163 0.177 0.142 0.083 0.162 0.024 
337 UA00033203    (0)   :  0.115 0.186 0.124 0.184 0.146 0.061 0.142 0.043 
338 UA00011996    (0)   :  0.109 0.166 0.139 0.121 0.175 0.088 0.154 0.049 
339 UA00014408    (0)   :  0.185 0.130 0.099 0.104 0.129 0.207 0.112 0.034 
340 UA00049502    (0)   :  0.135 0.146 0.139 0.127 0.155 0.131 0.140 0.027 
341 UA00062695    (0)   :  0.097 0.118 0.179 0.148 0.127 0.104 0.149 0.079 
342 UA00014072    (0)   :  0.089 0.117 0.188 0.187 0.120 0.095 0.159 0.045 
343 UA00003334    (0)   :  0.082 0.134 0.195 0.192 0.118 0.077 0.170 0.032 
344 UA00013835    (0)   :  0.102 0.146 0.162 0.136 0.152 0.094 0.153 0.054 
345 UA00046760    (0)   :  0.093 0.125 0.133 0.128 0.131 0.081 0.135 0.175 
346 UA00014241    (0)   :  0.104 0.160 0.155 0.159 0.154 0.093 0.151 0.024 
347 UA00049585    (0)   :  0.091 0.141 0.174 0.166 0.149 0.087 0.164 0.029 
348 UA00013409    (0)   :  0.123 0.096 0.180 0.170 0.099 0.144 0.143 0.044 
349 UA00047548    (0)   :  0.106 0.170 0.144 0.130 0.179 0.082 0.151 0.038 
350 UA00049038    (0)   :  0.100 0.097 0.103 0.092 0.107 0.099 0.102 0.300 
351 UA00047612    (0)   :  0.120 0.157 0.146 0.132 0.168 0.102 0.149 0.026 
352 UA00014822    (0)   :  0.124 0.106 0.098 0.086 0.121 0.125 0.100 0.241 
353 UA00035299    (0)   :  0.115 0.167 0.130 0.159 0.152 0.081 0.153 0.043 
354 UA00012804    (0)   :  0.089 0.107 0.099 0.090 0.118 0.081 0.115 0.300 
355 UA00049578    (0)   :  0.134 0.141 0.133 0.131 0.152 0.132 0.146 0.031 
356 UA00047672    (0)   :  0.123 0.186 0.124 0.188 0.143 0.072 0.140 0.023 
357 UA00043961    (0)   :  0.059 0.052 0.057 0.055 0.052 0.062 0.055 0.608 
358 UA00064575    (0)   :  0.150 0.118 0.135 0.129 0.128 0.163 0.137 0.039 
359 UA00014732    (0)   :  0.125 0.168 0.132 0.147 0.153 0.097 0.156 0.023 
360 UA00050181    (0)   :  0.119 0.179 0.127 0.129 0.182 0.103 0.146 0.016 
361 UA00033369    (0)   :  0.108 0.132 0.099 0.102 0.144 0.089 0.118 0.207 
362 UA00011982    (0)   :  0.113 0.193 0.128 0.232 0.113 0.045 0.159 0.017 
363 UA00014590    (0)   :  0.115 0.159 0.117 0.139 0.152 0.089 0.138 0.091 
364 UA00047743    (0)   :  0.118 0.177 0.129 0.167 0.162 0.073 0.150 0.024 
365 UA00046621    (0)   :  0.106 0.184 0.139 0.163 0.170 0.067 0.149 0.023 
366 UA00050422    (0)   :  0.137 0.152 0.122 0.137 0.155 0.123 0.145 0.028 
367 UA00002760    (0)   :  0.106 0.146 0.146 0.151 0.149 0.082 0.149 0.071 
368 UA00012999    (0)   :  0.111 0.157 0.123 0.137 0.153 0.076 0.144 0.099 
369 UA00063838    (0)   :  0.105 0.157 0.160 0.185 0.134 0.076 0.160 0.023 
370 UA00003729    (0)   :  0.130 0.103 0.127 0.109 0.113 0.145 0.117 0.157 
371 UA00015348    (0)   :  0.089 0.106 0.193 0.183 0.107 0.101 0.160 0.062 
372 UA00019058    (0)   :  0.087 0.091 0.225 0.179 0.095 0.121 0.163 0.040 
373 UA00049549    (0)   :  0.041 0.062 0.268 0.209 0.067 0.087 0.167 0.099 
374 UA00014334    (0)   :  0.126 0.164 0.123 0.129 0.169 0.112 0.136 0.040 
375 UA00014350    (0)   :  0.109 0.199 0.128 0.255 0.108 0.038 0.149 0.014 
376 UA00049227    (0)   :  0.119 0.141 0.110 0.095 0.157 0.109 0.122 0.147 
377 UA00014051    (0)   :  0.150 0.167 0.112 0.138 0.152 0.123 0.137 0.021 
378 UA00034381    (0)   :  0.132 0.152 0.133 0.155 0.143 0.108 0.143 0.033 
379 UA00002354    (0)   :  0.115 0.188 0.135 0.200 0.139 0.058 0.144 0.021 
380 UA00049892    (0)   :  0.089 0.137 0.168 0.189 0.120 0.066 0.156 0.075 
381 UA00021989    (0)   :  0.116 0.169 0.142 0.166 0.152 0.086 0.148 0.021 
382 UA00048968    (0)   :  0.116 0.165 0.135 0.145 0.171 0.091 0.151 0.025 
383 UA00013174    (0)   :  0.118 0.175 0.126 0.158 0.151 0.085 0.147 0.041 
384 UA00033992    (0)   :  0.097 0.153 0.110 0.117 0.153 0.070 0.130 0.170 
385 UA00015801    (0)   :  0.110 0.187 0.134 0.226 0.117 0.052 0.160 0.013 
386 UA00063303    (0)   :  0.087 0.100 0.152 0.128 0.105 0.089 0.129 0.210 
387 UA00050206    (0)   :  0.079 0.107 0.227 0.210 0.100 0.094 0.169 0.015 
388 UA00014458    (0)   :  0.108 0.139 0.138 0.155 0.135 0.096 0.148 0.081 
389 UA00007204    (0)   :  0.068 0.115 0.228 0.183 0.112 0.085 0.165 0.045 
390 UA00063212    (0)   :  0.118 0.095 0.132 0.127 0.103 0.127 0.117 0.181 
391 UA00013340    (0)   :  0.103 0.151 0.139 0.126 0.165 0.084 0.147 0.085 
392 UA00062743    (0)   :  0.131 0.177 0.118 0.125 0.180 0.113 0.133 0.023 
393 UA00063189    (0)   :  0.243 0.088 0.069 0.075 0.088 0.300 0.079 0.059 
394 UA00035432    (0)   :  0.096 0.141 0.173 0.184 0.138 0.084 0.157 0.027 
395 UA00007958    (0)   :  0.103 0.171 0.140 0.161 0.169 0.085 0.146 0.025 
396 UA00013634    (0)   :  0.118 0.181 0.123 0.152 0.171 0.097 0.138 0.020 
397 UA00048175    (0)   :  0.115 0.189 0.128 0.229 0.124 0.055 0.147 0.012 
398 UA00003202    (0)   :  0.106 0.158 0.146 0.152 0.169 0.087 0.150 0.033 
399 UA00035090    (0)   :  0.122 0.144 0.147 0.159 0.135 0.108 0.148 0.038 
400 UA00064679    (0)   :  0.189 0.118 0.097 0.108 0.122 0.211 0.106 0.049 
401 UA00039518    (0)   :  0.105 0.165 0.142 0.168 0.157 0.076 0.151 0.037 
402 UA00058268    (0)   :  0.119 0.163 0.134 0.152 0.153 0.087 0.154 0.036 
403 UA00049456    (0)   :  0.090 0.115 0.138 0.135 0.120 0.083 0.141 0.179 
404 UA00049550    (0)   :  0.122 0.118 0.169 0.169 0.124 0.126 0.148 0.023 
405 UA00048342    (0)   :  0.111 0.139 0.137 0.131 0.142 0.094 0.142 0.104 
406 UA00063493    (0)   :  0.107 0.167 0.149 0.172 0.152 0.073 0.160 0.020 
407 UA00058261    (0)   :  0.137 0.168 0.117 0.151 0.147 0.121 0.132 0.027 
408 UA00014663    (0)   :  0.127 0.168 0.122 0.131 0.164 0.095 0.156 0.038 
409 UA00048817    (0)   :  0.104 0.147 0.103 0.119 0.140 0.078 0.122 0.186 
410 UA00049381    (0)   :  0.120 0.174 0.123 0.172 0.156 0.091 0.140 0.025 
411 UA00035901    (0)   :  0.183 0.129 0.104 0.100 0.136 0.195 0.115 0.038 
412 UA00013301    (0)   :  0.099 0.101 0.198 0.181 0.107 0.115 0.156 0.044 
413 UA00047926    (0)   :  0.131 0.160 0.116 0.149 0.141 0.101 0.135 0.067 
414 UA00007272    (0)   :  0.151 0.158 0.107 0.120 0.158 0.140 0.124 0.042 
415 UA00016041    (0)   :  0.098 0.131 0.168 0.166 0.133 0.088 0.159 0.057 
416 UA00013502    (0)   :  0.117 0.162 0.142 0.174 0.142 0.094 0.150 0.018 
417 UA00002390    (0)   :  0.106 0.158 0.122 0.126 0.163 0.086 0.143 0.096 
418 UA00034907    (0)   :  0.124 0.156 0.135 0.127 0.176 0.110 0.148 0.024 
419 UA00048821    (0)   :  0.133 0.136 0.118 0.120 0.137 0.122 0.129 0.105 
420 UA00002136    (0)   :  0.110 0.125 0.143 0.146 0.138 0.101 0.140 0.098 
421 UA00011790    (0)   :  0.112 0.174 0.124 0.140 0.171 0.100 0.137 0.042 
422 UA00021586    (0)   :  0.102 0.132 0.119 0.117 0.131 0.090 0.128 0.181 
423 UA00033270    (0)   :  0.116 0.158 0.139 0.141 0.157 0.100 0.152 0.038 
424 UA00048073    (0)   :  0.108 0.149 0.152 0.156 0.149 0.093 0.153 0.039 
425 UA00048856    (0)   :  0.124 0.151 0.138 0.134 0.159 0.121 0.139 0.034 
426 UA00049713    (0)   :  0.124 0.174 0.126 0.187 0.132 0.075 0.148 0.034 
427 UA00046885    (0)   :  0.102 0.157 0.151 0.141 0.161 0.091 0.154 0.042 
428 UA00034893    (0)   :  0.109 0.158 0.155 0.192 0.137 0.069 0.154 0.027 
429 UA00048011    (0)   :  0.130 0.163 0.130 0.170 0.146 0.098 0.145 0.017 
430 UA00015786    (0)   :  0.164 0.131 0.106 0.115 0.130 0.167 0.120 0.067 
431 UA00013162    (0)   :  0.130 0.171 0.116 0.125 0.183 0.117 0.127 0.031 
432 UA00049512    (0)   :  0.109 0.139 0.158 0.142 0.147 0.108 0.148 0.049 
433 UA00004046    (0)   :  0.114 0.183 0.125 0.165 0.165 0.083 0.145 0.020 
434 UA00048881    (0)   :  0.152 0.123 0.102 0.101 0.131 0.151 0.111 0.129 
435 UA00046610    (0)   :  0.122 0.143 0.109 0.116 0.153 0.111 0.123 0.122 
436 UA00033282    (0)   :  0.124 0.150 0.135 0.128 0.160 0.115 0.145 0.044 
437 UA00047561    (0)   :  0.113 0.179 0.126 0.155 0.169 0.084 0.147 0.027 
438 UA00013777    (0)   :  0.145 0.158 0.115 0.118 0.166 0.148 0.127 0.023 
439 UA00062849    (0)   :  0.084 0.116 0.205 0.181 0.116 0.096 0.165 0.037 
440 UA00049786    (0)   :  0.124 0.177 0.117 0.202 0.138 0.083 0.140 0.020 
441 UA00033246    (0)   :  0.062 0.091 0.244 0.221 0.087 0.094 0.179 0.022 
442 UA00045302    (0)   :  0.109 0.169 0.139 0.134 0.169 0.083 0.155 0.042 
443 UA00048637    (0)   :  0.126 0.175 0.121 0.187 0.137 0.081 0.146 0.027 
444 UA00049832    (0)   :  0.076 0.113 0.181 0.159 0.110 0.084 0.150 0.128 
445 UA00022023    (0)   :  0.113 0.160 0.122 0.115 0.174 0.094 0.139 0.083 
446 UA00050192    (0)   :  0.105 0.149 0.117 0.109 0.155 0.083 0.134 0.148 
447 UA00050413    (0)   :  0.116 0.153 0.148 0.152 0.151 0.098 0.152 0.029 
448 UA00013445    (0)   :  0.107 0.180 0.134 0.151 0.178 0.085 0.148 0.018 
449 UA00035496    (0)   :  0.166 0.132 0.121 0.105 0.140 0.174 0.126 0.035 
450 UA00003333    (0)   :  0.187 0.112 0.094 0.095 0.124 0.201 0.107 0.080 
451 UA00064008    (0)   :  0.181 0.130 0.101 0.115 0.136 0.196 0.117 0.024 
452 UA00003427    (0)   :  0.112 0.136 0.115 0.109 0.148 0.097 0.127 0.155 
453 UA00028092    (0)   :  0.125 0.110 0.096 0.102 0.112 0.125 0.103 0.229 
454    pc003    (0)   :  0.296 0.048 0.046 0.044 0.053 0.375 0.047 0.091 
455 UA00034440    (0)   :  0.104 0.127 0.172 0.169 0.136 0.104 0.156 0.032 
456 UA00026062    (0)   :  0.111 0.179 0.125 0.159 0.166 0.083 0.136 0.041 
457 UA00014347    (0)   :  0.128 0.142 0.142 0.112 0.154 0.120 0.144 0.058 
458 UA00021516    (0)   :  0.115 0.177 0.128 0.193 0.136 0.067 0.155 0.030 
459 UA00049347    (0)   :  0.203 0.122 0.091 0.107 0.126 0.217 0.103 0.031 
460 UA00063436    (0)   :  0.208 0.085 0.116 0.110 0.092 0.246 0.105 0.038 
461 UA00047790    (0)   :  0.117 0.185 0.120 0.127 0.186 0.097 0.137 0.031 
462 UA00045714    (0)   :  0.165 0.125 0.098 0.102 0.137 0.164 0.113 0.095 
463 UA00038979    (0)   :  0.077 0.103 0.194 0.158 0.109 0.089 0.153 0.118 
464 UA00016123    (0)   :  0.127 0.158 0.112 0.112 0.172 0.122 0.127 0.070 
465 UA00034765    (0)   :  0.323 0.053 0.043 0.047 0.053 0.414 0.048 0.018 
466 UA00063815    (0)   :  0.246 0.072 0.070 0.065 0.081 0.298 0.073 0.095 
467 UA00034795    (0)   :  0.098 0.120 0.186 0.173 0.128 0.097 0.158 0.040 
468 UA00004000    (0)   :  0.298 0.062 0.056 0.052 0.066 0.380 0.056 0.030 
469 UA00049367    (0)   :  0.122 0.130 0.161 0.149 0.140 0.127 0.149 0.023 
470 UA00034457    (0)   :  0.109 0.171 0.137 0.139 0.173 0.087 0.143 0.041 
471 UA00050015    (0)   :  0.108 0.132 0.150 0.141 0.145 0.109 0.146 0.067 
472 UA00021373    (0)   :  0.120 0.166 0.128 0.134 0.170 0.098 0.143 0.041 
473 UA00050232    (0)   :  0.260 0.068 0.059 0.055 0.073 0.327 0.062 0.096 
474 UA00038724    (0)   :  0.100 0.145 0.145 0.126 0.154 0.086 0.144 0.101 
475 UA00007824    (0)   :  0.128 0.158 0.108 0.128 0.157 0.109 0.129 0.082 
476 UA00048754    (0)   :  0.142 0.171 0.115 0.114 0.184 0.135 0.121 0.017 
477 UA00014271    (0)   :  0.109 0.152 0.136 0.146 0.149 0.093 0.148 0.068 
478 UA00013756    (0)   :  0.134 0.102 0.150 0.136 0.109 0.149 0.131 0.090 
479 UA00014385    (0)   :  0.175 0.115 0.091 0.095 0.128 0.186 0.101 0.110 
480 UA00049609    (0)   :  0.090 0.129 0.186 0.172 0.135 0.094 0.160 0.035 
481 UA00003748    (0)   :  0.199 0.127 0.094 0.092 0.139 0.223 0.100 0.026 
482 UA00063952    (0)   :  0.177 0.135 0.105 0.109 0.138 0.196 0.120 0.021 
483 UA00058348    (0)   :  0.262 0.082 0.073 0.074 0.084 0.330 0.077 0.019 
484 UA00014922    (0)   :  0.322 0.046 0.043 0.044 0.045 0.415 0.044 0.040 
485 UA00003820    (0)   :  0.134 0.166 0.117 0.129 0.179 0.122 0.135 0.018 
486 UA00013693    (0)   :  0.141 0.150 0.111 0.112 0.156 0.131 0.126 0.074 
487 UA00047713    (0)   :  0.295 0.071 0.053 0.059 0.070 0.370 0.060 0.023 
488 UA00034891    (0)   :  0.204 0.115 0.099 0.091 0.128 0.228 0.100 0.035 
489 UA00049223    (0)   :  0.197 0.118 0.101 0.109 0.119 0.215 0.108 0.032 
490 UA00064399    (0)   :  0.263 0.045 0.034 0.033 0.049 0.337 0.036 0.203 
491 UA00013336    (0)   :  0.314 0.042 0.040 0.039 0.045 0.408 0.042 0.070 
492 UA00035291    (0)   :  0.303 0.060 0.047 0.043 0.070 0.385 0.049 0.043 
493 UA00003945    (0)   :  0.283 0.069 0.058 0.059 0.069 0.351 0.061 0.050 
494 UA00014518    (0)   :  0.240 0.096 0.072 0.079 0.099 0.289 0.083 0.042 
495 UA00013583    (0)   :  0.121 0.078 0.080 0.072 0.088 0.129 0.078 0.356 
