

----------------------------------------------------
STRUCTURE by Pritchard, Stephens and Donnelly (2000)
     and Falush, Stephens and Pritchard (2003)
       Code by Pritchard, Falush and Hubisz
             Version 2.3.4 (Jul 2012)
----------------------------------------------------



Command line arguments:   structure -K 6 -o outputfile_K6_7 
Input File:    Puma_SNP_genotypes_cut_AZ_final_HWEonly.str

Run parameters:
   536 individuals
   22 loci
   6 populations assumed
   100000 Burn-in period
   500000 Reps


--------------------------------------------
Overall proportion of membership of the
sample in each of the 6 clusters

Inferred Clusters
  1      2      3      4      5      6    
0.153  0.171  0.170  0.171  0.170  0.165  

--------------------------------------------

Allele-freq. divergence among pops (Net nucleotide distance),
computed using point estimates of P.

      1       2       3       4       5       6      
 1      -    0.0512  0.0532  0.0538  0.0562  0.0690  
 2   0.0512     -    0.0031  0.0004  0.0068  0.0501  
 3   0.0532  0.0031     -    0.0016  0.0007  0.0439  
 4   0.0538  0.0004  0.0016     -    0.0043  0.0501  
 5   0.0562  0.0068  0.0007  0.0043     -    0.0427  
 6   0.0690  0.0501  0.0439  0.0501  0.0427     -    

Average distances (expected heterozygosity) between individuals in same cluster:
cluster  1  : 0.3015 
cluster  2  : 0.3744 
cluster  3  : 0.3786 
cluster  4  : 0.3751 
cluster  5  : 0.3758 
cluster  6  : 0.2706 

--------------------------------------------
Estimated Ln Prob of Data   = -13277.4
Mean value of ln likelihood = -12312.9
Variance of ln likelihood   = 1929.1
Mean value of alpha         = 0.2068

Mean value of Fst_1         = 0.2615
Mean value of Fst_2         = 0.0839
Mean value of Fst_3         = 0.0519
Mean value of Fst_4         = 0.0978
Mean value of Fst_5         = 0.0432
Mean value of Fst_6         = 0.2660


Inferred ancestry of individuals:
        Label (%Miss) :  Inferred clusters
  1 UA00063336   (13)   :  0.465 0.112 0.120 0.108 0.127 0.068 
  2 UA00048914    (9)   :  0.139 0.135 0.177 0.136 0.193 0.221 
  3 UA00014769   (13)   :  0.062 0.194 0.233 0.254 0.234 0.023 
  4 UA00008132   (13)   :  0.136 0.179 0.201 0.179 0.214 0.090 
  5 UA00030462   (13)   :  0.114 0.140 0.152 0.126 0.155 0.313 
  6 UA00034866   (13)   :  0.044 0.187 0.199 0.169 0.212 0.189 
  7 UA00034800    (9)   :  0.657 0.065 0.068 0.063 0.066 0.080 
  8  Puco006    (9)   :  0.074 0.052 0.057 0.051 0.063 0.702 
  9 UA00048874    (4)   :  0.570 0.075 0.090 0.075 0.098 0.093 
 10 UA00049060    (9)   :  0.135 0.178 0.215 0.201 0.221 0.049 
 11 UA00033413    (9)   :  0.044 0.314 0.179 0.276 0.117 0.069 
 12  Puco021    (9)   :  0.165 0.305 0.149 0.264 0.080 0.036 
 13  Puco026    (9)   :  0.140 0.223 0.195 0.211 0.191 0.039 
 14  Puco008    (9)   :  0.305 0.108 0.127 0.103 0.136 0.220 
 15   M01301    (9)   :  0.035 0.281 0.171 0.260 0.128 0.126 
 16   M06306    (9)   :  0.543 0.116 0.104 0.111 0.093 0.034 
 17 UA00032185    (9)   :  0.113 0.195 0.188 0.188 0.184 0.132 
 18 UA00030792    (9)   :  0.868 0.025 0.025 0.025 0.025 0.032 
 19 UA00031647    (9)   :  0.315 0.128 0.147 0.115 0.164 0.132 
 20 UA00031979    (9)   :  0.101 0.189 0.201 0.179 0.214 0.116 
 21  Puco016    (9)   :  0.050 0.131 0.174 0.131 0.198 0.317 
 22  Puco010    (9)   :  0.078 0.242 0.199 0.230 0.178 0.072 
 23    M1035    (9)   :  0.170 0.173 0.204 0.182 0.232 0.039 
 24 UA00034601    (9)   :  0.149 0.179 0.172 0.168 0.167 0.165 
 25 UA00050388    (9)   :  0.157 0.189 0.191 0.172 0.185 0.107 
 26 UA00048699    (9)   :  0.046 0.102 0.132 0.106 0.147 0.466 
 27 UA00064058    (9)   :  0.107 0.187 0.223 0.197 0.244 0.042 
 28 UA00033981    (9)   :  0.096 0.298 0.158 0.268 0.104 0.077 
 29   F05033    (9)   :  0.064 0.232 0.212 0.236 0.204 0.051 
 30 UA00048520    (4)   :  0.279 0.175 0.138 0.159 0.126 0.123 
 31 UA00048422    (4)   :  0.799 0.044 0.040 0.043 0.038 0.036 
 32    PucoB    (4)   :  0.084 0.263 0.198 0.243 0.182 0.030 
 33 UA00047393    (4)   :  0.257 0.136 0.191 0.158 0.204 0.054 
 34 UA00064521    (4)   :  0.078 0.158 0.167 0.143 0.178 0.276 
 35 UA00003043    (4)   :  0.040 0.150 0.205 0.174 0.228 0.202 
 36 UA00063025    (4)   :  0.298 0.145 0.128 0.128 0.121 0.180 
 37 UA00063826    (4)   :  0.089 0.267 0.198 0.232 0.166 0.048 
 38   F07407    (4)   :  0.309 0.225 0.134 0.193 0.094 0.045 
 39 UA00021658    (4)   :  0.076 0.207 0.223 0.205 0.221 0.068 
 40 UA00003794    (4)   :  0.288 0.208 0.145 0.188 0.115 0.055 
 41 UA00041322    (4)   :  0.155 0.170 0.204 0.153 0.209 0.108 
 42 UA00063316    (4)   :  0.170 0.171 0.174 0.152 0.179 0.153 
 43 UA00047705    (4)   :  0.133 0.206 0.186 0.191 0.170 0.114 
 44 UA00033904    (4)   :  0.521 0.099 0.108 0.093 0.113 0.066 
 45 UA00048100    (4)   :  0.056 0.233 0.201 0.224 0.197 0.090 
 46 UA00032212    (4)   :  0.335 0.136 0.133 0.130 0.133 0.132 
 47 UA00031574    (4)   :  0.760 0.048 0.043 0.045 0.041 0.063 
 48 UA00031228    (4)   :  0.818 0.033 0.032 0.031 0.035 0.051 
 49 UA00047707    (4)   :  0.029 0.169 0.253 0.218 0.281 0.049 
 50 UA00030906    (4)   :  0.859 0.024 0.024 0.023 0.024 0.046 
 51 UA00041567    (4)   :  0.090 0.272 0.173 0.239 0.125 0.101 
 52 UA00007624    (4)   :  0.036 0.256 0.217 0.250 0.188 0.052 
 53 UA00034514    (4)   :  0.060 0.197 0.218 0.206 0.237 0.082 
 54 UA00030480    (4)   :  0.237 0.152 0.194 0.145 0.222 0.050 
 55  Puco012    (4)   :  0.061 0.183 0.222 0.192 0.237 0.105 
 56 UA00038677    (9)   :  0.195 0.167 0.153 0.152 0.148 0.186 
 57 UA00048275    (4)   :  0.061 0.268 0.197 0.234 0.175 0.065 
 58 UA00064055    (4)   :  0.069 0.166 0.226 0.183 0.258 0.098 
 59  Puco009    (4)   :  0.044 0.141 0.183 0.148 0.192 0.293 
 60 UA00064561    (4)   :  0.037 0.144 0.238 0.210 0.275 0.095 
 61 UA00003479    (4)   :  0.050 0.177 0.217 0.195 0.248 0.112 
 62 UA00063747    (4)   :  0.029 0.219 0.214 0.239 0.219 0.081 
 63 UA00002558    (4)   :  0.048 0.181 0.168 0.169 0.161 0.273 
 64 UA00048410    (4)   :  0.031 0.137 0.191 0.157 0.204 0.280 
 65 UA00012249    (4)   :  0.034 0.152 0.222 0.183 0.264 0.145 
 66 UA00033818    (4)   :  0.601 0.088 0.077 0.082 0.071 0.081 
 67  Puco020    (4)   :  0.183 0.142 0.188 0.160 0.209 0.117 
 68 UA00002545    (9)   :  0.109 0.153 0.225 0.198 0.261 0.054 
 69 UA00048508    (4)   :  0.050 0.198 0.231 0.213 0.244 0.065 
 70 UA00064100    (4)   :  0.094 0.189 0.220 0.175 0.242 0.080 
 71 UA00014585    (4)   :  0.064 0.187 0.219 0.186 0.246 0.099 
 72 UA00063698    (4)   :  0.152 0.113 0.101 0.104 0.102 0.429 
 73 UA00049753    (4)   :  0.519 0.108 0.115 0.098 0.124 0.035 
 74 UA00049037    (4)   :  0.092 0.198 0.221 0.203 0.238 0.048 
 75 UA00034941    (4)   :  0.147 0.192 0.185 0.173 0.181 0.123 
 76 UA00008083    (4)   :  0.069 0.080 0.082 0.077 0.081 0.611 
 77 UA00015084    (4)   :  0.216 0.111 0.098 0.096 0.095 0.383 
 78 UA00041010    (9)   :  0.321 0.056 0.064 0.055 0.070 0.435 
 79 UA00035261    (4)   :  0.301 0.138 0.140 0.124 0.146 0.151 
 80 UA00035431    (4)   :  0.031 0.259 0.208 0.228 0.175 0.100 
 81 UA00045274    (0)   :  0.140 0.203 0.177 0.181 0.162 0.137 
 82 UA00028200    (4)   :  0.420 0.103 0.103 0.093 0.111 0.170 
 83 UA00064559    (0)   :  0.836 0.034 0.031 0.033 0.030 0.035 
 84 UA00040808    (0)   :  0.471 0.081 0.106 0.080 0.112 0.150 
 85 UA00049156    (0)   :  0.485 0.090 0.091 0.083 0.097 0.153 
 86 UA00003952    (4)   :  0.047 0.070 0.090 0.073 0.096 0.623 
 87 UA00063954    (0)   :  0.290 0.152 0.180 0.146 0.180 0.052 
 88 UA00062934    (0)   :  0.343 0.135 0.152 0.123 0.157 0.089 
 89 UA00033829    (0)   :  0.564 0.056 0.058 0.054 0.058 0.210 
 90 UA00064351    (4)   :  0.064 0.302 0.158 0.257 0.095 0.124 
 91 UA00003697    (4)   :  0.109 0.083 0.085 0.077 0.087 0.558 
 92 UA00063438    (4)   :  0.332 0.133 0.147 0.120 0.151 0.118 
 93 UA00007608    (0)   :  0.329 0.119 0.118 0.105 0.114 0.216 
 94 UA00019683    (4)   :  0.518 0.149 0.091 0.134 0.066 0.041 
 95 UA00007781    (0)   :  0.074 0.231 0.204 0.210 0.190 0.091 
 96 UA00002915    (0)   :  0.371 0.114 0.137 0.107 0.151 0.120 
 97  Puco031    (4)   :  0.074 0.170 0.227 0.184 0.257 0.089 
 98 UA00048280    (4)   :  0.067 0.254 0.183 0.221 0.161 0.114 
 99 UA00048589    (0)   :  0.141 0.242 0.182 0.212 0.159 0.066 
100 UA00034417    (0)   :  0.172 0.138 0.175 0.139 0.188 0.187 
101 UA00050411    (4)   :  0.030 0.177 0.244 0.216 0.282 0.050 
102  Puco029    (4)   :  0.061 0.243 0.220 0.252 0.201 0.024 
103   F03403    (4)   :  0.033 0.329 0.179 0.290 0.107 0.061 
104 UA00049904    (0)   :  0.260 0.195 0.162 0.171 0.140 0.072 
105 UA00035335    (0)   :  0.043 0.222 0.236 0.247 0.232 0.020 
106 UA00012611    (0)   :  0.069 0.205 0.232 0.195 0.253 0.046 
107 UA00050319    (0)   :  0.033 0.361 0.173 0.312 0.086 0.036 
108 UA00032068    (4)   :  0.184 0.181 0.203 0.170 0.224 0.038 
109 UA00032026    (4)   :  0.144 0.175 0.216 0.176 0.230 0.058 
110 UA00030476    (4)   :  0.120 0.333 0.154 0.284 0.078 0.031 
111 UA00046853    (0)   :  0.106 0.305 0.165 0.275 0.097 0.053 
112 UA00040156    (4)   :  0.871 0.025 0.024 0.024 0.024 0.031 
113 UA00030528    (4)   :  0.309 0.128 0.182 0.134 0.201 0.047 
114  Puco025    (4)   :  0.048 0.177 0.247 0.226 0.264 0.039 
115    pc016    (0)   :  0.873 0.023 0.024 0.023 0.024 0.033 
116 UA00030617    (4)   :  0.032 0.184 0.250 0.241 0.259 0.033 
117 UA00030585    (4)   :  0.786 0.047 0.038 0.044 0.035 0.050 
118 UA00032060    (4)   :  0.331 0.159 0.157 0.152 0.152 0.049 
119    pc007    (0)   :  0.089 0.289 0.173 0.261 0.123 0.064 
120 UA00030798    (4)   :  0.782 0.046 0.048 0.046 0.047 0.032 
121 UA00030778    (4)   :  0.030 0.181 0.252 0.215 0.284 0.037 
122 UA00039674    (4)   :  0.853 0.028 0.030 0.027 0.030 0.031 
123 UA00032241    (4)   :  0.032 0.261 0.222 0.260 0.190 0.035 
124 UA00011624    (0)   :  0.053 0.200 0.230 0.219 0.243 0.055 
125 UA00033779    (4)   :  0.043 0.346 0.165 0.308 0.086 0.052 
126 UA00049402    (4)   :  0.065 0.143 0.189 0.155 0.222 0.226 
127 UA00033653    (0)   :  0.037 0.368 0.160 0.321 0.067 0.047 
128 UA00047738    (0)   :  0.122 0.200 0.187 0.186 0.175 0.130 
129 UA00047502    (4)   :  0.093 0.134 0.170 0.132 0.189 0.282 
130 UA00012014    (4)   :  0.079 0.173 0.223 0.186 0.253 0.085 
131 UA00040729    (0)   :  0.092 0.255 0.197 0.241 0.167 0.047 
132 UA00030392    (4)   :  0.056 0.187 0.238 0.222 0.258 0.039 
133 UA00050033    (0)   :  0.095 0.211 0.214 0.215 0.210 0.054 
134 UA00012152    (0)   :  0.032 0.089 0.120 0.107 0.134 0.518 
135 UA00050406    (0)   :  0.085 0.197 0.229 0.187 0.232 0.070 
136 UA00047973    (0)   :  0.057 0.245 0.213 0.224 0.195 0.065 
137 UA00008051    (0)   :  0.171 0.162 0.172 0.164 0.178 0.153 
138 UA00047337    (4)   :  0.300 0.160 0.164 0.156 0.163 0.058 
139 UA00041604    (4)   :  0.160 0.164 0.181 0.169 0.183 0.143 
140 UA00031704    (4)   :  0.038 0.191 0.240 0.228 0.275 0.029 
141 UA00040423    (4)   :  0.146 0.175 0.218 0.173 0.237 0.052 
142 UA00049433    (0)   :  0.113 0.151 0.194 0.153 0.230 0.159 
143 UA00034816    (0)   :  0.051 0.152 0.219 0.197 0.244 0.137 
144 UA00050214    (0)   :  0.042 0.146 0.264 0.226 0.286 0.035 
145 UA00041073    (0)   :  0.091 0.177 0.202 0.189 0.205 0.136 
146 UA00030318    (4)   :  0.045 0.181 0.230 0.205 0.244 0.096 
147 UA00046845    (0)   :  0.070 0.144 0.207 0.169 0.233 0.178 
148 UA00063946    (0)   :  0.070 0.364 0.150 0.312 0.061 0.042 
149 UA00031374    (4)   :  0.066 0.187 0.217 0.196 0.233 0.102 
150    M1136    (4)   :  0.373 0.116 0.158 0.129 0.170 0.055 
151 UA00034299    (0)   :  0.052 0.139 0.256 0.223 0.275 0.053 
152 UA00002387    (4)   :  0.033 0.163 0.235 0.199 0.265 0.107 
153 UA00021855    (0)   :  0.085 0.238 0.198 0.217 0.180 0.083 
154 UA00014500    (0)   :  0.086 0.186 0.226 0.189 0.265 0.048 
155 UA00050419    (4)   :  0.033 0.152 0.252 0.238 0.274 0.051 
156 UA00031854    (4)   :  0.062 0.201 0.200 0.197 0.201 0.139 
157    pc011    (4)   :  0.038 0.160 0.238 0.216 0.281 0.067 
158 UA00033004    (0)   :  0.113 0.165 0.218 0.181 0.249 0.074 
159 UA00046510    (0)   :  0.049 0.148 0.206 0.171 0.218 0.207 
160 UA00048747    (0)   :  0.050 0.158 0.233 0.197 0.260 0.103 
161 UA00014293    (0)   :  0.040 0.161 0.236 0.211 0.285 0.067 
162 UA00047686    (0)   :  0.107 0.133 0.178 0.137 0.195 0.250 
163 UA00033783    (4)   :  0.381 0.149 0.103 0.132 0.084 0.150 
164 UA00042609    (4)   :  0.097 0.119 0.153 0.128 0.178 0.325 
165 UA00031169    (4)   :  0.047 0.152 0.252 0.227 0.280 0.042 
166 UA00035181    (0)   :  0.026 0.243 0.220 0.243 0.226 0.042 
167 UA00050133    (0)   :  0.068 0.181 0.227 0.194 0.244 0.086 
168  Puco011    (4)   :  0.063 0.148 0.231 0.205 0.273 0.081 
169 UA00041476    (0)   :  0.090 0.151 0.209 0.177 0.231 0.141 
170 UA00046702    (0)   :  0.041 0.167 0.248 0.226 0.271 0.046 
171 UA00019940    (0)   :  0.092 0.173 0.220 0.186 0.225 0.105 
172 UA00049813    (0)   :  0.089 0.246 0.197 0.240 0.167 0.060 
173 UA00064165    (0)   :  0.084 0.106 0.117 0.101 0.121 0.471 
174 UA00064421    (0)   :  0.031 0.131 0.172 0.133 0.180 0.353 
175 UA00064569    (4)   :  0.031 0.201 0.241 0.233 0.244 0.050 
176 UA00003996    (0)   :  0.064 0.137 0.183 0.160 0.208 0.247 
177 UA00064491    (4)   :  0.039 0.177 0.234 0.217 0.235 0.099 
178 UA00011899    (0)   :  0.082 0.199 0.227 0.196 0.243 0.054 
179  Puco015    (4)   :  0.200 0.153 0.191 0.170 0.212 0.075 
180 UA00047929    (4)   :  0.055 0.267 0.202 0.272 0.172 0.032 
181 UA00056669    (0)   :  0.053 0.182 0.224 0.187 0.238 0.117 
182 UA00050176    (0)   :  0.099 0.170 0.202 0.170 0.220 0.139 
183  Puco014    (4)   :  0.080 0.233 0.190 0.209 0.173 0.114 
184 UA00019608    (0)   :  0.051 0.168 0.225 0.184 0.253 0.119 
185 UA00064333    (0)   :  0.060 0.163 0.236 0.198 0.264 0.080 
186  Puco013    (4)   :  0.065 0.153 0.180 0.157 0.209 0.235 
187 UA00016092    (0)   :  0.030 0.174 0.252 0.237 0.272 0.035 
188 UA00019060    (0)   :  0.147 0.076 0.083 0.075 0.085 0.534 
189 UA00063532    (0)   :  0.101 0.198 0.198 0.195 0.201 0.106 
190 UA00064117    (0)   :  0.287 0.092 0.101 0.092 0.112 0.317 
191 UA00011969    (0)   :  0.101 0.195 0.197 0.189 0.197 0.122 
192 UA00034586    (4)   :  0.047 0.235 0.227 0.239 0.205 0.047 
193 UA00030736    (4)   :  0.076 0.184 0.232 0.195 0.255 0.058 
194 UA00048493    (0)   :  0.113 0.185 0.220 0.185 0.227 0.070 
195 UA00040466    (0)   :  0.041 0.060 0.063 0.059 0.070 0.707 
196 UA00047659    (0)   :  0.047 0.205 0.229 0.198 0.243 0.078 
197 UA00042002    (4)   :  0.331 0.160 0.143 0.145 0.144 0.077 
198 UA00062606    (0)   :  0.086 0.156 0.188 0.154 0.208 0.208 
199 UA00030615    (4)   :  0.033 0.059 0.064 0.058 0.065 0.721 
200 UA00048899    (0)   :  0.066 0.201 0.224 0.189 0.242 0.079 
201 UA00047725    (0)   :  0.032 0.028 0.027 0.026 0.028 0.860 
202 UA00030866    (4)   :  0.061 0.188 0.218 0.168 0.241 0.124 
203 UA00034564    (0)   :  0.066 0.168 0.231 0.172 0.272 0.092 
204 UA00046520    (0)   :  0.037 0.351 0.167 0.315 0.085 0.046 
205 UA00035027    (0)   :  0.106 0.194 0.190 0.173 0.190 0.146 
206 UA00035421    (0)   :  0.044 0.115 0.147 0.120 0.179 0.395 
207 UA00062740    (4)   :  0.152 0.157 0.167 0.138 0.190 0.197 
208 UA00012360    (0)   :  0.038 0.051 0.057 0.052 0.059 0.743 
209 UA00050203    (0)   :  0.073 0.223 0.220 0.214 0.210 0.061 
210 UA00040534    (4)   :  0.258 0.087 0.098 0.081 0.107 0.369 
211 UA00031261    (4)   :  0.155 0.069 0.078 0.062 0.083 0.553 
212 UA00031917    (4)   :  0.284 0.079 0.093 0.073 0.102 0.369 
213 UA00040798    (4)   :  0.100 0.124 0.115 0.120 0.108 0.433 
214 UA00030598    (4)   :  0.096 0.130 0.130 0.121 0.133 0.391 
215 UA00050385    (0)   :  0.068 0.169 0.216 0.171 0.250 0.126 
216 UA00058283    (0)   :  0.070 0.045 0.043 0.043 0.043 0.755 
217 UA00042297    (4)   :  0.390 0.115 0.105 0.109 0.103 0.177 
218 UA00015415    (4)   :  0.034 0.039 0.046 0.041 0.048 0.792 
219 UA00035531    (0)   :  0.115 0.060 0.067 0.059 0.076 0.622 
220 UA00048683    (0)   :  0.046 0.073 0.084 0.076 0.093 0.628 
221 UA00046734    (4)   :  0.050 0.048 0.053 0.046 0.053 0.750 
222   pcRF01    (0)   :  0.023 0.143 0.257 0.237 0.292 0.047 
223 UA00007223    (0)   :  0.110 0.137 0.165 0.133 0.199 0.255 
224 UA00013841    (0)   :  0.252 0.164 0.187 0.160 0.192 0.046 
225 UA00014196    (0)   :  0.077 0.064 0.074 0.063 0.081 0.642 
226 UA00034635    (0)   :  0.050 0.200 0.235 0.199 0.243 0.073 
227 UA00047371    (0)   :  0.308 0.166 0.149 0.152 0.143 0.083 
228 UA00063544    (0)   :  0.299 0.168 0.151 0.158 0.146 0.079 
229 UA00064246    (0)   :  0.125 0.178 0.157 0.164 0.149 0.226 
230 UA00064328    (0)   :  0.154 0.140 0.157 0.135 0.168 0.246 
231 UA00002952    (0)   :  0.197 0.125 0.139 0.115 0.152 0.272 
232 UA00064079    (0)   :  0.216 0.154 0.180 0.157 0.190 0.104 
233 UA00046793    (0)   :  0.190 0.112 0.133 0.111 0.151 0.304 
234 UA00034769    (0)   :  0.481 0.117 0.093 0.107 0.081 0.119 
235 UA00034949    (0)   :  0.091 0.128 0.163 0.125 0.196 0.298 
236 UA00063753    (0)   :  0.141 0.263 0.147 0.231 0.096 0.122 
237 UA00015713    (0)   :  0.241 0.211 0.163 0.185 0.141 0.059 
238 UA00003494    (0)   :  0.110 0.133 0.188 0.160 0.221 0.187 
239 UA00056767    (0)   :  0.024 0.357 0.169 0.324 0.087 0.040 
240 UA00014461    (0)   :  0.113 0.139 0.155 0.143 0.177 0.273 
241 UA00034669    (0)   :  0.188 0.109 0.112 0.099 0.115 0.378 
242 UA00048164    (0)   :  0.046 0.157 0.181 0.159 0.192 0.265 
243 UA00007974    (0)   :  0.139 0.270 0.169 0.233 0.122 0.067 
244 UA00016166    (0)   :  0.362 0.110 0.158 0.126 0.176 0.067 
245 UA00015653    (0)   :  0.351 0.103 0.120 0.097 0.129 0.200 
246 UA00063882    (0)   :  0.138 0.101 0.121 0.096 0.130 0.414 
247 UA00049027    (0)   :  0.387 0.130 0.123 0.126 0.117 0.117 
248 UA00018878    (0)   :  0.402 0.162 0.129 0.145 0.112 0.050 
249 UA00038796    (0)   :  0.080 0.131 0.137 0.122 0.143 0.387 
250 UA00013465    (0)   :  0.067 0.073 0.077 0.071 0.078 0.634 
251 UA00014604    (0)   :  0.148 0.156 0.149 0.142 0.140 0.265 
252 UA00041913    (0)   :  0.331 0.196 0.121 0.182 0.091 0.078 
253 UA00021632    (0)   :  0.587 0.078 0.082 0.073 0.083 0.096 
254 UA00064027    (0)   :  0.203 0.147 0.172 0.136 0.185 0.157 
255 UA00015023    (0)   :  0.061 0.148 0.204 0.172 0.227 0.188 
256 UA00050243    (0)   :  0.351 0.129 0.149 0.119 0.170 0.082 
257 UA00048298    (0)   :  0.107 0.178 0.206 0.196 0.213 0.100 
258 UA00050437    (0)   :  0.086 0.136 0.166 0.133 0.179 0.301 
259 UA00014262    (0)   :  0.232 0.152 0.179 0.149 0.189 0.099 
260 UA00049129    (0)   :  0.130 0.229 0.189 0.219 0.170 0.062 
261 UA00014740    (0)   :  0.120 0.223 0.178 0.207 0.158 0.115 
262 UA00049612    (0)   :  0.656 0.065 0.060 0.062 0.058 0.098 
263 UA00014635    (0)   :  0.034 0.340 0.172 0.310 0.101 0.043 
264 UA00014673    (0)   :  0.250 0.130 0.130 0.120 0.131 0.239 
265 UA00033608    (0)   :  0.478 0.125 0.098 0.112 0.086 0.100 
266 UA00064540    (0)   :  0.066 0.291 0.163 0.258 0.110 0.112 
267 UA00050256    (0)   :  0.248 0.127 0.151 0.116 0.162 0.197 
268 UA00015274    (0)   :  0.067 0.169 0.222 0.189 0.242 0.112 
269 UA00062993    (0)   :  0.037 0.251 0.201 0.225 0.174 0.112 
270 UA00038364    (0)   :  0.186 0.201 0.173 0.179 0.155 0.107 
271 UA00014446    (0)   :  0.043 0.214 0.236 0.198 0.249 0.060 
272 UA00063545    (0)   :  0.535 0.070 0.079 0.066 0.079 0.171 
273 UA00040054    (0)   :  0.112 0.170 0.240 0.192 0.242 0.043 
274 UA00058447    (0)   :  0.082 0.244 0.205 0.216 0.193 0.059 
275 UA00046835    (0)   :  0.064 0.267 0.192 0.241 0.173 0.063 
276 UA00014608    (0)   :  0.062 0.224 0.214 0.203 0.206 0.090 
277    pc012    (0)   :  0.111 0.186 0.190 0.172 0.195 0.146 
278    pc002    (0)   :  0.448 0.111 0.120 0.104 0.124 0.094 
279 UA00033690    (0)   :  0.285 0.242 0.127 0.209 0.078 0.058 
280 UA00013688    (0)   :  0.091 0.193 0.197 0.181 0.203 0.134 
281 UA00063666    (0)   :  0.137 0.328 0.152 0.281 0.074 0.028 
282 UA00063292    (0)   :  0.040 0.364 0.165 0.312 0.081 0.038 
283    pc001    (0)   :  0.075 0.202 0.209 0.185 0.215 0.115 
284    pc008    (0)   :  0.088 0.244 0.196 0.227 0.168 0.078 
285 UA00034316    (0)   :  0.235 0.106 0.141 0.116 0.151 0.252 
286 UA00013046    (0)   :  0.054 0.240 0.213 0.261 0.199 0.033 
287 UA00050241    (0)   :  0.054 0.314 0.188 0.289 0.128 0.027 
288 UA00048599    (0)   :  0.041 0.291 0.200 0.261 0.161 0.045 
289 UA00046649    (0)   :  0.500 0.110 0.114 0.110 0.114 0.051 
290 UA00015674    (0)   :  0.543 0.121 0.082 0.107 0.068 0.078 
291 UA00013177    (0)   :  0.153 0.227 0.155 0.206 0.121 0.138 
292 UA00012814    (0)   :  0.074 0.184 0.217 0.196 0.229 0.100 
293 UA00034654    (0)   :  0.050 0.211 0.232 0.221 0.237 0.048 
294 UA00046743    (0)   :  0.051 0.292 0.190 0.273 0.141 0.054 
295 UA00014854    (0)   :  0.229 0.252 0.158 0.225 0.109 0.027 
296 UA00013729    (0)   :  0.076 0.164 0.240 0.205 0.243 0.072 
297 UA00063483    (0)   :  0.060 0.267 0.208 0.242 0.183 0.041 
298 UA00039326    (0)   :  0.216 0.204 0.178 0.184 0.162 0.056 
299 UA00014742    (0)   :  0.057 0.302 0.195 0.270 0.139 0.037 
300 UA00049597    (0)   :  0.551 0.127 0.096 0.115 0.087 0.024 
301 UA00048067    (0)   :  0.171 0.227 0.167 0.207 0.135 0.093 
302 UA00012918    (0)   :  0.301 0.250 0.131 0.217 0.072 0.028 
303 UA00013487    (0)   :  0.033 0.145 0.248 0.240 0.304 0.030 
304 UA00046759    (0)   :  0.174 0.149 0.155 0.144 0.150 0.228 
305 UA00050164    (0)   :  0.631 0.068 0.083 0.071 0.092 0.056 
306 UA00049839    (0)   :  0.049 0.290 0.184 0.270 0.136 0.070 
307 UA00048444    (0)   :  0.112 0.354 0.141 0.303 0.048 0.042 
308 UA00063857    (0)   :  0.082 0.258 0.208 0.245 0.178 0.030 
309 UA00014921    (0)   :  0.552 0.119 0.100 0.108 0.091 0.030 
310 UA00048895    (0)   :  0.486 0.121 0.107 0.119 0.104 0.063 
311 UA00014556    (0)   :  0.075 0.184 0.184 0.160 0.195 0.203 
312    pc009    (0)   :  0.045 0.368 0.160 0.328 0.074 0.025 
313 UA00014959    (0)   :  0.559 0.115 0.094 0.105 0.087 0.040 
314 UA00020709    (0)   :  0.196 0.189 0.185 0.181 0.183 0.067 
315 UA00013126    (0)   :  0.825 0.037 0.034 0.035 0.032 0.038 
316 UA00013695    (0)   :  0.784 0.044 0.044 0.044 0.045 0.038 
317 UA00049344    (0)   :  0.577 0.091 0.094 0.081 0.094 0.063 
318 UA00047614    (0)   :  0.688 0.047 0.048 0.047 0.049 0.121 
319 UA00014221    (0)   :  0.024 0.338 0.188 0.299 0.118 0.033 
320 UA00014346    (0)   :  0.083 0.301 0.169 0.262 0.110 0.074 
321 UA00014245    (0)   :  0.358 0.182 0.139 0.167 0.113 0.041 
322 UA00014696    (0)   :  0.788 0.035 0.039 0.034 0.042 0.062 
323 UA00006991    (0)   :  0.051 0.181 0.224 0.177 0.255 0.112 
324 UA00048948    (0)   :  0.068 0.203 0.222 0.189 0.224 0.095 
325 UA00002239    (0)   :  0.075 0.161 0.222 0.174 0.251 0.117 
326 UA00063459    (0)   :  0.066 0.350 0.169 0.300 0.087 0.027 
327 UA00048356    (0)   :  0.087 0.225 0.175 0.209 0.149 0.154 
328 UA00063940    (0)   :  0.073 0.164 0.212 0.172 0.225 0.154 
329 UA00048130    (0)   :  0.049 0.305 0.186 0.272 0.127 0.061 
330 UA00048903    (0)   :  0.029 0.205 0.237 0.251 0.243 0.035 
331 UA00064643    (0)   :  0.090 0.191 0.214 0.198 0.214 0.092 
332 UA00050233    (0)   :  0.050 0.203 0.208 0.210 0.204 0.124 
333 UA00012507    (0)   :  0.041 0.161 0.199 0.158 0.212 0.229 
334 UA00064416    (0)   :  0.041 0.160 0.250 0.220 0.274 0.054 
335 UA00034724    (0)   :  0.048 0.222 0.214 0.230 0.205 0.080 
336 UA00002621    (0)   :  0.043 0.238 0.220 0.250 0.204 0.046 
337 UA00033203    (0)   :  0.062 0.151 0.247 0.214 0.274 0.052 
338 UA00011996    (0)   :  0.103 0.215 0.219 0.193 0.230 0.042 
339 UA00014408    (0)   :  0.062 0.123 0.161 0.128 0.176 0.351 
340 UA00049502    (0)   :  0.050 0.215 0.196 0.199 0.176 0.164 
341 UA00062695    (0)   :  0.129 0.253 0.170 0.217 0.134 0.096 
342 UA00014072    (0)   :  0.075 0.291 0.172 0.272 0.127 0.063 
343 UA00003334    (0)   :  0.051 0.274 0.202 0.265 0.170 0.037 
344 UA00013835    (0)   :  0.113 0.230 0.202 0.200 0.183 0.072 
345 UA00046760    (0)   :  0.255 0.202 0.160 0.183 0.149 0.051 
346 UA00014241    (0)   :  0.043 0.217 0.222 0.220 0.228 0.070 
347 UA00049585    (0)   :  0.053 0.279 0.206 0.258 0.174 0.030 
348 UA00013409    (0)   :  0.071 0.264 0.143 0.238 0.096 0.188 
349 UA00047548    (0)   :  0.064 0.214 0.235 0.204 0.250 0.034 
350 UA00049038    (0)   :  0.403 0.131 0.117 0.121 0.110 0.117 
351 UA00047612    (0)   :  0.051 0.208 0.231 0.198 0.224 0.088 
352 UA00014822    (0)   :  0.367 0.115 0.116 0.106 0.120 0.176 
353 UA00035299    (0)   :  0.070 0.178 0.235 0.196 0.255 0.067 
354 UA00012804    (0)   :  0.418 0.125 0.128 0.120 0.130 0.079 
355 UA00049578    (0)   :  0.058 0.196 0.190 0.182 0.186 0.188 
356 UA00047672    (0)   :  0.041 0.146 0.253 0.213 0.282 0.065 
357 UA00043961    (0)   :  0.643 0.074 0.068 0.069 0.062 0.085 
358 UA00064575    (0)   :  0.065 0.212 0.157 0.187 0.131 0.248 
359 UA00014732    (0)   :  0.041 0.189 0.229 0.206 0.241 0.094 
360 UA00050181    (0)   :  0.031 0.191 0.234 0.192 0.267 0.085 
361 UA00033369    (0)   :  0.308 0.126 0.164 0.127 0.177 0.098 
362 UA00011982    (0)   :  0.029 0.151 0.261 0.242 0.290 0.027 
363 UA00014590    (0)   :  0.143 0.152 0.209 0.171 0.232 0.093 
364 UA00047743    (0)   :  0.045 0.170 0.252 0.215 0.279 0.040 
365 UA00046621    (0)   :  0.039 0.182 0.252 0.219 0.279 0.029 
366 UA00050422    (0)   :  0.053 0.171 0.206 0.175 0.214 0.179 
367 UA00002760    (0)   :  0.122 0.214 0.202 0.210 0.198 0.054 
368 UA00012999    (0)   :  0.169 0.163 0.212 0.176 0.230 0.049 
369 UA00063838    (0)   :  0.043 0.220 0.223 0.235 0.219 0.059 
370 UA00003729    (0)   :  0.247 0.159 0.127 0.140 0.114 0.213 
371 UA00015348    (0)   :  0.095 0.294 0.162 0.265 0.102 0.083 
372 UA00019058    (0)   :  0.064 0.296 0.155 0.266 0.098 0.120 
373 UA00049549    (0)   :  0.155 0.333 0.139 0.289 0.056 0.028 
374 UA00014334    (0)   :  0.073 0.157 0.213 0.172 0.245 0.140 
375 UA00014350    (0)   :  0.023 0.134 0.274 0.245 0.302 0.022 
376 UA00049227    (0)   :  0.257 0.136 0.172 0.125 0.181 0.129 
377 UA00014051    (0)   :  0.031 0.147 0.207 0.182 0.238 0.196 
378 UA00034381    (0)   :  0.058 0.193 0.205 0.210 0.201 0.134 
379 UA00002354    (0)   :  0.034 0.155 0.251 0.233 0.289 0.038 
380 UA00049892    (0)   :  0.128 0.228 0.196 0.243 0.171 0.035 
381 UA00021989    (0)   :  0.034 0.207 0.222 0.226 0.232 0.079 
382 UA00048968    (0)   :  0.044 0.186 0.231 0.203 0.256 0.080 
383 UA00013174    (0)   :  0.066 0.163 0.226 0.203 0.258 0.085 
384 UA00033992    (0)   :  0.248 0.150 0.190 0.156 0.208 0.048 
385 UA00015801    (0)   :  0.023 0.160 0.271 0.239 0.282 0.025 
386 UA00063303    (0)   :  0.348 0.167 0.132 0.158 0.114 0.080 
387 UA00050206    (0)   :  0.026 0.345 0.173 0.318 0.094 0.043 
388 UA00014458    (0)   :  0.121 0.207 0.192 0.204 0.181 0.095 
389 UA00007204    (0)   :  0.090 0.289 0.182 0.259 0.137 0.043 
390 UA00063212    (0)   :  0.226 0.198 0.133 0.171 0.099 0.174 
391 UA00013340    (0)   :  0.151 0.196 0.208 0.186 0.210 0.049 
392 UA00062743    (0)   :  0.037 0.159 0.224 0.173 0.265 0.142 
393 UA00063189    (0)   :  0.081 0.086 0.099 0.089 0.110 0.535 
394 UA00035432    (0)   :  0.046 0.267 0.207 0.265 0.173 0.043 
395 UA00007958    (0)   :  0.043 0.203 0.234 0.220 0.253 0.047 
396 UA00013634    (0)   :  0.035 0.166 0.240 0.197 0.283 0.079 
397 UA00048175    (0)   :  0.020 0.136 0.258 0.240 0.297 0.048 
398 UA00003202    (0)   :  0.055 0.227 0.222 0.219 0.218 0.059 
399 UA00035090    (0)   :  0.067 0.216 0.194 0.221 0.174 0.129 
400 UA00064679    (0)   :  0.073 0.120 0.144 0.125 0.152 0.387 
401 UA00039518    (0)   :  0.058 0.198 0.227 0.226 0.243 0.049 
402 UA00058268    (0)   :  0.067 0.189 0.230 0.202 0.237 0.075 
403 UA00049456    (0)   :  0.278 0.185 0.158 0.167 0.141 0.071 
404 UA00049550    (0)   :  0.040 0.261 0.177 0.239 0.137 0.146 
405 UA00048342    (0)   :  0.204 0.182 0.184 0.178 0.172 0.080 
406 UA00063493    (0)   :  0.035 0.222 0.238 0.239 0.223 0.043 
407 UA00058261    (0)   :  0.042 0.143 0.206 0.186 0.240 0.184 
408 UA00014663    (0)   :  0.070 0.173 0.229 0.183 0.246 0.098 
409 UA00048817    (0)   :  0.238 0.136 0.187 0.146 0.211 0.081 
410 UA00049381    (0)   :  0.039 0.160 0.233 0.211 0.263 0.093 
411 UA00035901    (0)   :  0.073 0.145 0.162 0.134 0.165 0.321 
412 UA00013301    (0)   :  0.069 0.297 0.158 0.269 0.094 0.113 
413 UA00047926    (0)   :  0.101 0.144 0.207 0.184 0.229 0.136 
414 UA00007272    (0)   :  0.073 0.137 0.189 0.146 0.216 0.240 
415 UA00016041    (0)   :  0.114 0.251 0.190 0.228 0.157 0.059 
416 UA00013502    (0)   :  0.031 0.206 0.221 0.229 0.218 0.095 
417 UA00002390    (0)   :  0.171 0.165 0.203 0.165 0.229 0.068 
418 UA00034907    (0)   :  0.047 0.212 0.217 0.194 0.219 0.110 
419 UA00048821    (0)   :  0.200 0.144 0.167 0.146 0.175 0.168 
420 UA00002136    (0)   :  0.193 0.209 0.166 0.193 0.141 0.099 
421 UA00011790    (0)   :  0.065 0.173 0.215 0.193 0.257 0.097 
422 UA00021586    (0)   :  0.261 0.152 0.164 0.148 0.171 0.103 
423 UA00033270    (0)   :  0.070 0.196 0.211 0.197 0.219 0.106 
424 UA00048073    (0)   :  0.074 0.224 0.204 0.224 0.197 0.077 
425 UA00048856    (0)   :  0.061 0.184 0.203 0.176 0.211 0.166 
426 UA00049713    (0)   :  0.061 0.151 0.243 0.209 0.255 0.081 
427 UA00046885    (0)   :  0.069 0.227 0.210 0.218 0.217 0.058 
428 UA00034893    (0)   :  0.053 0.204 0.232 0.238 0.228 0.046 
429 UA00048011    (0)   :  0.029 0.178 0.230 0.207 0.234 0.122 
430 UA00015786    (0)   :  0.115 0.139 0.156 0.148 0.174 0.269 
431 UA00013162    (0)   :  0.060 0.156 0.210 0.169 0.266 0.138 
432 UA00049512    (0)   :  0.093 0.230 0.191 0.209 0.169 0.108 
433 UA00004046    (0)   :  0.032 0.165 0.242 0.214 0.283 0.063 
434 UA00048881    (0)   :  0.191 0.132 0.145 0.123 0.153 0.255 
435 UA00046610    (0)   :  0.181 0.145 0.183 0.149 0.194 0.149 
436 UA00033282    (0)   :  0.098 0.188 0.202 0.180 0.200 0.131 
437 UA00047561    (0)   :  0.047 0.170 0.245 0.202 0.274 0.064 
438 UA00013777    (0)   :  0.043 0.155 0.192 0.159 0.224 0.228 
439 UA00062849    (0)   :  0.058 0.310 0.182 0.272 0.121 0.057 
440 UA00049786    (0)   :  0.030 0.140 0.242 0.212 0.275 0.101 
441 UA00033246    (0)   :  0.038 0.364 0.166 0.323 0.079 0.028 
442 UA00045302    (0)   :  0.089 0.192 0.238 0.192 0.239 0.051 
443 UA00048637    (0)   :  0.043 0.148 0.233 0.219 0.263 0.093 
444 UA00049832    (0)   :  0.233 0.221 0.157 0.209 0.129 0.050 
445 UA00022023    (0)   :  0.163 0.169 0.207 0.157 0.231 0.073 
446 UA00050192    (0)   :  0.265 0.152 0.176 0.144 0.200 0.064 
447 UA00050413    (0)   :  0.063 0.211 0.207 0.217 0.208 0.093 
448 UA00013445    (0)   :  0.031 0.197 0.244 0.213 0.271 0.042 
449 UA00035496    (0)   :  0.064 0.166 0.169 0.154 0.167 0.279 
450 UA00003333    (0)   :  0.135 0.119 0.137 0.121 0.150 0.338 
451 UA00064008    (0)   :  0.044 0.131 0.172 0.139 0.187 0.327 
452 UA00003427    (0)   :  0.235 0.162 0.165 0.148 0.175 0.115 
453 UA00028092    (0)   :  0.302 0.133 0.127 0.124 0.131 0.181 
454    pc003    (0)   :  0.113 0.058 0.062 0.058 0.064 0.645 
455 UA00034440    (0)   :  0.049 0.274 0.185 0.248 0.144 0.100 
456 UA00026062    (0)   :  0.067 0.151 0.233 0.203 0.288 0.058 
457 UA00014347    (0)   :  0.109 0.185 0.189 0.174 0.190 0.153 
458 UA00021516    (0)   :  0.048 0.161 0.247 0.217 0.272 0.055 
459 UA00049347    (0)   :  0.052 0.119 0.147 0.126 0.160 0.397 
460 UA00063436    (0)   :  0.061 0.159 0.109 0.148 0.092 0.432 
461 UA00047790    (0)   :  0.054 0.179 0.229 0.182 0.277 0.080 
462 UA00045714    (0)   :  0.133 0.125 0.149 0.123 0.160 0.310 
463 UA00038979    (0)   :  0.180 0.252 0.158 0.225 0.117 0.069 
464 UA00016123    (0)   :  0.102 0.157 0.196 0.154 0.224 0.168 
465 UA00034765    (0)   :  0.029 0.052 0.066 0.053 0.068 0.732 
466 UA00063815    (0)   :  0.143 0.087 0.080 0.080 0.080 0.531 
467 UA00034795    (0)   :  0.061 0.282 0.182 0.252 0.137 0.085 
468 UA00004000    (0)   :  0.049 0.069 0.072 0.066 0.075 0.668 
469 UA00049367    (0)   :  0.038 0.242 0.183 0.233 0.158 0.146 
470 UA00034457    (0)   :  0.070 0.193 0.232 0.201 0.254 0.050 
471 UA00050015    (0)   :  0.110 0.234 0.180 0.210 0.158 0.108 
472 UA00021373    (0)   :  0.073 0.195 0.219 0.190 0.234 0.090 
473 UA00050232    (0)   :  0.125 0.071 0.073 0.067 0.079 0.585 
474 UA00038724    (0)   :  0.173 0.212 0.185 0.188 0.185 0.057 
475 UA00007824    (0)   :  0.136 0.147 0.194 0.161 0.233 0.129 
476 UA00048754    (0)   :  0.031 0.166 0.206 0.161 0.247 0.189 
477 UA00014271    (0)   :  0.111 0.194 0.208 0.199 0.215 0.073 
478 UA00013756    (0)   :  0.152 0.206 0.138 0.185 0.108 0.212 
479 UA00014385    (0)   :  0.156 0.114 0.136 0.114 0.148 0.332 
480 UA00049609    (0)   :  0.059 0.282 0.182 0.256 0.151 0.070 
481 UA00003748    (0)   :  0.042 0.118 0.147 0.122 0.173 0.398 
482 UA00063952    (0)   :  0.035 0.140 0.161 0.141 0.183 0.340 
483 UA00058348    (0)   :  0.033 0.106 0.098 0.100 0.098 0.565 
484 UA00014922    (0)   :  0.058 0.059 0.060 0.057 0.061 0.704 
485 UA00003820    (0)   :  0.031 0.156 0.226 0.171 0.260 0.156 
486 UA00013693    (0)   :  0.116 0.152 0.176 0.152 0.200 0.204 
487 UA00047713    (0)   :  0.034 0.067 0.083 0.071 0.091 0.654 
488 UA00034891    (0)   :  0.074 0.138 0.129 0.123 0.140 0.396 
489 UA00049223    (0)   :  0.054 0.135 0.149 0.143 0.154 0.365 
490 UA00064399    (0)   :  0.257 0.041 0.049 0.040 0.053 0.559 
491 UA00013336    (0)   :  0.092 0.053 0.051 0.051 0.052 0.702 
492 UA00035291    (0)   :  0.074 0.057 0.066 0.053 0.070 0.680 
493 UA00003945    (0)   :  0.068 0.074 0.079 0.075 0.085 0.619 
494 UA00014518    (0)   :  0.063 0.090 0.112 0.094 0.128 0.512 
495 UA00013583    (0)   :  0.463 0.091 0.083 0.082 0.083 0.197 
496 UA00011510    (0)   :  0.095 0.101 0.116 0.101 0.124 0.463 
497 UA00046860    (0)   :  0.084 0.121 0.160 0.127 0.179 0.329 
498 UA00048853    (0)   :  0.179 0.105 0.119 0.100 0.126 0.370 
499 UA00012151    (0)   :  0.047 0.053 0.065 0.055 0.071 0.709 
500 UA00063930    (0)   :  0.427 0.134 0.093 0.121 0.078 0.146 
501 UA00013453    (0)   :  0.140 0.136 0.146 0.135 0.156 0.288 
502 UA00039299    (0)   :  0.054 0.046 0.049 0.045 0.048 0.759 
503 UA00014280    (0)   :  0.026 0.038 0.038 0.037 0.038 0.824 
504 UA00014200    (0)   :  0.045 0.076 0.107 0.083 0.116 0.573 
505 UA00040612    (0)   :  0.119 0.046 0.052 0.044 0.053 0.686 
506 UA00062679    (0)   :  0.076 0.047 0.048 0.044 0.049 0.735 
507 UA00034481    (0)   :  0.043 0.064 0.071 0.063 0.076 0.682 
508 UA00011880    (0)   :  0.313 0.205 0.120 0.179 0.087 0.096 
509 UA00013421    (0)   :  0.158 0.040 0.046 0.039 0.052 0.666 
510 UA00048051    (0)   :  0.040 0.033 0.035 0.032 0.036 0.825 
511 UA00063370    (0)   :  0.125 0.037 0.039 0.037 0.040 0.723 
512 UA00014716    (0)   :  0.080 0.048 0.050 0.045 0.049 0.727 
513 UA00033426    (0)   :  0.155 0.077 0.110 0.087 0.122 0.449 
514 UA00015190    (0)   :  0.232 0.048 0.052 0.045 0.054 0.568 
515 UA00013730    (0)   :  0.097 0.200 0.214 0.211 0.224 0.054 
516 UA00047644    (4)   :  0.157 0.089 0.100 0.083 0.110 0.461 
517 UA00031933    (9)   :  0.059 0.173 0.221 0.179 0.255 0.113 
518 UA00031541    (9)   :  0.129 0.113 0.116 0.111 0.119 0.412 
519   PCO-60    (4)   :  0.054 0.184 0.201 0.190 0.199 0.172 
520 UA00030495    (4)   :  0.135 0.178 0.179 0.165 0.185 0.158 
521 UA00031133    (4)   :  0.051 0.365 0.165 0.314 0.072 0.033 
522 UA00032049    (4)   :  0.314 0.141 0.153 0.125 0.169 0.097 
523 UA00030599    (4)   :  0.113 0.313 0.149 0.266 0.079 0.081 
524 UA00030250    (4)   :  0.041 0.180 0.241 0.213 0.271 0.054 
525 UA00049385    (4)   :  0.143 0.239 0.161 0.214 0.129 0.113 
526 UA00031816    (4)   :  0.048 0.366 0.162 0.310 0.074 0.040 
527 UA00030275    (4)   :  0.131 0.164 0.204 0.166 0.233 0.102 
528 UA00041861    (4)   :  0.102 0.175 0.209 0.169 0.232 0.112 
529 UA00041433    (4)   :  0.035 0.201 0.250 0.209 0.255 0.050 
530  PCO-114    (4)   :  0.042 0.157 0.223 0.188 0.253 0.137 
531 UA00031529    (4)   :  0.055 0.222 0.218 0.205 0.208 0.091 
532 UA00039719    (4)   :  0.048 0.180 0.219 0.213 0.224 0.117 
533  PCO-442    (4)   :  0.034 0.164 0.245 0.224 0.290 0.044 
534   PCO-58    (0)   :  0.069 0.145 0.230 0.198 0.260 0.098 
535 UA00048673    (4)   :  0.066 0.191 0.201 0.179 0.207 0.155 
536   PCO-63    (4)   :  0.036 0.228 0.215 0.240 0.198 0.083 


Estimated Allele Frequencies in each cluster
First column gives estimated ancestral frequencies


Locus 1 : PP01 
2 alleles
0.0% missing data
   1   (0.590) 0.883 0.567 0.594 0.579 0.604 0.336 
   2   (0.410) 0.117 0.433 0.406 0.421 0.396 0.664 

Locus 2 : PP02 
2 alleles
0.0% missing data
   1   (0.917) 0.991 0.900 0.912 0.902 0.920 0.965 
   2   (0.083) 0.009 0.100 0.088 0.098 0.080 0.035 

Locus 3 : PP03 
2 alleles
18.3% missing data
   1   (0.794) 0.934 0.743 0.797 0.764 0.822 0.975 
   2   (0.206) 0.066 0.257 0.203 0.236 0.178 0.025 

Locus 4 : PP04 
2 alleles
0.4% missing data
   1   (0.731) 0.647 0.596 0.700 0.619 0.745 0.961 
   2   (0.269) 0.353 0.404 0.300 0.381 0.255 0.039 

Locus 5 : PP06 
2 alleles
0.0% missing data
   1   (0.628) 0.659 0.694 0.643 0.681 0.615 0.620 
   2   (0.372) 0.341 0.306 0.357 0.319 0.385 0.380 

Locus 6 : PP07 
2 alleles
0.0% missing data
   1   (0.698) 0.892 0.628 0.686 0.644 0.707 0.954 
   2   (0.302) 0.108 0.372 0.314 0.356 0.293 0.046 

Locus 7 : PP09 
2 alleles
0.0% missing data
   1   (0.457) 0.623 0.591 0.481 0.559 0.424 0.059 
   2   (0.543) 0.377 0.409 0.519 0.441 0.576 0.941 

Locus 8 : PP10 
2 alleles
0.0% missing data
   1   (0.193) 0.418 0.120 0.148 0.110 0.162 0.387 
   2   (0.807) 0.582 0.880 0.852 0.890 0.838 0.613 

Locus 9 : PP11 
2 alleles
0.0% missing data
   1   (0.684) 0.821 0.754 0.673 0.719 0.642 0.819 
   2   (0.316) 0.179 0.246 0.327 0.281 0.358 0.181 

Locus 10 : PP12 
2 alleles
0.2% missing data
   1   (0.417) 0.269 0.456 0.440 0.454 0.429 0.101 
   2   (0.583) 0.731 0.544 0.560 0.546 0.571 0.899 

Locus 11 : PP13 
2 alleles
0.0% missing data
   1   (0.176) 0.505 0.118 0.150 0.119 0.162 0.139 
   2   (0.824) 0.495 0.882 0.850 0.881 0.838 0.861 

Locus 12 : PP14 
2 alleles
0.2% missing data
   1   (0.872) 0.969 0.904 0.861 0.885 0.849 0.916 
   2   (0.128) 0.031 0.096 0.139 0.115 0.151 0.084 

Locus 13 : PP15 
2 alleles
0.0% missing data
   1   (0.894) 0.372 0.904 0.917 0.919 0.923 0.925 
   2   (0.106) 0.628 0.096 0.083 0.081 0.077 0.075 

Locus 14 : PP16 
2 alleles
0.0% missing data
   1   (0.481) 0.434 0.590 0.534 0.588 0.491 0.410 
   2   (0.519) 0.566 0.410 0.466 0.412 0.509 0.590 

Locus 15 : PP17 
2 alleles
0.2% missing data
   1   (0.658) 0.847 0.621 0.655 0.628 0.670 0.494 
   2   (0.342) 0.153 0.379 0.345 0.372 0.330 0.506 

Locus 16 : PP18 
2 alleles
0.7% missing data
   1   (0.758) 0.898 0.779 0.749 0.757 0.736 0.922 
   2   (0.242) 0.102 0.221 0.251 0.243 0.264 0.078 

Locus 17 : PP20 
2 alleles
0.0% missing data
   1   (0.626) 0.660 0.624 0.642 0.638 0.651 0.499 
   2   (0.374) 0.340 0.376 0.358 0.362 0.349 0.501 

Locus 18 : PP21 
2 alleles
14.9% missing data
   1   (0.865) 0.974 0.826 0.857 0.830 0.868 0.989 
   2   (0.135) 0.026 0.174 0.143 0.170 0.132 0.011 

Locus 19 : PP22 
2 alleles
1.3% missing data
   1   (0.459) 0.054 0.344 0.476 0.395 0.539 0.113 
   2   (0.541) 0.946 0.656 0.524 0.605 0.461 0.887 

Locus 20 : PP23 
2 alleles
0.7% missing data
   1   (0.650) 0.731 0.662 0.635 0.644 0.623 0.797 
   2   (0.350) 0.269 0.338 0.365 0.356 0.377 0.203 

Locus 21 : PP24 
2 alleles
0.2% missing data
   1   (0.791) 0.888 0.834 0.827 0.850 0.826 0.578 
   2   (0.209) 0.112 0.166 0.173 0.150 0.174 0.422 

Locus 22 : PP25 
2 alleles
0.6% missing data
   1   (0.359) 0.737 0.366 0.333 0.345 0.319 0.475 
   2   (0.641) 0.263 0.634 0.667 0.655 0.681 0.525 

Values of parameters used in structure:
