

----------------------------------------------------
STRUCTURE by Pritchard, Stephens and Donnelly (2000)
     and Falush, Stephens and Pritchard (2003)
       Code by Pritchard, Falush and Hubisz
             Version 2.3.4 (Jul 2012)
----------------------------------------------------



Command line arguments:   structure -K 3 -o outputfile_K3_7 
Input File:    Puma_SNP_genotypes_cut_AZ_final_HWEonly.str

Run parameters:
   536 individuals
   22 loci
   3 populations assumed
   100000 Burn-in period
   500000 Reps


--------------------------------------------
Overall proportion of membership of the
sample in each of the 3 clusters

Inferred Clusters
  1      2      3    
0.329  0.337  0.334  

--------------------------------------------

Allele-freq. divergence among pops (Net nucleotide distance),
computed using point estimates of P.

      1       2       3      
 1      -    0.0533  0.0561  
 2   0.0533     -    0.0409  
 3   0.0561  0.0409     -    

Average distances (expected heterozygosity) between individuals in same cluster:
cluster  1  : 0.3122 
cluster  2  : 0.3519 
cluster  3  : 0.3553 

--------------------------------------------
Estimated Ln Prob of Data   = -12856.2
Mean value of ln likelihood = -12506.8
Variance of ln likelihood   = 698.7
Mean value of alpha         = 0.6947

Mean value of Fst_1         = 0.2199
Mean value of Fst_2         = 0.1133
Mean value of Fst_3         = 0.0944


Inferred ancestry of individuals:
        Label (%Miss) :  Inferred clusters
  1 UA00063336   (13)   :  0.459 0.248 0.293 
  2 UA00048914    (9)   :  0.449 0.343 0.208 
  3 UA00014769   (13)   :  0.092 0.388 0.520 
  4 UA00008132   (13)   :  0.295 0.374 0.332 
  5 UA00030462   (13)   :  0.510 0.252 0.238 
  6 UA00034866   (13)   :  0.290 0.351 0.359 
  7 UA00034800    (9)   :  0.640 0.140 0.221 
  8  Puco006    (9)   :  0.677 0.204 0.118 
  9 UA00048874    (4)   :  0.641 0.196 0.164 
 10 UA00049060    (9)   :  0.179 0.399 0.422 
 11 UA00033413    (9)   :  0.150 0.229 0.621 
 12  Puco021    (9)   :  0.169 0.122 0.709 
 13  Puco026    (9)   :  0.167 0.269 0.565 
 14  Puco008    (9)   :  0.613 0.207 0.180 
 15   M01301    (9)   :  0.172 0.250 0.578 
 16   M06306    (9)   :  0.336 0.165 0.499 
 17 UA00032185    (9)   :  0.300 0.316 0.384 
 18 UA00030792    (9)   :  0.797 0.081 0.122 
 19 UA00031647    (9)   :  0.532 0.235 0.233 
 20 UA00031979    (9)   :  0.302 0.334 0.364 
 21  Puco016    (9)   :  0.334 0.514 0.152 
 22  Puco010    (9)   :  0.221 0.260 0.520 
 23    M1035    (9)   :  0.244 0.413 0.343 
 24 UA00034601    (9)   :  0.355 0.239 0.405 
 25 UA00050388    (9)   :  0.363 0.249 0.388 
 26 UA00048699    (9)   :  0.373 0.471 0.156 
 27 UA00064058    (9)   :  0.174 0.478 0.348 
 28 UA00033981    (9)   :  0.211 0.143 0.646 
 29   F05033    (9)   :  0.141 0.355 0.504 
 30 UA00048520    (4)   :  0.401 0.195 0.404 
 31 UA00048422    (4)   :  0.667 0.096 0.237 
 32    PucoB    (4)   :  0.122 0.245 0.633 
 33 UA00047393    (4)   :  0.325 0.380 0.294 
 34 UA00064521    (4)   :  0.420 0.285 0.295 
 35 UA00003043    (4)   :  0.236 0.562 0.202 
 36 UA00063025    (4)   :  0.534 0.148 0.319 
 37 UA00063826    (4)   :  0.184 0.215 0.601 
 38   F07407    (4)   :  0.269 0.134 0.597 
 39 UA00021658    (4)   :  0.195 0.371 0.434 
 40 UA00003794    (4)   :  0.259 0.174 0.567 
 41 UA00041322    (4)   :  0.399 0.296 0.305 
 42 UA00063316    (4)   :  0.434 0.235 0.331 
 43 UA00047705    (4)   :  0.287 0.225 0.488 
 44 UA00033904    (4)   :  0.542 0.224 0.234 
 45 UA00048100    (4)   :  0.185 0.364 0.451 
 46 UA00032212    (4)   :  0.479 0.220 0.301 
 47 UA00031574    (4)   :  0.719 0.095 0.186 
 48 UA00031228    (4)   :  0.769 0.107 0.124 
 49 UA00047707    (4)   :  0.102 0.696 0.202 
 50 UA00030906    (4)   :  0.851 0.066 0.084 
 51 UA00041567    (4)   :  0.265 0.185 0.550 
 52 UA00007624    (4)   :  0.109 0.326 0.564 
 53 UA00034514    (4)   :  0.193 0.458 0.349 
 54 UA00030480    (4)   :  0.346 0.420 0.234 
 55  Puco012    (4)   :  0.230 0.478 0.292 
 56 UA00038677    (9)   :  0.467 0.201 0.333 
 57 UA00048275    (4)   :  0.188 0.216 0.596 
 58 UA00064055    (4)   :  0.222 0.629 0.149 
 59  Puco009    (4)   :  0.307 0.470 0.223 
 60 UA00064561    (4)   :  0.148 0.702 0.149 
 61 UA00003479    (4)   :  0.211 0.549 0.240 
 62 UA00063747    (4)   :  0.123 0.531 0.346 
 63 UA00002558    (4)   :  0.315 0.304 0.381 
 64 UA00048410    (4)   :  0.200 0.634 0.166 
 65 UA00012249    (4)   :  0.162 0.716 0.122 
 66 UA00033818    (4)   :  0.568 0.140 0.293 
 67  Puco020    (4)   :  0.368 0.438 0.194 
 68 UA00002545    (9)   :  0.205 0.642 0.153 
 69 UA00048508    (4)   :  0.149 0.533 0.319 
 70 UA00064100    (4)   :  0.264 0.367 0.369 
 71 UA00014585    (4)   :  0.227 0.497 0.276 
 72 UA00063698    (4)   :  0.600 0.179 0.222 
 73 UA00049753    (4)   :  0.434 0.202 0.364 
 74 UA00049037    (4)   :  0.184 0.448 0.369 
 75 UA00034941    (4)   :  0.359 0.202 0.439 
 76 UA00008083    (4)   :  0.592 0.230 0.178 
 77 UA00015084    (4)   :  0.641 0.146 0.214 
 78 UA00041010    (9)   :  0.763 0.143 0.094 
 79 UA00035261    (4)   :  0.468 0.247 0.284 
 80 UA00035431    (4)   :  0.157 0.307 0.535 
 81 UA00045274    (0)   :  0.352 0.230 0.418 
 82 UA00028200    (4)   :  0.634 0.163 0.203 
 83 UA00064559    (0)   :  0.719 0.085 0.196 
 84 UA00040808    (0)   :  0.616 0.250 0.134 
 85 UA00049156    (0)   :  0.632 0.161 0.207 
 86 UA00003952    (4)   :  0.508 0.356 0.137 
 87 UA00063954    (0)   :  0.325 0.260 0.415 
 88 UA00062934    (0)   :  0.459 0.227 0.314 
 89 UA00033829    (0)   :  0.746 0.107 0.147 
 90 UA00064351    (4)   :  0.266 0.137 0.597 
 91 UA00003697    (4)   :  0.662 0.163 0.175 
 92 UA00063438    (4)   :  0.539 0.220 0.241 
 93 UA00007608    (0)   :  0.588 0.152 0.261 
 94 UA00019683    (4)   :  0.299 0.115 0.586 
 95 UA00007781    (0)   :  0.234 0.287 0.478 
 96 UA00002915    (0)   :  0.542 0.273 0.185 
 97  Puco031    (4)   :  0.213 0.567 0.219 
 98 UA00048280    (4)   :  0.259 0.170 0.571 
 99 UA00048589    (0)   :  0.234 0.252 0.514 
100 UA00034417    (0)   :  0.418 0.374 0.209 
101 UA00050411    (4)   :  0.099 0.662 0.238 
102  Puco029    (4)   :  0.089 0.300 0.611 
103   F03403    (4)   :  0.122 0.218 0.660 
104 UA00049904    (0)   :  0.321 0.155 0.524 
105 UA00035335    (0)   :  0.085 0.392 0.524 
106 UA00012611    (0)   :  0.180 0.410 0.409 
107 UA00050319    (0)   :  0.099 0.176 0.725 
108 UA00032068    (4)   :  0.259 0.350 0.392 
109 UA00032026    (4)   :  0.228 0.383 0.389 
110 UA00030476    (4)   :  0.142 0.113 0.745 
111 UA00046853    (0)   :  0.199 0.142 0.659 
112 UA00040156    (4)   :  0.797 0.077 0.126 
113 UA00030528    (4)   :  0.383 0.428 0.189 
114  Puco025    (4)   :  0.111 0.546 0.343 
115    pc016    (0)   :  0.813 0.079 0.108 
116 UA00030617    (4)   :  0.088 0.569 0.343 
117 UA00030585    (4)   :  0.677 0.091 0.232 
118 UA00032060    (4)   :  0.300 0.213 0.487 
119    pc007    (0)   :  0.175 0.219 0.607 
120 UA00030798    (4)   :  0.641 0.143 0.216 
121 UA00030778    (4)   :  0.096 0.677 0.227 
122 UA00039674    (4)   :  0.779 0.099 0.122 
123 UA00032241    (4)   :  0.090 0.313 0.597 
124 UA00011624    (0)   :  0.156 0.479 0.365 
125 UA00033779    (4)   :  0.133 0.162 0.705 
126 UA00049402    (4)   :  0.297 0.562 0.141 
127 UA00033653    (0)   :  0.130 0.129 0.741 
128 UA00047738    (0)   :  0.350 0.240 0.411 
129 UA00047502    (4)   :  0.469 0.365 0.166 
130 UA00012014    (4)   :  0.241 0.528 0.232 
131 UA00040729    (0)   :  0.142 0.257 0.600 
132 UA00030392    (4)   :  0.121 0.520 0.359 
133 UA00050033    (0)   :  0.170 0.350 0.479 
134 UA00012152    (0)   :  0.289 0.561 0.150 
135 UA00050406    (0)   :  0.208 0.394 0.398 
136 UA00047973    (0)   :  0.162 0.345 0.493 
137 UA00008051    (0)   :  0.425 0.242 0.333 
138 UA00047337    (4)   :  0.278 0.280 0.442 
139 UA00041604    (4)   :  0.378 0.282 0.340 
140 UA00031704    (4)   :  0.096 0.604 0.300 
141 UA00040423    (4)   :  0.271 0.431 0.298 
142 UA00049433    (0)   :  0.374 0.456 0.170 
143 UA00034816    (0)   :  0.201 0.595 0.204 
144 UA00050214    (0)   :  0.114 0.672 0.214 
145 UA00041073    (0)   :  0.290 0.392 0.319 
146 UA00030318    (4)   :  0.165 0.547 0.288 
147 UA00046845    (0)   :  0.239 0.591 0.170 
148 UA00063946    (0)   :  0.141 0.111 0.748 
149 UA00031374    (4)   :  0.239 0.447 0.313 
150    M1136    (4)   :  0.390 0.377 0.234 
151 UA00034299    (0)   :  0.135 0.684 0.181 
152 UA00002387    (4)   :  0.163 0.706 0.130 
153 UA00021855    (0)   :  0.251 0.232 0.518 
154 UA00014500    (0)   :  0.193 0.520 0.288 
155 UA00050419    (4)   :  0.110 0.656 0.234 
156 UA00031854    (4)   :  0.245 0.396 0.360 
157    pc011    (4)   :  0.125 0.726 0.149 
158 UA00033004    (0)   :  0.248 0.554 0.198 
159 UA00046510    (0)   :  0.253 0.533 0.215 
160 UA00048747    (0)   :  0.192 0.646 0.161 
161 UA00014293    (0)   :  0.142 0.740 0.118 
162 UA00047686    (0)   :  0.438 0.383 0.179 
163 UA00033783    (4)   :  0.528 0.140 0.332 
164 UA00042609    (4)   :  0.429 0.417 0.154 
165 UA00031169    (4)   :  0.124 0.727 0.149 
166 UA00035181    (0)   :  0.091 0.436 0.473 
167 UA00050133    (0)   :  0.205 0.527 0.268 
168  Puco011    (4)   :  0.171 0.691 0.138 
169 UA00041476    (0)   :  0.316 0.498 0.186 
170 UA00046702    (0)   :  0.113 0.698 0.190 
171 UA00019940    (0)   :  0.267 0.383 0.350 
172 UA00049813    (0)   :  0.190 0.243 0.567 
173 UA00064165    (0)   :  0.559 0.238 0.203 
174 UA00064421    (0)   :  0.276 0.516 0.208 
175 UA00064569    (4)   :  0.104 0.515 0.382 
176 UA00003996    (0)   :  0.264 0.562 0.174 
177 UA00064491    (4)   :  0.149 0.540 0.311 
178 UA00011899    (0)   :  0.188 0.449 0.364 
179  Puco015    (4)   :  0.289 0.428 0.283 
180 UA00047929    (4)   :  0.100 0.252 0.648 
181 UA00056669    (0)   :  0.220 0.490 0.290 
182 UA00050176    (0)   :  0.334 0.424 0.241 
183  Puco014    (4)   :  0.288 0.254 0.458 
184 UA00019608    (0)   :  0.221 0.618 0.161 
185 UA00064333    (0)   :  0.210 0.608 0.181 
186  Puco013    (4)   :  0.318 0.468 0.214 
187 UA00016092    (0)   :  0.089 0.611 0.301 
188 UA00019060    (0)   :  0.663 0.197 0.140 
189 UA00063532    (0)   :  0.249 0.404 0.347 
190 UA00064117    (0)   :  0.639 0.206 0.156 
191 UA00011969    (0)   :  0.279 0.320 0.401 
192 UA00034586    (4)   :  0.130 0.336 0.535 
193 UA00030736    (4)   :  0.194 0.515 0.291 
194 UA00048493    (0)   :  0.231 0.454 0.315 
195 UA00040466    (0)   :  0.606 0.237 0.157 
196 UA00047659    (0)   :  0.189 0.408 0.403 
197 UA00042002    (4)   :  0.366 0.232 0.402 
198 UA00062606    (0)   :  0.326 0.441 0.233 
199 UA00030615    (4)   :  0.552 0.261 0.187 
200 UA00048899    (0)   :  0.229 0.418 0.353 
201 UA00047725    (0)   :  0.784 0.113 0.103 
202 UA00030866    (4)   :  0.293 0.433 0.274 
203 UA00034564    (0)   :  0.235 0.567 0.198 
204 UA00046520    (0)   :  0.118 0.158 0.724 
205 UA00035027    (0)   :  0.335 0.276 0.388 
206 UA00035421    (0)   :  0.349 0.515 0.136 
207 UA00062740    (4)   :  0.499 0.235 0.266 
208 UA00012360    (0)   :  0.586 0.241 0.174 
209 UA00050203    (0)   :  0.169 0.396 0.435 
210 UA00040534    (4)   :  0.707 0.160 0.134 
211 UA00031261    (4)   :  0.757 0.144 0.098 
212 UA00031917    (4)   :  0.726 0.166 0.108 
213 UA00040798    (4)   :  0.523 0.217 0.261 
214 UA00030598    (4)   :  0.476 0.281 0.243 
215 UA00050385    (0)   :  0.274 0.534 0.192 
216 UA00058283    (0)   :  0.725 0.136 0.139 
217 UA00042297    (4)   :  0.595 0.168 0.237 
218 UA00015415    (4)   :  0.663 0.224 0.113 
219 UA00035531    (0)   :  0.645 0.240 0.114 
220 UA00048683    (0)   :  0.482 0.350 0.168 
221 UA00046734    (4)   :  0.663 0.196 0.142 
222   pcRF01    (0)   :  0.091 0.789 0.120 
223 UA00007223    (0)   :  0.452 0.396 0.153 
224 UA00013841    (0)   :  0.274 0.312 0.414 
225 UA00014196    (0)   :  0.627 0.260 0.113 
226 UA00034635    (0)   :  0.187 0.476 0.338 
227 UA00047371    (0)   :  0.452 0.154 0.394 
228 UA00063544    (0)   :  0.386 0.208 0.406 
229 UA00064246    (0)   :  0.411 0.274 0.315 
230 UA00064328    (0)   :  0.502 0.276 0.222 
231 UA00002952    (0)   :  0.550 0.255 0.195 
232 UA00064079    (0)   :  0.391 0.288 0.321 
233 UA00046793    (0)   :  0.533 0.325 0.142 
234 UA00034769    (0)   :  0.542 0.132 0.326 
235 UA00034949    (0)   :  0.464 0.422 0.114 
236 UA00063753    (0)   :  0.345 0.123 0.532 
237 UA00015713    (0)   :  0.284 0.182 0.534 
238 UA00003494    (0)   :  0.373 0.519 0.108 
239 UA00056767    (0)   :  0.088 0.182 0.730 
240 UA00014461    (0)   :  0.396 0.392 0.212 
241 UA00034669    (0)   :  0.627 0.161 0.212 
242 UA00048164    (0)   :  0.284 0.441 0.275 
243 UA00007974    (0)   :  0.229 0.140 0.631 
244 UA00016166    (0)   :  0.478 0.338 0.185 
245 UA00015653    (0)   :  0.622 0.176 0.202 
246 UA00063882    (0)   :  0.536 0.300 0.164 
247 UA00049027    (0)   :  0.464 0.177 0.359 
248 UA00018878    (0)   :  0.334 0.140 0.526 
249 UA00038796    (0)   :  0.506 0.228 0.266 
250 UA00013465    (0)   :  0.648 0.173 0.179 
251 UA00014604    (0)   :  0.470 0.176 0.354 
252 UA00041913    (0)   :  0.360 0.129 0.511 
253 UA00021632    (0)   :  0.624 0.149 0.227 
254 UA00064027    (0)   :  0.477 0.265 0.259 
255 UA00015023    (0)   :  0.249 0.554 0.198 
256 UA00050243    (0)   :  0.465 0.294 0.241 
257 UA00048298    (0)   :  0.267 0.418 0.315 
258 UA00050437    (0)   :  0.416 0.359 0.225 
259 UA00014262    (0)   :  0.392 0.331 0.277 
260 UA00049129    (0)   :  0.200 0.270 0.530 
261 UA00014740    (0)   :  0.271 0.228 0.501 
262 UA00049612    (0)   :  0.668 0.119 0.214 
263 UA00014635    (0)   :  0.105 0.173 0.722 
264 UA00014673    (0)   :  0.541 0.185 0.274 
265 UA00033608    (0)   :  0.530 0.147 0.323 
266 UA00064540    (0)   :  0.231 0.167 0.602 
267 UA00050256    (0)   :  0.551 0.247 0.202 
268 UA00015274    (0)   :  0.217 0.506 0.276 
269 UA00062993    (0)   :  0.179 0.238 0.584 
270 UA00038364    (0)   :  0.333 0.233 0.434 
271 UA00014446    (0)   :  0.160 0.405 0.435 
272 UA00063545    (0)   :  0.709 0.140 0.151 
273 UA00040054    (0)   :  0.180 0.500 0.320 
274 UA00058447    (0)   :  0.184 0.265 0.551 
275 UA00046835    (0)   :  0.158 0.276 0.566 
276 UA00014608    (0)   :  0.213 0.298 0.489 
277    pc012    (0)   :  0.327 0.276 0.397 
278    pc002    (0)   :  0.544 0.179 0.277 
279 UA00033690    (0)   :  0.308 0.096 0.597 
280 UA00013688    (0)   :  0.277 0.339 0.384 
281 UA00063666    (0)   :  0.151 0.104 0.745 
282 UA00063292    (0)   :  0.109 0.154 0.736 
283    pc001    (0)   :  0.239 0.379 0.382 
284    pc008    (0)   :  0.206 0.259 0.535 
285 UA00034316    (0)   :  0.527 0.308 0.165 
286 UA00013046    (0)   :  0.107 0.321 0.571 
287 UA00050241    (0)   :  0.091 0.166 0.743 
288 UA00048599    (0)   :  0.118 0.218 0.664 
289 UA00046649    (0)   :  0.396 0.212 0.392 
290 UA00015674    (0)   :  0.502 0.111 0.387 
291 UA00013177    (0)   :  0.384 0.170 0.446 
292 UA00012814    (0)   :  0.222 0.488 0.290 
293 UA00034654    (0)   :  0.134 0.394 0.472 
294 UA00046743    (0)   :  0.128 0.254 0.617 
295 UA00014854    (0)   :  0.168 0.152 0.680 
296 UA00013729    (0)   :  0.201 0.524 0.276 
297 UA00063483    (0)   :  0.143 0.200 0.657 
298 UA00039326    (0)   :  0.259 0.266 0.476 
299 UA00014742    (0)   :  0.132 0.193 0.674 
300 UA00049597    (0)   :  0.292 0.148 0.560 
301 UA00048067    (0)   :  0.309 0.141 0.550 
302 UA00012918    (0)   :  0.193 0.108 0.699 
303 UA00013487    (0)   :  0.096 0.778 0.126 
304 UA00046759    (0)   :  0.507 0.208 0.285 
305 UA00050164    (0)   :  0.621 0.228 0.151 
306 UA00049839    (0)   :  0.165 0.216 0.619 
307 UA00048444    (0)   :  0.184 0.089 0.727 
308 UA00063857    (0)   :  0.105 0.239 0.656 
309 UA00014921    (0)   :  0.331 0.155 0.513 
310 UA00048895    (0)   :  0.425 0.172 0.403 
311 UA00014556    (0)   :  0.393 0.273 0.334 
312    pc009    (0)   :  0.082 0.125 0.793 
313 UA00014959    (0)   :  0.341 0.160 0.499 
314 UA00020709    (0)   :  0.254 0.321 0.426 
315 UA00013126    (0)   :  0.701 0.097 0.202 
316 UA00013695    (0)   :  0.626 0.141 0.233 
317 UA00049344    (0)   :  0.557 0.154 0.289 
318 UA00047614    (0)   :  0.773 0.091 0.135 
319 UA00014221    (0)   :  0.077 0.189 0.734 
320 UA00014346    (0)   :  0.196 0.153 0.651 
321 UA00014245    (0)   :  0.256 0.182 0.562 
322 UA00014696    (0)   :  0.761 0.135 0.104 
323 UA00006991    (0)   :  0.231 0.518 0.251 
324 UA00048948    (0)   :  0.236 0.397 0.367 
325 UA00002239    (0)   :  0.253 0.554 0.193 
326 UA00063459    (0)   :  0.106 0.119 0.775 
327 UA00048356    (0)   :  0.313 0.180 0.506 
328 UA00063940    (0)   :  0.294 0.421 0.285 
329 UA00048130    (0)   :  0.141 0.177 0.682 
330 UA00048903    (0)   :  0.087 0.469 0.444 
331 UA00064643    (0)   :  0.257 0.386 0.356 
332 UA00050233    (0)   :  0.202 0.429 0.369 
333 UA00012507    (0)   :  0.258 0.526 0.216 
334 UA00064416    (0)   :  0.139 0.675 0.186 
335 UA00034724    (0)   :  0.170 0.407 0.423 
336 UA00002621    (0)   :  0.117 0.353 0.530 
337 UA00033203    (0)   :  0.178 0.676 0.146 
338 UA00011996    (0)   :  0.202 0.326 0.472 
339 UA00014408    (0)   :  0.348 0.460 0.192 
340 UA00049502    (0)   :  0.264 0.256 0.480 
341 UA00062695    (0)   :  0.295 0.194 0.511 
342 UA00014072    (0)   :  0.193 0.206 0.601 
343 UA00003334    (0)   :  0.107 0.276 0.618 
344 UA00013835    (0)   :  0.238 0.257 0.505 
345 UA00046760    (0)   :  0.297 0.196 0.507 
346 UA00014241    (0)   :  0.143 0.460 0.396 
347 UA00049585    (0)   :  0.111 0.233 0.655 
348 UA00013409    (0)   :  0.315 0.173 0.512 
349 UA00047548    (0)   :  0.139 0.471 0.389 
350 UA00049038    (0)   :  0.493 0.164 0.342 
351 UA00047612    (0)   :  0.177 0.369 0.454 
352 UA00014822    (0)   :  0.627 0.147 0.226 
353 UA00035299    (0)   :  0.183 0.496 0.321 
354 UA00012804    (0)   :  0.484 0.190 0.325 
355 UA00049578    (0)   :  0.288 0.337 0.375 
356 UA00047672    (0)   :  0.145 0.749 0.106 
357 UA00043961    (0)   :  0.614 0.125 0.261 
358 UA00064575    (0)   :  0.363 0.212 0.425 
359 UA00014732    (0)   :  0.174 0.535 0.292 
360 UA00050181    (0)   :  0.165 0.594 0.241 
361 UA00033369    (0)   :  0.480 0.318 0.202 
362 UA00011982    (0)   :  0.081 0.705 0.214 
363 UA00014590    (0)   :  0.315 0.482 0.204 
364 UA00047743    (0)   :  0.135 0.635 0.230 
365 UA00046621    (0)   :  0.097 0.650 0.253 
366 UA00050422    (0)   :  0.270 0.428 0.301 
367 UA00002760    (0)   :  0.210 0.313 0.477 
368 UA00012999    (0)   :  0.248 0.413 0.339 
369 UA00063838    (0)   :  0.142 0.379 0.479 
370 UA00003729    (0)   :  0.504 0.160 0.336 
371 UA00015348    (0)   :  0.224 0.164 0.612 
372 UA00019058    (0)   :  0.223 0.191 0.586 
373 UA00049549    (0)   :  0.134 0.096 0.769 
374 UA00014334    (0)   :  0.270 0.527 0.203 
375 UA00014350    (0)   :  0.067 0.768 0.165 
376 UA00049227    (0)   :  0.490 0.282 0.228 
377 UA00014051    (0)   :  0.182 0.680 0.138 
378 UA00034381    (0)   :  0.231 0.399 0.370 
379 UA00002354    (0)   :  0.112 0.696 0.192 
380 UA00049892    (0)   :  0.146 0.246 0.609 
381 UA00021989    (0)   :  0.140 0.521 0.340 
382 UA00048968    (0)   :  0.173 0.555 0.272 
383 UA00013174    (0)   :  0.178 0.606 0.216 
384 UA00033992    (0)   :  0.335 0.425 0.240 
385 UA00015801    (0)   :  0.069 0.649 0.282 
386 UA00063303    (0)   :  0.348 0.195 0.457 
387 UA00050206    (0)   :  0.096 0.152 0.752 
388 UA00014458    (0)   :  0.263 0.330 0.407 
389 UA00007204    (0)   :  0.133 0.214 0.653 
390 UA00063212    (0)   :  0.485 0.148 0.368 
391 UA00013340    (0)   :  0.234 0.294 0.472 
392 UA00062743    (0)   :  0.185 0.693 0.122 
393 UA00063189    (0)   :  0.495 0.334 0.172 
394 UA00035432    (0)   :  0.115 0.309 0.576 
395 UA00007958    (0)   :  0.134 0.517 0.349 
396 UA00013634    (0)   :  0.136 0.714 0.149 
397 UA00048175    (0)   :  0.080 0.800 0.120 
398 UA00003202    (0)   :  0.183 0.377 0.441 
399 UA00035090    (0)   :  0.249 0.312 0.439 
400 UA00064679    (0)   :  0.387 0.401 0.212 
401 UA00039518    (0)   :  0.140 0.520 0.340 
402 UA00058268    (0)   :  0.192 0.441 0.367 
403 UA00049456    (0)   :  0.323 0.210 0.468 
404 UA00049550    (0)   :  0.210 0.268 0.522 
405 UA00048342    (0)   :  0.312 0.217 0.471 
406 UA00063493    (0)   :  0.114 0.415 0.472 
407 UA00058261    (0)   :  0.215 0.627 0.158 
408 UA00014663    (0)   :  0.253 0.502 0.246 
409 UA00048817    (0)   :  0.380 0.418 0.202 
410 UA00049381    (0)   :  0.149 0.682 0.169 
411 UA00035901    (0)   :  0.446 0.294 0.260 
412 UA00013301    (0)   :  0.248 0.161 0.591 
413 UA00047926    (0)   :  0.297 0.543 0.160 
414 UA00007272    (0)   :  0.341 0.529 0.130 
415 UA00016041    (0)   :  0.198 0.229 0.573 
416 UA00013502    (0)   :  0.135 0.519 0.347 
417 UA00002390    (0)   :  0.325 0.391 0.284 
418 UA00034907    (0)   :  0.227 0.341 0.433 
419 UA00048821    (0)   :  0.435 0.304 0.262 
420 UA00002136    (0)   :  0.357 0.161 0.483 
421 UA00011790    (0)   :  0.218 0.586 0.197 
422 UA00021586    (0)   :  0.367 0.313 0.320 
423 UA00033270    (0)   :  0.227 0.396 0.377 
424 UA00048073    (0)   :  0.204 0.319 0.478 
425 UA00048856    (0)   :  0.253 0.419 0.328 
426 UA00049713    (0)   :  0.192 0.570 0.238 
427 UA00046885    (0)   :  0.176 0.354 0.470 
428 UA00034893    (0)   :  0.130 0.395 0.475 
429 UA00048011    (0)   :  0.155 0.562 0.283 
430 UA00015786    (0)   :  0.427 0.336 0.237 
431 UA00013162    (0)   :  0.274 0.620 0.105 
432 UA00049512    (0)   :  0.244 0.254 0.502 
433 UA00004046    (0)   :  0.111 0.743 0.146 
434 UA00048881    (0)   :  0.557 0.230 0.213 
435 UA00046610    (0)   :  0.408 0.381 0.211 
436 UA00033282    (0)   :  0.268 0.315 0.417 
437 UA00047561    (0)   :  0.157 0.662 0.180 
438 UA00013777    (0)   :  0.245 0.571 0.184 
439 UA00062849    (0)   :  0.152 0.202 0.645 
440 UA00049786    (0)   :  0.124 0.760 0.115 
441 UA00033246    (0)   :  0.091 0.131 0.778 
442 UA00045302    (0)   :  0.184 0.378 0.438 
443 UA00048637    (0)   :  0.152 0.677 0.171 
444 UA00049832    (0)   :  0.222 0.198 0.580 
445 UA00022023    (0)   :  0.312 0.431 0.257 
446 UA00050192    (0)   :  0.376 0.337 0.288 
447 UA00050413    (0)   :  0.197 0.383 0.420 
448 UA00013445    (0)   :  0.103 0.633 0.264 
449 UA00035496    (0)   :  0.378 0.314 0.308 
450 UA00003333    (0)   :  0.522 0.290 0.188 
451 UA00064008    (0)   :  0.312 0.469 0.219 
452 UA00003427    (0)   :  0.411 0.301 0.288 
453 UA00028092    (0)   :  0.495 0.219 0.285 
454    pc003    (0)   :  0.695 0.166 0.139 
455 UA00034440    (0)   :  0.196 0.269 0.534 
456 UA00026062    (0)   :  0.163 0.723 0.113 
457 UA00014347    (0)   :  0.359 0.260 0.381 
458 UA00021516    (0)   :  0.131 0.649 0.219 
459 UA00049347    (0)   :  0.390 0.419 0.191 
460 UA00063436    (0)   :  0.455 0.204 0.342 
461 UA00047790    (0)   :  0.208 0.610 0.183 
462 UA00045714    (0)   :  0.508 0.300 0.192 
463 UA00038979    (0)   :  0.225 0.181 0.594 
464 UA00016123    (0)   :  0.334 0.465 0.201 
465 UA00034765    (0)   :  0.518 0.351 0.130 
466 UA00063815    (0)   :  0.701 0.129 0.170 
467 UA00034795    (0)   :  0.204 0.231 0.565 
468 UA00004000    (0)   :  0.576 0.237 0.187 
469 UA00049367    (0)   :  0.200 0.319 0.481 
470 UA00034457    (0)   :  0.176 0.488 0.337 
471 UA00050015    (0)   :  0.310 0.202 0.488 
472 UA00021373    (0)   :  0.239 0.435 0.326 
473 UA00050232    (0)   :  0.688 0.170 0.142 
474 UA00038724    (0)   :  0.289 0.222 0.489 
475 UA00007824    (0)   :  0.348 0.487 0.166 
476 UA00048754    (0)   :  0.218 0.635 0.147 
477 UA00014271    (0)   :  0.209 0.394 0.397 
478 UA00013756    (0)   :  0.433 0.168 0.400 
479 UA00014385    (0)   :  0.533 0.304 0.163 
480 UA00049609    (0)   :  0.174 0.258 0.568 
481 UA00003748    (0)   :  0.338 0.507 0.155 
482 UA00063952    (0)   :  0.256 0.514 0.230 
483 UA00058348    (0)   :  0.387 0.325 0.288 
484 UA00014922    (0)   :  0.587 0.235 0.178 
485 UA00003820    (0)   :  0.173 0.683 0.144 
486 UA00013693    (0)   :  0.409 0.366 0.225 
487 UA00047713    (0)   :  0.465 0.400 0.135 
488 UA00034891    (0)   :  0.559 0.177 0.264 
489 UA00049223    (0)   :  0.344 0.377 0.279 
490 UA00064399    (0)   :  0.821 0.111 0.067 
491 UA00013336    (0)   :  0.716 0.150 0.134 
492 UA00035291    (0)   :  0.735 0.175 0.089 
493 UA00003945    (0)   :  0.613 0.233 0.154 
494 UA00014518    (0)   :  0.459 0.391 0.150 
495 UA00013583    (0)   :  0.660 0.136 0.205 
496 UA00011510    (0)   :  0.552 0.274 0.174 
497 UA00046860    (0)   :  0.405 0.418 0.177 
498 UA00048853    (0)   :  0.592 0.240 0.169 
499 UA00012151    (0)   :  0.615 0.270 0.116 
500 UA00063930    (0)   :  0.563 0.130 0.308 
501 UA00013453    (0)   :  0.519 0.264 0.217 
502 UA00039299    (0)   :  0.711 0.165 0.124 
503 UA00014280    (0)   :  0.625 0.203 0.172 
504 UA00014200    (0)   :  0.429 0.453 0.118 
505 UA00040612    (0)   :  0.745 0.155 0.100 
506 UA00062679    (0)   :  0.729 0.146 0.125 
507 UA00034481    (0)   :  0.563 0.259 0.178 
508 UA00011880    (0)   :  0.441 0.124 0.435 
509 UA00013421    (0)   :  0.801 0.125 0.074 
510 UA00048051    (0)   :  0.751 0.146 0.103 
511 UA00063370    (0)   :  0.804 0.104 0.092 
512 UA00014716    (0)   :  0.738 0.132 0.130 
513 UA00033426    (0)   :  0.624 0.272 0.104 
514 UA00015190    (0)   :  0.772 0.127 0.101 
515 UA00013730    (0)   :  0.192 0.379 0.430 
516 UA00047644    (4)   :  0.672 0.183 0.145 
517 UA00031933    (9)   :  0.237 0.543 0.221 
518 UA00031541    (9)   :  0.479 0.283 0.238 
519   PCO-60    (4)   :  0.236 0.403 0.362 
520 UA00030495    (4)   :  0.398 0.271 0.331 
521 UA00031133    (4)   :  0.103 0.120 0.776 
522 UA00032049    (4)   :  0.521 0.218 0.260 
523 UA00030599    (4)   :  0.259 0.125 0.616 
524 UA00030250    (4)   :  0.144 0.627 0.229 
525 UA00049385    (4)   :  0.297 0.159 0.544 
526 UA00031816    (4)   :  0.122 0.107 0.772 
527 UA00030275    (4)   :  0.326 0.436 0.238 
528 UA00041861    (4)   :  0.261 0.468 0.272 
529 UA00041433    (4)   :  0.119 0.518 0.363 
530  PCO-114    (4)   :  0.190 0.656 0.154 
531 UA00031529    (4)   :  0.185 0.408 0.407 
532 UA00039719    (4)   :  0.181 0.491 0.328 
533  PCO-442    (4)   :  0.099 0.708 0.193 
534   PCO-58    (0)   :  0.203 0.687 0.110 
535 UA00048673    (4)   :  0.298 0.316 0.386 
536   PCO-63    (4)   :  0.158 0.397 0.445 


Estimated Allele Frequencies in each cluster
First column gives estimated ancestral frequencies


Locus 1 : PP01 
2 alleles
0.0% missing data
   1   (0.576) 0.589 0.593 0.586 
   2   (0.424) 0.411 0.407 0.414 

Locus 2 : PP02 
2 alleles
0.0% missing data
   1   (0.879) 0.981 0.916 0.896 
   2   (0.121) 0.019 0.084 0.104 

Locus 3 : PP03 
2 alleles
18.3% missing data
   1   (0.782) 0.956 0.865 0.690 
   2   (0.218) 0.044 0.135 0.310 

Locus 4 : PP04 
2 alleles
0.4% missing data
   1   (0.657) 0.835 0.827 0.471 
   2   (0.343) 0.165 0.173 0.529 

Locus 5 : PP06 
2 alleles
0.0% missing data
   1   (0.649) 0.631 0.561 0.763 
   2   (0.351) 0.369 0.439 0.237 

Locus 6 : PP07 
2 alleles
0.0% missing data
   1   (0.691) 0.944 0.734 0.567 
   2   (0.309) 0.056 0.266 0.433 

Locus 7 : PP09 
2 alleles
0.0% missing data
   1   (0.529) 0.311 0.276 0.781 
   2   (0.471) 0.689 0.724 0.219 

Locus 8 : PP10 
2 alleles
0.0% missing data
   1   (0.185) 0.445 0.124 0.093 
   2   (0.815) 0.555 0.876 0.907 

Locus 9 : PP11 
2 alleles
0.0% missing data
   1   (0.702) 0.829 0.575 0.805 
   2   (0.298) 0.171 0.425 0.195 

Locus 10 : PP12 
2 alleles
0.2% missing data
   1   (0.422) 0.143 0.432 0.505 
   2   (0.578) 0.857 0.568 0.495 

Locus 11 : PP13 
2 alleles
0.0% missing data
   1   (0.180) 0.356 0.140 0.086 
   2   (0.820) 0.644 0.860 0.914 

Locus 12 : PP14 
2 alleles
0.2% missing data
   1   (0.856) 0.941 0.811 0.938 
   2   (0.144) 0.059 0.189 0.062 

Locus 13 : PP15 
2 alleles
0.0% missing data
   1   (0.865) 0.659 0.977 0.865 
   2   (0.135) 0.341 0.023 0.135 

Locus 14 : PP16 
2 alleles
0.0% missing data
   1   (0.549) 0.381 0.465 0.681 
   2   (0.451) 0.619 0.535 0.319 

Locus 15 : PP17 
2 alleles
0.2% missing data
   1   (0.621) 0.674 0.659 0.617 
   2   (0.379) 0.326 0.341 0.383 

Locus 16 : PP18 
2 alleles
0.7% missing data
   1   (0.752) 0.906 0.711 0.799 
   2   (0.248) 0.094 0.289 0.201 

Locus 17 : PP20 
2 alleles
0.0% missing data
   1   (0.626) 0.516 0.694 0.645 
   2   (0.374) 0.484 0.306 0.355 

Locus 18 : PP21 
2 alleles
14.9% missing data
   1   (0.843) 0.985 0.878 0.804 
   2   (0.157) 0.015 0.122 0.196 

Locus 19 : PP22 
2 alleles
1.3% missing data
   1   (0.348) 0.061 0.700 0.209 
   2   (0.652) 0.939 0.300 0.791 

Locus 20 : PP23 
2 alleles
0.7% missing data
   1   (0.635) 0.798 0.600 0.646 
   2   (0.365) 0.202 0.400 0.354 

Locus 21 : PP24 
2 alleles
0.2% missing data
   1   (0.786) 0.691 0.865 0.843 
   2   (0.214) 0.309 0.135 0.157 

Locus 22 : PP25 
2 alleles
0.6% missing data
   1   (0.393) 0.617 0.260 0.395 
   2   (0.607) 0.383 0.740 0.605 

Values of parameters used in structure:
DATAFILE=Puma_SNP_genotypes_cut_AZ_final_HWEonly.str,	OUTFILE=outputfile_K3_7,	NUMINDS=536,	NUMLOCI=22,	MISSING=-9,	LABEL=1,	POPDATA=0,	POPFLAG=0,	PHENOTYPE=0,	EXTRACOLS=0,	MAXPOPS=3,	BURNIN=100000,	NUMREPS=500000,	USEPOPINFO=0,	INFERALPHA=1,	INFERLAMBDA=0,	POPSPECIFICLAMBDA=0,	POPALPHAS=0,	COMPUTEPROB=1,	NOADMIX=0,	ADMBURNIN=2500,	UPDATEFREQ=200,	PRINTLIKES=0,	INTERMEDSAVE=0,	PRINTKLD=0,	PRINTNET=0,	PRINTLAMBDA=0,	ANCESTDIST=0,	NUMBOXES=1000,	ANCESTPINT=0.90000,	GENSBACK=2,	MIGRPRIOR=0.05000,	PRINTQHAT=0,	PRINTQSUM=0,	ALPHA=1.0000,	FREQSCORR=1,	FPRIORMEAN=0.0100,	FPRIORSD=0.0500,	ONEFST=0,	LAMBDA=1.0000,	UNIFPRIORALPHA=1,	ALPHAMAX=10.0000,	ALPHAPRIORA=1.0000,	ALPHAPRIORB=2.0000,	ALPHAPROPSD=0.0250,	STARTATPOPINFO=0,	RANDOMIZE=1,	LINKAGE=0,	METROFREQ=20,	REPORTHITRATE=0,	MARKOVPHASE=0,	PHASED=0,	PLOIDY=2,	PHASEINFO=0	LOCPRIOR=0, 	LOCPRIORINIT=1.000000, 	LOCDATA=0, 	LOCISPOP=0, 	LOCPRIORSTEP=0.100000, 	MAXLOCPRIOR=20.000000, 	SEED=1716610455,	
[STRAT parameters]:    NUMSIMSTATS=1000,	PHENOTYPECOL=-9,	POOLFREQ=10,	LOCUSxONLY=0,	EMERROR=0.00100,	MISSINGPHENO=-9,	