

----------------------------------------------------
STRUCTURE by Pritchard, Stephens and Donnelly (2000)
     and Falush, Stephens and Pritchard (2003)
       Code by Pritchard, Falush and Hubisz
             Version 2.3.4 (Jul 2012)
----------------------------------------------------



Command line arguments:   structure -K 6 -o outputfile_K6_4 
Input File:    Puma_SNP_genotypes_cut_AZ_final_HWEonly.str

Run parameters:
   536 individuals
   22 loci
   6 populations assumed
   100000 Burn-in period
   500000 Reps


--------------------------------------------
Overall proportion of membership of the
sample in each of the 6 clusters

Inferred Clusters
  1      2      3      4      5      6    
0.171  0.171  0.171  0.170  0.166  0.153  

--------------------------------------------

Allele-freq. divergence among pops (Net nucleotide distance),
computed using point estimates of P.

      1       2       3       4       5       6      
 1      -    0.0101  0.0025  0.0071  0.0562  0.0547  
 2   0.0101     -    0.0027  0.0004  0.0453  0.0594  
 3   0.0025  0.0027     -    0.0015  0.0499  0.0563  
 4   0.0071  0.0004  0.0015     -    0.0423  0.0540  
 5   0.0562  0.0453  0.0499  0.0423     -    0.0706  
 6   0.0547  0.0594  0.0563  0.0540  0.0706     -    

Average distances (expected heterozygosity) between individuals in same cluster:
cluster  1  : 0.3690 
cluster  2  : 0.3754 
cluster  3  : 0.3755 
cluster  4  : 0.3784 
cluster  5  : 0.2697 
cluster  6  : 0.2990 

--------------------------------------------
Estimated Ln Prob of Data   = -13163.7
Mean value of ln likelihood = -12318.8
Variance of ln likelihood   = 1689.8
Mean value of alpha         = 0.2160

Mean value of Fst_1         = 0.0935
Mean value of Fst_2         = 0.0523
Mean value of Fst_3         = 0.0922
Mean value of Fst_4         = 0.0292
Mean value of Fst_5         = 0.2737
Mean value of Fst_6         = 0.2687


Inferred ancestry of individuals:
        Label (%Miss) :  Inferred clusters
  1 UA00063336   (13)   :  0.111 0.123 0.114 0.128 0.070 0.454 
  2 UA00048914    (9)   :  0.123 0.179 0.142 0.191 0.223 0.141 
  3 UA00014769   (13)   :  0.224 0.245 0.243 0.200 0.024 0.063 
  4 UA00008132   (13)   :  0.166 0.201 0.191 0.211 0.091 0.139 
  5 UA00030462   (13)   :  0.136 0.143 0.130 0.156 0.322 0.113 
  6 UA00034866   (13)   :  0.172 0.196 0.169 0.227 0.191 0.044 
  7 UA00034800    (9)   :  0.065 0.070 0.066 0.074 0.081 0.645 
  8  Puco006    (9)   :  0.049 0.059 0.052 0.063 0.701 0.076 
  9 UA00048874    (4)   :  0.071 0.095 0.077 0.099 0.097 0.561 
 10 UA00049060    (9)   :  0.191 0.214 0.201 0.212 0.051 0.131 
 11 UA00033413    (9)   :  0.353 0.133 0.251 0.145 0.071 0.046 
 12  Puco021    (9)   :  0.354 0.096 0.238 0.107 0.038 0.167 
 13  Puco026    (9)   :  0.251 0.181 0.204 0.186 0.041 0.137 
 14  Puco008    (9)   :  0.102 0.128 0.106 0.138 0.224 0.302 
 15   M01301    (9)   :  0.318 0.138 0.237 0.145 0.127 0.036 
 16   M06306    (9)   :  0.132 0.094 0.108 0.106 0.036 0.524 
 17 UA00032185    (9)   :  0.199 0.182 0.182 0.188 0.134 0.115 
 18 UA00030792    (9)   :  0.025 0.026 0.025 0.026 0.032 0.866 
 19 UA00031647    (9)   :  0.118 0.145 0.123 0.160 0.140 0.315 
 20 UA00031979    (9)   :  0.195 0.194 0.180 0.210 0.119 0.102 
 21  Puco016    (9)   :  0.113 0.181 0.141 0.176 0.336 0.053 
 22  Puco010    (9)   :  0.256 0.175 0.224 0.197 0.071 0.078 
 23    M1035    (9)   :  0.149 0.230 0.180 0.227 0.040 0.174 
 24 UA00034601    (9)   :  0.205 0.146 0.167 0.171 0.171 0.141 
 25 UA00050388    (9)   :  0.187 0.177 0.171 0.203 0.108 0.155 
 26 UA00048699    (9)   :  0.090 0.138 0.113 0.140 0.471 0.048 
 27 UA00064058    (9)   :  0.172 0.239 0.204 0.236 0.043 0.105 
 28 UA00033981    (9)   :  0.329 0.116 0.242 0.138 0.078 0.098 
 29   F05033    (9)   :  0.255 0.200 0.223 0.206 0.052 0.064 
 30 UA00048520    (4)   :  0.191 0.123 0.156 0.134 0.125 0.272 
 31 UA00048422    (4)   :  0.048 0.040 0.044 0.043 0.037 0.789 
 32    PucoB    (4)   :  0.323 0.162 0.227 0.172 0.031 0.085 
 33 UA00047393    (4)   :  0.121 0.205 0.165 0.198 0.057 0.254 
 34 UA00064521    (4)   :  0.170 0.152 0.139 0.171 0.288 0.079 
 35 UA00003043    (4)   :  0.129 0.230 0.181 0.212 0.206 0.042 
 36 UA00063025    (4)   :  0.143 0.119 0.129 0.138 0.181 0.290 
 37 UA00063826    (4)   :  0.274 0.165 0.227 0.196 0.049 0.089 
 38   F07407    (4)   :  0.263 0.099 0.179 0.114 0.047 0.299 
 39 UA00021658    (4)   :  0.207 0.208 0.210 0.230 0.068 0.076 
 40 UA00003794    (4)   :  0.251 0.114 0.177 0.127 0.057 0.274 
 41 UA00041322    (4)   :  0.152 0.196 0.156 0.225 0.111 0.159 
 42 UA00063316    (4)   :  0.168 0.161 0.153 0.181 0.162 0.175 
 43 UA00047705    (4)   :  0.233 0.162 0.181 0.183 0.114 0.127 
 44 UA00033904    (4)   :  0.102 0.105 0.097 0.111 0.070 0.515 
 45 UA00048100    (4)   :  0.251 0.190 0.212 0.199 0.093 0.055 
 46 UA00032212    (4)   :  0.134 0.135 0.131 0.148 0.129 0.322 
 47 UA00031574    (4)   :  0.049 0.041 0.046 0.044 0.064 0.756 
 48 UA00031228    (4)   :  0.032 0.035 0.033 0.035 0.051 0.814 
 49 UA00047707    (4)   :  0.142 0.297 0.227 0.253 0.051 0.030 
 50 UA00030906    (4)   :  0.024 0.024 0.023 0.025 0.047 0.856 
 51 UA00041567    (4)   :  0.297 0.128 0.228 0.157 0.098 0.091 
 52 UA00007624    (4)   :  0.279 0.191 0.238 0.204 0.052 0.035 
 53 UA00034514    (4)   :  0.188 0.230 0.209 0.228 0.083 0.062 
 54 UA00030480    (4)   :  0.132 0.201 0.162 0.206 0.054 0.246 
 55  Puco012    (4)   :  0.170 0.230 0.195 0.239 0.105 0.062 
 56 UA00038677    (9)   :  0.172 0.134 0.150 0.155 0.191 0.197 
 57 UA00048275    (4)   :  0.302 0.161 0.218 0.187 0.070 0.061 
 58 UA00064055    (4)   :  0.125 0.271 0.194 0.234 0.103 0.074 
 59  Puco009    (4)   :  0.130 0.192 0.153 0.190 0.290 0.045 
 60 UA00064561    (4)   :  0.108 0.310 0.213 0.234 0.097 0.038 
 61 UA00003479    (4)   :  0.147 0.255 0.200 0.231 0.114 0.052 
 62 UA00063747    (4)   :  0.222 0.232 0.232 0.204 0.081 0.029 
 63 UA00002558    (4)   :  0.184 0.153 0.167 0.178 0.269 0.050 
 64 UA00048410    (4)   :  0.115 0.213 0.166 0.189 0.285 0.033 
 65 UA00012249    (4)   :  0.119 0.269 0.204 0.223 0.149 0.036 
 66 UA00033818    (4)   :  0.095 0.073 0.084 0.081 0.081 0.587 
 67  Puco020    (4)   :  0.117 0.217 0.163 0.207 0.114 0.183 
 68 UA00002545    (9)   :  0.114 0.286 0.216 0.216 0.056 0.112 
 69 UA00048508    (4)   :  0.178 0.248 0.217 0.241 0.067 0.050 
 70 UA00064100    (4)   :  0.188 0.209 0.185 0.237 0.085 0.096 
 71 UA00014585    (4)   :  0.159 0.245 0.193 0.239 0.099 0.066 
 72 UA00063698    (4)   :  0.112 0.099 0.103 0.115 0.418 0.154 
 73 UA00049753    (4)   :  0.106 0.117 0.099 0.127 0.036 0.514 
 74 UA00049037    (4)   :  0.182 0.237 0.209 0.231 0.049 0.092 
 75 UA00034941    (4)   :  0.203 0.162 0.169 0.198 0.125 0.144 
 76 UA00008083    (4)   :  0.079 0.083 0.080 0.085 0.605 0.069 
 77 UA00015084    (4)   :  0.119 0.089 0.098 0.105 0.373 0.217 
 78 UA00041010    (9)   :  0.051 0.067 0.054 0.070 0.425 0.333 
 79 UA00035261    (4)   :  0.136 0.135 0.129 0.148 0.152 0.300 
 80 UA00035431    (4)   :  0.259 0.176 0.228 0.206 0.100 0.032 
 81 UA00045274    (0)   :  0.230 0.148 0.175 0.170 0.138 0.139 
 82 UA00028200    (4)   :  0.108 0.098 0.091 0.105 0.170 0.428 
 83 UA00064559    (0)   :  0.036 0.031 0.033 0.033 0.036 0.832 
 84 UA00040808    (0)   :  0.074 0.108 0.087 0.109 0.154 0.469 
 85 UA00049156    (0)   :  0.090 0.092 0.087 0.102 0.157 0.471 
 86 UA00003952    (4)   :  0.065 0.093 0.078 0.093 0.622 0.049 
 87 UA00063954    (0)   :  0.157 0.169 0.150 0.196 0.051 0.276 
 88 UA00062934    (0)   :  0.142 0.142 0.128 0.164 0.090 0.332 
 89 UA00033829    (0)   :  0.057 0.058 0.054 0.063 0.207 0.562 
 90 UA00064351    (4)   :  0.343 0.106 0.234 0.125 0.127 0.066 
 91 UA00003697    (4)   :  0.081 0.084 0.083 0.096 0.546 0.110 
 92 UA00063438    (4)   :  0.123 0.147 0.123 0.157 0.119 0.331 
 93 UA00007608    (0)   :  0.127 0.102 0.107 0.123 0.219 0.323 
 94 UA00019683    (4)   :  0.179 0.070 0.129 0.082 0.042 0.498 
 95 UA00007781    (0)   :  0.250 0.175 0.200 0.206 0.093 0.076 
 96 UA00002915    (0)   :  0.098 0.145 0.107 0.153 0.121 0.375 
 97  Puco031    (4)   :  0.148 0.251 0.198 0.233 0.095 0.075 
 98 UA00048280    (4)   :  0.282 0.150 0.207 0.178 0.117 0.066 
 99 UA00048589    (0)   :  0.264 0.159 0.199 0.171 0.066 0.140 
100 UA00034417    (0)   :  0.122 0.181 0.150 0.186 0.187 0.174 
101 UA00050411    (4)   :  0.157 0.291 0.235 0.235 0.052 0.030 
102  Puco029    (4)   :  0.281 0.207 0.233 0.197 0.025 0.057 
103   F03403    (4)   :  0.403 0.117 0.264 0.121 0.062 0.033 
104 UA00049904    (0)   :  0.206 0.133 0.171 0.162 0.073 0.255 
105 UA00035335    (0)   :  0.253 0.242 0.237 0.203 0.021 0.044 
106 UA00012611    (0)   :  0.212 0.230 0.199 0.241 0.048 0.070 
107 UA00050319    (0)   :  0.425 0.106 0.284 0.115 0.036 0.035 
108 UA00032068    (4)   :  0.168 0.210 0.179 0.212 0.040 0.190 
109 UA00032026    (4)   :  0.174 0.215 0.193 0.213 0.059 0.144 
110 UA00030476    (4)   :  0.401 0.090 0.252 0.105 0.032 0.121 
111 UA00046853    (0)   :  0.329 0.124 0.248 0.139 0.052 0.108 
112 UA00040156    (4)   :  0.025 0.024 0.024 0.026 0.032 0.869 
113 UA00030528    (4)   :  0.105 0.196 0.149 0.195 0.049 0.306 
114  Puco025    (4)   :  0.171 0.275 0.229 0.237 0.040 0.048 
115    pc016    (0)   :  0.024 0.024 0.023 0.025 0.033 0.871 
116 UA00030617    (4)   :  0.175 0.285 0.239 0.234 0.034 0.033 
117 UA00030585    (4)   :  0.050 0.037 0.043 0.040 0.050 0.779 
118 UA00032060    (4)   :  0.171 0.152 0.149 0.158 0.049 0.320 
119    pc007    (0)   :  0.309 0.142 0.239 0.158 0.064 0.090 
120 UA00030798    (4)   :  0.047 0.048 0.047 0.051 0.033 0.774 
121 UA00030778    (4)   :  0.154 0.294 0.221 0.262 0.038 0.031 
122 UA00039674    (4)   :  0.028 0.031 0.029 0.032 0.031 0.849 
123 UA00032241    (4)   :  0.291 0.194 0.246 0.201 0.037 0.032 
124 UA00011624    (0)   :  0.185 0.256 0.211 0.235 0.058 0.055 
125 UA00033779    (4)   :  0.406 0.103 0.272 0.123 0.053 0.043 
126 UA00049402    (4)   :  0.120 0.215 0.164 0.199 0.233 0.069 
127 UA00033653    (0)   :  0.431 0.091 0.288 0.105 0.048 0.037 
128 UA00047738    (0)   :  0.201 0.172 0.182 0.197 0.131 0.117 
129 UA00047502    (4)   :  0.114 0.176 0.137 0.185 0.291 0.097 
130 UA00012014    (4)   :  0.143 0.254 0.196 0.235 0.090 0.082 
131 UA00040729    (0)   :  0.305 0.159 0.229 0.171 0.048 0.088 
132 UA00030392    (4)   :  0.174 0.264 0.224 0.239 0.040 0.058 
133 UA00050033    (0)   :  0.203 0.212 0.218 0.222 0.054 0.091 
134 UA00012152    (0)   :  0.076 0.140 0.109 0.124 0.518 0.033 
135 UA00050406    (0)   :  0.184 0.225 0.190 0.246 0.073 0.083 
136 UA00047973    (0)   :  0.249 0.196 0.218 0.213 0.066 0.058 
137 UA00008051    (0)   :  0.158 0.172 0.164 0.182 0.152 0.172 
138 UA00047337    (4)   :  0.166 0.161 0.163 0.173 0.060 0.278 
139 UA00041604    (4)   :  0.158 0.183 0.170 0.198 0.137 0.153 
140 UA00031704    (4)   :  0.168 0.283 0.233 0.247 0.030 0.039 
141 UA00040423    (4)   :  0.157 0.233 0.189 0.216 0.055 0.151 
142 UA00049433    (0)   :  0.123 0.217 0.171 0.205 0.164 0.119 
143 UA00034816    (0)   :  0.122 0.267 0.199 0.220 0.138 0.053 
144 UA00050214    (0)   :  0.121 0.314 0.246 0.239 0.037 0.043 
145 UA00041073    (0)   :  0.166 0.212 0.187 0.214 0.131 0.091 
146 UA00030318    (4)   :  0.164 0.255 0.215 0.222 0.099 0.046 
147 UA00046845    (0)   :  0.119 0.233 0.184 0.214 0.179 0.071 
148 UA00063946    (0)   :  0.424 0.083 0.280 0.097 0.045 0.072 
149 UA00031374    (4)   :  0.176 0.227 0.200 0.221 0.107 0.068 
150    M1136    (4)   :  0.098 0.174 0.139 0.161 0.055 0.373 
151 UA00034299    (0)   :  0.121 0.308 0.241 0.219 0.054 0.055 
152 UA00002387    (4)   :  0.120 0.293 0.210 0.232 0.111 0.034 
153 UA00021855    (0)   :  0.237 0.181 0.213 0.201 0.084 0.083 
154 UA00014500    (0)   :  0.172 0.249 0.204 0.234 0.051 0.090 
155 UA00050419    (4)   :  0.131 0.309 0.233 0.242 0.051 0.034 
156 UA00031854    (4)   :  0.194 0.197 0.199 0.207 0.139 0.064 
157    pc011    (4)   :  0.127 0.307 0.228 0.233 0.067 0.039 
158 UA00033004    (0)   :  0.133 0.255 0.195 0.225 0.075 0.116 
159 UA00046510    (0)   :  0.134 0.215 0.179 0.208 0.213 0.050 
160 UA00048747    (0)   :  0.126 0.279 0.208 0.232 0.104 0.051 
161 UA00014293    (0)   :  0.118 0.312 0.232 0.226 0.069 0.042 
162 UA00047686    (0)   :  0.117 0.182 0.146 0.182 0.264 0.108 
163 UA00033783    (4)   :  0.166 0.087 0.124 0.100 0.147 0.375 
164 UA00042609    (4)   :  0.103 0.175 0.133 0.156 0.334 0.099 
165 UA00031169    (4)   :  0.112 0.325 0.241 0.231 0.042 0.050 
166 UA00035181    (0)   :  0.273 0.214 0.240 0.203 0.044 0.026 
167 UA00050133    (0)   :  0.163 0.241 0.202 0.234 0.089 0.070 
168  Puco011    (4)   :  0.114 0.296 0.220 0.225 0.080 0.066 
169 UA00041476    (0)   :  0.125 0.237 0.184 0.218 0.140 0.096 
170 UA00046702    (0)   :  0.131 0.304 0.227 0.249 0.047 0.041 
171 UA00019940    (0)   :  0.164 0.228 0.189 0.221 0.106 0.091 
172 UA00049813    (0)   :  0.261 0.179 0.224 0.185 0.061 0.090 
173 UA00064165    (0)   :  0.104 0.115 0.106 0.122 0.468 0.086 
174 UA00064421    (0)   :  0.113 0.179 0.140 0.176 0.361 0.032 
175 UA00064569    (4)   :  0.197 0.257 0.225 0.238 0.052 0.031 
176 UA00003996    (0)   :  0.118 0.211 0.168 0.188 0.248 0.066 
177 UA00064491    (4)   :  0.168 0.251 0.215 0.223 0.103 0.040 
178 UA00011899    (0)   :  0.178 0.242 0.193 0.250 0.054 0.083 
179  Puco015    (4)   :  0.140 0.211 0.173 0.201 0.076 0.198 
180 UA00047929    (4)   :  0.314 0.176 0.249 0.177 0.032 0.053 
181 UA00056669    (0)   :  0.161 0.238 0.187 0.241 0.120 0.053 
182 UA00050176    (0)   :  0.143 0.220 0.171 0.223 0.139 0.104 
183  Puco014    (4)   :  0.234 0.175 0.197 0.197 0.114 0.083 
184 UA00019608    (0)   :  0.130 0.274 0.191 0.224 0.125 0.055 
185 UA00064333    (0)   :  0.125 0.292 0.200 0.241 0.081 0.060 
186  Puco013    (4)   :  0.136 0.206 0.155 0.197 0.241 0.064 
187 UA00016092    (0)   :  0.158 0.297 0.235 0.243 0.037 0.030 
188 UA00019060    (0)   :  0.070 0.088 0.077 0.089 0.517 0.158 
189 UA00063532    (0)   :  0.185 0.202 0.191 0.214 0.107 0.101 
190 UA00064117    (0)   :  0.085 0.111 0.095 0.112 0.312 0.284 
191 UA00011969    (0)   :  0.185 0.188 0.186 0.218 0.122 0.101 
192 UA00034586    (4)   :  0.250 0.206 0.232 0.214 0.048 0.049 
193 UA00030736    (4)   :  0.158 0.253 0.195 0.257 0.058 0.078 
194 UA00048493    (0)   :  0.161 0.224 0.199 0.229 0.070 0.118 
195 UA00040466    (0)   :  0.059 0.064 0.061 0.067 0.708 0.042 
196 UA00047659    (0)   :  0.211 0.222 0.193 0.245 0.081 0.048 
197 UA00042002    (4)   :  0.166 0.135 0.147 0.155 0.078 0.319 
198 UA00062606    (0)   :  0.141 0.200 0.162 0.193 0.218 0.086 
199 UA00030615    (4)   :  0.059 0.067 0.062 0.073 0.705 0.035 
200 UA00048899    (0)   :  0.193 0.224 0.191 0.240 0.085 0.067 
201 UA00047725    (0)   :  0.028 0.028 0.027 0.029 0.855 0.033 
202 UA00030866    (4)   :  0.167 0.219 0.176 0.238 0.137 0.064 
203 UA00034564    (0)   :  0.143 0.246 0.192 0.244 0.106 0.069 
204 UA00046520    (0)   :  0.415 0.102 0.282 0.117 0.047 0.038 
205 UA00035027    (0)   :  0.194 0.177 0.175 0.202 0.147 0.106 
206 UA00035421    (0)   :  0.096 0.172 0.131 0.154 0.401 0.047 
207 UA00062740    (4)   :  0.150 0.162 0.138 0.188 0.210 0.152 
208 UA00012360    (0)   :  0.051 0.060 0.053 0.063 0.733 0.039 
209 UA00050203    (0)   :  0.230 0.203 0.220 0.211 0.063 0.074 
210 UA00040534    (4)   :  0.077 0.098 0.084 0.111 0.371 0.258 
211 UA00031261    (4)   :  0.061 0.074 0.063 0.082 0.560 0.159 
212 UA00031917    (4)   :  0.073 0.093 0.074 0.099 0.382 0.279 
213 UA00040798    (4)   :  0.123 0.112 0.119 0.120 0.421 0.104 
214 UA00030598    (4)   :  0.121 0.130 0.126 0.146 0.379 0.099 
215 UA00050385    (0)   :  0.137 0.248 0.176 0.231 0.136 0.072 
216 UA00058283    (0)   :  0.048 0.046 0.044 0.049 0.739 0.075 
217 UA00042297    (4)   :  0.106 0.105 0.107 0.114 0.172 0.396 
218 UA00015415    (4)   :  0.039 0.048 0.041 0.048 0.787 0.037 
219 UA00035531    (0)   :  0.057 0.072 0.061 0.074 0.615 0.121 
220 UA00048683    (0)   :  0.069 0.089 0.079 0.088 0.628 0.047 
221 UA00046734    (4)   :  0.047 0.052 0.048 0.056 0.746 0.051 
222   pcRF01    (0)   :  0.106 0.347 0.244 0.232 0.048 0.024 
223 UA00007223    (0)   :  0.114 0.181 0.140 0.179 0.272 0.113 
224 UA00013841    (0)   :  0.172 0.181 0.166 0.185 0.049 0.247 
225 UA00014196    (0)   :  0.057 0.078 0.066 0.080 0.635 0.084 
226 UA00034635    (0)   :  0.178 0.242 0.203 0.253 0.075 0.049 
227 UA00047371    (0)   :  0.171 0.134 0.151 0.157 0.084 0.303 
228 UA00063544    (0)   :  0.178 0.140 0.156 0.153 0.080 0.292 
229 UA00064246    (0)   :  0.180 0.148 0.158 0.163 0.222 0.130 
230 UA00064328    (0)   :  0.125 0.163 0.138 0.173 0.244 0.157 
231 UA00002952    (0)   :  0.117 0.132 0.120 0.152 0.279 0.199 
232 UA00064079    (0)   :  0.145 0.181 0.163 0.202 0.102 0.208 
233 UA00046793    (0)   :  0.097 0.142 0.115 0.144 0.302 0.199 
234 UA00034769    (0)   :  0.127 0.083 0.106 0.093 0.121 0.469 
235 UA00034949    (0)   :  0.104 0.173 0.136 0.175 0.316 0.096 
236 UA00063753    (0)   :  0.287 0.106 0.208 0.131 0.127 0.141 
237 UA00015713    (0)   :  0.218 0.142 0.182 0.168 0.060 0.229 
238 UA00003494    (0)   :  0.101 0.237 0.168 0.193 0.181 0.120 
239 UA00056767    (0)   :  0.416 0.106 0.292 0.121 0.040 0.024 
240 UA00014461    (0)   :  0.130 0.166 0.148 0.165 0.272 0.118 
241 UA00034669    (0)   :  0.113 0.105 0.102 0.125 0.377 0.179 
242 UA00048164    (0)   :  0.155 0.187 0.161 0.175 0.275 0.047 
243 UA00007974    (0)   :  0.320 0.117 0.216 0.141 0.069 0.137 
244 UA00016166    (0)   :  0.099 0.170 0.137 0.163 0.071 0.360 
245 UA00015653    (0)   :  0.105 0.116 0.096 0.134 0.203 0.346 
246 UA00063882    (0)   :  0.095 0.119 0.105 0.128 0.412 0.142 
247 UA00049027    (0)   :  0.139 0.118 0.124 0.134 0.115 0.369 
248 UA00018878    (0)   :  0.191 0.107 0.142 0.127 0.051 0.381 
249 UA00038796    (0)   :  0.144 0.121 0.120 0.141 0.394 0.081 
250 UA00013465    (0)   :  0.076 0.080 0.071 0.087 0.618 0.069 
251 UA00014604    (0)   :  0.168 0.130 0.143 0.158 0.258 0.144 
252 UA00041913    (0)   :  0.212 0.100 0.164 0.117 0.080 0.326 
253 UA00021632    (0)   :  0.076 0.085 0.077 0.093 0.097 0.572 
254 UA00064027    (0)   :  0.136 0.168 0.138 0.195 0.157 0.206 
255 UA00015023    (0)   :  0.127 0.232 0.181 0.212 0.186 0.062 
256 UA00050243    (0)   :  0.115 0.161 0.123 0.170 0.085 0.345 
257 UA00048298    (0)   :  0.162 0.227 0.186 0.217 0.101 0.106 
258 UA00050437    (0)   :  0.129 0.165 0.141 0.186 0.295 0.084 
259 UA00014262    (0)   :  0.141 0.184 0.156 0.191 0.100 0.229 
260 UA00049129    (0)   :  0.237 0.170 0.215 0.188 0.063 0.127 
261 UA00014740    (0)   :  0.252 0.145 0.202 0.163 0.118 0.120 
262 UA00049612    (0)   :  0.068 0.060 0.065 0.064 0.097 0.645 
263 UA00014635    (0)   :  0.403 0.115 0.275 0.129 0.044 0.035 
264 UA00014673    (0)   :  0.141 0.119 0.122 0.139 0.239 0.241 
265 UA00033608    (0)   :  0.131 0.090 0.112 0.101 0.100 0.466 
266 UA00064540    (0)   :  0.336 0.114 0.236 0.135 0.112 0.067 
267 UA00050256    (0)   :  0.119 0.147 0.119 0.171 0.197 0.247 
268 UA00015274    (0)   :  0.160 0.230 0.197 0.234 0.113 0.066 
269 UA00062993    (0)   :  0.273 0.166 0.217 0.194 0.113 0.037 
270 UA00038364    (0)   :  0.206 0.153 0.176 0.176 0.108 0.181 
271 UA00014446    (0)   :  0.196 0.231 0.209 0.259 0.061 0.044 
272 UA00063545    (0)   :  0.069 0.077 0.069 0.081 0.171 0.534 
273 UA00040054    (0)   :  0.163 0.247 0.206 0.226 0.046 0.112 
274 UA00058447    (0)   :  0.275 0.173 0.209 0.197 0.063 0.084 
275 UA00046835    (0)   :  0.298 0.161 0.230 0.184 0.065 0.064 
276 UA00014608    (0)   :  0.232 0.193 0.199 0.222 0.093 0.061 
277    pc012    (0)   :  0.193 0.177 0.175 0.201 0.147 0.106 
278    pc002    (0)   :  0.105 0.117 0.105 0.133 0.095 0.445 
279 UA00033690    (0)   :  0.286 0.085 0.192 0.100 0.060 0.277 
280 UA00013688    (0)   :  0.193 0.187 0.182 0.210 0.138 0.091 
281 UA00063666    (0)   :  0.383 0.092 0.254 0.106 0.028 0.137 
282 UA00063292    (0)   :  0.433 0.098 0.281 0.109 0.039 0.041 
283    pc001    (0)   :  0.202 0.198 0.186 0.218 0.121 0.074 
284    pc008    (0)   :  0.268 0.164 0.213 0.189 0.081 0.084 
285 UA00034316    (0)   :  0.089 0.154 0.126 0.152 0.241 0.239 
286 UA00013046    (0)   :  0.270 0.205 0.243 0.194 0.034 0.054 
287 UA00050241    (0)   :  0.361 0.140 0.258 0.160 0.028 0.053 
288 UA00048599    (0)   :  0.335 0.155 0.241 0.183 0.045 0.041 
289 UA00046649    (0)   :  0.122 0.114 0.113 0.120 0.053 0.478 
290 UA00015674    (0)   :  0.135 0.070 0.103 0.082 0.080 0.530 
291 UA00013177    (0)   :  0.251 0.124 0.193 0.142 0.143 0.149 
292 UA00012814    (0)   :  0.163 0.239 0.190 0.228 0.105 0.074 
293 UA00034654    (0)   :  0.226 0.223 0.219 0.231 0.050 0.050 
294 UA00046743    (0)   :  0.345 0.150 0.252 0.148 0.055 0.051 
295 UA00014854    (0)   :  0.304 0.115 0.202 0.127 0.027 0.225 
296 UA00013729    (0)   :  0.149 0.259 0.211 0.231 0.074 0.076 
297 UA00063483    (0)   :  0.273 0.185 0.228 0.213 0.042 0.060 
298 UA00039326    (0)   :  0.216 0.161 0.184 0.172 0.058 0.208 
299 UA00014742    (0)   :  0.323 0.148 0.256 0.177 0.037 0.059 
300 UA00049597    (0)   :  0.147 0.087 0.112 0.094 0.025 0.536 
301 UA00048067    (0)   :  0.253 0.133 0.192 0.160 0.096 0.166 
302 UA00012918    (0)   :  0.310 0.081 0.200 0.091 0.029 0.289 
303 UA00013487    (0)   :  0.104 0.354 0.250 0.228 0.030 0.034 
304 UA00046759    (0)   :  0.147 0.144 0.144 0.165 0.229 0.170 
305 UA00050164    (0)   :  0.064 0.091 0.077 0.085 0.058 0.625 
306 UA00049839    (0)   :  0.296 0.156 0.250 0.179 0.069 0.050 
307 UA00048444    (0)   :  0.408 0.075 0.269 0.087 0.043 0.119 
308 UA00063857    (0)   :  0.279 0.180 0.237 0.196 0.030 0.078 
309 UA00014921    (0)   :  0.123 0.097 0.112 0.107 0.031 0.530 
310 UA00048895    (0)   :  0.136 0.099 0.119 0.112 0.064 0.470 
311 UA00014556    (0)   :  0.175 0.175 0.161 0.201 0.213 0.076 
312    pc009    (0)   :  0.423 0.101 0.292 0.114 0.026 0.045 
313 UA00014959    (0)   :  0.134 0.085 0.105 0.094 0.042 0.541 
314 UA00020709    (0)   :  0.203 0.174 0.177 0.188 0.070 0.188 
315 UA00013126    (0)   :  0.040 0.033 0.035 0.035 0.039 0.818 
316 UA00013695    (0)   :  0.048 0.046 0.046 0.049 0.039 0.773 
317 UA00049344    (0)   :  0.092 0.094 0.083 0.103 0.065 0.564 
318 UA00047614    (0)   :  0.052 0.047 0.048 0.052 0.124 0.677 
319 UA00014221    (0)   :  0.389 0.130 0.278 0.145 0.034 0.025 
320 UA00014346    (0)   :  0.351 0.115 0.241 0.132 0.077 0.084 
321 UA00014245    (0)   :  0.223 0.114 0.155 0.118 0.042 0.348 
322 UA00014696    (0)   :  0.033 0.041 0.037 0.040 0.061 0.788 
323 UA00006991    (0)   :  0.154 0.241 0.194 0.242 0.115 0.054 
324 UA00048948    (0)   :  0.183 0.219 0.193 0.242 0.095 0.068 
325 UA00002239    (0)   :  0.136 0.248 0.183 0.228 0.125 0.080 
326 UA00063459    (0)   :  0.424 0.099 0.270 0.112 0.028 0.067 
327 UA00048356    (0)   :  0.242 0.142 0.195 0.182 0.155 0.085 
328 UA00063940    (0)   :  0.149 0.215 0.186 0.227 0.150 0.073 
329 UA00048130    (0)   :  0.336 0.134 0.259 0.160 0.062 0.049 
330 UA00048903    (0)   :  0.214 0.256 0.241 0.223 0.036 0.030 
331 UA00064643    (0)   :  0.189 0.215 0.201 0.210 0.093 0.092 
332 UA00050233    (0)   :  0.206 0.210 0.202 0.205 0.126 0.052 
333 UA00012507    (0)   :  0.144 0.202 0.164 0.211 0.236 0.043 
334 UA00064416    (0)   :  0.130 0.307 0.229 0.236 0.056 0.042 
335 UA00034724    (0)   :  0.214 0.219 0.217 0.221 0.079 0.049 
336 UA00002621    (0)   :  0.260 0.203 0.232 0.215 0.048 0.043 
337 UA00033203    (0)   :  0.115 0.317 0.224 0.227 0.052 0.066 
338 UA00011996    (0)   :  0.203 0.216 0.194 0.236 0.045 0.105 
339 UA00014408    (0)   :  0.111 0.164 0.137 0.168 0.357 0.062 
340 UA00049502    (0)   :  0.211 0.174 0.200 0.204 0.161 0.050 
341 UA00062695    (0)   :  0.277 0.135 0.207 0.153 0.097 0.131 
342 UA00014072    (0)   :  0.311 0.142 0.246 0.162 0.063 0.075 
343 UA00003334    (0)   :  0.312 0.177 0.250 0.171 0.038 0.051 
344 UA00013835    (0)   :  0.235 0.177 0.198 0.205 0.075 0.110 
345 UA00046760    (0)   :  0.203 0.148 0.183 0.168 0.052 0.245 
346 UA00014241    (0)   :  0.217 0.222 0.221 0.226 0.070 0.044 
347 UA00049585    (0)   :  0.280 0.183 0.240 0.214 0.030 0.053 
348 UA00013409    (0)   :  0.291 0.108 0.214 0.122 0.193 0.071 
349 UA00047548    (0)   :  0.195 0.250 0.210 0.244 0.035 0.065 
350 UA00049038    (0)   :  0.135 0.112 0.124 0.128 0.119 0.382 
351 UA00047612    (0)   :  0.201 0.215 0.204 0.242 0.088 0.051 
352 UA00014822    (0)   :  0.117 0.105 0.102 0.122 0.180 0.373 
353 UA00035299    (0)   :  0.166 0.250 0.210 0.229 0.070 0.074 
354 UA00012804    (0)   :  0.125 0.127 0.120 0.138 0.081 0.410 
355 UA00049578    (0)   :  0.189 0.182 0.182 0.206 0.182 0.058 
356 UA00047672    (0)   :  0.107 0.324 0.231 0.232 0.066 0.041 
357 UA00043961    (0)   :  0.077 0.065 0.072 0.071 0.085 0.629 
358 UA00064575    (0)   :  0.212 0.140 0.181 0.163 0.239 0.065 
359 UA00014732    (0)   :  0.170 0.247 0.202 0.243 0.097 0.042 
360 UA00050181    (0)   :  0.164 0.261 0.196 0.253 0.095 0.032 
361 UA00033369    (0)   :  0.112 0.171 0.134 0.166 0.104 0.313 
362 UA00011982    (0)   :  0.125 0.323 0.255 0.239 0.028 0.030 
363 UA00014590    (0)   :  0.127 0.233 0.180 0.222 0.094 0.146 
364 UA00047743    (0)   :  0.142 0.305 0.221 0.243 0.041 0.047 
365 UA00046621    (0)   :  0.151 0.303 0.234 0.242 0.030 0.040 
366 UA00050422    (0)   :  0.165 0.207 0.177 0.215 0.181 0.055 
367 UA00002760    (0)   :  0.209 0.200 0.206 0.206 0.056 0.122 
368 UA00012999    (0)   :  0.146 0.225 0.188 0.227 0.050 0.164 
369 UA00063838    (0)   :  0.237 0.216 0.228 0.214 0.062 0.043 
370 UA00003729    (0)   :  0.171 0.108 0.137 0.130 0.208 0.246 
371 UA00015348    (0)   :  0.317 0.122 0.242 0.143 0.081 0.095 
372 UA00019058    (0)   :  0.343 0.108 0.237 0.120 0.125 0.067 
373 UA00049549    (0)   :  0.390 0.076 0.256 0.090 0.029 0.158 
374 UA00014334    (0)   :  0.139 0.236 0.184 0.215 0.150 0.077 
375 UA00014350    (0)   :  0.105 0.352 0.266 0.230 0.023 0.024 
376 UA00049227    (0)   :  0.123 0.167 0.131 0.185 0.134 0.260 
377 UA00014051    (0)   :  0.118 0.253 0.191 0.205 0.199 0.033 
378 UA00034381    (0)   :  0.191 0.204 0.203 0.213 0.131 0.057 
379 UA00002354    (0)   :  0.126 0.336 0.236 0.229 0.040 0.034 
380 UA00049892    (0)   :  0.260 0.183 0.222 0.174 0.035 0.125 
381 UA00021989    (0)   :  0.188 0.248 0.223 0.225 0.080 0.035 
382 UA00048968    (0)   :  0.170 0.263 0.206 0.232 0.083 0.046 
383 UA00013174    (0)   :  0.146 0.265 0.212 0.218 0.090 0.068 
384 UA00033992    (0)   :  0.122 0.215 0.158 0.199 0.049 0.257 
385 UA00015801    (0)   :  0.144 0.311 0.256 0.239 0.027 0.024 
386 UA00063303    (0)   :  0.188 0.116 0.154 0.130 0.082 0.330 
387 UA00050206    (0)   :  0.388 0.123 0.285 0.133 0.044 0.027 
388 UA00014458    (0)   :  0.205 0.187 0.198 0.193 0.095 0.123 
389 UA00007204    (0)   :  0.338 0.144 0.236 0.151 0.043 0.088 
390 UA00063212    (0)   :  0.198 0.113 0.164 0.131 0.164 0.230 
391 UA00013340    (0)   :  0.196 0.195 0.185 0.221 0.052 0.151 
392 UA00062743    (0)   :  0.125 0.264 0.197 0.224 0.152 0.040 
393 UA00063189    (0)   :  0.081 0.109 0.094 0.109 0.525 0.083 
394 UA00035432    (0)   :  0.263 0.199 0.248 0.200 0.043 0.047 
395 UA00007958    (0)   :  0.185 0.259 0.225 0.238 0.050 0.043 
396 UA00013634    (0)   :  0.133 0.288 0.225 0.237 0.082 0.036 
397 UA00048175    (0)   :  0.105 0.341 0.256 0.225 0.051 0.021 
398 UA00003202    (0)   :  0.207 0.222 0.215 0.240 0.060 0.057 
399 UA00035090    (0)   :  0.228 0.185 0.202 0.183 0.133 0.068 
400 UA00064679    (0)   :  0.113 0.151 0.134 0.147 0.381 0.075 
401 UA00039518    (0)   :  0.189 0.258 0.225 0.218 0.052 0.059 
402 UA00058268    (0)   :  0.177 0.234 0.197 0.250 0.076 0.065 
403 UA00049456    (0)   :  0.188 0.146 0.171 0.162 0.070 0.263 
404 UA00049550    (0)   :  0.271 0.150 0.225 0.167 0.145 0.041 
405 UA00048342    (0)   :  0.192 0.171 0.176 0.189 0.080 0.193 
406 UA00063493    (0)   :  0.218 0.239 0.227 0.237 0.043 0.035 
407 UA00058261    (0)   :  0.115 0.254 0.193 0.210 0.183 0.044 
408 UA00014663    (0)   :  0.147 0.254 0.185 0.242 0.102 0.071 
409 UA00048817    (0)   :  0.112 0.207 0.162 0.190 0.083 0.245 
410 UA00049381    (0)   :  0.128 0.282 0.223 0.232 0.096 0.040 
411 UA00035901    (0)   :  0.137 0.158 0.138 0.175 0.319 0.073 
412 UA00013301    (0)   :  0.330 0.112 0.242 0.131 0.113 0.072 
413 UA00047926    (0)   :  0.111 0.251 0.186 0.213 0.135 0.103 
414 UA00007272    (0)   :  0.111 0.215 0.164 0.184 0.251 0.076 
415 UA00016041    (0)   :  0.256 0.173 0.221 0.183 0.058 0.110 
416 UA00013502    (0)   :  0.195 0.234 0.224 0.217 0.097 0.032 
417 UA00002390    (0)   :  0.150 0.210 0.177 0.220 0.069 0.174 
418 UA00034907    (0)   :  0.199 0.211 0.188 0.246 0.110 0.047 
419 UA00048821    (0)   :  0.137 0.172 0.150 0.177 0.166 0.198 
420 UA00002136    (0)   :  0.211 0.148 0.180 0.175 0.098 0.188 
421 UA00011790    (0)   :  0.142 0.263 0.199 0.229 0.098 0.068 
422 UA00021586    (0)   :  0.147 0.165 0.153 0.172 0.102 0.261 
423 UA00033270    (0)   :  0.191 0.208 0.201 0.221 0.108 0.071 
424 UA00048073    (0)   :  0.227 0.198 0.215 0.206 0.079 0.074 
425 UA00048856    (0)   :  0.187 0.190 0.189 0.196 0.174 0.063 
426 UA00049713    (0)   :  0.134 0.276 0.212 0.232 0.085 0.062 
427 UA00046885    (0)   :  0.237 0.206 0.218 0.210 0.059 0.070 
428 UA00034893    (0)   :  0.209 0.238 0.228 0.224 0.047 0.055 
429 UA00048011    (0)   :  0.163 0.246 0.206 0.234 0.121 0.030 
430 UA00015786    (0)   :  0.127 0.176 0.145 0.177 0.260 0.116 
431 UA00013162    (0)   :  0.120 0.255 0.192 0.216 0.152 0.065 
432 UA00049512    (0)   :  0.233 0.171 0.205 0.191 0.108 0.091 
433 UA00004046    (0)   :  0.133 0.292 0.236 0.240 0.066 0.033 
434 UA00048881    (0)   :  0.119 0.146 0.127 0.159 0.255 0.194 
435 UA00046610    (0)   :  0.131 0.189 0.159 0.190 0.148 0.181 
436 UA00033282    (0)   :  0.190 0.185 0.183 0.208 0.135 0.098 
437 UA00047561    (0)   :  0.137 0.290 0.210 0.247 0.068 0.049 
438 UA00013777    (0)   :  0.137 0.215 0.169 0.193 0.243 0.043 
439 UA00062849    (0)   :  0.340 0.134 0.251 0.159 0.057 0.059 
440 UA00049786    (0)   :  0.109 0.305 0.232 0.224 0.099 0.030 
441 UA00033246    (0)   :  0.412 0.107 0.291 0.120 0.030 0.039 
442 UA00045302    (0)   :  0.182 0.234 0.199 0.248 0.053 0.084 
443 UA00048637    (0)   :  0.121 0.295 0.215 0.229 0.096 0.044 
444 UA00049832    (0)   :  0.250 0.136 0.191 0.150 0.050 0.223 
445 UA00022023    (0)   :  0.151 0.215 0.172 0.221 0.076 0.166 
446 UA00050192    (0)   :  0.137 0.183 0.151 0.196 0.067 0.266 
447 UA00050413    (0)   :  0.209 0.210 0.208 0.215 0.094 0.063 
448 UA00013445    (0)   :  0.177 0.278 0.219 0.248 0.045 0.033 
449 UA00035496    (0)   :  0.167 0.159 0.153 0.171 0.283 0.066 
450 UA00003333    (0)   :  0.106 0.147 0.127 0.156 0.330 0.135 
451 UA00064008    (0)   :  0.123 0.176 0.146 0.182 0.329 0.044 
452 UA00003427    (0)   :  0.150 0.168 0.152 0.175 0.116 0.238 
453 UA00028092    (0)   :  0.126 0.131 0.127 0.141 0.178 0.298 
454    pc003    (0)   :  0.058 0.068 0.061 0.070 0.620 0.121 
455 UA00034440    (0)   :  0.294 0.152 0.235 0.168 0.102 0.050 
456 UA00026062    (0)   :  0.115 0.302 0.233 0.221 0.060 0.070 
457 UA00014347    (0)   :  0.203 0.166 0.167 0.190 0.161 0.113 
458 UA00021516    (0)   :  0.133 0.296 0.222 0.245 0.055 0.049 
459 UA00049347    (0)   :  0.105 0.164 0.131 0.156 0.392 0.052 
460 UA00063436    (0)   :  0.171 0.099 0.138 0.110 0.419 0.062 
461 UA00047790    (0)   :  0.144 0.266 0.197 0.252 0.085 0.056 
462 UA00045714    (0)   :  0.110 0.156 0.129 0.166 0.300 0.138 
463 UA00038979    (0)   :  0.290 0.118 0.210 0.134 0.070 0.178 
464 UA00016123    (0)   :  0.134 0.212 0.164 0.209 0.173 0.108 
465 UA00034765    (0)   :  0.048 0.066 0.057 0.067 0.731 0.030 
466 UA00063815    (0)   :  0.090 0.075 0.079 0.086 0.523 0.146 
467 UA00034795    (0)   :  0.303 0.147 0.238 0.166 0.084 0.063 
468 UA00004000    (0)   :  0.072 0.073 0.071 0.081 0.652 0.051 
469 UA00049367    (0)   :  0.260 0.161 0.216 0.179 0.146 0.038 
470 UA00034457    (0)   :  0.171 0.248 0.207 0.248 0.053 0.073 
471 UA00050015    (0)   :  0.247 0.150 0.201 0.177 0.111 0.114 
472 UA00021373    (0)   :  0.184 0.219 0.200 0.230 0.094 0.074 
473 UA00050232    (0)   :  0.071 0.071 0.067 0.077 0.584 0.131 
474 UA00038724    (0)   :  0.209 0.172 0.188 0.197 0.059 0.175 
475 UA00007824    (0)   :  0.121 0.228 0.174 0.199 0.134 0.145 
476 UA00048754    (0)   :  0.136 0.230 0.178 0.211 0.212 0.033 
477 UA00014271    (0)   :  0.183 0.210 0.204 0.220 0.074 0.110 
478 UA00013756    (0)   :  0.218 0.115 0.173 0.134 0.210 0.151 
479 UA00014385    (0)   :  0.101 0.145 0.118 0.148 0.330 0.158 
480 UA00049609    (0)   :  0.298 0.159 0.239 0.173 0.070 0.060 
481 UA00003748    (0)   :  0.105 0.156 0.132 0.151 0.412 0.044 
482 UA00063952    (0)   :  0.132 0.169 0.149 0.175 0.340 0.036 
483 UA00058348    (0)   :  0.104 0.100 0.104 0.113 0.546 0.033 
484 UA00014922    (0)   :  0.060 0.063 0.062 0.066 0.689 0.061 
485 UA00003820    (0)   :  0.132 0.245 0.198 0.222 0.170 0.032 
486 UA00013693    (0)   :  0.134 0.189 0.155 0.198 0.206 0.119 
487 UA00047713    (0)   :  0.061 0.088 0.076 0.085 0.654 0.036 
488 UA00034891    (0)   :  0.139 0.116 0.117 0.141 0.414 0.074 
489 UA00049223    (0)   :  0.132 0.149 0.147 0.158 0.358 0.055 
490 UA00064399    (0)   :  0.037 0.051 0.041 0.054 0.551 0.267 
491 UA00013336    (0)   :  0.054 0.053 0.051 0.058 0.685 0.099 
492 UA00035291    (0)   :  0.050 0.065 0.052 0.070 0.685 0.078 
493 UA00003945    (0)   :  0.069 0.089 0.074 0.087 0.603 0.077 
494 UA00014518    (0)   :  0.081 0.127 0.103 0.122 0.501 0.067 
495 UA00013583    (0)   :  0.090 0.080 0.084 0.092 0.197 0.457 
496 UA00011510    (0)   :  0.095 0.120 0.104 0.126 0.458 0.097 
497 UA00046860    (0)   :  0.102 0.175 0.141 0.167 0.329 0.086 
498 UA00048853    (0)   :  0.093 0.125 0.108 0.131 0.360 0.183 
499 UA00012151    (0)   :  0.051 0.067 0.057 0.071 0.703 0.050 
500 UA00063930    (0)   :  0.137 0.085 0.113 0.097 0.142 0.425 
501 UA00013453    (0)   :  0.128 0.154 0.137 0.148 0.284 0.148 
502 UA00039299    (0)   :  0.045 0.050 0.045 0.051 0.752 0.056 
503 UA00014280    (0)   :  0.041 0.038 0.039 0.042 0.813 0.027 
504 UA00014200    (0)   :  0.065 0.112 0.096 0.106 0.573 0.047 
505 UA00040612    (0)   :  0.044 0.052 0.045 0.055 0.677 0.126 
506 UA00062679    (0)   :  0.047 0.051 0.048 0.055 0.716 0.083 
507 UA00034481    (0)   :  0.062 0.074 0.068 0.081 0.670 0.044 
508 UA00011880    (0)   :  0.216 0.094 0.164 0.114 0.094 0.317 
509 UA00013421    (0)   :  0.039 0.048 0.040 0.052 0.652 0.170 
510 UA00048051    (0)   :  0.032 0.036 0.034 0.038 0.820 0.041 
511 UA00063370    (0)   :  0.037 0.040 0.037 0.044 0.708 0.133 
512 UA00014716    (0)   :  0.048 0.049 0.047 0.054 0.717 0.085 
513 UA00033426    (0)   :  0.066 0.124 0.098 0.113 0.433 0.166 
514 UA00015190    (0)   :  0.045 0.054 0.047 0.058 0.560 0.236 
515 UA00013730    (0)   :  0.213 0.208 0.207 0.218 0.056 0.098 
516 UA00047644    (4)   :  0.084 0.098 0.084 0.116 0.456 0.161 
517 UA00031933    (9)   :  0.150 0.244 0.193 0.231 0.121 0.061 
518 UA00031541    (9)   :  0.110 0.121 0.116 0.128 0.395 0.131 
519   PCO-60    (4)   :  0.203 0.190 0.186 0.188 0.180 0.053 
520 UA00030495    (4)   :  0.174 0.173 0.163 0.187 0.167 0.136 
521 UA00031133    (4)   :  0.443 0.091 0.280 0.101 0.034 0.051 
522 UA00032049    (4)   :  0.143 0.145 0.130 0.158 0.104 0.320 
523 UA00030599    (4)   :  0.369 0.089 0.241 0.107 0.081 0.112 
524 UA00030250    (4)   :  0.144 0.296 0.218 0.243 0.057 0.042 
525 UA00049385    (4)   :  0.277 0.125 0.194 0.146 0.117 0.142 
526 UA00031816    (4)   :  0.454 0.084 0.275 0.098 0.041 0.048 
527 UA00030275    (4)   :  0.151 0.215 0.182 0.208 0.108 0.136 
528 UA00041861    (4)   :  0.160 0.217 0.185 0.217 0.116 0.104 
529 UA00041433    (4)   :  0.192 0.251 0.220 0.249 0.052 0.035 
530  PCO-114    (4)   :  0.128 0.268 0.197 0.219 0.143 0.045 
531 UA00031529    (4)   :  0.224 0.201 0.209 0.214 0.096 0.056 
532 UA00039719    (4)   :  0.170 0.243 0.207 0.221 0.112 0.048 
533  PCO-442    (4)   :  0.136 0.305 0.242 0.237 0.046 0.034 
534   PCO-58    (0)   :  0.103 0.296 0.211 0.219 0.101 0.071 
535 UA00048673    (4)   :  0.183 0.196 0.179 0.220 0.157 0.066 
536   PCO-63    (4)   :  0.229 0.217 0.224 0.208 0.084 0.037 


Estimated Allele Frequencies in each cluster
First column gives estimated ancestral frequencies


Locus 1 : PP01 
2 alleles
0.0% missing data
   1   (0.592) 0.551 0.615 0.582 0.601 0.330 0.886 
   2   (0.408) 0.449 0.385 0.418 0.399 0.670 0.114 

Locus 2 : PP02 
2 alleles
0.0% missing data
   1   (0.914) 0.901 0.915 0.903 0.914 0.967 0.991 
   2   (0.086) 0.099 0.085 0.097 0.086 0.033 0.009 

Locus 3 : PP03 
2 alleles
18.3% missing data
   1   (0.788) 0.737 0.814 0.774 0.801 0.975 0.935 
   2   (0.212) 0.263 0.186 0.226 0.199 0.025 0.065 

Locus 4 : PP04 
2 alleles
0.4% missing data
   1   (0.717) 0.558 0.733 0.640 0.721 0.962 0.650 
   2   (0.283) 0.442 0.267 0.360 0.279 0.038 0.350 

Locus 5 : PP06 
2 alleles
0.0% missing data
   1   (0.657) 0.706 0.628 0.668 0.652 0.610 0.653 
   2   (0.343) 0.294 0.372 0.332 0.348 0.390 0.347 

Locus 6 : PP07 
2 alleles
0.0% missing data
   1   (0.688) 0.606 0.702 0.652 0.691 0.954 0.899 
   2   (0.312) 0.394 0.298 0.348 0.309 0.046 0.101 

Locus 7 : PP09 
2 alleles
0.0% missing data
   1   (0.480) 0.644 0.426 0.538 0.462 0.058 0.617 
   2   (0.520) 0.356 0.574 0.462 0.538 0.942 0.383 

Locus 8 : PP10 
2 alleles
0.0% missing data
   1   (0.183) 0.105 0.145 0.113 0.161 0.395 0.424 
   2   (0.817) 0.895 0.855 0.887 0.839 0.605 0.576 

Locus 9 : PP11 
2 alleles
0.0% missing data
   1   (0.694) 0.773 0.636 0.707 0.671 0.817 0.825 
   2   (0.306) 0.227 0.364 0.293 0.329 0.183 0.175 

Locus 10 : PP12 
2 alleles
0.2% missing data
   1   (0.417) 0.479 0.428 0.454 0.424 0.101 0.264 
   2   (0.583) 0.521 0.572 0.546 0.576 0.899 0.736 

Locus 11 : PP13 
2 alleles
0.0% missing data
   1   (0.166) 0.102 0.157 0.127 0.156 0.138 0.513 
   2   (0.834) 0.898 0.843 0.873 0.844 0.862 0.487 

Locus 12 : PP14 
2 alleles
0.2% missing data
   1   (0.875) 0.919 0.843 0.877 0.861 0.917 0.970 
   2   (0.125) 0.081 0.157 0.123 0.139 0.083 0.030 

Locus 13 : PP15 
2 alleles
0.0% missing data
   1   (0.896) 0.897 0.930 0.923 0.915 0.928 0.365 
   2   (0.104) 0.103 0.070 0.077 0.085 0.072 0.635 

Locus 14 : PP16 
2 alleles
0.0% missing data
   1   (0.503) 0.617 0.509 0.578 0.512 0.406 0.427 
   2   (0.497) 0.383 0.491 0.422 0.488 0.594 0.573 

Locus 15 : PP17 
2 alleles
0.2% missing data
   1   (0.654) 0.618 0.661 0.635 0.658 0.495 0.852 
   2   (0.346) 0.382 0.339 0.365 0.342 0.505 0.148 

Locus 16 : PP18 
2 alleles
0.7% missing data
   1   (0.757) 0.793 0.727 0.755 0.743 0.924 0.899 
   2   (0.243) 0.207 0.273 0.245 0.257 0.076 0.101 

Locus 17 : PP20 
2 alleles
0.0% missing data
   1   (0.625) 0.631 0.647 0.645 0.637 0.500 0.654 
   2   (0.375) 0.369 0.353 0.355 0.363 0.500 0.346 

Locus 18 : PP21 
2 alleles
14.9% missing data
   1   (0.870) 0.807 0.866 0.837 0.870 0.990 0.976 
   2   (0.130) 0.193 0.134 0.163 0.130 0.010 0.024 

Locus 19 : PP22 
2 alleles
1.3% missing data
   1   (0.442) 0.298 0.543 0.426 0.486 0.114 0.052 
   2   (0.558) 0.702 0.457 0.574 0.514 0.886 0.948 

Locus 20 : PP23 
2 alleles
0.7% missing data
   1   (0.647) 0.667 0.622 0.636 0.633 0.801 0.734 
   2   (0.353) 0.333 0.378 0.364 0.367 0.199 0.266 

Locus 21 : PP24 
2 alleles
0.2% missing data
   1   (0.793) 0.833 0.840 0.852 0.817 0.572 0.890 
   2   (0.207) 0.167 0.160 0.148 0.183 0.428 0.110 

Locus 22 : PP25 
2 alleles
0.6% missing data
   1   (0.361) 0.370 0.315 0.336 0.337 0.472 0.746 
   2   (0.639) 0.630 0.685 0.664 0.663 0.528 0.254 

Values of parameters used in structure:
