

----------------------------------------------------
STRUCTURE by Pritchard, Stephens and Donnelly (2000)
     and Falush, Stephens and Pritchard (2003)
       Code by Pritchard, Falush and Hubisz
             Version 2.3.4 (Jul 2012)
----------------------------------------------------



Command line arguments:   structure -K 10 -o outputfile_K10_6 
Input File:    Puma_SNP_genotypes_cut_AZ_final_HWEonly.str

Run parameters:
   536 individuals
   22 loci
   10 populations assumed
   100000 Burn-in period
   500000 Reps


--------------------------------------------
Overall proportion of membership of the
sample in each of the 10 clusters

Inferred Clusters
  1      2      3      4      5      6      7      8      9     10    
0.101  0.101  0.101  0.083  0.103  0.101  0.102  0.101  0.102  0.104  

--------------------------------------------

Allele-freq. divergence among pops (Net nucleotide distance),
computed using point estimates of P.

      1       2       3       4       5       6       7       8       9      10      
 1      -    0.0003  0.0003  0.0794  0.0048  0.0002  0.0034  0.0007  0.0012  0.0142  
 2   0.0003     -    0.0004  0.0753  0.0033  0.0001  0.0032  0.0002  0.0011  0.0122  
 3   0.0003  0.0004     -    0.0792  0.0045  0.0003  0.0017  0.0007  0.0003  0.0156  
 4   0.0794  0.0753  0.0792     -    0.0713  0.0769  0.0795  0.0747  0.0781  0.0791  
 5   0.0048  0.0033  0.0045  0.0713     -    0.0032  0.0061  0.0020  0.0046  0.0047  
 6   0.0002  0.0001  0.0003  0.0769  0.0032     -    0.0028  0.0001  0.0009  0.0122  
 7   0.0034  0.0032  0.0017  0.0795  0.0061  0.0028     -    0.0031  0.0006  0.0210  
 8   0.0007  0.0002  0.0007  0.0747  0.0020  0.0001  0.0031     -    0.0012  0.0101  
 9   0.0012  0.0011  0.0003  0.0781  0.0046  0.0009  0.0006  0.0012     -    0.0172  
10   0.0142  0.0122  0.0156  0.0791  0.0047  0.0122  0.0210  0.0101  0.0172     -    

Average distances (expected heterozygosity) between individuals in same cluster:
cluster  1  : 0.3772 
cluster  2  : 0.3780 
cluster  3  : 0.3769 
cluster  4  : 0.2399 
cluster  5  : 0.3603 
cluster  6  : 0.3768 
cluster  7  : 0.3738 
cluster  8  : 0.3742 
cluster  9  : 0.3752 
cluster 10  : 0.3299 

--------------------------------------------
Estimated Ln Prob of Data   = -13982.9
Mean value of ln likelihood = -12245.0
Variance of ln likelihood   = 3475.9
Mean value of alpha         = 0.0908

Mean value of Fst_1         = 0.0466
Mean value of Fst_2         = 0.0328
Mean value of Fst_3         = 0.0794
Mean value of Fst_4         = 0.4116
Mean value of Fst_5         = 0.1479
Mean value of Fst_6         = 0.0614
Mean value of Fst_7         = 0.1120
Mean value of Fst_8         = 0.0688
Mean value of Fst_9         = 0.0889
Mean value of Fst_10         = 0.1971


Inferred ancestry of individuals:
        Label (%Miss) :  Inferred clusters
  1 UA00063336   (13)   :  0.086 0.098 0.087 0.256 0.076 0.090 0.077 0.087 0.083 0.059 
  2 UA00048914    (9)   :  0.116 0.122 0.101 0.043 0.102 0.114 0.082 0.114 0.093 0.113 
  3 UA00014769   (13)   :  0.135 0.085 0.147 0.018 0.070 0.112 0.140 0.095 0.140 0.058 
  4 UA00008132   (13)   :  0.125 0.124 0.110 0.060 0.085 0.113 0.098 0.110 0.104 0.072 
  5 UA00030462   (13)   :  0.110 0.121 0.099 0.037 0.107 0.110 0.083 0.110 0.096 0.128 
  6 UA00034866   (13)   :  0.118 0.131 0.108 0.013 0.104 0.120 0.089 0.116 0.098 0.103 
  7 UA00034800    (9)   :  0.057 0.057 0.054 0.521 0.052 0.056 0.049 0.053 0.050 0.051 
  8  Puco006    (9)   :  0.036 0.041 0.039 0.028 0.229 0.058 0.029 0.099 0.033 0.409 
  9 UA00048874    (4)   :  0.083 0.087 0.071 0.330 0.074 0.077 0.061 0.079 0.066 0.073 
 10 UA00049060    (9)   :  0.123 0.105 0.125 0.038 0.090 0.110 0.119 0.103 0.121 0.065 
 11 UA00033413    (9)   :  0.082 0.083 0.117 0.017 0.123 0.093 0.191 0.098 0.145 0.052 
 12  Puco021    (9)   :  0.064 0.064 0.117 0.058 0.129 0.080 0.208 0.086 0.155 0.038 
 13  Puco026    (9)   :  0.103 0.102 0.114 0.041 0.108 0.105 0.132 0.107 0.130 0.056 
 14  Puco008    (9)   :  0.101 0.109 0.093 0.108 0.107 0.100 0.072 0.102 0.081 0.127 
 15   M01301    (9)   :  0.088 0.087 0.112 0.013 0.115 0.106 0.166 0.099 0.134 0.080 
 16   M06306    (9)   :  0.078 0.086 0.089 0.237 0.090 0.088 0.101 0.083 0.096 0.052 
 17 UA00032185    (9)   :  0.122 0.113 0.109 0.045 0.091 0.115 0.112 0.108 0.105 0.078 
 18 UA00030792    (9)   :  0.010 0.010 0.010 0.907 0.011 0.010 0.010 0.011 0.010 0.011 
 19 UA00031647    (9)   :  0.106 0.118 0.091 0.115 0.098 0.107 0.081 0.108 0.087 0.089 
 20 UA00031979    (9)   :  0.107 0.122 0.107 0.027 0.104 0.109 0.108 0.117 0.116 0.084 
 21  Puco016    (9)   :  0.113 0.125 0.104 0.017 0.104 0.112 0.077 0.112 0.100 0.135 
 22  Puco010    (9)   :  0.106 0.122 0.113 0.030 0.095 0.112 0.131 0.108 0.121 0.062 
 23    M1035    (9)   :  0.127 0.134 0.115 0.065 0.077 0.116 0.090 0.117 0.100 0.058 
 24 UA00034601    (9)   :  0.097 0.109 0.109 0.045 0.106 0.112 0.111 0.108 0.112 0.090 
 25 UA00050388    (9)   :  0.116 0.123 0.104 0.046 0.104 0.110 0.103 0.113 0.102 0.080 
 26 UA00048699    (9)   :  0.095 0.102 0.086 0.021 0.134 0.099 0.064 0.110 0.081 0.207 
 27 UA00064058    (9)   :  0.122 0.117 0.123 0.042 0.081 0.117 0.101 0.110 0.120 0.067 
 28 UA00033981    (9)   :  0.079 0.082 0.103 0.032 0.120 0.095 0.193 0.095 0.147 0.053 
 29   F05033    (9)   :  0.112 0.102 0.126 0.020 0.100 0.111 0.131 0.106 0.132 0.059 
 30 UA00048520    (4)   :  0.096 0.099 0.103 0.105 0.109 0.097 0.113 0.096 0.107 0.075 
 31 UA00048422    (4)   :  0.024 0.025 0.025 0.779 0.025 0.025 0.027 0.024 0.025 0.021 
 32    PucoB    (4)   :  0.077 0.087 0.130 0.030 0.130 0.097 0.151 0.101 0.139 0.056 
 33 UA00047393    (4)   :  0.128 0.116 0.114 0.091 0.074 0.113 0.091 0.102 0.105 0.065 
 34 UA00064521    (4)   :  0.101 0.120 0.093 0.026 0.118 0.115 0.087 0.109 0.095 0.136 
 35 UA00003043    (4)   :  0.127 0.123 0.107 0.015 0.100 0.115 0.084 0.114 0.101 0.115 
 36 UA00063025    (4)   :  0.097 0.108 0.089 0.124 0.105 0.100 0.088 0.101 0.088 0.100 
 37 UA00063826    (4)   :  0.102 0.112 0.113 0.031 0.099 0.111 0.146 0.107 0.122 0.056 
 38   F07407    (4)   :  0.070 0.077 0.106 0.145 0.114 0.083 0.155 0.086 0.119 0.045 
 39 UA00021658    (4)   :  0.121 0.121 0.111 0.032 0.088 0.118 0.109 0.115 0.114 0.070 
 40 UA00003794    (4)   :  0.073 0.078 0.109 0.116 0.119 0.087 0.145 0.091 0.131 0.052 
 41 UA00041322    (4)   :  0.124 0.136 0.103 0.042 0.094 0.121 0.086 0.117 0.097 0.080 
 42 UA00063316    (4)   :  0.113 0.125 0.108 0.058 0.095 0.110 0.093 0.109 0.103 0.086 
 43 UA00047705    (4)   :  0.103 0.108 0.109 0.029 0.116 0.106 0.122 0.109 0.122 0.076 
 44 UA00033904    (4)   :  0.083 0.092 0.082 0.255 0.085 0.084 0.085 0.083 0.091 0.059 
 45 UA00048100    (4)   :  0.104 0.111 0.116 0.016 0.110 0.110 0.129 0.110 0.125 0.070 
 46 UA00032212    (4)   :  0.098 0.107 0.089 0.150 0.092 0.098 0.090 0.103 0.091 0.082 
 47 UA00031574    (4)   :  0.023 0.023 0.022 0.784 0.026 0.023 0.024 0.023 0.023 0.028 
 48 UA00031228    (4)   :  0.014 0.015 0.014 0.869 0.015 0.015 0.013 0.015 0.014 0.017 
 49 UA00047707    (4)   :  0.143 0.117 0.134 0.010 0.071 0.129 0.103 0.113 0.109 0.072 
 50 UA00030906    (4)   :  0.010 0.011 0.010 0.902 0.013 0.010 0.010 0.011 0.010 0.014 
 51 UA00041567    (4)   :  0.091 0.101 0.104 0.039 0.110 0.104 0.154 0.107 0.127 0.062 
 52 UA00007624    (4)   :  0.119 0.095 0.130 0.013 0.088 0.111 0.143 0.103 0.132 0.066 
 53 UA00034514    (4)   :  0.129 0.125 0.113 0.025 0.084 0.121 0.101 0.115 0.117 0.071 
 54 UA00030480    (4)   :  0.114 0.129 0.106 0.091 0.081 0.114 0.088 0.111 0.095 0.070 
 55  Puco012    (4)   :  0.130 0.133 0.112 0.024 0.085 0.116 0.095 0.119 0.111 0.075 
 56 UA00038677    (9)   :  0.104 0.114 0.102 0.066 0.104 0.107 0.098 0.110 0.099 0.096 
 57 UA00048275    (4)   :  0.102 0.109 0.111 0.018 0.107 0.114 0.141 0.112 0.127 0.060 
 58 UA00064055    (4)   :  0.136 0.130 0.118 0.025 0.084 0.116 0.092 0.112 0.106 0.080 
 59  Puco009    (4)   :  0.112 0.118 0.105 0.014 0.111 0.107 0.082 0.113 0.098 0.138 
 60 UA00064561    (4)   :  0.150 0.101 0.143 0.015 0.058 0.122 0.110 0.101 0.113 0.087 
 61 UA00003479    (4)   :  0.137 0.122 0.115 0.022 0.086 0.117 0.096 0.111 0.111 0.083 
 62 UA00063747    (4)   :  0.118 0.111 0.125 0.011 0.095 0.115 0.124 0.105 0.118 0.077 
 63 UA00002558    (4)   :  0.107 0.116 0.100 0.017 0.113 0.114 0.096 0.113 0.102 0.122 
 64 UA00048410    (4)   :  0.123 0.115 0.112 0.012 0.096 0.118 0.084 0.113 0.099 0.130 
 65 UA00012249    (4)   :  0.130 0.120 0.126 0.014 0.081 0.119 0.088 0.113 0.110 0.098 
 66 UA00033818    (4)   :  0.055 0.057 0.056 0.489 0.062 0.057 0.058 0.057 0.058 0.052 
 67  Puco020    (4)   :  0.126 0.118 0.110 0.098 0.076 0.110 0.082 0.109 0.094 0.078 
 68 UA00002545    (9)   :  0.137 0.115 0.123 0.052 0.071 0.117 0.095 0.108 0.105 0.076 
 69 UA00048508    (4)   :  0.136 0.126 0.117 0.019 0.080 0.118 0.105 0.117 0.112 0.070 
 70 UA00064100    (4)   :  0.121 0.133 0.117 0.031 0.087 0.124 0.093 0.118 0.106 0.071 
 71 UA00014585    (4)   :  0.127 0.126 0.111 0.029 0.089 0.118 0.097 0.115 0.111 0.077 
 72 UA00063698    (4)   :  0.079 0.086 0.081 0.066 0.149 0.085 0.074 0.098 0.076 0.206 
 73 UA00049753    (4)   :  0.092 0.099 0.082 0.276 0.070 0.091 0.075 0.088 0.081 0.046 
 74 UA00049037    (4)   :  0.122 0.122 0.116 0.040 0.082 0.121 0.105 0.112 0.115 0.065 
 75 UA00034941    (4)   :  0.108 0.123 0.111 0.040 0.101 0.119 0.111 0.108 0.106 0.073 
 76 UA00008083    (4)   :  0.062 0.071 0.063 0.032 0.183 0.073 0.054 0.104 0.059 0.299 
 77 UA00015084    (4)   :  0.079 0.090 0.078 0.092 0.140 0.086 0.076 0.098 0.081 0.180 
 78 UA00041010    (9)   :  0.055 0.056 0.056 0.252 0.136 0.061 0.038 0.079 0.045 0.222 
 79 UA00035261    (4)   :  0.097 0.111 0.093 0.131 0.098 0.100 0.088 0.097 0.096 0.088 
 80 UA00035431    (4)   :  0.107 0.120 0.110 0.011 0.102 0.115 0.130 0.109 0.120 0.077 
 81 UA00045274    (0)   :  0.100 0.111 0.114 0.048 0.116 0.106 0.109 0.104 0.109 0.084 
 82 UA00028200    (4)   :  0.077 0.086 0.081 0.287 0.083 0.079 0.070 0.079 0.076 0.082 
 83 UA00064559    (0)   :  0.018 0.019 0.019 0.832 0.019 0.019 0.020 0.018 0.020 0.017 
 84 UA00040808    (0)   :  0.095 0.097 0.086 0.206 0.084 0.093 0.070 0.091 0.078 0.101 
 85 UA00049156    (0)   :  0.091 0.095 0.083 0.214 0.091 0.089 0.071 0.090 0.079 0.096 
 86 UA00003952    (4)   :  0.060 0.070 0.056 0.021 0.186 0.080 0.043 0.100 0.055 0.328 
 87 UA00063954    (0)   :  0.111 0.119 0.106 0.074 0.095 0.114 0.099 0.112 0.106 0.065 
 88 UA00062934    (0)   :  0.106 0.118 0.098 0.096 0.096 0.107 0.094 0.108 0.105 0.072 
 89 UA00033829    (0)   :  0.040 0.043 0.040 0.509 0.081 0.046 0.035 0.053 0.037 0.115 
 90 UA00064351    (4)   :  0.076 0.084 0.106 0.024 0.121 0.100 0.180 0.103 0.134 0.070 
 91 UA00003697    (4)   :  0.062 0.070 0.065 0.047 0.182 0.082 0.051 0.099 0.057 0.286 
 92 UA00063438    (4)   :  0.111 0.119 0.097 0.122 0.086 0.109 0.084 0.104 0.089 0.080 
 93 UA00007608    (0)   :  0.093 0.101 0.089 0.133 0.105 0.095 0.082 0.101 0.085 0.116 
 94 UA00019683    (4)   :  0.055 0.056 0.080 0.330 0.090 0.064 0.124 0.063 0.099 0.038 
 95 UA00007781    (0)   :  0.107 0.118 0.115 0.025 0.110 0.107 0.118 0.108 0.119 0.073 
 96 UA00002915    (0)   :  0.100 0.101 0.087 0.243 0.072 0.090 0.069 0.093 0.077 0.068 
 97  Puco031    (4)   :  0.129 0.128 0.118 0.028 0.088 0.124 0.090 0.115 0.100 0.080 
 98 UA00048280    (4)   :  0.104 0.113 0.109 0.020 0.105 0.112 0.127 0.113 0.118 0.079 
 99 UA00048589    (0)   :  0.092 0.091 0.116 0.042 0.125 0.092 0.148 0.101 0.136 0.057 
100 UA00034417    (0)   :  0.112 0.117 0.097 0.074 0.099 0.108 0.081 0.105 0.089 0.119 
101 UA00050411    (4)   :  0.135 0.117 0.131 0.010 0.075 0.122 0.105 0.119 0.116 0.069 
102  Puco029    (4)   :  0.108 0.099 0.122 0.018 0.115 0.102 0.142 0.106 0.137 0.052 
103   F03403    (4)   :  0.069 0.069 0.137 0.012 0.144 0.089 0.190 0.091 0.143 0.056 
104 UA00049904    (0)   :  0.102 0.114 0.100 0.095 0.093 0.110 0.115 0.103 0.104 0.063 
105 UA00035335    (0)   :  0.114 0.097 0.133 0.015 0.100 0.106 0.145 0.101 0.133 0.056 
106 UA00012611    (0)   :  0.124 0.127 0.123 0.023 0.092 0.121 0.102 0.114 0.112 0.064 
107 UA00050319    (0)   :  0.068 0.062 0.127 0.013 0.138 0.080 0.220 0.092 0.159 0.041 
108 UA00032068    (4)   :  0.123 0.126 0.113 0.066 0.083 0.114 0.094 0.112 0.105 0.064 
109 UA00032026    (4)   :  0.118 0.118 0.113 0.044 0.089 0.122 0.102 0.114 0.112 0.067 
110 UA00030476    (4)   :  0.059 0.056 0.121 0.041 0.143 0.076 0.216 0.090 0.162 0.037 
111 UA00046853    (0)   :  0.079 0.086 0.101 0.032 0.114 0.090 0.213 0.095 0.150 0.040 
112 UA00040156    (4)   :  0.010 0.010 0.010 0.908 0.011 0.010 0.010 0.010 0.010 0.011 
113 UA00030528    (4)   :  0.122 0.129 0.102 0.127 0.074 0.111 0.078 0.104 0.091 0.061 
114  Puco025    (4)   :  0.141 0.101 0.143 0.016 0.062 0.121 0.119 0.107 0.124 0.067 
115    pc016    (0)   :  0.010 0.010 0.009 0.912 0.010 0.010 0.009 0.010 0.010 0.011 
116 UA00030617    (4)   :  0.146 0.110 0.143 0.013 0.058 0.122 0.118 0.106 0.118 0.065 
117 UA00030585    (4)   :  0.018 0.019 0.018 0.826 0.021 0.018 0.021 0.019 0.020 0.019 
118 UA00032060    (4)   :  0.102 0.109 0.100 0.132 0.087 0.107 0.102 0.101 0.102 0.059 
119    pc007    (0)   :  0.094 0.089 0.112 0.037 0.107 0.102 0.166 0.098 0.140 0.054 
120 UA00030798    (4)   :  0.027 0.029 0.026 0.769 0.023 0.027 0.026 0.027 0.027 0.020 
121 UA00030778    (4)   :  0.139 0.125 0.128 0.010 0.078 0.123 0.098 0.119 0.113 0.068 
122 UA00039674    (4)   :  0.016 0.016 0.015 0.864 0.014 0.016 0.014 0.016 0.015 0.014 
123 UA00032241    (4)   :  0.124 0.094 0.134 0.011 0.077 0.114 0.153 0.103 0.132 0.057 
124 UA00011624    (0)   :  0.121 0.114 0.118 0.017 0.092 0.111 0.120 0.109 0.127 0.071 
125 UA00033779    (4)   :  0.074 0.078 0.116 0.018 0.122 0.093 0.205 0.097 0.152 0.046 
126 UA00049402    (4)   :  0.117 0.123 0.113 0.029 0.094 0.115 0.086 0.112 0.106 0.106 
127 UA00033653    (0)   :  0.064 0.063 0.120 0.013 0.128 0.084 0.243 0.088 0.159 0.038 
128 UA00047738    (0)   :  0.114 0.119 0.103 0.034 0.100 0.109 0.112 0.114 0.115 0.080 
129 UA00047502    (4)   :  0.120 0.133 0.102 0.040 0.100 0.111 0.078 0.111 0.093 0.112 
130 UA00012014    (4)   :  0.134 0.131 0.114 0.025 0.084 0.124 0.092 0.117 0.105 0.074 
131 UA00040729    (0)   :  0.091 0.088 0.129 0.025 0.118 0.102 0.150 0.098 0.144 0.056 
132 UA00030392    (4)   :  0.142 0.104 0.132 0.024 0.064 0.125 0.118 0.110 0.118 0.063 
133 UA00050033    (0)   :  0.118 0.111 0.115 0.039 0.085 0.115 0.123 0.106 0.126 0.063 
134 UA00012152    (0)   :  0.083 0.072 0.079 0.012 0.164 0.086 0.056 0.103 0.066 0.279 
135 UA00050406    (0)   :  0.128 0.134 0.112 0.028 0.087 0.123 0.093 0.120 0.105 0.070 
136 UA00047973    (0)   :  0.114 0.119 0.122 0.020 0.097 0.120 0.119 0.111 0.113 0.066 
137 UA00008051    (0)   :  0.115 0.119 0.103 0.058 0.094 0.109 0.105 0.108 0.106 0.082 
138 UA00047337    (4)   :  0.107 0.102 0.110 0.118 0.087 0.103 0.106 0.097 0.110 0.062 
139 UA00041604    (4)   :  0.119 0.123 0.107 0.048 0.095 0.112 0.095 0.111 0.102 0.089 
140 UA00031704    (4)   :  0.132 0.125 0.125 0.015 0.078 0.119 0.109 0.114 0.118 0.065 
141 UA00040423    (4)   :  0.122 0.122 0.113 0.054 0.083 0.118 0.103 0.112 0.107 0.066 
142 UA00049433    (0)   :  0.125 0.124 0.113 0.038 0.091 0.122 0.086 0.110 0.100 0.091 
143 UA00034816    (0)   :  0.139 0.106 0.127 0.023 0.073 0.116 0.108 0.106 0.106 0.097 
144 UA00050214    (0)   :  0.154 0.095 0.156 0.016 0.050 0.123 0.117 0.096 0.123 0.070 
145 UA00041073    (0)   :  0.120 0.120 0.111 0.042 0.090 0.114 0.102 0.105 0.115 0.081 
146 UA00030318    (4)   :  0.128 0.119 0.118 0.018 0.082 0.121 0.108 0.108 0.115 0.083 
147 UA00046845    (0)   :  0.125 0.110 0.114 0.033 0.081 0.123 0.091 0.109 0.108 0.106 
148 UA00063946    (0)   :  0.054 0.052 0.118 0.024 0.140 0.075 0.244 0.084 0.171 0.037 
149 UA00031374    (4)   :  0.125 0.125 0.120 0.026 0.091 0.115 0.101 0.113 0.106 0.078 
150    M1136    (4)   :  0.098 0.082 0.089 0.317 0.053 0.088 0.069 0.075 0.078 0.052 
151 UA00034299    (0)   :  0.153 0.101 0.144 0.021 0.055 0.121 0.114 0.101 0.118 0.073 
152 UA00002387    (4)   :  0.138 0.122 0.126 0.012 0.084 0.121 0.095 0.110 0.103 0.089 
153 UA00021855    (0)   :  0.106 0.123 0.106 0.026 0.093 0.115 0.128 0.116 0.122 0.065 
154 UA00014500    (0)   :  0.126 0.127 0.122 0.035 0.085 0.121 0.093 0.111 0.111 0.069 
155 UA00050419    (4)   :  0.155 0.089 0.150 0.013 0.046 0.125 0.122 0.098 0.126 0.076 
156 UA00031854    (4)   :  0.119 0.124 0.108 0.027 0.092 0.116 0.103 0.117 0.108 0.087 
157    pc011    (4)   :  0.138 0.117 0.128 0.014 0.070 0.123 0.101 0.112 0.117 0.080 
158 UA00033004    (0)   :  0.129 0.125 0.118 0.043 0.080 0.114 0.096 0.111 0.108 0.075 
159 UA00046510    (0)   :  0.125 0.122 0.109 0.017 0.096 0.115 0.087 0.112 0.104 0.113 
160 UA00048747    (0)   :  0.135 0.123 0.127 0.018 0.079 0.120 0.093 0.111 0.107 0.088 
161 UA00014293    (0)   :  0.137 0.121 0.128 0.017 0.075 0.121 0.098 0.111 0.109 0.081 
162 UA00047686    (0)   :  0.113 0.125 0.103 0.026 0.106 0.113 0.081 0.114 0.090 0.128 
163 UA00033783    (4)   :  0.064 0.070 0.081 0.271 0.098 0.074 0.098 0.076 0.088 0.080 
164 UA00042609    (4)   :  0.105 0.103 0.099 0.033 0.123 0.100 0.078 0.103 0.086 0.170 
165 UA00031169    (4)   :  0.148 0.104 0.146 0.022 0.057 0.123 0.106 0.107 0.114 0.072 
166 UA00035181    (0)   :  0.111 0.106 0.126 0.009 0.105 0.114 0.128 0.108 0.131 0.062 
167 UA00050133    (0)   :  0.130 0.126 0.118 0.027 0.082 0.122 0.096 0.118 0.104 0.075 
168  Puco011    (4)   :  0.137 0.112 0.129 0.026 0.072 0.118 0.094 0.110 0.121 0.080 
169 UA00041476    (0)   :  0.134 0.123 0.113 0.049 0.082 0.119 0.085 0.110 0.099 0.086 
170 UA00046702    (0)   :  0.144 0.104 0.140 0.018 0.057 0.125 0.108 0.115 0.116 0.073 
171 UA00019940    (0)   :  0.123 0.122 0.118 0.025 0.092 0.115 0.108 0.106 0.113 0.078 
172 UA00049813    (0)   :  0.105 0.113 0.105 0.029 0.099 0.111 0.151 0.105 0.131 0.052 
173 UA00064165    (0)   :  0.090 0.095 0.079 0.030 0.145 0.094 0.067 0.110 0.079 0.212 
174 UA00064421    (0)   :  0.104 0.109 0.092 0.012 0.128 0.107 0.075 0.106 0.082 0.184 
175 UA00064569    (4)   :  0.135 0.101 0.138 0.010 0.070 0.118 0.125 0.107 0.123 0.071 
176 UA00003996    (0)   :  0.116 0.115 0.104 0.029 0.097 0.112 0.090 0.116 0.103 0.117 
177 UA00064491    (4)   :  0.139 0.100 0.134 0.015 0.071 0.124 0.115 0.104 0.117 0.082 
178 UA00011899    (0)   :  0.125 0.130 0.111 0.033 0.082 0.123 0.104 0.116 0.112 0.064 
179  Puco015    (4)   :  0.123 0.113 0.115 0.074 0.082 0.113 0.094 0.106 0.109 0.070 
180 UA00047929    (4)   :  0.108 0.091 0.124 0.020 0.100 0.108 0.152 0.100 0.144 0.054 
181 UA00056669    (0)   :  0.125 0.135 0.117 0.016 0.088 0.123 0.095 0.118 0.106 0.077 
182 UA00050176    (0)   :  0.124 0.132 0.111 0.040 0.087 0.113 0.087 0.118 0.102 0.085 
183  Puco014    (4)   :  0.110 0.116 0.115 0.025 0.099 0.109 0.125 0.108 0.121 0.072 
184 UA00019608    (0)   :  0.136 0.126 0.116 0.021 0.085 0.125 0.092 0.110 0.099 0.090 
185 UA00064333    (0)   :  0.143 0.127 0.122 0.019 0.082 0.119 0.097 0.111 0.102 0.079 
186  Puco013    (4)   :  0.119 0.125 0.103 0.022 0.105 0.112 0.086 0.116 0.095 0.116 
187 UA00016092    (0)   :  0.137 0.105 0.132 0.011 0.068 0.120 0.119 0.113 0.128 0.068 
188 UA00019060    (0)   :  0.065 0.066 0.059 0.104 0.165 0.072 0.047 0.095 0.053 0.273 
189 UA00063532    (0)   :  0.120 0.119 0.112 0.043 0.087 0.117 0.106 0.111 0.111 0.074 
190 UA00064117    (0)   :  0.086 0.092 0.082 0.139 0.120 0.089 0.062 0.094 0.077 0.160 
191 UA00011969    (0)   :  0.120 0.127 0.111 0.033 0.090 0.115 0.101 0.113 0.106 0.083 
192 UA00034586    (4)   :  0.121 0.117 0.116 0.015 0.093 0.112 0.130 0.113 0.125 0.058 
193 UA00030736    (4)   :  0.135 0.137 0.115 0.028 0.079 0.123 0.094 0.117 0.105 0.068 
194 UA00048493    (0)   :  0.125 0.124 0.109 0.047 0.078 0.119 0.095 0.122 0.110 0.069 
195 UA00040466    (0)   :  0.044 0.049 0.044 0.018 0.218 0.068 0.038 0.101 0.043 0.379 
196 UA00047659    (0)   :  0.124 0.131 0.114 0.014 0.098 0.122 0.100 0.115 0.113 0.070 
197 UA00042002    (4)   :  0.092 0.103 0.104 0.119 0.103 0.100 0.110 0.097 0.110 0.063 
198 UA00062606    (0)   :  0.118 0.123 0.102 0.026 0.100 0.116 0.092 0.112 0.107 0.104 
199 UA00030615    (4)   :  0.041 0.041 0.039 0.013 0.229 0.062 0.033 0.096 0.036 0.411 
200 UA00048899    (0)   :  0.126 0.134 0.116 0.024 0.087 0.127 0.095 0.119 0.101 0.070 
201 UA00047725    (0)   :  0.013 0.014 0.013 0.013 0.274 0.043 0.013 0.090 0.013 0.513 
202 UA00030866    (4)   :  0.122 0.131 0.114 0.018 0.099 0.122 0.096 0.109 0.110 0.079 
203 UA00034564    (0)   :  0.126 0.132 0.115 0.021 0.088 0.129 0.090 0.116 0.102 0.079 
204 UA00046520    (0)   :  0.074 0.074 0.124 0.016 0.121 0.092 0.202 0.097 0.154 0.045 
205 UA00035027    (0)   :  0.119 0.121 0.108 0.032 0.101 0.113 0.105 0.113 0.105 0.083 
206 UA00035421    (0)   :  0.105 0.112 0.103 0.019 0.119 0.105 0.076 0.108 0.088 0.165 
207 UA00062740    (4)   :  0.106 0.123 0.110 0.038 0.103 0.119 0.096 0.109 0.102 0.094 
208 UA00012360    (0)   :  0.028 0.029 0.028 0.014 0.247 0.055 0.024 0.094 0.026 0.454 
209 UA00050203    (0)   :  0.121 0.121 0.120 0.028 0.089 0.118 0.113 0.111 0.115 0.064 
210 UA00040534    (4)   :  0.080 0.089 0.074 0.132 0.129 0.083 0.060 0.097 0.068 0.187 
211 UA00031261    (4)   :  0.067 0.073 0.072 0.071 0.168 0.079 0.051 0.097 0.063 0.258 
212 UA00031917    (4)   :  0.084 0.094 0.089 0.098 0.127 0.094 0.064 0.097 0.074 0.179 
213 UA00040798    (4)   :  0.076 0.084 0.074 0.053 0.156 0.084 0.087 0.102 0.082 0.203 
214 UA00030598    (4)   :  0.091 0.100 0.089 0.059 0.124 0.099 0.078 0.106 0.085 0.169 
215 UA00050385    (0)   :  0.128 0.128 0.110 0.024 0.090 0.125 0.087 0.118 0.102 0.088 
216 UA00058283    (0)   :  0.025 0.028 0.025 0.034 0.250 0.050 0.023 0.090 0.024 0.451 
217 UA00042297    (4)   :  0.063 0.070 0.060 0.372 0.075 0.065 0.070 0.072 0.072 0.081 
218 UA00015415    (4)   :  0.027 0.030 0.026 0.014 0.251 0.053 0.022 0.094 0.025 0.457 
219 UA00035531    (0)   :  0.048 0.057 0.047 0.070 0.192 0.066 0.040 0.097 0.043 0.340 
220 UA00048683    (0)   :  0.061 0.068 0.061 0.016 0.189 0.076 0.047 0.101 0.056 0.326 
221 UA00046734    (4)   :  0.028 0.029 0.027 0.017 0.252 0.053 0.023 0.096 0.025 0.450 
222   pcRF01    (0)   :  0.158 0.107 0.144 0.009 0.060 0.126 0.114 0.098 0.110 0.076 
223 UA00007223    (0)   :  0.115 0.121 0.104 0.039 0.106 0.113 0.083 0.109 0.098 0.112 
224 UA00013841    (0)   :  0.101 0.104 0.110 0.060 0.109 0.101 0.122 0.106 0.125 0.062 
225 UA00014196    (0)   :  0.069 0.080 0.068 0.039 0.168 0.083 0.049 0.100 0.063 0.281 
226 UA00034635    (0)   :  0.125 0.131 0.117 0.016 0.091 0.125 0.098 0.117 0.116 0.065 
227 UA00047371    (0)   :  0.105 0.117 0.097 0.138 0.088 0.100 0.091 0.105 0.096 0.064 
228 UA00063544    (0)   :  0.100 0.105 0.099 0.121 0.096 0.102 0.107 0.098 0.109 0.063 
229 UA00064246    (0)   :  0.099 0.104 0.101 0.071 0.112 0.100 0.098 0.105 0.096 0.114 
230 UA00064328    (0)   :  0.113 0.120 0.101 0.044 0.112 0.104 0.083 0.111 0.092 0.120 
231 UA00002952    (0)   :  0.100 0.123 0.098 0.085 0.100 0.103 0.080 0.105 0.096 0.112 
232 UA00064079    (0)   :  0.117 0.121 0.109 0.094 0.079 0.113 0.084 0.108 0.096 0.078 
233 UA00046793    (0)   :  0.098 0.108 0.094 0.117 0.102 0.099 0.068 0.104 0.086 0.123 
234 UA00034769    (0)   :  0.070 0.077 0.072 0.315 0.082 0.074 0.086 0.075 0.082 0.067 
235 UA00034949    (0)   :  0.115 0.121 0.107 0.037 0.105 0.114 0.078 0.104 0.098 0.121 
236 UA00063753    (0)   :  0.079 0.089 0.097 0.044 0.122 0.091 0.174 0.096 0.137 0.070 
237 UA00015713    (0)   :  0.099 0.108 0.106 0.080 0.100 0.100 0.129 0.100 0.123 0.055 
238 UA00003494    (0)   :  0.124 0.115 0.111 0.067 0.084 0.109 0.082 0.105 0.102 0.101 
239 UA00056767    (0)   :  0.075 0.075 0.125 0.010 0.119 0.092 0.222 0.088 0.155 0.039 
240 UA00014461    (0)   :  0.109 0.118 0.102 0.055 0.101 0.108 0.081 0.111 0.098 0.117 
241 UA00034669    (0)   :  0.083 0.089 0.074 0.072 0.150 0.092 0.063 0.098 0.071 0.207 
242 UA00048164    (0)   :  0.106 0.112 0.101 0.016 0.116 0.112 0.089 0.109 0.096 0.144 
243 UA00007974    (0)   :  0.077 0.085 0.117 0.038 0.126 0.097 0.166 0.102 0.132 0.060 
244 UA00016166    (0)   :  0.116 0.110 0.097 0.180 0.068 0.103 0.079 0.093 0.088 0.066 
245 UA00015653    (0)   :  0.095 0.107 0.090 0.137 0.106 0.099 0.073 0.103 0.081 0.109 
246 UA00063882    (0)   :  0.086 0.100 0.084 0.077 0.124 0.094 0.065 0.101 0.075 0.193 
247 UA00049027    (0)   :  0.097 0.101 0.095 0.128 0.100 0.101 0.098 0.100 0.095 0.085 
248 UA00018878    (0)   :  0.081 0.091 0.100 0.139 0.116 0.091 0.120 0.093 0.114 0.055 
249 UA00038796    (0)   :  0.094 0.109 0.093 0.020 0.128 0.105 0.084 0.111 0.095 0.161 
250 UA00013465    (0)   :  0.051 0.056 0.048 0.025 0.209 0.071 0.046 0.099 0.047 0.348 
251 UA00014604    (0)   :  0.098 0.108 0.089 0.045 0.124 0.103 0.090 0.108 0.091 0.144 
252 UA00041913    (0)   :  0.080 0.087 0.089 0.148 0.103 0.087 0.146 0.089 0.119 0.052 
253 UA00021632    (0)   :  0.082 0.087 0.072 0.318 0.073 0.085 0.066 0.080 0.070 0.067 
254 UA00064027    (0)   :  0.118 0.125 0.099 0.063 0.096 0.119 0.079 0.116 0.091 0.095 
255 UA00015023    (0)   :  0.130 0.125 0.115 0.025 0.084 0.114 0.091 0.117 0.104 0.096 
256 UA00050243    (0)   :  0.112 0.121 0.099 0.141 0.078 0.106 0.080 0.103 0.090 0.069 
257 UA00048298    (0)   :  0.130 0.120 0.113 0.039 0.085 0.112 0.102 0.112 0.109 0.077 
258 UA00050437    (0)   :  0.117 0.118 0.100 0.028 0.109 0.116 0.078 0.115 0.091 0.128 
259 UA00014262    (0)   :  0.117 0.122 0.107 0.068 0.094 0.110 0.095 0.109 0.100 0.078 
260 UA00049129    (0)   :  0.104 0.109 0.115 0.049 0.097 0.109 0.121 0.107 0.128 0.060 
261 UA00014740    (0)   :  0.102 0.108 0.113 0.047 0.104 0.114 0.124 0.103 0.116 0.070 
262 UA00049612    (0)   :  0.041 0.043 0.041 0.590 0.053 0.042 0.046 0.047 0.044 0.054 
263 UA00014635    (0)   :  0.087 0.078 0.125 0.014 0.117 0.099 0.190 0.094 0.147 0.049 
264 UA00014673    (0)   :  0.094 0.105 0.090 0.068 0.121 0.101 0.093 0.102 0.095 0.130 
265 UA00033608    (0)   :  0.071 0.082 0.077 0.289 0.083 0.076 0.095 0.080 0.088 0.060 
266 UA00064540    (0)   :  0.082 0.086 0.114 0.025 0.121 0.097 0.160 0.101 0.138 0.073 
267 UA00050256    (0)   :  0.113 0.124 0.099 0.098 0.092 0.107 0.075 0.112 0.090 0.090 
268 UA00015274    (0)   :  0.124 0.123 0.114 0.021 0.091 0.120 0.098 0.112 0.108 0.088 
269 UA00062993    (0)   :  0.104 0.120 0.112 0.012 0.106 0.117 0.119 0.110 0.116 0.084 
270 UA00038364    (0)   :  0.106 0.118 0.100 0.055 0.104 0.113 0.111 0.110 0.109 0.074 
271 UA00014446    (0)   :  0.129 0.137 0.115 0.013 0.086 0.128 0.101 0.115 0.109 0.067 
272 UA00063545    (0)   :  0.072 0.077 0.065 0.334 0.083 0.075 0.056 0.078 0.063 0.096 
273 UA00040054    (0)   :  0.121 0.111 0.120 0.029 0.100 0.111 0.114 0.107 0.120 0.067 
274 UA00058447    (0)   :  0.101 0.115 0.116 0.028 0.106 0.113 0.124 0.112 0.121 0.064 
275 UA00046835    (0)   :  0.099 0.106 0.118 0.026 0.110 0.106 0.138 0.106 0.129 0.063 
276 UA00014608    (0)   :  0.118 0.126 0.113 0.019 0.099 0.122 0.103 0.116 0.108 0.074 
277    pc012    (0)   :  0.112 0.126 0.108 0.035 0.098 0.118 0.100 0.113 0.098 0.092 
278    pc002    (0)   :  0.089 0.093 0.076 0.282 0.073 0.086 0.071 0.088 0.074 0.069 
279 UA00033690    (0)   :  0.060 0.060 0.111 0.096 0.137 0.077 0.184 0.089 0.139 0.047 
280 UA00013688    (0)   :  0.118 0.123 0.112 0.029 0.098 0.120 0.094 0.112 0.106 0.086 
281 UA00063666    (0)   :  0.065 0.063 0.114 0.059 0.122 0.076 0.222 0.094 0.152 0.033 
282 UA00063292    (0)   :  0.064 0.061 0.122 0.015 0.135 0.079 0.231 0.092 0.164 0.036 
283    pc001    (0)   :  0.120 0.122 0.109 0.022 0.100 0.117 0.103 0.114 0.108 0.083 
284    pc008    (0)   :  0.103 0.107 0.110 0.023 0.117 0.107 0.130 0.108 0.130 0.064 
285 UA00034316    (0)   :  0.099 0.095 0.087 0.156 0.095 0.094 0.069 0.100 0.079 0.125 
286 UA00013046    (0)   :  0.122 0.096 0.130 0.019 0.083 0.117 0.141 0.101 0.134 0.055 
287 UA00050241    (0)   :  0.092 0.086 0.120 0.016 0.110 0.098 0.187 0.102 0.146 0.041 
288 UA00048599    (0)   :  0.099 0.103 0.118 0.014 0.113 0.109 0.144 0.109 0.134 0.059 
289 UA00046649    (0)   :  0.092 0.102 0.095 0.180 0.091 0.094 0.097 0.092 0.100 0.056 
290 UA00015674    (0)   :  0.062 0.065 0.074 0.348 0.081 0.069 0.095 0.070 0.082 0.053 
291 UA00013177    (0)   :  0.085 0.096 0.098 0.069 0.114 0.100 0.143 0.099 0.118 0.079 
292 UA00012814    (0)   :  0.134 0.129 0.114 0.022 0.087 0.116 0.098 0.113 0.110 0.076 
293 UA00034654    (0)   :  0.124 0.122 0.116 0.015 0.096 0.115 0.116 0.116 0.117 0.064 
294 UA00046743    (0)   :  0.090 0.077 0.128 0.018 0.127 0.095 0.170 0.095 0.145 0.055 
295 UA00014854    (0)   :  0.065 0.066 0.119 0.062 0.144 0.077 0.184 0.091 0.150 0.043 
296 UA00013729    (0)   :  0.137 0.116 0.129 0.026 0.072 0.117 0.111 0.108 0.111 0.074 
297 UA00063483    (0)   :  0.108 0.117 0.110 0.017 0.097 0.114 0.147 0.110 0.127 0.051 
298 UA00039326    (0)   :  0.097 0.103 0.112 0.066 0.111 0.100 0.130 0.104 0.120 0.057 
299 UA00014742    (0)   :  0.091 0.101 0.107 0.022 0.104 0.105 0.183 0.104 0.140 0.043 
300 UA00049597    (0)   :  0.067 0.066 0.090 0.242 0.101 0.074 0.122 0.083 0.111 0.043 
301 UA00048067    (0)   :  0.099 0.109 0.108 0.049 0.105 0.108 0.132 0.107 0.114 0.068 
302 UA00012918    (0)   :  0.052 0.052 0.118 0.104 0.139 0.066 0.204 0.083 0.147 0.035 
303 UA00013487    (0)   :  0.158 0.104 0.141 0.014 0.058 0.124 0.113 0.094 0.117 0.077 
304 UA00046759    (0)   :  0.108 0.114 0.099 0.060 0.106 0.105 0.093 0.110 0.097 0.109 
305 UA00050164    (0)   :  0.057 0.059 0.056 0.534 0.043 0.056 0.048 0.053 0.050 0.043 
306 UA00049839    (0)   :  0.087 0.100 0.106 0.018 0.104 0.110 0.182 0.097 0.145 0.051 
307 UA00048444    (0)   :  0.054 0.055 0.107 0.057 0.121 0.075 0.259 0.083 0.159 0.029 
308 UA00063857    (0)   :  0.110 0.098 0.120 0.026 0.100 0.107 0.147 0.102 0.140 0.051 
309 UA00014921    (0)   :  0.084 0.088 0.082 0.293 0.071 0.082 0.090 0.081 0.087 0.042 
310 UA00048895    (0)   :  0.079 0.080 0.081 0.318 0.074 0.075 0.081 0.076 0.082 0.053 
311 UA00014556    (0)   :  0.112 0.123 0.100 0.019 0.112 0.116 0.095 0.114 0.097 0.112 
312    pc009    (0)   :  0.067 0.066 0.115 0.015 0.125 0.085 0.243 0.089 0.167 0.029 
313 UA00014959    (0)   :  0.072 0.077 0.089 0.232 0.101 0.075 0.112 0.081 0.113 0.046 
314 UA00020709    (0)   :  0.099 0.106 0.117 0.045 0.112 0.103 0.123 0.103 0.128 0.065 
315 UA00013126    (0)   :  0.014 0.014 0.014 0.871 0.015 0.014 0.015 0.015 0.014 0.015 
316 UA00013695    (0)   :  0.026 0.027 0.026 0.775 0.025 0.025 0.025 0.025 0.027 0.021 
317 UA00049344    (0)   :  0.085 0.095 0.079 0.286 0.072 0.086 0.075 0.086 0.076 0.059 
318 UA00047614    (0)   :  0.038 0.042 0.037 0.601 0.056 0.042 0.035 0.044 0.037 0.070 
319 UA00014221    (0)   :  0.084 0.086 0.125 0.008 0.117 0.098 0.193 0.102 0.139 0.047 
320 UA00014346    (0)   :  0.090 0.095 0.121 0.031 0.115 0.100 0.165 0.098 0.128 0.057 
321 UA00014245    (0)   :  0.067 0.068 0.111 0.150 0.121 0.080 0.144 0.083 0.130 0.047 
322 UA00014696    (0)   :  0.018 0.019 0.017 0.838 0.018 0.019 0.015 0.018 0.018 0.020 
323 UA00006991    (0)   :  0.125 0.138 0.111 0.016 0.091 0.127 0.089 0.118 0.101 0.083 
324 UA00048948    (0)   :  0.125 0.135 0.109 0.023 0.086 0.124 0.097 0.122 0.105 0.074 
325 UA00002239    (0)   :  0.127 0.128 0.110 0.024 0.090 0.120 0.091 0.118 0.100 0.091 
326 UA00063459    (0)   :  0.063 0.058 0.133 0.020 0.139 0.080 0.221 0.091 0.158 0.036 
327 UA00048356    (0)   :  0.107 0.113 0.106 0.029 0.113 0.114 0.111 0.109 0.111 0.086 
328 UA00063940    (0)   :  0.127 0.121 0.112 0.031 0.088 0.118 0.092 0.110 0.106 0.096 
329 UA00048130    (0)   :  0.093 0.103 0.117 0.016 0.105 0.111 0.167 0.099 0.137 0.051 
330 UA00048903    (0)   :  0.137 0.091 0.142 0.011 0.063 0.124 0.132 0.103 0.134 0.063 
331 UA00064643    (0)   :  0.126 0.122 0.115 0.035 0.085 0.116 0.109 0.109 0.109 0.073 
332 UA00050233    (0)   :  0.122 0.121 0.113 0.018 0.092 0.117 0.116 0.112 0.110 0.080 
333 UA00012507    (0)   :  0.117 0.128 0.106 0.014 0.101 0.121 0.083 0.120 0.100 0.110 
334 UA00064416    (0)   :  0.145 0.124 0.131 0.017 0.071 0.128 0.099 0.108 0.104 0.074 
335 UA00034724    (0)   :  0.121 0.120 0.115 0.017 0.090 0.117 0.118 0.110 0.126 0.067 
336 UA00002621    (0)   :  0.123 0.109 0.124 0.016 0.088 0.117 0.126 0.106 0.128 0.063 
337 UA00033203    (0)   :  0.156 0.116 0.129 0.031 0.068 0.122 0.103 0.097 0.105 0.073 
338 UA00011996    (0)   :  0.127 0.134 0.115 0.029 0.089 0.124 0.099 0.119 0.102 0.062 
339 UA00014408    (0)   :  0.101 0.103 0.091 0.021 0.126 0.102 0.074 0.113 0.083 0.184 
340 UA00049502    (0)   :  0.111 0.121 0.104 0.016 0.104 0.117 0.114 0.112 0.111 0.090 
341 UA00062695    (0)   :  0.099 0.106 0.111 0.051 0.108 0.100 0.138 0.103 0.120 0.065 
342 UA00014072    (0)   :  0.095 0.095 0.105 0.027 0.108 0.102 0.171 0.100 0.147 0.049 
343 UA00003334    (0)   :  0.110 0.089 0.132 0.021 0.089 0.110 0.156 0.096 0.140 0.056 
344 UA00013835    (0)   :  0.111 0.126 0.113 0.031 0.103 0.114 0.115 0.112 0.109 0.066 
345 UA00046760    (0)   :  0.101 0.112 0.094 0.130 0.085 0.100 0.116 0.100 0.112 0.050 
346 UA00014241    (0)   :  0.118 0.114 0.119 0.016 0.089 0.117 0.118 0.113 0.124 0.071 
347 UA00049585    (0)   :  0.112 0.113 0.112 0.019 0.096 0.111 0.154 0.108 0.132 0.044 
348 UA00013409    (0)   :  0.077 0.084 0.097 0.029 0.129 0.090 0.173 0.095 0.133 0.094 
349 UA00047548    (0)   :  0.130 0.130 0.121 0.025 0.084 0.123 0.103 0.113 0.109 0.063 
350 UA00049038    (0)   :  0.087 0.092 0.080 0.226 0.085 0.089 0.090 0.088 0.086 0.078 
351 UA00047612    (0)   :  0.123 0.124 0.115 0.017 0.089 0.125 0.102 0.115 0.110 0.080 
352 UA00014822    (0)   :  0.095 0.103 0.090 0.160 0.096 0.098 0.081 0.099 0.088 0.092 
353 UA00035299    (0)   :  0.137 0.118 0.120 0.029 0.076 0.126 0.104 0.109 0.115 0.067 
354 UA00012804    (0)   :  0.096 0.103 0.085 0.237 0.075 0.093 0.078 0.091 0.080 0.061 
355 UA00049578    (0)   :  0.116 0.123 0.107 0.020 0.099 0.117 0.098 0.114 0.108 0.097 
356 UA00047672    (0)   :  0.149 0.108 0.139 0.015 0.069 0.119 0.103 0.107 0.110 0.082 
357 UA00043961    (0)   :  0.045 0.047 0.046 0.568 0.053 0.046 0.050 0.047 0.047 0.052 
358 UA00064575    (0)   :  0.093 0.103 0.090 0.025 0.125 0.110 0.122 0.104 0.112 0.116 
359 UA00014732    (0)   :  0.130 0.127 0.119 0.014 0.087 0.124 0.099 0.119 0.100 0.081 
360 UA00050181    (0)   :  0.131 0.136 0.120 0.009 0.089 0.123 0.098 0.114 0.107 0.074 
361 UA00033369    (0)   :  0.115 0.120 0.097 0.143 0.078 0.104 0.079 0.101 0.089 0.073 
362 UA00011982    (0)   :  0.162 0.085 0.158 0.011 0.042 0.127 0.126 0.098 0.121 0.071 
363 UA00014590    (0)   :  0.133 0.129 0.110 0.063 0.076 0.114 0.089 0.112 0.101 0.073 
364 UA00047743    (0)   :  0.146 0.120 0.128 0.014 0.080 0.120 0.104 0.113 0.107 0.067 
365 UA00046621    (0)   :  0.138 0.124 0.130 0.015 0.070 0.124 0.111 0.108 0.112 0.067 
366 UA00050422    (0)   :  0.127 0.128 0.110 0.017 0.093 0.121 0.089 0.120 0.102 0.093 
367 UA00002760    (0)   :  0.115 0.119 0.105 0.047 0.090 0.115 0.118 0.110 0.121 0.059 
368 UA00012999    (0)   :  0.125 0.125 0.112 0.065 0.079 0.117 0.094 0.112 0.108 0.064 
369 UA00063838    (0)   :  0.129 0.105 0.128 0.015 0.080 0.119 0.128 0.104 0.127 0.065 
370 UA00003729    (0)   :  0.084 0.097 0.093 0.107 0.115 0.092 0.099 0.105 0.096 0.110 
371 UA00015348    (0)   :  0.084 0.089 0.104 0.040 0.114 0.095 0.191 0.093 0.140 0.051 
372 UA00019058    (0)   :  0.076 0.076 0.124 0.027 0.138 0.089 0.171 0.088 0.133 0.079 
373 UA00049549    (0)   :  0.051 0.046 0.117 0.068 0.133 0.069 0.240 0.082 0.164 0.029 
374 UA00014334    (0)   :  0.122 0.129 0.114 0.024 0.089 0.120 0.094 0.116 0.107 0.085 
375 UA00014350    (0)   :  0.168 0.080 0.165 0.009 0.034 0.122 0.132 0.091 0.124 0.073 
376 UA00049227    (0)   :  0.114 0.124 0.099 0.095 0.092 0.114 0.079 0.107 0.093 0.083 
377 UA00014051    (0)   :  0.135 0.127 0.116 0.013 0.089 0.123 0.086 0.109 0.097 0.105 
378 UA00034381    (0)   :  0.123 0.117 0.112 0.020 0.091 0.115 0.109 0.108 0.117 0.088 
379 UA00002354    (0)   :  0.151 0.109 0.137 0.014 0.061 0.126 0.113 0.105 0.111 0.074 
380 UA00049892    (0)   :  0.110 0.098 0.119 0.047 0.087 0.104 0.148 0.099 0.136 0.052 
381 UA00021989    (0)   :  0.132 0.118 0.119 0.013 0.079 0.124 0.122 0.106 0.117 0.070 
382 UA00048968    (0)   :  0.135 0.131 0.119 0.016 0.084 0.115 0.098 0.114 0.113 0.074 
383 UA00013174    (0)   :  0.136 0.117 0.122 0.026 0.074 0.121 0.101 0.116 0.110 0.077 
384 UA00033992    (0)   :  0.124 0.122 0.106 0.117 0.074 0.111 0.087 0.104 0.094 0.062 
385 UA00015801    (0)   :  0.158 0.094 0.159 0.009 0.047 0.123 0.122 0.097 0.123 0.068 
386 UA00063303    (0)   :  0.086 0.087 0.097 0.136 0.109 0.086 0.127 0.093 0.118 0.061 
387 UA00050206    (0)   :  0.075 0.082 0.114 0.010 0.113 0.097 0.219 0.098 0.155 0.038 
388 UA00014458    (0)   :  0.118 0.113 0.109 0.055 0.085 0.112 0.116 0.108 0.113 0.070 
389 UA00007204    (0)   :  0.086 0.079 0.119 0.027 0.129 0.094 0.163 0.099 0.154 0.051 
390 UA00063212    (0)   :  0.075 0.085 0.082 0.132 0.112 0.087 0.143 0.089 0.115 0.080 
391 UA00013340    (0)   :  0.123 0.130 0.111 0.054 0.084 0.123 0.098 0.111 0.104 0.062 
392 UA00062743    (0)   :  0.123 0.128 0.113 0.015 0.090 0.122 0.092 0.117 0.112 0.088 
393 UA00063189    (0)   :  0.072 0.078 0.066 0.045 0.171 0.087 0.055 0.101 0.067 0.259 
394 UA00035432    (0)   :  0.112 0.106 0.115 0.018 0.093 0.114 0.155 0.102 0.133 0.054 
395 UA00007958    (0)   :  0.128 0.119 0.125 0.016 0.076 0.120 0.104 0.120 0.124 0.068 
396 UA00013634    (0)   :  0.136 0.120 0.120 0.013 0.079 0.124 0.097 0.117 0.116 0.078 
397 UA00048175    (0)   :  0.158 0.090 0.155 0.008 0.047 0.129 0.122 0.098 0.119 0.075 
398 UA00003202    (0)   :  0.118 0.123 0.110 0.022 0.086 0.119 0.118 0.111 0.132 0.062 
399 UA00035090    (0)   :  0.108 0.118 0.110 0.023 0.104 0.111 0.128 0.106 0.117 0.076 
400 UA00064679    (0)   :  0.099 0.101 0.096 0.033 0.124 0.102 0.077 0.109 0.090 0.168 
401 UA00039518    (0)   :  0.135 0.117 0.124 0.027 0.077 0.117 0.111 0.108 0.116 0.066 
402 UA00058268    (0)   :  0.134 0.126 0.118 0.022 0.080 0.124 0.104 0.112 0.111 0.069 
403 UA00049456    (0)   :  0.101 0.103 0.096 0.124 0.091 0.098 0.120 0.097 0.114 0.056 
404 UA00049550    (0)   :  0.086 0.102 0.099 0.015 0.115 0.107 0.162 0.101 0.136 0.077 
405 UA00048342    (0)   :  0.114 0.121 0.106 0.061 0.091 0.111 0.112 0.108 0.110 0.067 
406 UA00063493    (0)   :  0.127 0.127 0.115 0.013 0.084 0.121 0.129 0.103 0.123 0.057 
407 UA00058261    (0)   :  0.130 0.117 0.114 0.018 0.086 0.121 0.090 0.113 0.109 0.103 
408 UA00014663    (0)   :  0.136 0.139 0.112 0.023 0.085 0.121 0.089 0.120 0.097 0.078 
409 UA00048817    (0)   :  0.115 0.114 0.102 0.153 0.072 0.107 0.082 0.096 0.095 0.064 
410 UA00049381    (0)   :  0.135 0.115 0.129 0.017 0.069 0.119 0.103 0.111 0.119 0.084 
411 UA00035901    (0)   :  0.105 0.114 0.088 0.023 0.128 0.104 0.079 0.109 0.083 0.167 
412 UA00013301    (0)   :  0.077 0.088 0.105 0.029 0.117 0.097 0.197 0.093 0.138 0.060 
413 UA00047926    (0)   :  0.134 0.118 0.115 0.048 0.079 0.116 0.094 0.105 0.099 0.093 
414 UA00007272    (0)   :  0.120 0.129 0.111 0.026 0.093 0.116 0.084 0.109 0.103 0.109 
415 UA00016041    (0)   :  0.103 0.113 0.109 0.034 0.099 0.105 0.145 0.105 0.130 0.057 
416 UA00013502    (0)   :  0.126 0.113 0.117 0.012 0.083 0.119 0.119 0.112 0.118 0.080 
417 UA00002390    (0)   :  0.124 0.126 0.116 0.061 0.079 0.119 0.091 0.113 0.102 0.068 
418 UA00034907    (0)   :  0.121 0.131 0.109 0.014 0.096 0.122 0.099 0.118 0.107 0.083 
419 UA00048821    (0)   :  0.113 0.119 0.104 0.058 0.100 0.109 0.089 0.111 0.099 0.097 
420 UA00002136    (0)   :  0.099 0.112 0.100 0.054 0.103 0.106 0.138 0.102 0.129 0.058 
421 UA00011790    (0)   :  0.128 0.123 0.121 0.029 0.077 0.117 0.098 0.113 0.116 0.080 
422 UA00021586    (0)   :  0.107 0.111 0.101 0.127 0.084 0.104 0.092 0.103 0.098 0.072 
