

----------------------------------------------------
STRUCTURE by Pritchard, Stephens and Donnelly (2000)
     and Falush, Stephens and Pritchard (2003)
       Code by Pritchard, Falush and Hubisz
             Version 2.3.4 (Jul 2012)
----------------------------------------------------



Command line arguments:   structure -K 4 -o outputfile_K4_10 
Input File:    Puma_SNP_genotypes_cut_AZ_final_HWEonly.str

Run parameters:
   536 individuals
   22 loci
   4 populations assumed
   100000 Burn-in period
   500000 Reps


--------------------------------------------
Overall proportion of membership of the
sample in each of the 4 clusters

Inferred Clusters
  1      2      3      4    
0.256  0.258  0.246  0.241  

--------------------------------------------

Allele-freq. divergence among pops (Net nucleotide distance),
computed using point estimates of P.

      1       2       3       4      
 1      -    0.0412  0.0649  0.0478  
 2   0.0412     -    0.0490  0.0619  
 3   0.0649  0.0490     -    0.0519  
 4   0.0478  0.0619  0.0519     -    

Average distances (expected heterozygosity) between individuals in same cluster:
cluster  1  : 0.3507 
cluster  2  : 0.3550 
cluster  3  : 0.2912 
cluster  4  : 0.3367 

--------------------------------------------
Estimated Ln Prob of Data   = -12839.9
Mean value of ln likelihood = -12369.9
Variance of ln likelihood   = 940.1
Mean value of alpha         = 0.4392

Mean value of Fst_1         = 0.1268
Mean value of Fst_2         = 0.1096
Mean value of Fst_3         = 0.2100
Mean value of Fst_4         = 0.1768


Inferred ancestry of individuals:
        Label (%Miss) :  Inferred clusters
  1 UA00063336   (13)   :  0.144 0.155 0.130 0.571 
  2 UA00048914    (9)   :  0.134 0.230 0.354 0.282 
  3 UA00014769   (13)   :  0.327 0.483 0.053 0.137 
  4 UA00008132   (13)   :  0.264 0.305 0.178 0.252 
  5 UA00030462   (13)   :  0.167 0.150 0.453 0.230 
  6 UA00034866   (13)   :  0.307 0.206 0.364 0.123 
  7 UA00034800    (9)   :  0.096 0.093 0.129 0.682 
  8  Puco006    (9)   :  0.068 0.093 0.684 0.155 
  9 UA00048874    (4)   :  0.077 0.122 0.151 0.650 
 10 UA00049060    (9)   :  0.278 0.360 0.111 0.252 
 11 UA00033413    (9)   :  0.600 0.163 0.134 0.103 
 12  Puco021    (9)   :  0.547 0.092 0.076 0.285 
 13  Puco026    (9)   :  0.381 0.253 0.089 0.278 
 14  Puco008    (9)   :  0.110 0.151 0.287 0.452 
 15   M01301    (9)   :  0.554 0.164 0.200 0.083 
 16   M06306    (9)   :  0.180 0.096 0.068 0.655 
 17 UA00032185    (9)   :  0.318 0.229 0.243 0.210 
 18 UA00030792    (9)   :  0.050 0.048 0.070 0.832 
 19 UA00031647    (9)   :  0.124 0.148 0.220 0.509 
 20 UA00031979    (9)   :  0.241 0.271 0.224 0.264 
 21  Puco016    (9)   :  0.098 0.254 0.540 0.108 
 22  Puco010    (9)   :  0.465 0.213 0.142 0.181 
 23    M1035    (9)   :  0.184 0.409 0.086 0.321 
 24 UA00034601    (9)   :  0.286 0.135 0.304 0.275 
 25 UA00050388    (9)   :  0.262 0.193 0.188 0.357 
 26 UA00048699    (9)   :  0.097 0.176 0.639 0.088 
 27 UA00064058    (9)   :  0.225 0.454 0.101 0.220 
 28 UA00033981    (9)   :  0.554 0.101 0.136 0.209 
 29   F05033    (9)   :  0.415 0.330 0.113 0.142 
 30 UA00048520    (4)   :  0.268 0.131 0.204 0.398 
 31 UA00048422    (4)   :  0.090 0.061 0.072 0.777 
 32    PucoB    (4)   :  0.509 0.227 0.068 0.196 
 33 UA00047393    (4)   :  0.144 0.318 0.109 0.429 
 34 UA00064521    (4)   :  0.209 0.138 0.465 0.188 
 35 UA00003043    (4)   :  0.154 0.399 0.352 0.095 
 36 UA00063025    (4)   :  0.224 0.096 0.252 0.429 
 37 UA00063826    (4)   :  0.520 0.166 0.103 0.211 
 38   F07407    (4)   :  0.393 0.102 0.090 0.415 
 39 UA00021658    (4)   :  0.382 0.294 0.154 0.170 
 40 UA00003794    (4)   :  0.359 0.129 0.107 0.405 
 41 UA00041322    (4)   :  0.192 0.220 0.211 0.377 
 42 UA00063316    (4)   :  0.238 0.152 0.277 0.332 
 43 UA00047705    (4)   :  0.339 0.155 0.208 0.298 
 44 UA00033904    (4)   :  0.102 0.138 0.119 0.641 
 45 UA00048100    (4)   :  0.377 0.290 0.194 0.139 
 46 UA00032212    (4)   :  0.192 0.163 0.199 0.446 
 47 UA00031574    (4)   :  0.093 0.062 0.112 0.733 
 48 UA00031228    (4)   :  0.059 0.068 0.108 0.765 
 49 UA00047707    (4)   :  0.151 0.655 0.118 0.075 
 50 UA00030906    (4)   :  0.045 0.043 0.097 0.815 
 51 UA00041567    (4)   :  0.519 0.129 0.175 0.176 
 52 UA00007624    (4)   :  0.559 0.250 0.110 0.080 
 53 UA00034514    (4)   :  0.320 0.369 0.180 0.130 
 54 UA00030480    (4)   :  0.115 0.305 0.115 0.466 
 55  Puco012    (4)   :  0.250 0.367 0.244 0.139 
 56 UA00038677    (9)   :  0.242 0.140 0.275 0.342 
 57 UA00048275    (4)   :  0.525 0.158 0.154 0.163 
 58 UA00064055    (4)   :  0.098 0.526 0.219 0.156 
 59  Puco009    (4)   :  0.147 0.297 0.447 0.109 
 60 UA00064561    (4)   :  0.109 0.628 0.181 0.082 
 61 UA00003479    (4)   :  0.205 0.455 0.233 0.106 
 62 UA00063747    (4)   :  0.338 0.442 0.155 0.065 
 63 UA00002558    (4)   :  0.312 0.168 0.406 0.114 
 64 UA00048410    (4)   :  0.122 0.348 0.460 0.070 
 65 UA00012249    (4)   :  0.099 0.514 0.315 0.073 
 66 UA00033818    (4)   :  0.157 0.091 0.132 0.619 
 67  Puco020    (4)   :  0.127 0.362 0.227 0.283 
 68 UA00002545    (9)   :  0.090 0.613 0.113 0.183 
 69 UA00048508    (4)   :  0.282 0.453 0.155 0.110 
 70 UA00064100    (4)   :  0.291 0.261 0.211 0.237 
 71 UA00014585    (4)   :  0.252 0.379 0.227 0.142 
 72 UA00063698    (4)   :  0.162 0.104 0.487 0.247 
 73 UA00049753    (4)   :  0.128 0.126 0.075 0.670 
 74 UA00049037    (4)   :  0.281 0.418 0.106 0.195 
 75 UA00034941    (4)   :  0.305 0.127 0.237 0.331 
 76 UA00008083    (4)   :  0.117 0.111 0.641 0.131 
 77 UA00015084    (4)   :  0.156 0.087 0.436 0.321 
 78 UA00041010    (9)   :  0.061 0.094 0.464 0.380 
 79 UA00035261    (4)   :  0.171 0.161 0.256 0.411 
 80 UA00035431    (4)   :  0.541 0.188 0.193 0.078 
 81 UA00045274    (0)   :  0.337 0.169 0.224 0.270 
 82 UA00028200    (4)   :  0.127 0.107 0.266 0.499 
 83 UA00064559    (0)   :  0.069 0.047 0.074 0.810 
 84 UA00040808    (0)   :  0.070 0.160 0.233 0.537 
 85 UA00049156    (0)   :  0.116 0.104 0.227 0.553 
 86 UA00003952    (4)   :  0.076 0.129 0.702 0.093 
 87 UA00063954    (0)   :  0.179 0.198 0.103 0.521 
 88 UA00062934    (0)   :  0.151 0.156 0.152 0.541 
 89 UA00033829    (0)   :  0.094 0.072 0.263 0.571 
 90 UA00064351    (4)   :  0.553 0.088 0.199 0.159 
 91 UA00003697    (4)   :  0.125 0.092 0.578 0.205 
 92 UA00063438    (4)   :  0.147 0.160 0.190 0.503 
 93 UA00007608    (0)   :  0.159 0.089 0.295 0.458 
 94 UA00019683    (4)   :  0.276 0.075 0.078 0.571 
 95 UA00007781    (0)   :  0.421 0.206 0.190 0.183 
 96 UA00002915    (0)   :  0.114 0.180 0.249 0.457 
 97  Puco031    (4)   :  0.159 0.451 0.216 0.175 
 98 UA00048280    (4)   :  0.504 0.110 0.213 0.174 
 99 UA00048589    (0)   :  0.356 0.232 0.125 0.287 
100 UA00034417    (0)   :  0.129 0.268 0.295 0.308 
101 UA00050411    (4)   :  0.189 0.624 0.117 0.071 
102  Puco029    (4)   :  0.463 0.348 0.055 0.134 
103   F03403    (4)   :  0.665 0.139 0.119 0.078 
104 UA00049904    (0)   :  0.358 0.097 0.134 0.412 
105 UA00035335    (0)   :  0.355 0.493 0.047 0.105 
106 UA00012611    (0)   :  0.332 0.370 0.119 0.179 
107 UA00050319    (0)   :  0.719 0.125 0.077 0.079 
108 UA00032068    (4)   :  0.222 0.319 0.093 0.367 
109 UA00032026    (4)   :  0.249 0.310 0.131 0.310 
110 UA00030476    (4)   :  0.615 0.088 0.064 0.233 
111 UA00046853    (0)   :  0.565 0.120 0.098 0.217 
112 UA00040156    (4)   :  0.052 0.046 0.069 0.834 
113 UA00030528    (4)   :  0.086 0.313 0.106 0.496 
114  Puco025    (4)   :  0.250 0.551 0.091 0.107 
115    pc016    (0)   :  0.046 0.046 0.072 0.836 
116 UA00030617    (4)   :  0.269 0.583 0.073 0.074 
117 UA00030585    (4)   :  0.104 0.057 0.099 0.740 
118 UA00032060    (4)   :  0.258 0.167 0.097 0.478 
119    pc007    (0)   :  0.551 0.164 0.120 0.165 
120 UA00030798    (4)   :  0.083 0.079 0.071 0.767 
121 UA00030778    (4)   :  0.167 0.655 0.096 0.082 
122 UA00039674    (4)   :  0.051 0.055 0.070 0.824 
123 UA00032241    (4)   :  0.588 0.257 0.079 0.076 
124 UA00011624    (0)   :  0.257 0.486 0.124 0.133 
125 UA00033779    (4)   :  0.699 0.107 0.101 0.094 
126 UA00049402    (4)   :  0.099 0.330 0.444 0.127 
127 UA00033653    (0)   :  0.738 0.083 0.091 0.088 
128 UA00047738    (0)   :  0.304 0.192 0.222 0.282 
129 UA00047502    (4)   :  0.120 0.209 0.488 0.183 
130 UA00012014    (4)   :  0.155 0.461 0.189 0.196 
131 UA00040729    (0)   :  0.480 0.222 0.101 0.197 
132 UA00030392    (4)   :  0.303 0.478 0.099 0.120 
133 UA00050033    (0)   :  0.400 0.299 0.121 0.180 
134 UA00012152    (0)   :  0.089 0.248 0.591 0.072 
135 UA00050406    (0)   :  0.315 0.299 0.172 0.214 
136 UA00047973    (0)   :  0.458 0.273 0.136 0.133 
137 UA00008051    (0)   :  0.230 0.204 0.232 0.334 
138 UA00047337    (4)   :  0.256 0.213 0.123 0.409 
139 UA00041604    (4)   :  0.246 0.229 0.220 0.304 
140 UA00031704    (4)   :  0.227 0.620 0.071 0.082 
141 UA00040423    (4)   :  0.163 0.405 0.119 0.313 
142 UA00049433    (0)   :  0.115 0.346 0.308 0.231 
143 UA00034816    (0)   :  0.153 0.499 0.245 0.103 
144 UA00050214    (0)   :  0.135 0.694 0.076 0.095 
145 UA00041073    (0)   :  0.285 0.298 0.248 0.169 
146 UA00030318    (4)   :  0.237 0.466 0.194 0.103 
147 UA00046845    (0)   :  0.127 0.393 0.354 0.127 
148 UA00063946    (0)   :  0.675 0.080 0.085 0.160 
149 UA00031374    (4)   :  0.266 0.367 0.214 0.153 
150    M1136    (4)   :  0.116 0.290 0.118 0.476 
151 UA00034299    (0)   :  0.115 0.651 0.121 0.113 
152 UA00002387    (4)   :  0.101 0.597 0.226 0.077 
153 UA00021855    (0)   :  0.460 0.185 0.157 0.198 
154 UA00014500    (0)   :  0.217 0.463 0.123 0.198 
155 UA00050419    (4)   :  0.192 0.630 0.107 0.072 
156 UA00031854    (4)   :  0.340 0.282 0.256 0.122 
157    pc011    (4)   :  0.104 0.674 0.141 0.081 
158 UA00033004    (0)   :  0.119 0.498 0.157 0.226 
159 UA00046510    (0)   :  0.158 0.356 0.375 0.111 
160 UA00048747    (0)   :  0.120 0.562 0.205 0.113 
161 UA00014293    (0)   :  0.085 0.687 0.144 0.084 
162 UA00047686    (0)   :  0.109 0.275 0.376 0.240 
163 UA00033783    (4)   :  0.238 0.098 0.214 0.451 
164 UA00042609    (4)   :  0.096 0.289 0.428 0.187 
165 UA00031169    (4)   :  0.096 0.716 0.091 0.096 
166 UA00035181    (0)   :  0.458 0.378 0.098 0.066 
167 UA00050133    (0)   :  0.215 0.438 0.195 0.152 
168  Puco011    (4)   :  0.087 0.619 0.167 0.127 
169 UA00041476    (0)   :  0.144 0.417 0.269 0.170 
170 UA00046702    (0)   :  0.156 0.649 0.112 0.083 
171 UA00019940    (0)   :  0.227 0.347 0.191 0.235 
172 UA00049813    (0)   :  0.478 0.213 0.118 0.190 
173 UA00064165    (0)   :  0.141 0.136 0.551 0.172 
174 UA00064421    (0)   :  0.151 0.239 0.536 0.073 
175 UA00064569    (4)   :  0.330 0.478 0.115 0.077 
176 UA00003996    (0)   :  0.129 0.332 0.423 0.116 
177 UA00064491    (4)   :  0.277 0.432 0.204 0.086 
178 UA00011899    (0)   :  0.296 0.388 0.128 0.188 
179  Puco015    (4)   :  0.162 0.358 0.156 0.324 
180 UA00047929    (4)   :  0.572 0.237 0.067 0.125 
181 UA00056669    (0)   :  0.238 0.373 0.258 0.132 
182 UA00050176    (0)   :  0.198 0.311 0.283 0.207 
183  Puco014    (4)   :  0.398 0.190 0.221 0.191 
184 UA00019608    (0)   :  0.125 0.512 0.244 0.119 
185 UA00064333    (0)   :  0.115 0.576 0.167 0.142 
186  Puco013    (4)   :  0.157 0.319 0.384 0.141 
187 UA00016092    (0)   :  0.224 0.621 0.082 0.073 
188 UA00019060    (0)   :  0.098 0.128 0.548 0.226 
189 UA00063532    (0)   :  0.292 0.298 0.228 0.182 
190 UA00064117    (0)   :  0.104 0.159 0.374 0.363 
191 UA00011969    (0)   :  0.330 0.221 0.240 0.209 
192 UA00034586    (4)   :  0.446 0.319 0.109 0.126 
193 UA00030736    (4)   :  0.220 0.462 0.143 0.175 
194 UA00048493    (0)   :  0.238 0.383 0.158 0.220 
195 UA00040466    (0)   :  0.086 0.084 0.741 0.090 
196 UA00047659    (0)   :  0.340 0.324 0.196 0.141 
197 UA00042002    (4)   :  0.225 0.162 0.150 0.464 
198 UA00062606    (0)   :  0.155 0.302 0.354 0.189 
199 UA00030615    (4)   :  0.104 0.096 0.724 0.076 
200 UA00048899    (0)   :  0.303 0.323 0.201 0.173 
201 UA00047725    (0)   :  0.054 0.047 0.822 0.077 
202 UA00030866    (4)   :  0.205 0.290 0.322 0.182 
203 UA00034564    (0)   :  0.137 0.417 0.258 0.187 
204 UA00046520    (0)   :  0.722 0.110 0.086 0.082 
205 UA00035027    (0)   :  0.288 0.178 0.282 0.253 
206 UA00035421    (0)   :  0.090 0.253 0.567 0.090 
207 UA00062740    (4)   :  0.166 0.134 0.358 0.342 
208 UA00012360    (0)   :  0.092 0.094 0.725 0.090 
209 UA00050203    (0)   :  0.378 0.317 0.147 0.158 
210 UA00040534    (4)   :  0.100 0.114 0.422 0.365 
211 UA00031261    (4)   :  0.069 0.091 0.591 0.249 
212 UA00031917    (4)   :  0.066 0.106 0.430 0.397 
213 UA00040798    (4)   :  0.206 0.132 0.487 0.175 
214 UA00030598    (4)   :  0.181 0.150 0.514 0.155 
215 UA00050385    (0)   :  0.135 0.421 0.275 0.169 
216 UA00058283    (0)   :  0.088 0.064 0.709 0.140 
217 UA00042297    (4)   :  0.184 0.127 0.248 0.441 
218 UA00015415    (4)   :  0.059 0.084 0.777 0.080 
219 UA00035531    (0)   :  0.068 0.105 0.633 0.193 
220 UA00048683    (0)   :  0.091 0.141 0.672 0.096 
221 UA00046734    (4)   :  0.076 0.087 0.722 0.115 
222   pcRF01    (0)   :  0.082 0.768 0.097 0.053 
223 UA00007223    (0)   :  0.100 0.252 0.435 0.213 
224 UA00013841    (0)   :  0.182 0.260 0.096 0.462 
225 UA00014196    (0)   :  0.065 0.115 0.681 0.139 
226 UA00034635    (0)   :  0.300 0.386 0.182 0.132 
227 UA00047371    (0)   :  0.260 0.120 0.130 0.490 
228 UA00063544    (0)   :  0.252 0.161 0.145 0.442 
229 UA00064246    (0)   :  0.262 0.188 0.329 0.220 
230 UA00064328    (0)   :  0.151 0.208 0.340 0.302 
231 UA00002952    (0)   :  0.121 0.146 0.398 0.335 
232 UA00064079    (0)   :  0.216 0.231 0.176 0.376 
233 UA00046793    (0)   :  0.092 0.187 0.461 0.260 
234 UA00034769    (0)   :  0.202 0.086 0.195 0.517 
235 UA00034949    (0)   :  0.075 0.237 0.513 0.175 
236 UA00063753    (0)   :  0.458 0.085 0.191 0.267 
237 UA00015713    (0)   :  0.339 0.141 0.119 0.401 
238 UA00003494    (0)   :  0.075 0.417 0.332 0.176 
239 UA00056767    (0)   :  0.754 0.116 0.076 0.054 
240 UA00014461    (0)   :  0.150 0.223 0.446 0.181 
241 UA00034669    (0)   :  0.157 0.104 0.429 0.310 
242 UA00048164    (0)   :  0.206 0.279 0.402 0.112 
243 UA00007974    (0)   :  0.474 0.095 0.130 0.301 
244 UA00016166    (0)   :  0.089 0.266 0.123 0.522 
245 UA00015653    (0)   :  0.115 0.100 0.290 0.495 
246 UA00063882    (0)   :  0.107 0.139 0.541 0.213 
247 UA00049027    (0)   :  0.192 0.123 0.167 0.518 
248 UA00018878    (0)   :  0.269 0.096 0.089 0.545 
249 UA00038796    (0)   :  0.173 0.112 0.532 0.182 
250 UA00013465    (0)   :  0.117 0.094 0.651 0.138 
251 UA00014604    (0)   :  0.259 0.100 0.353 0.288 
252 UA00041913    (0)   :  0.363 0.093 0.130 0.414 
253 UA00021632    (0)   :  0.102 0.096 0.139 0.663 
254 UA00064027    (0)   :  0.162 0.180 0.274 0.384 
255 UA00015023    (0)   :  0.146 0.374 0.362 0.119 
256 UA00050243    (0)   :  0.123 0.199 0.171 0.508 
257 UA00048298    (0)   :  0.239 0.365 0.192 0.204 
258 UA00050437    (0)   :  0.152 0.210 0.450 0.188 
259 UA00014262    (0)   :  0.163 0.252 0.185 0.400 
260 UA00049129    (0)   :  0.403 0.231 0.124 0.242 
261 UA00014740    (0)   :  0.420 0.141 0.216 0.223 
262 UA00049612    (0)   :  0.117 0.081 0.152 0.650 
263 UA00014635    (0)   :  0.728 0.114 0.084 0.074 
264 UA00014673    (0)   :  0.171 0.124 0.294 0.411 
265 UA00033608    (0)   :  0.191 0.098 0.159 0.552 
266 UA00064540    (0)   :  0.563 0.109 0.185 0.143 
267 UA00050256    (0)   :  0.123 0.148 0.333 0.396 
268 UA00015274    (0)   :  0.193 0.412 0.230 0.165 
269 UA00062993    (0)   :  0.550 0.132 0.219 0.098 
270 UA00038364    (0)   :  0.307 0.165 0.186 0.342 
271 UA00014446    (0)   :  0.386 0.329 0.155 0.130 
272 UA00063545    (0)   :  0.087 0.098 0.240 0.575 
273 UA00040054    (0)   :  0.170 0.455 0.104 0.271 
274 UA00058447    (0)   :  0.458 0.204 0.135 0.203 
275 UA00046835    (0)   :  0.534 0.190 0.137 0.139 
276 UA00014608    (0)   :  0.435 0.207 0.202 0.155 
277    pc012    (0)   :  0.321 0.175 0.272 0.233 
278    pc002    (0)   :  0.149 0.126 0.155 0.570 
279 UA00033690    (0)   :  0.390 0.067 0.096 0.447 
280 UA00013688    (0)   :  0.309 0.234 0.263 0.194 
281 UA00063666    (0)   :  0.596 0.080 0.057 0.267 
282 UA00063292    (0)   :  0.703 0.116 0.082 0.099 
283    pc001    (0)   :  0.292 0.271 0.245 0.192 
284    pc008    (0)   :  0.427 0.215 0.156 0.202 
285 UA00034316    (0)   :  0.107 0.241 0.320 0.331 
286 UA00013046    (0)   :  0.483 0.324 0.074 0.118 
287 UA00050241    (0)   :  0.658 0.154 0.058 0.130 
288 UA00048599    (0)   :  0.646 0.157 0.098 0.098 
289 UA00046649    (0)   :  0.156 0.146 0.090 0.607 
290 UA00015674    (0)   :  0.205 0.071 0.133 0.592 
291 UA00013177    (0)   :  0.396 0.125 0.216 0.263 
292 UA00012814    (0)   :  0.217 0.414 0.209 0.161 
293 UA00034654    (0)   :  0.381 0.366 0.116 0.137 
294 UA00046743    (0)   :  0.552 0.224 0.107 0.116 
295 UA00014854    (0)   :  0.396 0.145 0.055 0.404 
296 UA00013729    (0)   :  0.192 0.481 0.154 0.173 
297 UA00063483    (0)   :  0.611 0.143 0.097 0.149 
298 UA00039326    (0)   :  0.301 0.213 0.119 0.367 
299 UA00014742    (0)   :  0.641 0.148 0.081 0.130 
300 UA00049597    (0)   :  0.172 0.100 0.049 0.679 
301 UA00048067    (0)   :  0.400 0.097 0.156 0.347 
302 UA00012918    (0)   :  0.409 0.080 0.058 0.452 
303 UA00013487    (0)   :  0.071 0.800 0.061 0.067 
304 UA00046759    (0)   :  0.203 0.150 0.305 0.342 
305 UA00050164    (0)   :  0.073 0.149 0.112 0.666 
306 UA00049839    (0)   :  0.611 0.158 0.123 0.109 
307 UA00048444    (0)   :  0.647 0.061 0.079 0.213 
308 UA00063857    (0)   :  0.516 0.236 0.067 0.181 
309 UA00014921    (0)   :  0.188 0.105 0.059 0.648 
310 UA00048895    (0)   :  0.218 0.118 0.114 0.550 
311 UA00014556    (0)   :  0.242 0.196 0.352 0.211 
312    pc009    (0)   :  0.736 0.110 0.051 0.103 
313 UA00014959    (0)   :  0.180 0.108 0.078 0.635 
314 UA00020709    (0)   :  0.242 0.262 0.138 0.359 
315 UA00013126    (0)   :  0.081 0.059 0.079 0.781 
316 UA00013695    (0)   :  0.086 0.076 0.084 0.753 
317 UA00049344    (0)   :  0.117 0.090 0.107 0.686 
318 UA00047614    (0)   :  0.079 0.058 0.164 0.699 
319 UA00014221    (0)   :  0.728 0.144 0.068 0.060 
320 UA00014346    (0)   :  0.598 0.097 0.141 0.163 
321 UA00014245    (0)   :  0.294 0.147 0.081 0.478 
322 UA00014696    (0)   :  0.051 0.082 0.137 0.729 
323 UA00006991    (0)   :  0.193 0.410 0.252 0.145 
324 UA00048948    (0)   :  0.316 0.313 0.208 0.162 
325 UA00002239    (0)   :  0.122 0.434 0.255 0.189 
326 UA00063459    (0)   :  0.694 0.094 0.058 0.155 
327 UA00048356    (0)   :  0.458 0.117 0.236 0.189 
328 UA00063940    (0)   :  0.244 0.299 0.293 0.164 
329 UA00048130    (0)   :  0.662 0.108 0.120 0.111 
330 UA00048903    (0)   :  0.423 0.429 0.081 0.067 
331 UA00064643    (0)   :  0.285 0.320 0.198 0.197 
332 UA00050233    (0)   :  0.324 0.319 0.244 0.113 
333 UA00012507    (0)   :  0.160 0.294 0.447 0.099 
334 UA00064416    (0)   :  0.132 0.654 0.117 0.097 
335 UA00034724    (0)   :  0.391 0.337 0.164 0.108 
336 UA00002621    (0)   :  0.497 0.300 0.101 0.102 
337 UA00033203    (0)   :  0.091 0.674 0.111 0.124 
338 UA00011996    (0)   :  0.351 0.269 0.105 0.275 
339 UA00014408    (0)   :  0.123 0.238 0.502 0.137 
340 UA00049502    (0)   :  0.449 0.143 0.284 0.125 
341 UA00062695    (0)   :  0.438 0.142 0.171 0.249 
342 UA00014072    (0)   :  0.583 0.160 0.116 0.142 
343 UA00003334    (0)   :  0.595 0.216 0.084 0.105 
344 UA00013835    (0)   :  0.372 0.195 0.156 0.277 
345 UA00046760    (0)   :  0.353 0.156 0.101 0.390 
346 UA00014241    (0)   :  0.365 0.373 0.160 0.102 
347 UA00049585    (0)   :  0.606 0.195 0.069 0.131 
348 UA00013409    (0)   :  0.477 0.105 0.272 0.146 
349 UA00047548    (0)   :  0.308 0.445 0.087 0.159 
350 UA00049038    (0)   :  0.213 0.111 0.185 0.490 
351 UA00047612    (0)   :  0.407 0.255 0.203 0.135 
352 UA00014822    (0)   :  0.142 0.101 0.252 0.505 
353 UA00035299    (0)   :  0.252 0.418 0.168 0.161 
354 UA00012804    (0)   :  0.172 0.140 0.129 0.559 
355 UA00049578    (0)   :  0.313 0.220 0.328 0.139 
356 UA00047672    (0)   :  0.064 0.706 0.136 0.093 
357 UA00043961    (0)   :  0.143 0.084 0.134 0.639 
358 UA00064575    (0)   :  0.394 0.117 0.352 0.137 
359 UA00014732    (0)   :  0.253 0.455 0.192 0.101 
360 UA00050181    (0)   :  0.193 0.491 0.223 0.093 
361 UA00033369    (0)   :  0.114 0.236 0.191 0.460 
362 UA00011982    (0)   :  0.147 0.726 0.062 0.066 
363 UA00014590    (0)   :  0.128 0.414 0.194 0.264 
364 UA00047743    (0)   :  0.135 0.646 0.096 0.123 
365 UA00046621    (0)   :  0.176 0.662 0.069 0.093 
366 UA00050422    (0)   :  0.234 0.289 0.343 0.134 
367 UA00002760    (0)   :  0.363 0.285 0.116 0.235 
368 UA00012999    (0)   :  0.189 0.374 0.106 0.332 
369 UA00063838    (0)   :  0.421 0.336 0.133 0.110 
370 UA00003729    (0)   :  0.246 0.103 0.289 0.362 
371 UA00015348    (0)   :  0.560 0.115 0.144 0.181 
372 UA00019058    (0)   :  0.564 0.120 0.189 0.126 
373 UA00049549    (0)   :  0.601 0.071 0.057 0.271 
374 UA00014334    (0)   :  0.143 0.384 0.307 0.166 
375 UA00014350    (0)   :  0.101 0.798 0.050 0.051 
376 UA00049227    (0)   :  0.130 0.168 0.246 0.456 
377 UA00014051    (0)   :  0.112 0.456 0.365 0.067 
378 UA00034381    (0)   :  0.349 0.297 0.234 0.120 
379 UA00002354    (0)   :  0.128 0.716 0.083 0.074 
380 UA00049892    (0)   :  0.430 0.256 0.075 0.240 
381 UA00021989    (0)   :  0.335 0.417 0.169 0.078 
382 UA00048968    (0)   :  0.218 0.492 0.184 0.106 
383 UA00013174    (0)   :  0.165 0.511 0.194 0.130 
384 UA00033992    (0)   :  0.130 0.366 0.108 0.395 
385 UA00015801    (0)   :  0.213 0.671 0.060 0.056 
386 UA00063303    (0)   :  0.250 0.148 0.134 0.468 
387 UA00050206    (0)   :  0.763 0.095 0.081 0.061 
388 UA00014458    (0)   :  0.334 0.279 0.180 0.206 
389 UA00007204    (0)   :  0.540 0.184 0.090 0.186 
390 UA00063212    (0)   :  0.330 0.107 0.240 0.323 
391 UA00013340    (0)   :  0.329 0.255 0.110 0.306 
392 UA00062743    (0)   :  0.090 0.487 0.337 0.086 
393 UA00063189    (0)   :  0.109 0.151 0.608 0.131 
394 UA00035432    (0)   :  0.551 0.259 0.091 0.099 
395 UA00007958    (0)   :  0.301 0.481 0.116 0.102 
396 UA00013634    (0)   :  0.110 0.613 0.192 0.086 
397 UA00048175    (0)   :  0.093 0.751 0.108 0.047 
398 UA00003202    (0)   :  0.425 0.306 0.138 0.131 
399 UA00035090    (0)   :  0.383 0.239 0.226 0.151 
400 UA00064679    (0)   :  0.145 0.216 0.509 0.129 
401 UA00039518    (0)   :  0.279 0.493 0.113 0.115 
402 UA00058268    (0)   :  0.307 0.364 0.170 0.159 
403 UA00049456    (0)   :  0.286 0.164 0.132 0.418 
404 UA00049550    (0)   :  0.496 0.175 0.234 0.095 
405 UA00048342    (0)   :  0.296 0.181 0.141 0.383 
406 UA00063493    (0)   :  0.426 0.387 0.098 0.090 
407 UA00058261    (0)   :  0.122 0.463 0.328 0.087 
408 UA00014663    (0)   :  0.182 0.423 0.222 0.174 
409 UA00048817    (0)   :  0.119 0.340 0.180 0.362 
410 UA00049381    (0)   :  0.138 0.582 0.196 0.083 
411 UA00035901    (0)   :  0.191 0.187 0.449 0.174 
412 UA00013301    (0)   :  0.562 0.103 0.187 0.148 
413 UA00047926    (0)   :  0.106 0.474 0.232 0.188 
414 UA00007272    (0)   :  0.086 0.333 0.430 0.152 
415 UA00016041    (0)   :  0.436 0.206 0.114 0.244 
416 UA00013502    (0)   :  0.342 0.399 0.187 0.071 
417 UA00002390    (0)   :  0.180 0.334 0.150 0.336 
418 UA00034907    (0)   :  0.377 0.233 0.255 0.135 
419 UA00048821    (0)   :  0.170 0.247 0.256 0.327 
420 UA00002136    (0)   :  0.358 0.117 0.164 0.361 
421 UA00011790    (0)   :  0.150 0.485 0.223 0.141 
422 UA00021586    (0)   :  0.213 0.233 0.193 0.361 
423 UA00033270    (0)   :  0.330 0.292 0.228 0.150 
424 UA00048073    (0)   :  0.407 0.287 0.146 0.160 
425 UA00048856    (0)   :  0.262 0.254 0.344 0.139 
426 UA00049713    (0)   :  0.161 0.526 0.174 0.139 
427 UA00046885    (0)   :  0.435 0.282 0.134 0.149 
428 UA00034893    (0)   :  0.361 0.413 0.097 0.129 
429 UA00048011    (0)   :  0.273 0.420 0.238 0.069 
430 UA00015786    (0)   :  0.182 0.252 0.360 0.206 
431 UA00013162    (0)   :  0.065 0.474 0.307 0.154 
432 UA00049512    (0)   :  0.408 0.186 0.200 0.206 
433 UA00004046    (0)   :  0.121 0.649 0.159 0.071 
434 UA00048881    (0)   :  0.167 0.150 0.394 0.290 
435 UA00046610    (0)   :  0.151 0.274 0.292 0.283 
436 UA00033282    (0)   :  0.295 0.222 0.242 0.240 
437 UA00047561    (0)   :  0.134 0.595 0.161 0.109 
438 UA00013777    (0)   :  0.140 0.333 0.430 0.098 
439 UA00062849    (0)   :  0.640 0.130 0.116 0.115 
440 UA00049786    (0)   :  0.088 0.652 0.200 0.061 
441 UA00033246    (0)   :  0.746 0.102 0.059 0.093 
442 UA00045302    (0)   :  0.306 0.319 0.131 0.245 
443 UA00048637    (0)   :  0.131 0.594 0.187 0.088 
444 UA00049832    (0)   :  0.365 0.172 0.094 0.368 
445 UA00022023    (0)   :  0.149 0.324 0.173 0.354 
446 UA00050192    (0)   :  0.146 0.246 0.136 0.472 
447 UA00050413    (0)   :  0.328 0.332 0.183 0.157 
448 UA00013445    (0)   :  0.229 0.580 0.112 0.080 
449 UA00035496    (0)   :  0.235 0.199 0.411 0.156 
450 UA00003333    (0)   :  0.130 0.211 0.423 0.236 
451 UA00064008    (0)   :  0.157 0.255 0.489 0.100 
452 UA00003427    (0)   :  0.189 0.215 0.220 0.376 
453 UA00028092    (0)   :  0.201 0.153 0.262 0.383 
454    pc003    (0)   :  0.094 0.095 0.627 0.183 
455 UA00034440    (0)   :  0.544 0.171 0.183 0.102 
456 UA00026062    (0)   :  0.070 0.663 0.132 0.134 
457 UA00014347    (0)   :  0.288 0.173 0.280 0.258 
458 UA00021516    (0)   :  0.168 0.609 0.123 0.100 
459 UA00049347    (0)   :  0.143 0.225 0.526 0.106 
460 UA00063436    (0)   :  0.279 0.108 0.487 0.126 
461 UA00047790    (0)   :  0.146 0.507 0.207 0.140 
462 UA00045714    (0)   :  0.145 0.190 0.449 0.216 
463 UA00038979    (0)   :  0.464 0.125 0.129 0.282 
464 UA00016123    (0)   :  0.143 0.306 0.351 0.200 
465 UA00034765    (0)   :  0.067 0.104 0.765 0.064 
466 UA00063815    (0)   :  0.128 0.077 0.565 0.230 
467 UA00034795    (0)   :  0.556 0.162 0.155 0.127 
468 UA00004000    (0)   :  0.108 0.097 0.686 0.109 
469 UA00049367    (0)   :  0.482 0.198 0.235 0.085 
470 UA00034457    (0)   :  0.256 0.451 0.124 0.169 
471 UA00050015    (0)   :  0.426 0.141 0.190 0.243 
472 UA00021373    (0)   :  0.286 0.339 0.209 0.166 
473 UA00050232    (0)   :  0.097 0.088 0.627 0.188 
474 UA00038724    (0)   :  0.344 0.173 0.121 0.363 
475 UA00007824    (0)   :  0.099 0.407 0.237 0.258 
476 UA00048754    (0)   :  0.113 0.346 0.463 0.078 
477 UA00014271    (0)   :  0.312 0.327 0.157 0.204 
478 UA00013756    (0)   :  0.337 0.116 0.280 0.267 
479 UA00014385    (0)   :  0.113 0.194 0.456 0.237 
480 UA00049609    (0)   :  0.545 0.202 0.132 0.121 
481 UA00003748    (0)   :  0.100 0.216 0.590 0.094 
482 UA00063952    (0)   :  0.166 0.226 0.528 0.080 
483 UA00058348    (0)   :  0.192 0.127 0.605 0.076 
484 UA00014922    (0)   :  0.103 0.097 0.688 0.112 
485 UA00003820    (0)   :  0.110 0.435 0.380 0.075 
486 UA00013693    (0)   :  0.177 0.244 0.367 0.212 
487 UA00047713    (0)   :  0.077 0.132 0.719 0.073 
488 UA00034891    (0)   :  0.186 0.095 0.529 0.191 
489 UA00049223    (0)   :  0.214 0.197 0.473 0.115 
490 UA00064399    (0)   :  0.045 0.073 0.533 0.350 
491 UA00013336    (0)   :  0.088 0.070 0.681 0.161 
492 UA00035291    (0)   :  0.052 0.089 0.701 0.158 
493 UA00003945    (0)   :  0.106 0.126 0.636 0.133 
494 UA00014518    (0)   :  0.093 0.180 0.611 0.116 
495 UA00013583    (0)   :  0.122 0.088 0.269 0.521 
496 UA00011510    (0)   :  0.119 0.149 0.573 0.159 
497 UA00046860    (0)   :  0.121 0.254 0.471 0.154 
498 UA00048853    (0)   :  0.116 0.157 0.460 0.267 
499 UA00012151    (0)   :  0.063 0.106 0.735 0.096 
500 UA00063930    (0)   :  0.227 0.094 0.203 0.476 
501 UA00013453    (0)   :  0.171 0.210 0.385 0.235 
502 UA00039299    (0)   :  0.075 0.075 0.745 0.106 
503 UA00014280    (0)   :  0.081 0.062 0.797 0.060 
504 UA00014200    (0)   :  0.068 0.177 0.667 0.088 
505 UA00040612    (0)   :  0.063 0.079 0.659 0.198 
506 UA00062679    (0)   :  0.077 0.077 0.694 0.151 
507 UA00034481    (0)   :  0.104 0.106 0.697 0.093 
508 UA00011880    (0)   :  0.333 0.088 0.158 0.422 
509 UA00013421    (0)   :  0.048 0.074 0.622 0.256 
510 UA00048051    (0)   :  0.058 0.062 0.789 0.091 
511 UA00063370    (0)   :  0.063 0.059 0.658 0.221 
512 UA00014716    (0)   :  0.082 0.073 0.685 0.161 
513 UA00033426    (0)   :  0.067 0.202 0.494 0.236 
514 UA00015190    (0)   :  0.065 0.082 0.505 0.348 
515 UA00013730    (0)   :  0.340 0.341 0.118 0.201 
516 UA00047644    (4)   :  0.096 0.111 0.506 0.286 
517 UA00031933    (9)   :  0.183 0.404 0.282 0.131 
518 UA00031541    (9)   :  0.173 0.174 0.460 0.194 
519   PCO-60    (4)   :  0.269 0.266 0.326 0.139 
520 UA00030495    (4)   :  0.265 0.197 0.277 0.261 
521 UA00031133    (4)   :  0.709 0.092 0.069 0.130 
522 UA00032049    (4)   :  0.161 0.143 0.196 0.500 
523 UA00030599    (4)   :  0.555 0.085 0.133 0.226 
524 UA00030250    (4)   :  0.159 0.619 0.119 0.103 
525 UA00049385    (4)   :  0.406 0.110 0.182 0.301 
526 UA00031816    (4)   :  0.723 0.073 0.078 0.126 
527 UA00030275    (4)   :  0.163 0.343 0.238 0.255 
528 UA00041861    (4)   :  0.199 0.320 0.266 0.216 
529 UA00041433    (4)   :  0.342 0.433 0.135 0.089 
530  PCO-114    (4)   :  0.113 0.492 0.303 0.093 
531 UA00031529    (4)   :  0.373 0.287 0.213 0.127 
532 UA00039719    (4)   :  0.305 0.369 0.226 0.099 
533  PCO-442    (4)   :  0.144 0.681 0.102 0.073 
534   PCO-58    (0)   :  0.071 0.605 0.194 0.131 
535 UA00048673    (4)   :  0.324 0.202 0.308 0.165 
536   PCO-63    (4)   :  0.423 0.338 0.154 0.085 


Estimated Allele Frequencies in each cluster
First column gives estimated ancestral frequencies


Locus 1 : PP01 
2 alleles
0.0% missing data
   1   (0.597) 0.522 0.665 0.359 0.817 
   2   (0.403) 0.478 0.335 0.641 0.183 

Locus 2 : PP02 
2 alleles
0.0% missing data
   1   (0.886) 0.873 0.910 0.960 0.985 
   2   (0.114) 0.127 0.090 0.040 0.015 

Locus 3 : PP03 
2 alleles
18.3% missing data
   1   (0.797) 0.656 0.854 0.952 0.887 
   2   (0.203) 0.344 0.146 0.048 0.113 

Locus 4 : PP04 
2 alleles
0.4% missing data
   1   (0.695) 0.473 0.782 0.942 0.649 
   2   (0.305) 0.527 0.218 0.058 0.351 

Locus 5 : PP06 
2 alleles
0.0% missing data
   1   (0.634) 0.782 0.572 0.594 0.657 
   2   (0.366) 0.218 0.428 0.406 0.343 

Locus 6 : PP07 
2 alleles
0.0% missing data
   1   (0.707) 0.553 0.705 0.921 0.822 
   2   (0.293) 0.447 0.295 0.079 0.178 

Locus 7 : PP09 
2 alleles
0.0% missing data
   1   (0.466) 0.763 0.332 0.093 0.635 
   2   (0.534) 0.237 0.668 0.907 0.365 

Locus 8 : PP10 
2 alleles
0.0% missing data
   1   (0.189) 0.060 0.083 0.363 0.388 
   2   (0.811) 0.940 0.917 0.637 0.612 

Locus 9 : PP11 
2 alleles
0.0% missing data
   1   (0.694) 0.847 0.522 0.811 0.770 
   2   (0.306) 0.153 0.478 0.189 0.230 

Locus 10 : PP12 
2 alleles
0.2% missing data
   1   (0.403) 0.505 0.454 0.168 0.308 
   2   (0.597) 0.495 0.546 0.832 0.692 

Locus 11 : PP13 
2 alleles
0.0% missing data
   1   (0.195) 0.053 0.161 0.125 0.446 
   2   (0.805) 0.947 0.839 0.875 0.554 

Locus 12 : PP14 
2 alleles
0.2% missing data
   1   (0.848) 0.941 0.791 0.907 0.949 
   2   (0.152) 0.059 0.209 0.093 0.051 

Locus 13 : PP15 
2 alleles
0.0% missing data
   1   (0.870) 0.927 0.975 0.942 0.479 
   2   (0.130) 0.073 0.025 0.058 0.521 

Locus 14 : PP16 
2 alleles
0.0% missing data
   1   (0.527) 0.700 0.493 0.390 0.447 
   2   (0.473) 0.300 0.507 0.610 0.553 

Locus 15 : PP17 
2 alleles
0.2% missing data
   1   (0.634) 0.584 0.683 0.535 0.802 
   2   (0.366) 0.416 0.317 0.465 0.198 

Locus 16 : PP18 
2 alleles
0.7% missing data
   1   (0.750) 0.773 0.669 0.907 0.879 
   2   (0.250) 0.227 0.331 0.093 0.121 

Locus 17 : PP20 
2 alleles
0.0% missing data
   1   (0.614) 0.618 0.693 0.517 0.646 
   2   (0.386) 0.382 0.307 0.483 0.354 

Locus 18 : PP21 
2 alleles
14.9% missing data
   1   (0.854) 0.775 0.850 0.981 0.957 
   2   (0.146) 0.225 0.150 0.019 0.043 

Locus 19 : PP22 
2 alleles
1.3% missing data
   1   (0.372) 0.234 0.732 0.214 0.099 
   2   (0.628) 0.766 0.268 0.786 0.901 

Locus 20 : PP23 
2 alleles
0.7% missing data
   1   (0.636) 0.633 0.580 0.781 0.737 
   2   (0.364) 0.367 0.420 0.219 0.263 

Locus 21 : PP24 
2 alleles
0.2% missing data
   1   (0.791) 0.847 0.906 0.609 0.832 
   2   (0.209) 0.153 0.094 0.391 0.168 

Locus 22 : PP25 
2 alleles
0.6% missing data
   1   (0.402) 0.380 0.232 0.452 0.644 
   2   (0.598) 0.620 0.768 0.548 0.356 

Values of parameters used in structure:
DATAFILE=Puma_SNP_genotypes_cut_AZ_final_HWEonly.str,	OUTFILE=outputfile_K4_10,	NUMINDS=536,	NUMLOCI=22,	MISSING=-9,	LABEL=1,	POPDATA=0,	POPFLAG=0,	PHENOTYPE=0,	EXTRACOLS=0,	MAXPOPS=4,	BURNIN=100000,	NUMREPS=500000,	USEPOPINFO=0,	INFERALPHA=1,	INFERLAMBDA=0,	POPSPECIFICLAMBDA=0,	POPALPHAS=0,	COMPUTEPROB=1,	NOADMIX=0,	ADMBURNIN=2500,	UPDATEFREQ=200,	PRINTLIKES=0,	INTERMEDSAVE=0,	PRINTKLD=0,	PRINTNET=0,	PRINTLAMBDA=0,	ANCESTDIST=0,	NUMBOXES=1000,	ANCESTPINT=0.90000,	GENSBACK=2,	MIGRPRIOR=0.05000,	PRINTQHAT=0,	PRINTQSUM=0,	ALPHA=1.0000,	FREQSCORR=1,	FPRIORMEAN=0.0100,	FPRIORSD=0.0500,	ONEFST=0,	LAMBDA=1.0000,	UNIFPRIORALPHA=1,	ALPHAMAX=10.0000,	ALPHAPRIORA=1.0000,	ALPHAPRIORB=2.0000,	ALPHAPROPSD=0.0250,	STARTATPOPINFO=0,	RANDOMIZE=1,	LINKAGE=0,	METROFREQ=20,	REPORTHITRATE=0,	MARKOVPHASE=0,	PHASED=0,	PLOIDY=2,	PHASEINFO=0	LOCPRIOR=0, 	LOCPRIORINIT=1.000000, 	LOCDATA=0, 	LOCISPOP=0, 	LOCPRIORSTEP=0.100000, 	MAXLOCPRIOR=20.000000, 	SEED=1716617183,	
[STRAT parameters]:    NUMSIMSTATS=1000,	PHENOTYPECOL=-9,	POOLFREQ=10,	LOCUSxONLY=0,	EMERROR=0.00100,	MISSINGPHENO=-9,	