

----------------------------------------------------
STRUCTURE by Pritchard, Stephens and Donnelly (2000)
     and Falush, Stephens and Pritchard (2003)
       Code by Pritchard, Falush and Hubisz
             Version 2.3.4 (Jul 2012)
----------------------------------------------------



Command line arguments:   structure -K 3 -o outputfile_K3_10 
Input File:    Puma_SNP_genotypes_cut_AZ_final_HWEonly.str

Run parameters:
   536 individuals
   22 loci
   3 populations assumed
   100000 Burn-in period
   500000 Reps


--------------------------------------------
Overall proportion of membership of the
sample in each of the 3 clusters

Inferred Clusters
  1      2      3    
0.329  0.334  0.338  

--------------------------------------------

Allele-freq. divergence among pops (Net nucleotide distance),
computed using point estimates of P.

      1       2       3      
 1      -    0.0550  0.0514  
 2   0.0550     -    0.0395  
 3   0.0514  0.0395     -    

Average distances (expected heterozygosity) between individuals in same cluster:
cluster  1  : 0.3129 
cluster  2  : 0.3554 
cluster  3  : 0.3540 

--------------------------------------------
Estimated Ln Prob of Data   = -12853.8
Mean value of ln likelihood = -12506.0
Variance of ln likelihood   = 695.6
Mean value of alpha         = 0.6529

Mean value of Fst_1         = 0.2168
Mean value of Fst_2         = 0.0985
Mean value of Fst_3         = 0.0996


Inferred ancestry of individuals:
        Label (%Miss) :  Inferred clusters
  1 UA00063336   (13)   :  0.458 0.292 0.249 
  2 UA00048914    (9)   :  0.450 0.203 0.346 
  3 UA00014769   (13)   :  0.090 0.527 0.383 
  4 UA00008132   (13)   :  0.294 0.326 0.380 
  5 UA00030462   (13)   :  0.514 0.233 0.253 
  6 UA00034866   (13)   :  0.290 0.351 0.359 
  7 UA00034800    (9)   :  0.646 0.216 0.138 
  8  Puco006    (9)   :  0.684 0.115 0.201 
  9 UA00048874    (4)   :  0.643 0.160 0.197 
 10 UA00049060    (9)   :  0.178 0.421 0.401 
 11 UA00033413    (9)   :  0.147 0.624 0.229 
 12  Puco021    (9)   :  0.164 0.716 0.120 
 13  Puco026    (9)   :  0.165 0.567 0.268 
 14  Puco008    (9)   :  0.617 0.177 0.206 
 15   M01301    (9)   :  0.170 0.583 0.247 
 16   M06306    (9)   :  0.334 0.502 0.164 
 17 UA00032185    (9)   :  0.301 0.384 0.315 
 18 UA00030792    (9)   :  0.803 0.118 0.079 
 19 UA00031647    (9)   :  0.531 0.232 0.237 
 20 UA00031979    (9)   :  0.295 0.374 0.330 
 21  Puco016    (9)   :  0.336 0.150 0.514 
 22  Puco010    (9)   :  0.219 0.522 0.259 
 23    M1035    (9)   :  0.239 0.342 0.418 
 24 UA00034601    (9)   :  0.355 0.405 0.239 
 25 UA00050388    (9)   :  0.362 0.389 0.249 
 26 UA00048699    (9)   :  0.371 0.152 0.478 
 27 UA00064058    (9)   :  0.169 0.351 0.479 
 28 UA00033981    (9)   :  0.207 0.651 0.142 
 29   F05033    (9)   :  0.138 0.506 0.355 
 30 UA00048520    (4)   :  0.404 0.399 0.197 
 31 UA00048422    (4)   :  0.668 0.239 0.093 
 32    PucoB    (4)   :  0.119 0.636 0.245 
 33 UA00047393    (4)   :  0.325 0.290 0.385 
 34 UA00064521    (4)   :  0.419 0.294 0.287 
 35 UA00003043    (4)   :  0.235 0.195 0.569 
 36 UA00063025    (4)   :  0.535 0.316 0.149 
 37 UA00063826    (4)   :  0.177 0.607 0.216 
 38   F07407    (4)   :  0.262 0.607 0.131 
 39 UA00021658    (4)   :  0.190 0.436 0.374 
 40 UA00003794    (4)   :  0.256 0.571 0.173 
 41 UA00041322    (4)   :  0.398 0.301 0.301 
 42 UA00063316    (4)   :  0.433 0.330 0.237 
 43 UA00047705    (4)   :  0.286 0.489 0.225 
 44 UA00033904    (4)   :  0.539 0.239 0.222 
 45 UA00048100    (4)   :  0.182 0.460 0.358 
 46 UA00032212    (4)   :  0.476 0.304 0.220 
 47 UA00031574    (4)   :  0.723 0.183 0.094 
 48 UA00031228    (4)   :  0.774 0.123 0.104 
 49 UA00047707    (4)   :  0.100 0.193 0.707 
 50 UA00030906    (4)   :  0.855 0.081 0.064 
 51 UA00041567    (4)   :  0.263 0.551 0.187 
 52 UA00007624    (4)   :  0.108 0.561 0.331 
 53 UA00034514    (4)   :  0.190 0.351 0.459 
 54 UA00030480    (4)   :  0.341 0.229 0.430 
 55  Puco012    (4)   :  0.228 0.297 0.475 
 56 UA00038677    (9)   :  0.468 0.332 0.200 
 57 UA00048275    (4)   :  0.184 0.596 0.220 
 58 UA00064055    (4)   :  0.219 0.144 0.638 
 59  Puco009    (4)   :  0.309 0.222 0.469 
 60 UA00064561    (4)   :  0.146 0.143 0.712 
 61 UA00003479    (4)   :  0.207 0.239 0.554 
 62 UA00063747    (4)   :  0.121 0.349 0.530 
 63 UA00002558    (4)   :  0.316 0.379 0.305 
 64 UA00048410    (4)   :  0.198 0.161 0.641 
 65 UA00012249    (4)   :  0.161 0.118 0.721 
 66 UA00033818    (4)   :  0.570 0.291 0.138 
 67  Puco020    (4)   :  0.369 0.193 0.438 
 68 UA00002545    (9)   :  0.203 0.150 0.647 
 69 UA00048508    (4)   :  0.146 0.314 0.540 
 70 UA00064100    (4)   :  0.262 0.363 0.376 
 71 UA00014585    (4)   :  0.224 0.273 0.502 
 72 UA00063698    (4)   :  0.604 0.219 0.177 
 73 UA00049753    (4)   :  0.429 0.365 0.206 
 74 UA00049037    (4)   :  0.182 0.364 0.454 
 75 UA00034941    (4)   :  0.358 0.440 0.202 
 76 UA00008083    (4)   :  0.601 0.174 0.225 
 77 UA00015084    (4)   :  0.644 0.213 0.143 
 78 UA00041010    (9)   :  0.767 0.091 0.142 
 79 UA00035261    (4)   :  0.468 0.284 0.248 
 80 UA00035431    (4)   :  0.155 0.535 0.309 
 81 UA00045274    (0)   :  0.352 0.417 0.231 
 82 UA00028200    (4)   :  0.637 0.200 0.163 
 83 UA00064559    (0)   :  0.723 0.193 0.084 
 84 UA00040808    (0)   :  0.621 0.129 0.250 
 85 UA00049156    (0)   :  0.638 0.201 0.161 
 86 UA00003952    (4)   :  0.512 0.133 0.356 
 87 UA00063954    (0)   :  0.320 0.416 0.264 
 88 UA00062934    (0)   :  0.455 0.315 0.229 
 89 UA00033829    (0)   :  0.754 0.142 0.104 
 90 UA00064351    (4)   :  0.259 0.606 0.135 
 91 UA00003697    (4)   :  0.668 0.172 0.160 
 92 UA00063438    (4)   :  0.537 0.241 0.222 
 93 UA00007608    (0)   :  0.592 0.258 0.150 
 94 UA00019683    (4)   :  0.295 0.592 0.113 
 95 UA00007781    (0)   :  0.231 0.473 0.296 
 96 UA00002915    (0)   :  0.546 0.182 0.272 
 97  Puco031    (4)   :  0.210 0.217 0.573 
 98 UA00048280    (4)   :  0.257 0.570 0.173 
 99 UA00048589    (0)   :  0.230 0.522 0.249 
100 UA00034417    (0)   :  0.421 0.203 0.376 
101 UA00050411    (4)   :  0.097 0.238 0.664 
102  Puco029    (4)   :  0.086 0.616 0.297 
103   F03403    (4)   :  0.120 0.664 0.216 
104 UA00049904    (0)   :  0.317 0.529 0.154 
105 UA00035335    (0)   :  0.082 0.528 0.390 
106 UA00012611    (0)   :  0.178 0.406 0.416 
107 UA00050319    (0)   :  0.095 0.736 0.169 
108 UA00032068    (4)   :  0.257 0.393 0.350 
109 UA00032026    (4)   :  0.224 0.389 0.386 
110 UA00030476    (4)   :  0.136 0.752 0.112 
111 UA00046853    (0)   :  0.196 0.662 0.143 
112 UA00040156    (4)   :  0.804 0.121 0.075 
113 UA00030528    (4)   :  0.381 0.185 0.434 
114  Puco025    (4)   :  0.109 0.342 0.549 
115    pc016    (0)   :  0.819 0.105 0.076 
116 UA00030617    (4)   :  0.087 0.336 0.577 
117 UA00030585    (4)   :  0.681 0.231 0.088 
118 UA00032060    (4)   :  0.296 0.491 0.213 
119    pc007    (0)   :  0.172 0.611 0.217 
120 UA00030798    (4)   :  0.642 0.216 0.142 
121 UA00030778    (4)   :  0.094 0.223 0.683 
122 UA00039674    (4)   :  0.784 0.120 0.095 
123 UA00032241    (4)   :  0.088 0.595 0.317 
124 UA00011624    (0)   :  0.154 0.372 0.475 
125 UA00033779    (4)   :  0.131 0.711 0.158 
126 UA00049402    (4)   :  0.297 0.137 0.565 
127 UA00033653    (0)   :  0.125 0.749 0.127 
128 UA00047738    (0)   :  0.349 0.414 0.237 
129 UA00047502    (4)   :  0.478 0.162 0.361 
130 UA00012014    (4)   :  0.240 0.225 0.535 
131 UA00040729    (0)   :  0.137 0.611 0.252 
132 UA00030392    (4)   :  0.117 0.352 0.531 
133 UA00050033    (0)   :  0.165 0.478 0.357 
134 UA00012152    (0)   :  0.293 0.150 0.557 
135 UA00050406    (0)   :  0.206 0.395 0.399 
136 UA00047973    (0)   :  0.161 0.488 0.351 
137 UA00008051    (0)   :  0.431 0.327 0.242 
138 UA00047337    (4)   :  0.278 0.442 0.280 
139 UA00041604    (4)   :  0.378 0.335 0.287 
140 UA00031704    (4)   :  0.093 0.300 0.607 
141 UA00040423    (4)   :  0.268 0.296 0.436 
142 UA00049433    (0)   :  0.376 0.167 0.457 
143 UA00034816    (0)   :  0.199 0.199 0.601 
144 UA00050214    (0)   :  0.111 0.211 0.678 
145 UA00041073    (0)   :  0.293 0.316 0.391 
146 UA00030318    (4)   :  0.164 0.294 0.543 
147 UA00046845    (0)   :  0.240 0.165 0.596 
148 UA00063946    (0)   :  0.137 0.753 0.110 
149 UA00031374    (4)   :  0.237 0.314 0.449 
150    M1136    (4)   :  0.388 0.230 0.382 
151 UA00034299    (0)   :  0.136 0.183 0.681 
152 UA00002387    (4)   :  0.162 0.128 0.710 
153 UA00021855    (0)   :  0.246 0.521 0.233 
154 UA00014500    (0)   :  0.189 0.281 0.530 
155 UA00050419    (4)   :  0.109 0.232 0.659 
156 UA00031854    (4)   :  0.243 0.361 0.396 
157    pc011    (4)   :  0.123 0.148 0.729 
158 UA00033004    (0)   :  0.247 0.199 0.553 
159 UA00046510    (0)   :  0.250 0.209 0.541 
160 UA00048747    (0)   :  0.190 0.161 0.649 
161 UA00014293    (0)   :  0.137 0.114 0.749 
162 UA00047686    (0)   :  0.436 0.174 0.390 
163 UA00033783    (4)   :  0.528 0.334 0.137 
164 UA00042609    (4)   :  0.429 0.153 0.418 
165 UA00031169    (4)   :  0.122 0.144 0.733 
166 UA00035181    (0)   :  0.087 0.474 0.438 
167 UA00050133    (0)   :  0.203 0.263 0.534 
168  Puco011    (4)   :  0.167 0.135 0.698 
169 UA00041476    (0)   :  0.314 0.183 0.503 
170 UA00046702    (0)   :  0.110 0.187 0.703 
171 UA00019940    (0)   :  0.266 0.354 0.380 
172 UA00049813    (0)   :  0.187 0.571 0.242 
173 UA00064165    (0)   :  0.562 0.202 0.235 
174 UA00064421    (0)   :  0.275 0.202 0.524 
175 UA00064569    (4)   :  0.102 0.376 0.522 
176 UA00003996    (0)   :  0.271 0.169 0.560 
177 UA00064491    (4)   :  0.148 0.306 0.545 
178 UA00011899    (0)   :  0.185 0.362 0.453 
179  Puco015    (4)   :  0.289 0.285 0.426 
180 UA00047929    (4)   :  0.098 0.652 0.250 
181 UA00056669    (0)   :  0.219 0.283 0.497 
182 UA00050176    (0)   :  0.332 0.239 0.428 
183  Puco014    (4)   :  0.288 0.461 0.251 
184 UA00019608    (0)   :  0.219 0.157 0.625 
185 UA00064333    (0)   :  0.213 0.181 0.606 
186  Puco013    (4)   :  0.317 0.215 0.468 
187 UA00016092    (0)   :  0.087 0.303 0.610 
188 UA00019060    (0)   :  0.667 0.135 0.198 
189 UA00063532    (0)   :  0.247 0.346 0.407 
190 UA00064117    (0)   :  0.646 0.152 0.202 
191 UA00011969    (0)   :  0.281 0.399 0.319 
192 UA00034586    (4)   :  0.126 0.532 0.342 
193 UA00030736    (4)   :  0.193 0.285 0.523 
194 UA00048493    (0)   :  0.228 0.310 0.463 
195 UA00040466    (0)   :  0.607 0.156 0.237 
196 UA00047659    (0)   :  0.187 0.397 0.415 
197 UA00042002    (4)   :  0.368 0.403 0.228 
198 UA00062606    (0)   :  0.325 0.236 0.439 
199 UA00030615    (4)   :  0.558 0.182 0.261 
200 UA00048899    (0)   :  0.224 0.353 0.423 
201 UA00047725    (0)   :  0.792 0.098 0.110 
202 UA00030866    (4)   :  0.290 0.271 0.439 
203 UA00034564    (0)   :  0.233 0.194 0.572 
204 UA00046520    (0)   :  0.116 0.727 0.157 
205 UA00035027    (0)   :  0.333 0.388 0.279 
206 UA00035421    (0)   :  0.352 0.133 0.515 
207 UA00062740    (4)   :  0.499 0.264 0.238 
208 UA00012360    (0)   :  0.593 0.169 0.238 
209 UA00050203    (0)   :  0.165 0.434 0.402 
210 UA00040534    (4)   :  0.710 0.131 0.158 
211 UA00031261    (4)   :  0.764 0.095 0.141 
212 UA00031917    (4)   :  0.732 0.106 0.162 
213 UA00040798    (4)   :  0.524 0.259 0.217 
214 UA00030598    (4)   :  0.478 0.237 0.285 
215 UA00050385    (0)   :  0.267 0.187 0.546 
216 UA00058283    (0)   :  0.733 0.136 0.131 
217 UA00042297    (4)   :  0.602 0.231 0.166 
218 UA00015415    (4)   :  0.668 0.111 0.222 
219 UA00035531    (0)   :  0.655 0.112 0.232 
220 UA00048683    (0)   :  0.490 0.163 0.347 
221 UA00046734    (4)   :  0.666 0.139 0.195 
222   pcRF01    (0)   :  0.089 0.116 0.795 
223 UA00007223    (0)   :  0.454 0.150 0.396 
224 UA00013841    (0)   :  0.271 0.418 0.312 
225 UA00014196    (0)   :  0.636 0.110 0.253 
226 UA00034635    (0)   :  0.184 0.340 0.476 
227 UA00047371    (0)   :  0.450 0.394 0.155 
228 UA00063544    (0)   :  0.380 0.414 0.205 
229 UA00064246    (0)   :  0.414 0.314 0.271 
230 UA00064328    (0)   :  0.501 0.220 0.278 
231 UA00002952    (0)   :  0.558 0.193 0.249 
232 UA00064079    (0)   :  0.391 0.316 0.293 
233 UA00046793    (0)   :  0.538 0.139 0.322 
234 UA00034769    (0)   :  0.541 0.328 0.132 
235 UA00034949    (0)   :  0.470 0.110 0.420 
236 UA00063753    (0)   :  0.338 0.539 0.124 
237 UA00015713    (0)   :  0.280 0.541 0.179 
238 UA00003494    (0)   :  0.374 0.106 0.520 
239 UA00056767    (0)   :  0.086 0.734 0.180 
240 UA00014461    (0)   :  0.403 0.210 0.388 
241 UA00034669    (0)   :  0.631 0.207 0.162 
242 UA00048164    (0)   :  0.280 0.273 0.447 
243 UA00007974    (0)   :  0.224 0.634 0.141 
244 UA00016166    (0)   :  0.478 0.183 0.339 
245 UA00015653    (0)   :  0.628 0.198 0.174 
246 UA00063882    (0)   :  0.539 0.164 0.297 
247 UA00049027    (0)   :  0.465 0.359 0.176 
248 UA00018878    (0)   :  0.334 0.524 0.142 
249 UA00038796    (0)   :  0.508 0.263 0.229 
250 UA00013465    (0)   :  0.657 0.172 0.171 
251 UA00014604    (0)   :  0.471 0.350 0.179 
252 UA00041913    (0)   :  0.362 0.510 0.129 
253 UA00021632    (0)   :  0.628 0.226 0.147 
254 UA00064027    (0)   :  0.473 0.251 0.275 
255 UA00015023    (0)   :  0.248 0.193 0.559 
256 UA00050243    (0)   :  0.465 0.239 0.296 
257 UA00048298    (0)   :  0.268 0.320 0.411 
258 UA00050437    (0)   :  0.419 0.224 0.357 
259 UA00014262    (0)   :  0.388 0.277 0.334 
260 UA00049129    (0)   :  0.198 0.537 0.266 
261 UA00014740    (0)   :  0.269 0.502 0.228 
262 UA00049612    (0)   :  0.673 0.209 0.118 
263 UA00014635    (0)   :  0.103 0.724 0.173 
264 UA00014673    (0)   :  0.544 0.272 0.184 
265 UA00033608    (0)   :  0.527 0.326 0.146 
266 UA00064540    (0)   :  0.227 0.608 0.165 
267 UA00050256    (0)   :  0.553 0.199 0.247 
268 UA00015274    (0)   :  0.215 0.281 0.504 
269 UA00062993    (0)   :  0.176 0.582 0.242 
270 UA00038364    (0)   :  0.327 0.439 0.233 
271 UA00014446    (0)   :  0.155 0.429 0.416 
272 UA00063545    (0)   :  0.715 0.147 0.138 
273 UA00040054    (0)   :  0.177 0.322 0.501 
274 UA00058447    (0)   :  0.182 0.548 0.270 
275 UA00046835    (0)   :  0.156 0.571 0.273 
276 UA00014608    (0)   :  0.212 0.482 0.306 
277    pc012    (0)   :  0.332 0.389 0.279 
278    pc002    (0)   :  0.549 0.271 0.180 
279 UA00033690    (0)   :  0.302 0.603 0.095 
280 UA00013688    (0)   :  0.278 0.381 0.342 
281 UA00063666    (0)   :  0.145 0.753 0.102 
282 UA00063292    (0)   :  0.105 0.746 0.149 
283    pc001    (0)   :  0.238 0.380 0.382 
284    pc008    (0)   :  0.203 0.542 0.255 
285 UA00034316    (0)   :  0.527 0.159 0.314 
286 UA00013046    (0)   :  0.104 0.584 0.312 
287 UA00050241    (0)   :  0.089 0.748 0.163 
288 UA00048599    (0)   :  0.114 0.666 0.220 
289 UA00046649    (0)   :  0.393 0.397 0.211 
290 UA00015674    (0)   :  0.502 0.389 0.110 
291 UA00013177    (0)   :  0.380 0.452 0.168 
292 UA00012814    (0)   :  0.220 0.289 0.492 
293 UA00034654    (0)   :  0.130 0.475 0.394 
294 UA00046743    (0)   :  0.127 0.623 0.250 
295 UA00014854    (0)   :  0.163 0.689 0.148 
296 UA00013729    (0)   :  0.197 0.275 0.527 
297 UA00063483    (0)   :  0.142 0.656 0.202 
298 UA00039326    (0)   :  0.256 0.485 0.259 
299 UA00014742    (0)   :  0.129 0.673 0.198 
300 UA00049597    (0)   :  0.282 0.571 0.147 
301 UA00048067    (0)   :  0.306 0.552 0.141 
302 UA00012918    (0)   :  0.185 0.709 0.106 
303 UA00013487    (0)   :  0.093 0.122 0.785 
304 UA00046759    (0)   :  0.509 0.283 0.209 
305 UA00050164    (0)   :  0.622 0.150 0.228 
306 UA00049839    (0)   :  0.164 0.622 0.214 
307 UA00048444    (0)   :  0.178 0.734 0.087 
308 UA00063857    (0)   :  0.103 0.657 0.240 
309 UA00014921    (0)   :  0.328 0.517 0.155 
310 UA00048895    (0)   :  0.423 0.405 0.171 
311 UA00014556    (0)   :  0.392 0.330 0.278 
312    pc009    (0)   :  0.080 0.796 0.124 
313 UA00014959    (0)   :  0.334 0.506 0.159 
314 UA00020709    (0)   :  0.252 0.429 0.319 
315 UA00013126    (0)   :  0.703 0.204 0.093 
316 UA00013695    (0)   :  0.627 0.233 0.140 
317 UA00049344    (0)   :  0.556 0.291 0.153 
318 UA00047614    (0)   :  0.781 0.131 0.088 
319 UA00014221    (0)   :  0.075 0.736 0.189 
320 UA00014346    (0)   :  0.195 0.651 0.155 
321 UA00014245    (0)   :  0.252 0.568 0.180 
322 UA00014696    (0)   :  0.766 0.100 0.134 
323 UA00006991    (0)   :  0.228 0.242 0.531 
324 UA00048948    (0)   :  0.234 0.359 0.407 
325 UA00002239    (0)   :  0.251 0.190 0.559 
326 UA00063459    (0)   :  0.101 0.781 0.117 
327 UA00048356    (0)   :  0.311 0.509 0.180 
328 UA00063940    (0)   :  0.293 0.279 0.429 
329 UA00048130    (0)   :  0.140 0.683 0.177 
330 UA00048903    (0)   :  0.085 0.445 0.470 
331 UA00064643    (0)   :  0.261 0.357 0.382 
332 UA00050233    (0)   :  0.202 0.366 0.432 
333 UA00012507    (0)   :  0.254 0.213 0.533 
334 UA00064416    (0)   :  0.136 0.182 0.682 
335 UA00034724    (0)   :  0.168 0.427 0.404 
336 UA00002621    (0)   :  0.116 0.535 0.350 
337 UA00033203    (0)   :  0.174 0.143 0.683 
338 UA00011996    (0)   :  0.196 0.467 0.337 
339 UA00014408    (0)   :  0.347 0.189 0.464 
340 UA00049502    (0)   :  0.265 0.473 0.262 
341 UA00062695    (0)   :  0.292 0.512 0.195 
342 UA00014072    (0)   :  0.191 0.601 0.208 
343 UA00003334    (0)   :  0.105 0.623 0.272 
344 UA00013835    (0)   :  0.239 0.501 0.260 
345 UA00046760    (0)   :  0.291 0.513 0.196 
346 UA00014241    (0)   :  0.141 0.402 0.457 
347 UA00049585    (0)   :  0.108 0.655 0.238 
348 UA00013409    (0)   :  0.313 0.515 0.172 
349 UA00047548    (0)   :  0.135 0.386 0.479 
350 UA00049038    (0)   :  0.495 0.343 0.162 
351 UA00047612    (0)   :  0.173 0.451 0.375 
352 UA00014822    (0)   :  0.630 0.225 0.145 
353 UA00035299    (0)   :  0.181 0.315 0.504 
354 UA00012804    (0)   :  0.490 0.318 0.192 
355 UA00049578    (0)   :  0.286 0.373 0.341 
356 UA00047672    (0)   :  0.142 0.102 0.755 
357 UA00043961    (0)   :  0.616 0.260 0.123 
358 UA00064575    (0)   :  0.363 0.422 0.214 
359 UA00014732    (0)   :  0.169 0.285 0.547 
360 UA00050181    (0)   :  0.161 0.238 0.600 
361 UA00033369    (0)   :  0.482 0.198 0.319 
362 UA00011982    (0)   :  0.080 0.209 0.711 
363 UA00014590    (0)   :  0.316 0.198 0.486 
364 UA00047743    (0)   :  0.131 0.225 0.644 
365 UA00046621    (0)   :  0.094 0.251 0.655 
366 UA00050422    (0)   :  0.274 0.296 0.429 
367 UA00002760    (0)   :  0.205 0.484 0.310 
368 UA00012999    (0)   :  0.246 0.333 0.422 
369 UA00063838    (0)   :  0.139 0.487 0.374 
370 UA00003729    (0)   :  0.507 0.336 0.157 
371 UA00015348    (0)   :  0.225 0.612 0.163 
372 UA00019058    (0)   :  0.224 0.585 0.191 
373 UA00049549    (0)   :  0.129 0.777 0.094 
374 UA00014334    (0)   :  0.270 0.202 0.528 
375 UA00014350    (0)   :  0.065 0.162 0.773 
376 UA00049227    (0)   :  0.489 0.226 0.285 
377 UA00014051    (0)   :  0.177 0.132 0.691 
378 UA00034381    (0)   :  0.234 0.368 0.397 
379 UA00002354    (0)   :  0.109 0.190 0.701 
380 UA00049892    (0)   :  0.143 0.614 0.243 
381 UA00021989    (0)   :  0.138 0.337 0.525 
382 UA00048968    (0)   :  0.174 0.273 0.554 
383 UA00013174    (0)   :  0.175 0.213 0.612 
384 UA00033992    (0)   :  0.335 0.238 0.428 
385 UA00015801    (0)   :  0.068 0.277 0.655 
386 UA00063303    (0)   :  0.345 0.462 0.193 
387 UA00050206    (0)   :  0.094 0.752 0.154 
388 UA00014458    (0)   :  0.264 0.403 0.333 
389 UA00007204    (0)   :  0.131 0.658 0.210 
390 UA00063212    (0)   :  0.483 0.367 0.149 
391 UA00013340    (0)   :  0.231 0.471 0.298 
392 UA00062743    (0)   :  0.181 0.120 0.699 
393 UA00063189    (0)   :  0.502 0.167 0.330 
394 UA00035432    (0)   :  0.114 0.577 0.309 
395 UA00007958    (0)   :  0.131 0.352 0.517 
396 UA00013634    (0)   :  0.134 0.146 0.720 
397 UA00048175    (0)   :  0.078 0.118 0.803 
398 UA00003202    (0)   :  0.177 0.445 0.378 
399 UA00035090    (0)   :  0.251 0.442 0.308 
400 UA00064679    (0)   :  0.392 0.213 0.396 
401 UA00039518    (0)   :  0.137 0.343 0.521 
402 UA00058268    (0)   :  0.191 0.363 0.445 
403 UA00049456    (0)   :  0.324 0.468 0.208 
404 UA00049550    (0)   :  0.207 0.524 0.269 
405 UA00048342    (0)   :  0.308 0.473 0.219 
406 UA00063493    (0)   :  0.110 0.473 0.417 
407 UA00058261    (0)   :  0.217 0.156 0.628 
408 UA00014663    (0)   :  0.249 0.245 0.505 
409 UA00048817    (0)   :  0.380 0.198 0.421 
410 UA00049381    (0)   :  0.149 0.167 0.684 
411 UA00035901    (0)   :  0.444 0.257 0.298 
412 UA00013301    (0)   :  0.244 0.599 0.157 
413 UA00047926    (0)   :  0.300 0.157 0.543 
414 UA00007272    (0)   :  0.342 0.127 0.530 
415 UA00016041    (0)   :  0.196 0.575 0.230 
416 UA00013502    (0)   :  0.133 0.348 0.519 
417 UA00002390    (0)   :  0.323 0.283 0.394 
418 UA00034907    (0)   :  0.222 0.431 0.347 
419 UA00048821    (0)   :  0.434 0.265 0.301 
420 UA00002136    (0)   :  0.356 0.484 0.160 
421 UA00011790    (0)   :  0.215 0.197 0.588 
422 UA00021586    (0)   :  0.370 0.321 0.309 
423 UA00033270    (0)   :  0.224 0.377 0.399 
424 UA00048073    (0)   :  0.201 0.477 0.321 
425 UA00048856    (0)   :  0.252 0.329 0.419 
426 UA00049713    (0)   :  0.189 0.236 0.575 
427 UA00046885    (0)   :  0.173 0.471 0.356 
428 UA00034893    (0)   :  0.128 0.479 0.393 
429 UA00048011    (0)   :  0.156 0.279 0.565 
430 UA00015786    (0)   :  0.430 0.237 0.333 
431 UA00013162    (0)   :  0.273 0.102 0.626 
432 UA00049512    (0)   :  0.239 0.505 0.256 
433 UA00004046    (0)   :  0.110 0.143 0.747 
434 UA00048881    (0)   :  0.562 0.210 0.228 
435 UA00046610    (0)   :  0.411 0.208 0.381 
436 UA00033282    (0)   :  0.267 0.416 0.317 
437 UA00047561    (0)   :  0.154 0.178 0.668 
438 UA00013777    (0)   :  0.246 0.180 0.574 
439 UA00062849    (0)   :  0.149 0.648 0.204 
440 UA00049786    (0)   :  0.122 0.112 0.766 
441 UA00033246    (0)   :  0.089 0.780 0.131 
442 UA00045302    (0)   :  0.179 0.430 0.390 
443 UA00048637    (0)   :  0.152 0.164 0.683 
444 UA00049832    (0)   :  0.218 0.585 0.198 
445 UA00022023    (0)   :  0.304 0.255 0.441 
446 UA00050192    (0)   :  0.370 0.287 0.343 
447 UA00050413    (0)   :  0.198 0.424 0.379 
448 UA00013445    (0)   :  0.101 0.260 0.639 
449 UA00035496    (0)   :  0.380 0.307 0.314 
450 UA00003333    (0)   :  0.525 0.187 0.289 
451 UA00064008    (0)   :  0.313 0.217 0.470 
452 UA00003427    (0)   :  0.408 0.286 0.305 
453 UA00028092    (0)   :  0.503 0.282 0.215 
454    pc003    (0)   :  0.704 0.135 0.161 
455 UA00034440    (0)   :  0.196 0.537 0.268 
456 UA00026062    (0)   :  0.163 0.112 0.725 
457 UA00014347    (0)   :  0.355 0.382 0.263 
458 UA00021516    (0)   :  0.126 0.213 0.661 
459 UA00049347    (0)   :  0.391 0.191 0.418 
460 UA00063436    (0)   :  0.458 0.343 0.199 
461 UA00047790    (0)   :  0.204 0.179 0.617 
462 UA00045714    (0)   :  0.519 0.186 0.295 
463 UA00038979    (0)   :  0.221 0.600 0.179 
464 UA00016123    (0)   :  0.332 0.198 0.470 
465 UA00034765    (0)   :  0.527 0.127 0.346 
466 UA00063815    (0)   :  0.708 0.164 0.128 
467 UA00034795    (0)   :  0.200 0.573 0.227 
468 UA00004000    (0)   :  0.581 0.183 0.236 
469 UA00049367    (0)   :  0.198 0.487 0.315 
470 UA00034457    (0)   :  0.172 0.334 0.493 
471 UA00050015    (0)   :  0.306 0.493 0.201 
472 UA00021373    (0)   :  0.236 0.328 0.436 
473 UA00050232    (0)   :  0.691 0.142 0.167 
474 UA00038724    (0)   :  0.287 0.489 0.224 
475 UA00007824    (0)   :  0.349 0.161 0.490 
476 UA00048754    (0)   :  0.215 0.145 0.641 
477 UA00014271    (0)   :  0.208 0.394 0.398 
478 UA00013756    (0)   :  0.438 0.397 0.166 
479 UA00014385    (0)   :  0.541 0.162 0.297 
480 UA00049609    (0)   :  0.171 0.574 0.255 
481 UA00003748    (0)   :  0.336 0.152 0.512 
482 UA00063952    (0)   :  0.256 0.226 0.518 
483 UA00058348    (0)   :  0.388 0.284 0.328 
484 UA00014922    (0)   :  0.594 0.173 0.232 
485 UA00003820    (0)   :  0.168 0.140 0.692 
486 UA00013693    (0)   :  0.412 0.221 0.367 
487 UA00047713    (0)   :  0.468 0.132 0.400 
488 UA00034891    (0)   :  0.558 0.262 0.180 
489 UA00049223    (0)   :  0.347 0.280 0.373 
490 UA00064399    (0)   :  0.828 0.065 0.108 
491 UA00013336    (0)   :  0.722 0.131 0.147 
492 UA00035291    (0)   :  0.738 0.086 0.175 
493 UA00003945    (0)   :  0.623 0.152 0.225 
494 UA00014518    (0)   :  0.463 0.147 0.390 
495 UA00013583    (0)   :  0.667 0.200 0.133 
496 UA00011510    (0)   :  0.557 0.172 0.270 
497 UA00046860    (0)   :  0.409 0.172 0.418 
498 UA00048853    (0)   :  0.599 0.166 0.236 
499 UA00012151    (0)   :  0.619 0.112 0.269 
500 UA00063930    (0)   :  0.569 0.303 0.128 
501 UA00013453    (0)   :  0.523 0.216 0.262 
502 UA00039299    (0)   :  0.717 0.124 0.159 
503 UA00014280    (0)   :  0.634 0.168 0.198 
504 UA00014200    (0)   :  0.435 0.114 0.451 
505 UA00040612    (0)   :  0.751 0.098 0.151 
506 UA00062679    (0)   :  0.738 0.120 0.142 
507 UA00034481    (0)   :  0.566 0.175 0.260 
508 UA00011880    (0)   :  0.435 0.440 0.125 
509 UA00013421    (0)   :  0.808 0.072 0.121 
510 UA00048051    (0)   :  0.759 0.100 0.141 
511 UA00063370    (0)   :  0.811 0.088 0.101 
512 UA00014716    (0)   :  0.745 0.126 0.129 
513 UA00033426    (0)   :  0.633 0.099 0.268 
514 UA00015190    (0)   :  0.778 0.099 0.123 
515 UA00013730    (0)   :  0.188 0.427 0.385 
516 UA00047644    (4)   :  0.675 0.144 0.181 
517 UA00031933    (9)   :  0.235 0.222 0.543 
518 UA00031541    (9)   :  0.480 0.234 0.285 
519   PCO-60    (4)   :  0.235 0.365 0.400 
520 UA00030495    (4)   :  0.398 0.327 0.274 
521 UA00031133    (4)   :  0.100 0.783 0.117 
522 UA00032049    (4)   :  0.520 0.260 0.219 
523 UA00030599    (4)   :  0.252 0.626 0.122 
524 UA00030250    (4)   :  0.142 0.224 0.634 
525 UA00049385    (4)   :  0.293 0.551 0.157 
526 UA00031816    (4)   :  0.116 0.778 0.107 
527 UA00030275    (4)   :  0.328 0.237 0.435 
528 UA00041861    (4)   :  0.262 0.267 0.470 
529 UA00041433    (4)   :  0.118 0.357 0.526 
530  PCO-114    (4)   :  0.192 0.153 0.655 
531 UA00031529    (4)   :  0.184 0.408 0.408 
532 UA00039719    (4)   :  0.182 0.329 0.489 
533  PCO-442    (4)   :  0.097 0.190 0.712 
534   PCO-58    (0)   :  0.202 0.107 0.692 
535 UA00048673    (4)   :  0.299 0.379 0.322 
536   PCO-63    (4)   :  0.155 0.442 0.403 


Estimated Allele Frequencies in each cluster
First column gives estimated ancestral frequencies


Locus 1 : PP01 
2 alleles
0.0% missing data
   1   (0.579) 0.588 0.586 0.594 
   2   (0.421) 0.412 0.414 0.406 

Locus 2 : PP02 
2 alleles
0.0% missing data
   1   (0.881) 0.981 0.898 0.914 
   2   (0.119) 0.019 0.102 0.086 

Locus 3 : PP03 
2 alleles
18.3% missing data
   1   (0.788) 0.957 0.692 0.861 
   2   (0.212) 0.043 0.308 0.139 

Locus 4 : PP04 
2 alleles
0.4% missing data
   1   (0.672) 0.835 0.473 0.824 
   2   (0.328) 0.165 0.527 0.176 

Locus 5 : PP06 
2 alleles
0.0% missing data
   1   (0.640) 0.632 0.760 0.563 
   2   (0.360) 0.368 0.240 0.437 

Locus 6 : PP07 
2 alleles
0.0% missing data
   1   (0.698) 0.945 0.567 0.734 
   2   (0.302) 0.055 0.433 0.266 

Locus 7 : PP09 
2 alleles
0.0% missing data
   1   (0.507) 0.309 0.777 0.282 
   2   (0.493) 0.691 0.223 0.718 

Locus 8 : PP10 
2 alleles
0.0% missing data
   1   (0.184) 0.442 0.093 0.128 
   2   (0.816) 0.558 0.907 0.872 

Locus 9 : PP11 
2 alleles
0.0% missing data
   1   (0.692) 0.828 0.803 0.579 
   2   (0.308) 0.172 0.197 0.421 

Locus 10 : PP12 
2 alleles
0.2% missing data
   1   (0.420) 0.146 0.504 0.431 
   2   (0.580) 0.854 0.496 0.569 

Locus 11 : PP13 
2 alleles
0.0% missing data
   1   (0.181) 0.352 0.086 0.143 
   2   (0.819) 0.648 0.914 0.857 

Locus 12 : PP14 
2 alleles
0.2% missing data
   1   (0.852) 0.939 0.938 0.814 
   2   (0.148) 0.061 0.062 0.186 

Locus 13 : PP15 
2 alleles
0.0% missing data
   1   (0.873) 0.663 0.863 0.975 
   2   (0.127) 0.337 0.137 0.025 

Locus 14 : PP16 
2 alleles
0.0% missing data
   1   (0.540) 0.383 0.679 0.465 
   2   (0.460) 0.617 0.321 0.535 

Locus 15 : PP17 
2 alleles
0.2% missing data
   1   (0.625) 0.672 0.619 0.659 
   2   (0.375) 0.328 0.381 0.341 

Locus 16 : PP18 
2 alleles
0.7% missing data
   1   (0.750) 0.904 0.800 0.713 
   2   (0.250) 0.096 0.200 0.287 

Locus 17 : PP20 
2 alleles
0.0% missing data
   1   (0.629) 0.520 0.642 0.693 
   2   (0.371) 0.480 0.358 0.307 

Locus 18 : PP21 
2 alleles
14.9% missing data
   1   (0.846) 0.986 0.805 0.876 
   2   (0.154) 0.014 0.195 0.124 

Locus 19 : PP22 
2 alleles
1.3% missing data
   1   (0.376) 0.064 0.210 0.695 
   2   (0.624) 0.936 0.790 0.305 

Locus 20 : PP23 
2 alleles
0.7% missing data
   1   (0.633) 0.796 0.647 0.601 
   2   (0.367) 0.204 0.353 0.399 

Locus 21 : PP24 
2 alleles
0.2% missing data
   1   (0.791) 0.692 0.845 0.861 
   2   (0.209) 0.308 0.155 0.139 

Locus 22 : PP25 
2 alleles
0.6% missing data
   1   (0.385) 0.613 0.395 0.266 
   2   (0.615) 0.387 0.605 0.734 

Values of parameters used in structure:
DATAFILE=Puma_SNP_genotypes_cut_AZ_final_HWEonly.str,	OUTFILE=outputfile_K3_10,	NUMINDS=536,	NUMLOCI=22,	MISSING=-9,	LABEL=1,	POPDATA=0,	POPFLAG=0,	PHENOTYPE=0,	EXTRACOLS=0,	MAXPOPS=3,	BURNIN=100000,	NUMREPS=500000,	USEPOPINFO=0,	INFERALPHA=1,	INFERLAMBDA=0,	POPSPECIFICLAMBDA=0,	POPALPHAS=0,	COMPUTEPROB=1,	NOADMIX=0,	ADMBURNIN=2500,	UPDATEFREQ=200,	PRINTLIKES=0,	INTERMEDSAVE=0,	PRINTKLD=0,	PRINTNET=0,	PRINTLAMBDA=0,	ANCESTDIST=0,	NUMBOXES=1000,	ANCESTPINT=0.90000,	GENSBACK=2,	MIGRPRIOR=0.05000,	PRINTQHAT=0,	PRINTQSUM=0,	ALPHA=1.0000,	FREQSCORR=1,	FPRIORMEAN=0.0100,	FPRIORSD=0.0500,	ONEFST=0,	LAMBDA=1.0000,	UNIFPRIORALPHA=1,	ALPHAMAX=10.0000,	ALPHAPRIORA=1.0000,	ALPHAPRIORB=2.0000,	ALPHAPROPSD=0.0250,	STARTATPOPINFO=0,	RANDOMIZE=1,	LINKAGE=0,	METROFREQ=20,	REPORTHITRATE=0,	MARKOVPHASE=0,	PHASED=0,	PLOIDY=2,	PHASEINFO=0	LOCPRIOR=0, 	LOCPRIORINIT=1.000000, 	LOCDATA=0, 	LOCISPOP=0, 	LOCPRIORSTEP=0.100000, 	MAXLOCPRIOR=20.000000, 	SEED=1716611884,	
[STRAT parameters]:    NUMSIMSTATS=1000,	PHENOTYPECOL=-9,	POOLFREQ=10,	LOCUSxONLY=0,	EMERROR=0.00100,	MISSINGPHENO=-9,	