

----------------------------------------------------
STRUCTURE by Pritchard, Stephens and Donnelly (2000)
     and Falush, Stephens and Pritchard (2003)
       Code by Pritchard, Falush and Hubisz
             Version 2.3.4 (Jul 2012)
----------------------------------------------------



Command line arguments:   structure -K 4 -o outputfile_K4_2 
Input File:    Puma_SNP_genotypes_cut_AZ_final_HWEonly.str

Run parameters:
   536 individuals
   22 loci
   4 populations assumed
   100000 Burn-in period
   500000 Reps


--------------------------------------------
Overall proportion of membership of the
sample in each of the 4 clusters

Inferred Clusters
  1      2      3      4    
0.258  0.241  0.246  0.256  

--------------------------------------------

Allele-freq. divergence among pops (Net nucleotide distance),
computed using point estimates of P.

      1       2       3       4      
 1      -    0.0621  0.0494  0.0417  
 2   0.0621     -    0.0523  0.0483  
 3   0.0494  0.0523     -    0.0657  
 4   0.0417  0.0483  0.0657     -    

Average distances (expected heterozygosity) between individuals in same cluster:
cluster  1  : 0.3551 
cluster  2  : 0.3368 
cluster  3  : 0.2901 
cluster  4  : 0.3501 

--------------------------------------------
Estimated Ln Prob of Data   = -12846.9
Mean value of ln likelihood = -12369.3
Variance of ln likelihood   = 955.2
Mean value of alpha         = 0.4438

Mean value of Fst_1         = 0.1091
Mean value of Fst_2         = 0.1774
Mean value of Fst_3         = 0.2132
Mean value of Fst_4         = 0.1295


Inferred ancestry of individuals:
        Label (%Miss) :  Inferred clusters
  1 UA00063336   (13)   :  0.157 0.569 0.130 0.144 
  2 UA00048914    (9)   :  0.232 0.279 0.354 0.135 
  3 UA00014769   (13)   :  0.485 0.135 0.053 0.326 
  4 UA00008132   (13)   :  0.306 0.253 0.178 0.262 
  5 UA00030462   (13)   :  0.154 0.232 0.447 0.167 
  6 UA00034866   (13)   :  0.209 0.124 0.357 0.311 
  7 UA00034800    (9)   :  0.092 0.680 0.131 0.097 
  8  Puco006    (9)   :  0.095 0.155 0.682 0.068 
  9 UA00048874    (4)   :  0.122 0.650 0.151 0.077 
 10 UA00049060    (9)   :  0.356 0.255 0.110 0.279 
 11 UA00033413    (9)   :  0.165 0.102 0.135 0.598 
 12  Puco021    (9)   :  0.092 0.281 0.076 0.551 
 13  Puco026    (9)   :  0.255 0.276 0.089 0.380 
 14  Puco008    (9)   :  0.152 0.449 0.289 0.111 
 15   M01301    (9)   :  0.161 0.083 0.203 0.553 
 16   M06306    (9)   :  0.098 0.655 0.068 0.179 
 17 UA00032185    (9)   :  0.229 0.209 0.245 0.317 
 18 UA00030792    (9)   :  0.049 0.832 0.069 0.050 
 19 UA00031647    (9)   :  0.151 0.510 0.215 0.124 
 20 UA00031979    (9)   :  0.275 0.265 0.221 0.239 
 21  Puco016    (9)   :  0.255 0.109 0.540 0.097 
 22  Puco010    (9)   :  0.215 0.181 0.141 0.463 
 23    M1035    (9)   :  0.409 0.320 0.084 0.186 
 24 UA00034601    (9)   :  0.138 0.276 0.296 0.290 
 25 UA00050388    (9)   :  0.196 0.355 0.187 0.261 
 26 UA00048699    (9)   :  0.178 0.090 0.636 0.096 
 27 UA00064058    (9)   :  0.446 0.227 0.101 0.226 
 28 UA00033981    (9)   :  0.102 0.206 0.136 0.555 
 29   F05033    (9)   :  0.328 0.142 0.113 0.417 
 30 UA00048520    (4)   :  0.131 0.396 0.204 0.268 
 31 UA00048422    (4)   :  0.061 0.775 0.073 0.092 
 32    PucoB    (4)   :  0.229 0.199 0.068 0.504 
 33 UA00047393    (4)   :  0.314 0.432 0.110 0.145 
 34 UA00064521    (4)   :  0.140 0.191 0.458 0.211 
 35 UA00003043    (4)   :  0.402 0.096 0.348 0.155 
 36 UA00063025    (4)   :  0.097 0.430 0.247 0.226 
 37 UA00063826    (4)   :  0.165 0.211 0.104 0.519 
 38   F07407    (4)   :  0.099 0.412 0.090 0.399 
 39 UA00021658    (4)   :  0.294 0.171 0.150 0.385 
 40 UA00003794    (4)   :  0.130 0.399 0.109 0.362 
 41 UA00041322    (4)   :  0.219 0.382 0.205 0.194 
 42 UA00063316    (4)   :  0.154 0.329 0.278 0.239 
 43 UA00047705    (4)   :  0.156 0.292 0.211 0.341 
 44 UA00033904    (4)   :  0.138 0.642 0.117 0.104 
 45 UA00048100    (4)   :  0.292 0.137 0.196 0.374 
 46 UA00032212    (4)   :  0.159 0.445 0.201 0.194 
 47 UA00031574    (4)   :  0.062 0.733 0.112 0.093 
 48 UA00031228    (4)   :  0.067 0.762 0.112 0.060 
 49 UA00047707    (4)   :  0.657 0.075 0.117 0.151 
 50 UA00030906    (4)   :  0.043 0.816 0.096 0.045 
 51 UA00041567    (4)   :  0.128 0.177 0.176 0.519 
 52 UA00007624    (4)   :  0.246 0.081 0.110 0.563 
 53 UA00034514    (4)   :  0.369 0.132 0.184 0.315 
 54 UA00030480    (4)   :  0.305 0.466 0.114 0.114 
 55  Puco012    (4)   :  0.363 0.140 0.243 0.253 
 56 UA00038677    (9)   :  0.139 0.335 0.281 0.245 
 57 UA00048275    (4)   :  0.162 0.166 0.153 0.519 
 58 UA00064055    (4)   :  0.528 0.159 0.214 0.099 
 59  Puco009    (4)   :  0.299 0.111 0.442 0.148 
 60 UA00064561    (4)   :  0.628 0.081 0.182 0.110 
 61 UA00003479    (4)   :  0.458 0.106 0.232 0.203 
 62 UA00063747    (4)   :  0.437 0.065 0.156 0.342 
 63 UA00002558    (4)   :  0.169 0.113 0.405 0.313 
 64 UA00048410    (4)   :  0.352 0.070 0.457 0.121 
 65 UA00012249    (4)   :  0.512 0.074 0.315 0.099 
 66 UA00033818    (4)   :  0.091 0.619 0.132 0.158 
 67  Puco020    (4)   :  0.356 0.284 0.229 0.131 
 68 UA00002545    (9)   :  0.609 0.188 0.113 0.089 
 69 UA00048508    (4)   :  0.452 0.108 0.155 0.285 
 70 UA00064100    (4)   :  0.262 0.237 0.208 0.293 
 71 UA00014585    (4)   :  0.381 0.145 0.223 0.251 
 72 UA00063698    (4)   :  0.105 0.239 0.495 0.160 
 73 UA00049753    (4)   :  0.127 0.671 0.075 0.127 
 74 UA00049037    (4)   :  0.418 0.198 0.107 0.277 
 75 UA00034941    (4)   :  0.129 0.337 0.233 0.301 
 76 UA00008083    (4)   :  0.112 0.130 0.641 0.117 
 77 UA00015084    (4)   :  0.089 0.324 0.431 0.156 
 78 UA00041010    (9)   :  0.095 0.387 0.456 0.062 
 79 UA00035261    (4)   :  0.160 0.412 0.257 0.171 
 80 UA00035431    (4)   :  0.192 0.078 0.193 0.537 
 81 UA00045274    (0)   :  0.166 0.269 0.225 0.341 
 82 UA00028200    (4)   :  0.108 0.497 0.269 0.126 
 83 UA00064559    (0)   :  0.047 0.809 0.075 0.069 
 84 UA00040808    (0)   :  0.162 0.532 0.236 0.070 
 85 UA00049156    (0)   :  0.105 0.548 0.230 0.117 
 86 UA00003952    (4)   :  0.131 0.094 0.699 0.075 
 87 UA00063954    (0)   :  0.195 0.523 0.103 0.178 
 88 UA00062934    (0)   :  0.161 0.541 0.149 0.150 
 89 UA00033829    (0)   :  0.071 0.568 0.265 0.095 
 90 UA00064351    (4)   :  0.090 0.159 0.198 0.552 
 91 UA00003697    (4)   :  0.092 0.200 0.579 0.129 
 92 UA00063438    (4)   :  0.160 0.504 0.189 0.146 
 93 UA00007608    (0)   :  0.090 0.454 0.295 0.161 
 94 UA00019683    (4)   :  0.076 0.571 0.078 0.274 
 95 UA00007781    (0)   :  0.207 0.184 0.191 0.418 
 96 UA00002915    (0)   :  0.181 0.458 0.245 0.116 
 97  Puco031    (4)   :  0.455 0.174 0.213 0.158 
 98 UA00048280    (4)   :  0.111 0.176 0.212 0.502 
 99 UA00048589    (0)   :  0.234 0.288 0.125 0.353 
100 UA00034417    (0)   :  0.267 0.309 0.296 0.128 
101 UA00050411    (4)   :  0.621 0.072 0.116 0.190 
102  Puco029    (4)   :  0.351 0.135 0.056 0.458 
103   F03403    (4)   :  0.141 0.079 0.122 0.658 
104 UA00049904    (0)   :  0.096 0.407 0.133 0.364 
105 UA00035335    (0)   :  0.496 0.105 0.047 0.352 
106 UA00012611    (0)   :  0.365 0.178 0.118 0.339 
107 UA00050319    (0)   :  0.125 0.080 0.077 0.719 
108 UA00032068    (4)   :  0.319 0.365 0.093 0.224 
109 UA00032026    (4)   :  0.309 0.314 0.132 0.245 
110 UA00030476    (4)   :  0.089 0.235 0.064 0.613 
111 UA00046853    (0)   :  0.120 0.217 0.099 0.563 
112 UA00040156    (4)   :  0.046 0.834 0.068 0.052 
113 UA00030528    (4)   :  0.312 0.498 0.104 0.086 
114  Puco025    (4)   :  0.553 0.108 0.091 0.248 
115    pc016    (0)   :  0.047 0.835 0.072 0.046 
116 UA00030617    (4)   :  0.584 0.073 0.073 0.269 
117 UA00030585    (4)   :  0.058 0.737 0.100 0.105 
118 UA00032060    (4)   :  0.168 0.481 0.095 0.255 
119    pc007    (0)   :  0.161 0.165 0.122 0.551 
120 UA00030798    (4)   :  0.081 0.763 0.071 0.084 
121 UA00030778    (4)   :  0.662 0.083 0.095 0.160 
122 UA00039674    (4)   :  0.055 0.824 0.070 0.051 
123 UA00032241    (4)   :  0.259 0.076 0.080 0.586 
124 UA00011624    (0)   :  0.489 0.136 0.122 0.254 
125 UA00033779    (4)   :  0.108 0.095 0.103 0.695 
126 UA00049402    (4)   :  0.329 0.130 0.440 0.101 
127 UA00033653    (0)   :  0.082 0.086 0.094 0.738 
128 UA00047738    (0)   :  0.194 0.285 0.220 0.302 
129 UA00047502    (4)   :  0.216 0.185 0.481 0.118 
130 UA00012014    (4)   :  0.460 0.198 0.188 0.154 
131 UA00040729    (0)   :  0.220 0.196 0.101 0.483 
132 UA00030392    (4)   :  0.478 0.120 0.100 0.303 
133 UA00050033    (0)   :  0.303 0.182 0.122 0.393 
134 UA00012152    (0)   :  0.245 0.072 0.593 0.090 
135 UA00050406    (0)   :  0.301 0.213 0.171 0.315 
136 UA00047973    (0)   :  0.271 0.133 0.137 0.459 
137 UA00008051    (0)   :  0.202 0.337 0.232 0.229 
138 UA00047337    (4)   :  0.215 0.407 0.123 0.256 
139 UA00041604    (4)   :  0.230 0.300 0.221 0.249 
140 UA00031704    (4)   :  0.617 0.084 0.072 0.227 
141 UA00040423    (4)   :  0.403 0.315 0.118 0.163 
142 UA00049433    (0)   :  0.346 0.235 0.303 0.116 
143 UA00034816    (0)   :  0.494 0.103 0.247 0.156 
144 UA00050214    (0)   :  0.689 0.096 0.078 0.138 
145 UA00041073    (0)   :  0.301 0.170 0.249 0.279 
146 UA00030318    (4)   :  0.466 0.102 0.196 0.236 
147 UA00046845    (0)   :  0.389 0.127 0.356 0.128 
148 UA00063946    (0)   :  0.079 0.158 0.086 0.677 
149 UA00031374    (4)   :  0.366 0.152 0.214 0.268 
150    M1136    (4)   :  0.288 0.478 0.118 0.117 
151 UA00034299    (0)   :  0.654 0.112 0.118 0.116 
152 UA00002387    (4)   :  0.600 0.078 0.223 0.099 
153 UA00021855    (0)   :  0.186 0.194 0.158 0.462 
154 UA00014500    (0)   :  0.463 0.201 0.122 0.214 
155 UA00050419    (4)   :  0.624 0.073 0.108 0.194 
156 UA00031854    (4)   :  0.286 0.125 0.252 0.337 
157    pc011    (4)   :  0.676 0.081 0.140 0.103 
158 UA00033004    (0)   :  0.500 0.225 0.156 0.120 
159 UA00046510    (0)   :  0.359 0.114 0.369 0.158 
160 UA00048747    (0)   :  0.564 0.113 0.206 0.118 
161 UA00014293    (0)   :  0.686 0.085 0.145 0.084 
162 UA00047686    (0)   :  0.277 0.242 0.371 0.110 
163 UA00033783    (4)   :  0.099 0.448 0.217 0.236 
164 UA00042609    (4)   :  0.293 0.185 0.427 0.095 
165 UA00031169    (4)   :  0.711 0.098 0.093 0.097 
166 UA00035181    (0)   :  0.381 0.066 0.098 0.455 
167 UA00050133    (0)   :  0.436 0.153 0.197 0.214 
168  Puco011    (4)   :  0.622 0.127 0.164 0.087 
169 UA00041476    (0)   :  0.417 0.173 0.265 0.145 
170 UA00046702    (0)   :  0.649 0.084 0.113 0.155 
171 UA00019940    (0)   :  0.347 0.235 0.192 0.227 
172 UA00049813    (0)   :  0.213 0.190 0.120 0.478 
173 UA00064165    (0)   :  0.135 0.175 0.549 0.141 
174 UA00064421    (0)   :  0.247 0.073 0.527 0.153 
175 UA00064569    (4)   :  0.478 0.076 0.116 0.330 
176 UA00003996    (0)   :  0.325 0.116 0.431 0.127 
177 UA00064491    (4)   :  0.432 0.087 0.204 0.277 
178 UA00011899    (0)   :  0.390 0.187 0.126 0.297 
179  Puco015    (4)   :  0.362 0.322 0.156 0.160 
180 UA00047929    (4)   :  0.238 0.123 0.068 0.572 
181 UA00056669    (0)   :  0.377 0.130 0.254 0.239 
182 UA00050176    (0)   :  0.310 0.205 0.282 0.204 
183  Puco014    (4)   :  0.190 0.190 0.225 0.395 
184 UA00019608    (0)   :  0.517 0.121 0.236 0.125 
185 UA00064333    (0)   :  0.576 0.142 0.166 0.117 
186  Puco013    (4)   :  0.319 0.144 0.381 0.157 
187 UA00016092    (0)   :  0.621 0.073 0.082 0.224 
188 UA00019060    (0)   :  0.129 0.226 0.547 0.098 
189 UA00063532    (0)   :  0.295 0.181 0.231 0.293 
190 UA00064117    (0)   :  0.159 0.357 0.380 0.103 
191 UA00011969    (0)   :  0.219 0.208 0.236 0.338 
192 UA00034586    (4)   :  0.324 0.125 0.109 0.442 
193 UA00030736    (4)   :  0.462 0.179 0.141 0.218 
194 UA00048493    (0)   :  0.382 0.220 0.158 0.240 
195 UA00040466    (0)   :  0.084 0.090 0.740 0.086 
196 UA00047659    (0)   :  0.326 0.141 0.191 0.342 
197 UA00042002    (4)   :  0.164 0.463 0.151 0.223 
198 UA00062606    (0)   :  0.304 0.189 0.355 0.152 
199 UA00030615    (4)   :  0.096 0.076 0.724 0.103 
200 UA00048899    (0)   :  0.326 0.174 0.199 0.301 
201 UA00047725    (0)   :  0.046 0.074 0.826 0.054 
202 UA00030866    (4)   :  0.300 0.189 0.312 0.200 
203 UA00034564    (0)   :  0.422 0.191 0.247 0.140 
204 UA00046520    (0)   :  0.108 0.082 0.086 0.725 
205 UA00035027    (0)   :  0.180 0.254 0.282 0.284 
206 UA00035421    (0)   :  0.252 0.090 0.569 0.089 
207 UA00062740    (4)   :  0.136 0.348 0.353 0.163 
208 UA00012360    (0)   :  0.094 0.089 0.727 0.090 
209 UA00050203    (0)   :  0.320 0.160 0.146 0.374 
210 UA00040534    (4)   :  0.116 0.370 0.416 0.098 
211 UA00031261    (4)   :  0.092 0.247 0.592 0.070 
212 UA00031917    (4)   :  0.107 0.398 0.428 0.067 
213 UA00040798    (4)   :  0.133 0.174 0.488 0.205 
214 UA00030598    (4)   :  0.150 0.156 0.511 0.183 
215 UA00050385    (0)   :  0.420 0.168 0.279 0.133 
216 UA00058283    (0)   :  0.063 0.140 0.709 0.088 
217 UA00042297    (4)   :  0.127 0.440 0.251 0.182 
218 UA00015415    (4)   :  0.084 0.080 0.777 0.058 
219 UA00035531    (0)   :  0.106 0.196 0.629 0.069 
220 UA00048683    (0)   :  0.141 0.097 0.671 0.091 
221 UA00046734    (4)   :  0.087 0.115 0.721 0.077 
222   pcRF01    (0)   :  0.768 0.053 0.096 0.083 
223 UA00007223    (0)   :  0.252 0.217 0.432 0.100 
224 UA00013841    (0)   :  0.257 0.465 0.095 0.182 
225 UA00014196    (0)   :  0.116 0.143 0.675 0.066 
226 UA00034635    (0)   :  0.392 0.134 0.183 0.291 
227 UA00047371    (0)   :  0.121 0.490 0.130 0.259 
228 UA00063544    (0)   :  0.159 0.439 0.144 0.258 
229 UA00064246    (0)   :  0.189 0.220 0.330 0.261 
230 UA00064328    (0)   :  0.208 0.300 0.340 0.152 
231 UA00002952    (0)   :  0.150 0.346 0.384 0.120 
232 UA00064079    (0)   :  0.228 0.377 0.178 0.217 
233 UA00046793    (0)   :  0.186 0.261 0.462 0.091 
234 UA00034769    (0)   :  0.087 0.518 0.193 0.202 
235 UA00034949    (0)   :  0.239 0.181 0.506 0.074 
236 UA00063753    (0)   :  0.085 0.272 0.190 0.453 
237 UA00015713    (0)   :  0.140 0.406 0.117 0.336 
238 UA00003494    (0)   :  0.413 0.176 0.335 0.076 
239 UA00056767    (0)   :  0.116 0.053 0.077 0.755 
240 UA00014461    (0)   :  0.217 0.182 0.448 0.153 
241 UA00034669    (0)   :  0.104 0.308 0.431 0.157 
242 UA00048164    (0)   :  0.277 0.114 0.399 0.211 
243 UA00007974    (0)   :  0.097 0.302 0.129 0.472 
244 UA00016166    (0)   :  0.267 0.523 0.122 0.088 
245 UA00015653    (0)   :  0.102 0.495 0.289 0.114 
246 UA00063882    (0)   :  0.139 0.216 0.539 0.105 
247 UA00049027    (0)   :  0.125 0.509 0.171 0.195 
248 UA00018878    (0)   :  0.095 0.544 0.090 0.271 
249 UA00038796    (0)   :  0.114 0.185 0.530 0.170 
250 UA00013465    (0)   :  0.093 0.137 0.651 0.118 
251 UA00014604    (0)   :  0.100 0.286 0.351 0.263 
252 UA00041913    (0)   :  0.095 0.414 0.132 0.359 
253 UA00021632    (0)   :  0.095 0.663 0.138 0.104 
254 UA00064027    (0)   :  0.182 0.385 0.269 0.164 
255 UA00015023    (0)   :  0.372 0.119 0.360 0.149 
256 UA00050243    (0)   :  0.197 0.509 0.169 0.126 
257 UA00048298    (0)   :  0.362 0.205 0.194 0.239 
258 UA00050437    (0)   :  0.209 0.191 0.448 0.152 
259 UA00014262    (0)   :  0.252 0.403 0.184 0.161 
260 UA00049129    (0)   :  0.229 0.246 0.126 0.398 
261 UA00014740    (0)   :  0.142 0.224 0.218 0.416 
262 UA00049612    (0)   :  0.082 0.651 0.151 0.116 
263 UA00014635    (0)   :  0.112 0.073 0.085 0.730 
264 UA00014673    (0)   :  0.123 0.414 0.292 0.171 
265 UA00033608    (0)   :  0.097 0.552 0.162 0.190 
266 UA00064540    (0)   :  0.109 0.143 0.185 0.563 
267 UA00050256    (0)   :  0.147 0.400 0.330 0.122 
268 UA00015274    (0)   :  0.416 0.165 0.226 0.192 
269 UA00062993    (0)   :  0.131 0.099 0.218 0.552 
270 UA00038364    (0)   :  0.165 0.341 0.185 0.308 
271 UA00014446    (0)   :  0.329 0.131 0.154 0.386 
272 UA00063545    (0)   :  0.097 0.578 0.238 0.087 
273 UA00040054    (0)   :  0.456 0.272 0.102 0.170 
274 UA00058447    (0)   :  0.201 0.205 0.135 0.458 
275 UA00046835    (0)   :  0.189 0.138 0.139 0.534 
276 UA00014608    (0)   :  0.205 0.157 0.202 0.436 
277    pc012    (0)   :  0.174 0.232 0.276 0.318 
278    pc002    (0)   :  0.125 0.572 0.155 0.147 
279 UA00033690    (0)   :  0.067 0.448 0.097 0.387 
280 UA00013688    (0)   :  0.234 0.198 0.263 0.305 
281 UA00063666    (0)   :  0.079 0.266 0.057 0.597 
282 UA00063292    (0)   :  0.115 0.102 0.083 0.701 
283    pc001    (0)   :  0.275 0.194 0.243 0.289 
284    pc008    (0)   :  0.211 0.200 0.157 0.432 
285 UA00034316    (0)   :  0.241 0.330 0.321 0.108 
286 UA00013046    (0)   :  0.327 0.117 0.075 0.480 
287 UA00050241    (0)   :  0.157 0.131 0.059 0.652 
288 UA00048599    (0)   :  0.161 0.100 0.098 0.641 
289 UA00046649    (0)   :  0.150 0.601 0.093 0.157 
290 UA00015674    (0)   :  0.072 0.586 0.133 0.209 
291 UA00013177    (0)   :  0.126 0.266 0.214 0.394 
292 UA00012814    (0)   :  0.419 0.160 0.206 0.216 
293 UA00034654    (0)   :  0.369 0.140 0.116 0.375 
294 UA00046743    (0)   :  0.224 0.116 0.107 0.554 
295 UA00014854    (0)   :  0.147 0.406 0.055 0.392 
296 UA00013729    (0)   :  0.480 0.173 0.157 0.191 
297 UA00063483    (0)   :  0.144 0.150 0.096 0.609 
298 UA00039326    (0)   :  0.215 0.365 0.118 0.302 
299 UA00014742    (0)   :  0.149 0.133 0.080 0.638 
300 UA00049597    (0)   :  0.099 0.681 0.049 0.171 
301 UA00048067    (0)   :  0.097 0.350 0.154 0.399 
302 UA00012918    (0)   :  0.080 0.457 0.058 0.405 
303 UA00013487    (0)   :  0.800 0.067 0.062 0.072 
304 UA00046759    (0)   :  0.151 0.345 0.302 0.202 
305 UA00050164    (0)   :  0.150 0.666 0.111 0.073 
306 UA00049839    (0)   :  0.159 0.110 0.125 0.606 
307 UA00048444    (0)   :  0.060 0.210 0.080 0.650 
308 UA00063857    (0)   :  0.235 0.181 0.067 0.518 
309 UA00014921    (0)   :  0.106 0.642 0.059 0.193 
310 UA00048895    (0)   :  0.118 0.548 0.117 0.217 
311 UA00014556    (0)   :  0.196 0.213 0.351 0.239 
312    pc009    (0)   :  0.108 0.100 0.051 0.740 
313 UA00014959    (0)   :  0.108 0.635 0.078 0.180 
314 UA00020709    (0)   :  0.258 0.363 0.138 0.241 
315 UA00013126    (0)   :  0.060 0.779 0.080 0.082 
316 UA00013695    (0)   :  0.077 0.753 0.083 0.087 
317 UA00049344    (0)   :  0.090 0.684 0.108 0.118 
318 UA00047614    (0)   :  0.059 0.697 0.165 0.080 
319 UA00014221    (0)   :  0.145 0.060 0.067 0.727 
320 UA00014346    (0)   :  0.098 0.162 0.139 0.601 
321 UA00014245    (0)   :  0.149 0.475 0.082 0.294 
322 UA00014696    (0)   :  0.083 0.725 0.139 0.053 
323 UA00006991    (0)   :  0.414 0.146 0.250 0.190 
324 UA00048948    (0)   :  0.309 0.161 0.209 0.321 
325 UA00002239    (0)   :  0.438 0.189 0.250 0.123 
326 UA00063459    (0)   :  0.093 0.156 0.058 0.693 
327 UA00048356    (0)   :  0.118 0.189 0.237 0.457 
328 UA00063940    (0)   :  0.298 0.167 0.289 0.246 
329 UA00048130    (0)   :  0.109 0.110 0.119 0.662 
330 UA00048903    (0)   :  0.422 0.067 0.083 0.429 
331 UA00064643    (0)   :  0.317 0.200 0.201 0.282 
332 UA00050233    (0)   :  0.320 0.113 0.244 0.323 
333 UA00012507    (0)   :  0.297 0.099 0.446 0.159 
334 UA00064416    (0)   :  0.653 0.097 0.116 0.134 
335 UA00034724    (0)   :  0.339 0.111 0.161 0.389 
336 UA00002621    (0)   :  0.300 0.103 0.101 0.496 
337 UA00033203    (0)   :  0.673 0.125 0.111 0.091 
338 UA00011996    (0)   :  0.272 0.276 0.104 0.348 
339 UA00014408    (0)   :  0.237 0.139 0.501 0.123 
340 UA00049502    (0)   :  0.142 0.123 0.281 0.454 
341 UA00062695    (0)   :  0.142 0.246 0.171 0.441 
342 UA00014072    (0)   :  0.159 0.143 0.118 0.581 
343 UA00003334    (0)   :  0.216 0.105 0.085 0.595 
344 UA00013835    (0)   :  0.196 0.276 0.154 0.374 
345 UA00046760    (0)   :  0.153 0.385 0.101 0.360 
346 UA00014241    (0)   :  0.373 0.101 0.164 0.363 
347 UA00049585    (0)   :  0.193 0.131 0.069 0.607 
348 UA00013409    (0)   :  0.104 0.146 0.273 0.477 
349 UA00047548    (0)   :  0.445 0.158 0.087 0.309 
350 UA00049038    (0)   :  0.113 0.484 0.190 0.213 
351 UA00047612    (0)   :  0.257 0.135 0.201 0.407 
352 UA00014822    (0)   :  0.102 0.505 0.251 0.142 
353 UA00035299    (0)   :  0.421 0.163 0.168 0.247 
354 UA00012804    (0)   :  0.140 0.559 0.130 0.171 
355 UA00049578    (0)   :  0.222 0.139 0.325 0.313 
356 UA00047672    (0)   :  0.709 0.093 0.135 0.063 
357 UA00043961    (0)   :  0.086 0.634 0.138 0.142 
358 UA00064575    (0)   :  0.117 0.136 0.353 0.394 
359 UA00014732    (0)   :  0.456 0.102 0.192 0.251 
360 UA00050181    (0)   :  0.500 0.094 0.218 0.189 
361 UA00033369    (0)   :  0.238 0.461 0.189 0.112 
362 UA00011982    (0)   :  0.722 0.067 0.063 0.149 
363 UA00014590    (0)   :  0.413 0.265 0.194 0.128 
364 UA00047743    (0)   :  0.643 0.126 0.093 0.137 
365 UA00046621    (0)   :  0.659 0.093 0.069 0.179 
366 UA00050422    (0)   :  0.288 0.133 0.343 0.235 
367 UA00002760    (0)   :  0.281 0.241 0.117 0.361 
368 UA00012999    (0)   :  0.368 0.338 0.107 0.188 
369 UA00063838    (0)   :  0.337 0.110 0.134 0.419 
370 UA00003729    (0)   :  0.101 0.360 0.292 0.247 
371 UA00015348    (0)   :  0.115 0.181 0.145 0.559 
372 UA00019058    (0)   :  0.120 0.125 0.191 0.564 
373 UA00049549    (0)   :  0.073 0.276 0.058 0.593 
374 UA00014334    (0)   :  0.384 0.168 0.304 0.144 
375 UA00014350    (0)   :  0.796 0.051 0.050 0.102 
376 UA00049227    (0)   :  0.171 0.456 0.242 0.131 
377 UA00014051    (0)   :  0.456 0.067 0.364 0.112 
378 UA00034381    (0)   :  0.293 0.119 0.239 0.349 
379 UA00002354    (0)   :  0.717 0.075 0.084 0.125 
380 UA00049892    (0)   :  0.254 0.238 0.074 0.434 
381 UA00021989    (0)   :  0.419 0.079 0.165 0.337 
382 UA00048968    (0)   :  0.493 0.106 0.183 0.217 
383 UA00013174    (0)   :  0.509 0.132 0.194 0.165 
384 UA00033992    (0)   :  0.363 0.396 0.108 0.133 
385 UA00015801    (0)   :  0.669 0.057 0.062 0.213 
386 UA00063303    (0)   :  0.149 0.469 0.135 0.247 
387 UA00050206    (0)   :  0.095 0.061 0.083 0.761 
388 UA00014458    (0)   :  0.279 0.207 0.180 0.335 
389 UA00007204    (0)   :  0.186 0.188 0.091 0.535 
390 UA00063212    (0)   :  0.106 0.320 0.239 0.334 
391 UA00013340    (0)   :  0.258 0.304 0.111 0.326 
392 UA00062743    (0)   :  0.497 0.086 0.328 0.088 
393 UA00063189    (0)   :  0.150 0.130 0.612 0.108 
394 UA00035432    (0)   :  0.253 0.098 0.091 0.559 
395 UA00007958    (0)   :  0.479 0.102 0.117 0.302 
396 UA00013634    (0)   :  0.614 0.086 0.191 0.109 
397 UA00048175    (0)   :  0.750 0.047 0.109 0.094 
398 UA00003202    (0)   :  0.304 0.128 0.139 0.429 
399 UA00035090    (0)   :  0.241 0.150 0.225 0.383 
400 UA00064679    (0)   :  0.214 0.130 0.513 0.143 
401 UA00039518    (0)   :  0.493 0.115 0.114 0.278 
402 UA00058268    (0)   :  0.363 0.159 0.171 0.307 
403 UA00049456    (0)   :  0.164 0.419 0.134 0.282 
404 UA00049550    (0)   :  0.177 0.095 0.234 0.494 
405 UA00048342    (0)   :  0.180 0.386 0.140 0.295 
406 UA00063493    (0)   :  0.391 0.090 0.097 0.421 
407 UA00058261    (0)   :  0.458 0.089 0.330 0.123 
408 UA00014663    (0)   :  0.424 0.175 0.217 0.184 
409 UA00048817    (0)   :  0.338 0.362 0.181 0.119 
410 UA00049381    (0)   :  0.577 0.083 0.199 0.141 
411 UA00035901    (0)   :  0.187 0.172 0.450 0.190 
412 UA00013301    (0)   :  0.102 0.151 0.190 0.557 
413 UA00047926    (0)   :  0.472 0.189 0.233 0.106 
414 UA00007272    (0)   :  0.333 0.153 0.427 0.086 
415 UA00016041    (0)   :  0.205 0.245 0.114 0.437 
416 UA00013502    (0)   :  0.396 0.072 0.193 0.339 
417 UA00002390    (0)   :  0.337 0.330 0.150 0.183 
418 UA00034907    (0)   :  0.233 0.133 0.253 0.380 
419 UA00048821    (0)   :  0.243 0.327 0.260 0.171 
420 UA00002136    (0)   :  0.116 0.361 0.163 0.360 
421 UA00011790    (0)   :  0.482 0.143 0.225 0.150 
422 UA00021586    (0)   :  0.232 0.362 0.195 0.212 
423 UA00033270    (0)   :  0.289 0.151 0.231 0.329 
424 UA00048073    (0)   :  0.287 0.159 0.145 0.410 
425 UA00048856    (0)   :  0.259 0.139 0.340 0.262 
426 UA00049713    (0)   :  0.529 0.142 0.170 0.159 
427 UA00046885    (0)   :  0.280 0.151 0.135 0.434 
428 UA00034893    (0)   :  0.412 0.130 0.098 0.360 
429 UA00048011    (0)   :  0.418 0.071 0.239 0.272 
430 UA00015786    (0)   :  0.253 0.206 0.360 0.182 
431 UA00013162    (0)   :  0.482 0.154 0.298 0.065 
432 UA00049512    (0)   :  0.184 0.201 0.202 0.414 
433 UA00004046    (0)   :  0.644 0.072 0.164 0.121 
434 UA00048881    (0)   :  0.149 0.292 0.392 0.167 
435 UA00046610    (0)   :  0.270 0.284 0.294 0.152 
436 UA00033282    (0)   :  0.226 0.235 0.241 0.298 
437 UA00047561    (0)   :  0.596 0.110 0.160 0.133 
438 UA00013777    (0)   :  0.337 0.099 0.424 0.141 
439 UA00062849    (0)   :  0.130 0.114 0.116 0.640 
440 UA00049786    (0)   :  0.650 0.062 0.200 0.088 
441 UA00033246    (0)   :  0.100 0.093 0.060 0.747 
442 UA00045302    (0)   :  0.320 0.243 0.130 0.307 
443 UA00048637    (0)   :  0.590 0.088 0.190 0.132 
444 UA00049832    (0)   :  0.171 0.367 0.095 0.367 
445 UA00022023    (0)   :  0.318 0.364 0.172 0.146 
446 UA00050192    (0)   :  0.242 0.477 0.135 0.146 
447 UA00050413    (0)   :  0.330 0.156 0.184 0.329 
448 UA00013445    (0)   :  0.579 0.080 0.112 0.230 
449 UA00035496    (0)   :  0.196 0.156 0.411 0.237 
450 UA00003333    (0)   :  0.214 0.235 0.420 0.130 
451 UA00064008    (0)   :  0.251 0.101 0.491 0.157 
452 UA00003427    (0)   :  0.214 0.375 0.221 0.190 
453 UA00028092    (0)   :  0.154 0.372 0.268 0.205 
454    pc003    (0)   :  0.095 0.178 0.635 0.093 
455 UA00034440    (0)   :  0.165 0.102 0.184 0.549 
456 UA00026062    (0)   :  0.667 0.134 0.129 0.069 
457 UA00014347    (0)   :  0.176 0.257 0.277 0.290 
458 UA00021516    (0)   :  0.605 0.100 0.126 0.169 
459 UA00049347    (0)   :  0.224 0.106 0.528 0.142 
460 UA00063436    (0)   :  0.108 0.126 0.493 0.274 
461 UA00047790    (0)   :  0.513 0.140 0.203 0.144 
462 UA00045714    (0)   :  0.192 0.218 0.447 0.143 
463 UA00038979    (0)   :  0.124 0.281 0.132 0.463 
464 UA00016123    (0)   :  0.312 0.202 0.345 0.141 
465 UA00034765    (0)   :  0.103 0.065 0.765 0.068 
466 UA00063815    (0)   :  0.077 0.226 0.569 0.128 
467 UA00034795    (0)   :  0.162 0.126 0.157 0.555 
468 UA00004000    (0)   :  0.098 0.111 0.682 0.109 
469 UA00049367    (0)   :  0.200 0.085 0.235 0.480 
470 UA00034457    (0)   :  0.447 0.173 0.125 0.255 
471 UA00050015    (0)   :  0.141 0.242 0.190 0.427 
472 UA00021373    (0)   :  0.335 0.171 0.211 0.283 
473 UA00050232    (0)   :  0.088 0.190 0.623 0.098 
474 UA00038724    (0)   :  0.173 0.363 0.120 0.344 
475 UA00007824    (0)   :  0.403 0.262 0.237 0.098 
476 UA00048754    (0)   :  0.354 0.081 0.451 0.113 
477 UA00014271    (0)   :  0.321 0.204 0.161 0.314 
478 UA00013756    (0)   :  0.114 0.270 0.284 0.333 
479 UA00014385    (0)   :  0.191 0.236 0.460 0.114 
480 UA00049609    (0)   :  0.201 0.119 0.134 0.545 
481 UA00003748    (0)   :  0.218 0.096 0.586 0.100 
482 UA00063952    (0)   :  0.226 0.079 0.530 0.165 
483 UA00058348    (0)   :  0.129 0.075 0.606 0.190 
484 UA00014922    (0)   :  0.097 0.112 0.689 0.102 
485 UA00003820    (0)   :  0.443 0.077 0.370 0.110 
486 UA00013693    (0)   :  0.244 0.209 0.368 0.179 
487 UA00047713    (0)   :  0.136 0.074 0.713 0.077 
488 UA00034891    (0)   :  0.096 0.189 0.527 0.187 
489 UA00049223    (0)   :  0.198 0.115 0.472 0.216 
490 UA00064399    (0)   :  0.074 0.349 0.532 0.045 
491 UA00013336    (0)   :  0.070 0.160 0.682 0.088 
492 UA00035291    (0)   :  0.092 0.163 0.693 0.052 
493 UA00003945    (0)   :  0.126 0.133 0.635 0.106 
494 UA00014518    (0)   :  0.180 0.115 0.613 0.092 
495 UA00013583    (0)   :  0.088 0.522 0.269 0.122 
496 UA00011510    (0)   :  0.148 0.163 0.569 0.120 
497 UA00046860    (0)   :  0.252 0.155 0.472 0.120 
498 UA00048853    (0)   :  0.157 0.267 0.461 0.115 
499 UA00012151    (0)   :  0.109 0.098 0.730 0.064 
500 UA00063930    (0)   :  0.094 0.467 0.207 0.232 
501 UA00013453    (0)   :  0.206 0.239 0.388 0.167 
502 UA00039299    (0)   :  0.075 0.107 0.744 0.074 
503 UA00014280    (0)   :  0.062 0.061 0.796 0.081 
504 UA00014200    (0)   :  0.178 0.088 0.667 0.067 
505 UA00040612    (0)   :  0.079 0.202 0.658 0.062 
506 UA00062679    (0)   :  0.078 0.149 0.694 0.079 
507 UA00034481    (0)   :  0.107 0.092 0.697 0.104 
508 UA00011880    (0)   :  0.088 0.420 0.155 0.336 
509 UA00013421    (0)   :  0.076 0.256 0.619 0.049 
510 UA00048051    (0)   :  0.062 0.089 0.791 0.057 
511 UA00063370    (0)   :  0.059 0.216 0.661 0.063 
512 UA00014716    (0)   :  0.074 0.163 0.679 0.083 
513 UA00033426    (0)   :  0.198 0.241 0.494 0.067 
514 UA00015190    (0)   :  0.082 0.349 0.504 0.065 
515 UA00013730    (0)   :  0.339 0.202 0.119 0.341 
516 UA00047644    (4)   :  0.113 0.284 0.506 0.097 
517 UA00031933    (9)   :  0.404 0.132 0.281 0.183 
518 UA00031541    (9)   :  0.169 0.192 0.467 0.172 
519   PCO-60    (4)   :  0.269 0.137 0.322 0.272 
520 UA00030495    (4)   :  0.199 0.261 0.279 0.261 
521 UA00031133    (4)   :  0.092 0.130 0.069 0.709 
522 UA00032049    (4)   :  0.142 0.507 0.193 0.159 
523 UA00030599    (4)   :  0.085 0.227 0.134 0.553 
524 UA00030250    (4)   :  0.618 0.105 0.120 0.158 
525 UA00049385    (4)   :  0.109 0.300 0.182 0.409 
526 UA00031816    (4)   :  0.074 0.127 0.078 0.720 
527 UA00030275    (4)   :  0.341 0.259 0.233 0.167 
528 UA00041861    (4)   :  0.323 0.217 0.263 0.197 
529 UA00041433    (4)   :  0.435 0.088 0.134 0.343 
530  PCO-114    (4)   :  0.493 0.092 0.300 0.114 
531 UA00031529    (4)   :  0.290 0.129 0.212 0.370 
532 UA00039719    (4)   :  0.372 0.100 0.226 0.302 
533  PCO-442    (4)   :  0.681 0.073 0.101 0.145 
534   PCO-58    (0)   :  0.604 0.133 0.193 0.070 
535 UA00048673    (4)   :  0.203 0.163 0.309 0.325 
536   PCO-63    (4)   :  0.336 0.086 0.159 0.419 


Estimated Allele Frequencies in each cluster
First column gives estimated ancestral frequencies


Locus 1 : PP01 
2 alleles
0.0% missing data
   1   (0.598) 0.665 0.817 0.359 0.522 
   2   (0.402) 0.335 0.183 0.641 0.478 

Locus 2 : PP02 
2 alleles
0.0% missing data
   1   (0.886) 0.910 0.985 0.960 0.873 
   2   (0.114) 0.090 0.015 0.040 0.127 

Locus 3 : PP03 
2 alleles
18.3% missing data
   1   (0.797) 0.854 0.888 0.955 0.654 
   2   (0.203) 0.146 0.112 0.045 0.346 

Locus 4 : PP04 
2 alleles
0.4% missing data
   1   (0.696) 0.783 0.649 0.943 0.471 
   2   (0.304) 0.217 0.351 0.057 0.529 

Locus 5 : PP06 
2 alleles
0.0% missing data
   1   (0.633) 0.569 0.654 0.597 0.785 
   2   (0.367) 0.431 0.346 0.403 0.215 

Locus 6 : PP07 
2 alleles
0.0% missing data
   1   (0.707) 0.703 0.821 0.923 0.554 
   2   (0.293) 0.297 0.179 0.077 0.446 

Locus 7 : PP09 
2 alleles
0.0% missing data
   1   (0.465) 0.331 0.635 0.090 0.765 
   2   (0.535) 0.669 0.365 0.910 0.235 

Locus 8 : PP10 
2 alleles
0.0% missing data
   1   (0.189) 0.085 0.389 0.362 0.059 
   2   (0.811) 0.915 0.611 0.638 0.941 

Locus 9 : PP11 
2 alleles
0.0% missing data
   1   (0.691) 0.520 0.770 0.812 0.847 
   2   (0.309) 0.480 0.230 0.188 0.153 

Locus 10 : PP12 
2 alleles
0.2% missing data
   1   (0.403) 0.453 0.308 0.167 0.507 
   2   (0.597) 0.547 0.692 0.833 0.493 

Locus 11 : PP13 
2 alleles
0.0% missing data
   1   (0.196) 0.161 0.448 0.123 0.052 
   2   (0.804) 0.839 0.552 0.877 0.948 

Locus 12 : PP14 
2 alleles
0.2% missing data
   1   (0.847) 0.791 0.949 0.908 0.942 
   2   (0.153) 0.209 0.051 0.092 0.058 

Locus 13 : PP15 
2 alleles
0.0% missing data
   1   (0.871) 0.975 0.479 0.943 0.927 
   2   (0.129) 0.025 0.521 0.057 0.073 

Locus 14 : PP16 
2 alleles
0.0% missing data
   1   (0.526) 0.491 0.444 0.392 0.703 
   2   (0.474) 0.509 0.556 0.608 0.297 

Locus 15 : PP17 
2 alleles
0.2% missing data
   1   (0.635) 0.684 0.803 0.532 0.584 
   2   (0.365) 0.316 0.197 0.468 0.416 

Locus 16 : PP18 
2 alleles
0.7% missing data
   1   (0.749) 0.669 0.880 0.907 0.772 
   2   (0.251) 0.331 0.120 0.093 0.228 

Locus 17 : PP20 
2 alleles
0.0% missing data
   1   (0.614) 0.692 0.645 0.517 0.619 
   2   (0.386) 0.308 0.355 0.483 0.381 

Locus 18 : PP21 
2 alleles
14.9% missing data
   1   (0.854) 0.850 0.956 0.982 0.775 
   2   (0.146) 0.150 0.044 0.018 0.225 

Locus 19 : PP22 
2 alleles
1.3% missing data
   1   (0.376) 0.734 0.101 0.212 0.232 
   2   (0.624) 0.266 0.899 0.788 0.768 

Locus 20 : PP23 
2 alleles
0.7% missing data
   1   (0.636) 0.580 0.738 0.780 0.632 
   2   (0.364) 0.420 0.262 0.220 0.368 

Locus 21 : PP24 
2 alleles
0.2% missing data
   1   (0.791) 0.905 0.831 0.609 0.848 
   2   (0.209) 0.095 0.169 0.391 0.152 

Locus 22 : PP25 
2 alleles
0.6% missing data
   1   (0.401) 0.232 0.645 0.452 0.378 
   2   (0.599) 0.768 0.355 0.548 0.622 

Values of parameters used in structure:
DATAFILE=Puma_SNP_genotypes_cut_AZ_final_HWEonly.str,	OUTFILE=outputfile_K4_2,	NUMINDS=536,	NUMLOCI=22,	MISSING=-9,	LABEL=1,	POPDATA=0,	POPFLAG=0,	PHENOTYPE=0,	EXTRACOLS=0,	MAXPOPS=4,	BURNIN=100000,	NUMREPS=500000,	USEPOPINFO=0,	INFERALPHA=1,	INFERLAMBDA=0,	POPSPECIFICLAMBDA=0,	POPALPHAS=0,	COMPUTEPROB=1,	NOADMIX=0,	ADMBURNIN=2500,	UPDATEFREQ=200,	PRINTLIKES=0,	INTERMEDSAVE=0,	PRINTKLD=0,	PRINTNET=0,	PRINTLAMBDA=0,	ANCESTDIST=0,	NUMBOXES=1000,	ANCESTPINT=0.90000,	GENSBACK=2,	MIGRPRIOR=0.05000,	PRINTQHAT=0,	PRINTQSUM=0,	ALPHA=1.0000,	FREQSCORR=1,	FPRIORMEAN=0.0100,	FPRIORSD=0.0500,	ONEFST=0,	LAMBDA=1.0000,	UNIFPRIORALPHA=1,	ALPHAMAX=10.0000,	ALPHAPRIORA=1.0000,	ALPHAPRIORB=2.0000,	ALPHAPROPSD=0.0250,	STARTATPOPINFO=0,	RANDOMIZE=1,	LINKAGE=0,	METROFREQ=20,	REPORTHITRATE=0,	MARKOVPHASE=0,	PHASED=0,	PLOIDY=2,	PHASEINFO=0	LOCPRIOR=0, 	LOCPRIORINIT=1.000000, 	LOCDATA=0, 	LOCISPOP=0, 	LOCPRIORSTEP=0.100000, 	MAXLOCPRIOR=20.000000, 	SEED=1716612905,	
[STRAT parameters]:    NUMSIMSTATS=1000,	PHENOTYPECOL=-9,	POOLFREQ=10,	LOCUSxONLY=0,	EMERROR=0.00100,	MISSINGPHENO=-9,	