

----------------------------------------------------
STRUCTURE by Pritchard, Stephens and Donnelly (2000)
     and Falush, Stephens and Pritchard (2003)
       Code by Pritchard, Falush and Hubisz
             Version 2.3.4 (Jul 2012)
----------------------------------------------------



Command line arguments:   structure -K 7 -o outputfile_K7_10 
Input File:    Puma_SNP_genotypes_cut_AZ_final_HWEonly.str

Run parameters:
   536 individuals
   22 loci
   7 populations assumed
   100000 Burn-in period
   500000 Reps


--------------------------------------------
Overall proportion of membership of the
sample in each of the 7 clusters

Inferred Clusters
  1      2      3      4      5      6      7    
0.128  0.145  0.145  0.145  0.146  0.145  0.145  

--------------------------------------------

Allele-freq. divergence among pops (Net nucleotide distance),
computed using point estimates of P.

      1       2       3       4       5       6       7      
 1      -    0.0705  0.0820  0.0638  0.0670  0.0661  0.0629  
 2   0.0705     -    0.0486  0.0044  0.0022  0.0016  0.0018  
 3   0.0820  0.0486     -    0.0508  0.0524  0.0498  0.0463  
 4   0.0638  0.0044  0.0508     -    0.0005  0.0008  0.0007  
 5   0.0670  0.0022  0.0524  0.0005     -    0.0002  0.0004  
 6   0.0661  0.0016  0.0498  0.0008  0.0002     -    0.0002  
 7   0.0629  0.0018  0.0463  0.0007  0.0004  0.0002     -    

Average distances (expected heterozygosity) between individuals in same cluster:
cluster  1  : 0.2759 
cluster  2  : 0.3760 
cluster  3  : 0.2614 
cluster  4  : 0.3756 
cluster  5  : 0.3755 
cluster  6  : 0.3769 
cluster  7  : 0.3789 

--------------------------------------------
Estimated Ln Prob of Data   = -13768.3
Mean value of ln likelihood = -12310.1
Variance of ln likelihood   = 2916.3
Mean value of alpha         = 0.1840

Mean value of Fst_1         = 0.3271
Mean value of Fst_2         = 0.0610
Mean value of Fst_3         = 0.3051
Mean value of Fst_4         = 0.0679
Mean value of Fst_5         = 0.1014
Mean value of Fst_6         = 0.0593
Mean value of Fst_7         = 0.0259


Inferred ancestry of individuals:
        Label (%Miss) :  Inferred clusters
  1 UA00063336   (13)   :  0.392 0.111 0.059 0.110 0.100 0.110 0.118 
  2 UA00048914    (9)   :  0.100 0.146 0.190 0.133 0.125 0.150 0.157 
  3 UA00014769   (13)   :  0.045 0.220 0.020 0.165 0.201 0.200 0.149 
  4 UA00008132   (13)   :  0.111 0.172 0.074 0.157 0.146 0.168 0.172 
  5 UA00030462   (13)   :  0.085 0.127 0.263 0.128 0.117 0.132 0.148 
  6 UA00034866   (13)   :  0.032 0.158 0.153 0.164 0.135 0.164 0.193 
  7 UA00034800    (9)   :  0.605 0.064 0.072 0.062 0.063 0.067 0.067 
  8  Puco006    (9)   :  0.062 0.053 0.680 0.052 0.049 0.049 0.055 
  9 UA00048874    (4)   :  0.487 0.089 0.087 0.079 0.079 0.085 0.093 
 10 UA00049060    (9)   :  0.090 0.178 0.040 0.161 0.165 0.189 0.176 
 11 UA00033413    (9)   :  0.035 0.122 0.057 0.226 0.226 0.172 0.162 
 12  Puco021    (9)   :  0.126 0.090 0.031 0.222 0.236 0.155 0.140 
 13  Puco026    (9)   :  0.095 0.158 0.033 0.185 0.184 0.169 0.177 
 14  Puco008    (9)   :  0.233 0.119 0.205 0.109 0.101 0.109 0.124 
 15   M01301    (9)   :  0.028 0.124 0.111 0.209 0.201 0.170 0.158 
 16   M06306    (9)   :  0.428 0.097 0.031 0.118 0.111 0.107 0.109 
 17 UA00032185    (9)   :  0.091 0.147 0.104 0.164 0.150 0.173 0.171 
 18 UA00030792    (9)   :  0.871 0.021 0.025 0.021 0.021 0.021 0.021 
 19 UA00031647    (9)   :  0.244 0.129 0.120 0.129 0.113 0.126 0.139 
 20 UA00031979    (9)   :  0.067 0.171 0.096 0.168 0.153 0.162 0.183 
 21  Puco016    (9)   :  0.040 0.158 0.256 0.134 0.132 0.132 0.148 
 22  Puco010    (9)   :  0.060 0.157 0.057 0.191 0.171 0.180 0.185 
 23    M1035    (9)   :  0.133 0.174 0.033 0.150 0.150 0.175 0.186 
 24 UA00034601    (9)   :  0.104 0.135 0.136 0.171 0.141 0.151 0.162 
 25 UA00050388    (9)   :  0.109 0.149 0.092 0.169 0.149 0.155 0.178 
 26 UA00048699    (9)   :  0.041 0.121 0.391 0.106 0.106 0.116 0.118 
 27 UA00064058    (9)   :  0.083 0.190 0.035 0.166 0.171 0.174 0.182 
 28 UA00033981    (9)   :  0.071 0.103 0.067 0.226 0.224 0.163 0.145 
 29   F05033    (9)   :  0.047 0.174 0.041 0.189 0.187 0.181 0.182 
 30 UA00048520    (4)   :  0.212 0.115 0.105 0.154 0.137 0.136 0.141 
 31 UA00048422    (4)   :  0.774 0.035 0.032 0.040 0.039 0.039 0.039 
 32    PucoB    (4)   :  0.065 0.154 0.024 0.218 0.194 0.168 0.176 
 33 UA00047393    (4)   :  0.195 0.176 0.048 0.132 0.140 0.160 0.150 
 34 UA00064521    (4)   :  0.059 0.134 0.232 0.148 0.127 0.140 0.161 
 35 UA00003043    (4)   :  0.031 0.195 0.171 0.136 0.148 0.158 0.161 
 36 UA00063025    (4)   :  0.232 0.106 0.162 0.133 0.113 0.119 0.135 
 37 UA00063826    (4)   :  0.067 0.141 0.041 0.211 0.181 0.172 0.186 
 38   F07407    (4)   :  0.249 0.097 0.039 0.175 0.170 0.136 0.135 
 39 UA00021658    (4)   :  0.060 0.175 0.056 0.176 0.158 0.188 0.188 
 40 UA00003794    (4)   :  0.215 0.105 0.048 0.178 0.169 0.142 0.144 
 41 UA00041322    (4)   :  0.113 0.163 0.095 0.151 0.137 0.154 0.187 
 42 UA00063316    (4)   :  0.130 0.145 0.131 0.155 0.132 0.143 0.165 
 43 UA00047705    (4)   :  0.081 0.140 0.091 0.180 0.165 0.163 0.180 
 44 UA00033904    (4)   :  0.429 0.109 0.057 0.101 0.095 0.098 0.111 
 45 UA00048100    (4)   :  0.037 0.164 0.069 0.188 0.190 0.173 0.179 
 46 UA00032212    (4)   :  0.266 0.119 0.115 0.126 0.119 0.125 0.131 
 47 UA00031574    (4)   :  0.749 0.036 0.053 0.042 0.040 0.039 0.040 
 48 UA00031228    (4)   :  0.823 0.028 0.039 0.028 0.027 0.028 0.028 
 49 UA00047707    (4)   :  0.022 0.234 0.041 0.144 0.184 0.200 0.175 
 50 UA00030906    (4)   :  0.864 0.019 0.037 0.020 0.019 0.019 0.020 
 51 UA00041567    (4)   :  0.074 0.116 0.082 0.203 0.186 0.168 0.169 
 52 UA00007624    (4)   :  0.027 0.161 0.041 0.197 0.186 0.197 0.191 
 53 UA00034514    (4)   :  0.049 0.188 0.067 0.173 0.165 0.180 0.177 
 54 UA00030480    (4)   :  0.192 0.176 0.043 0.146 0.137 0.145 0.160 
 55  Puco012    (4)   :  0.049 0.185 0.081 0.162 0.158 0.177 0.189 
 56 UA00038677    (9)   :  0.145 0.122 0.159 0.148 0.132 0.142 0.152 
 57 UA00048275    (4)   :  0.044 0.141 0.056 0.208 0.197 0.176 0.179 
 58 UA00064055    (4)   :  0.057 0.219 0.081 0.145 0.179 0.160 0.160 
 59  Puco009    (4)   :  0.032 0.168 0.239 0.130 0.138 0.138 0.155 
 60 UA00064561    (4)   :  0.031 0.243 0.081 0.122 0.182 0.196 0.145 
 61 UA00003479    (4)   :  0.044 0.209 0.094 0.150 0.171 0.165 0.166 
 62 UA00063747    (4)   :  0.023 0.199 0.068 0.173 0.189 0.181 0.166 
 63 UA00002558    (4)   :  0.036 0.136 0.221 0.156 0.137 0.149 0.165 
 64 UA00048410    (4)   :  0.025 0.175 0.221 0.120 0.143 0.164 0.152 
 65 UA00012249    (4)   :  0.029 0.222 0.116 0.136 0.179 0.170 0.150 
 66 UA00033818    (4)   :  0.554 0.067 0.071 0.080 0.072 0.077 0.079 
 67  Puco020    (4)   :  0.158 0.174 0.090 0.124 0.143 0.159 0.154 
 68 UA00002545    (9)   :  0.093 0.252 0.046 0.122 0.187 0.158 0.142 
 69 UA00048508    (4)   :  0.039 0.194 0.053 0.168 0.169 0.185 0.190 
 70 UA00064100    (4)   :  0.070 0.166 0.062 0.168 0.145 0.181 0.208 
 71 UA00014585    (4)   :  0.056 0.192 0.082 0.163 0.165 0.167 0.175 
 72 UA00063698    (4)   :  0.130 0.088 0.380 0.104 0.095 0.097 0.104 
 73 UA00049753    (4)   :  0.437 0.107 0.031 0.105 0.098 0.107 0.114 
 74 UA00049037    (4)   :  0.075 0.196 0.039 0.162 0.165 0.182 0.181 
 75 UA00034941    (4)   :  0.100 0.142 0.106 0.176 0.153 0.157 0.166 
 76 UA00008083    (4)   :  0.059 0.073 0.569 0.073 0.074 0.075 0.076 
 77 UA00015084    (4)   :  0.177 0.084 0.338 0.104 0.092 0.095 0.109 
 78 UA00041010    (9)   :  0.332 0.060 0.384 0.054 0.053 0.056 0.062 
 79 UA00035261    (4)   :  0.242 0.122 0.125 0.129 0.117 0.128 0.139 
 80 UA00035431    (4)   :  0.024 0.154 0.082 0.197 0.176 0.175 0.192 
 81 UA00045274    (0)   :  0.104 0.138 0.116 0.174 0.149 0.148 0.170 
 82 UA00028200    (4)   :  0.389 0.091 0.143 0.096 0.089 0.089 0.102 
 83 UA00064559    (0)   :  0.822 0.027 0.030 0.031 0.029 0.030 0.030 
 84 UA00040808    (0)   :  0.398 0.107 0.136 0.083 0.088 0.091 0.097 
 85 UA00049156    (0)   :  0.400 0.088 0.145 0.093 0.084 0.093 0.096 
 86 UA00003952    (4)   :  0.040 0.087 0.560 0.076 0.073 0.080 0.084 
 87 UA00063954    (0)   :  0.188 0.150 0.041 0.147 0.139 0.154 0.181 
 88 UA00062934    (0)   :  0.238 0.134 0.077 0.139 0.123 0.134 0.156 
 89 UA00033829    (0)   :  0.540 0.050 0.195 0.054 0.050 0.054 0.057 
 90 UA00064351    (4)   :  0.051 0.103 0.113 0.216 0.216 0.152 0.149 
 91 UA00003697    (4)   :  0.088 0.076 0.522 0.079 0.071 0.079 0.086 
 92 UA00063438    (4)   :  0.258 0.133 0.107 0.124 0.113 0.123 0.141 
 93 UA00007608    (0)   :  0.255 0.104 0.186 0.117 0.101 0.109 0.127 
 94 UA00019683    (4)   :  0.433 0.072 0.037 0.131 0.129 0.103 0.095 
 95 UA00007781    (0)   :  0.056 0.154 0.077 0.191 0.167 0.168 0.188 
 96 UA00002915    (0)   :  0.339 0.117 0.098 0.110 0.101 0.110 0.124 
 97  Puco031    (4)   :  0.059 0.206 0.076 0.152 0.162 0.175 0.170 
 98 UA00048280    (4)   :  0.045 0.137 0.098 0.198 0.185 0.163 0.173 
 99 UA00048589    (0)   :  0.099 0.141 0.055 0.188 0.198 0.157 0.162 
100 UA00034417    (0)   :  0.138 0.153 0.161 0.132 0.129 0.137 0.150 
101 UA00050411    (4)   :  0.023 0.239 0.041 0.152 0.190 0.187 0.168 
102  Puco029    (4)   :  0.041 0.171 0.020 0.196 0.196 0.191 0.185 
103   F03403    (4)   :  0.026 0.116 0.052 0.253 0.221 0.171 0.161 
104 UA00049904    (0)   :  0.189 0.125 0.061 0.170 0.143 0.148 0.164 
105 UA00035335    (0)   :  0.033 0.220 0.017 0.176 0.193 0.186 0.174 
106 UA00012611    (0)   :  0.052 0.187 0.039 0.178 0.162 0.183 0.198 
107 UA00050319    (0)   :  0.028 0.099 0.032 0.257 0.259 0.174 0.152 
108 UA00032068    (4)   :  0.146 0.176 0.033 0.155 0.153 0.161 0.177 
109 UA00032026    (4)   :  0.103 0.177 0.046 0.162 0.153 0.180 0.179 
110 UA00030476    (4)   :  0.090 0.088 0.027 0.244 0.245 0.158 0.147 
111 UA00046853    (0)   :  0.080 0.106 0.046 0.225 0.218 0.165 0.159 
112 UA00040156    (4)   :  0.873 0.020 0.025 0.021 0.020 0.020 0.021 
113 UA00030528    (4)   :  0.247 0.161 0.040 0.121 0.131 0.152 0.147 
114  Puco025    (4)   :  0.035 0.223 0.033 0.147 0.182 0.212 0.168 
115    pc016    (0)   :  0.877 0.020 0.026 0.019 0.019 0.019 0.020 
116 UA00030617    (4)   :  0.026 0.230 0.028 0.153 0.184 0.207 0.173 
117 UA00030585    (4)   :  0.778 0.031 0.041 0.039 0.039 0.036 0.036 
118 UA00032060    (4)   :  0.249 0.132 0.042 0.146 0.136 0.148 0.147 
119    pc007    (0)   :  0.071 0.118 0.053 0.213 0.207 0.173 0.164 
120 UA00030798    (4)   :  0.762 0.042 0.027 0.043 0.040 0.042 0.044 
121 UA00030778    (4)   :  0.023 0.227 0.030 0.153 0.183 0.194 0.190 
122 UA00039674    (4)   :  0.844 0.027 0.026 0.026 0.025 0.026 0.027 
123 UA00032241    (4)   :  0.025 0.158 0.029 0.195 0.192 0.210 0.192 
124 UA00011624    (0)   :  0.039 0.206 0.047 0.171 0.187 0.178 0.172 
125 UA00033779    (4)   :  0.036 0.101 0.047 0.252 0.231 0.177 0.156 
126 UA00049402    (4)   :  0.058 0.177 0.189 0.139 0.150 0.144 0.143 
127 UA00033653    (0)   :  0.030 0.089 0.042 0.263 0.256 0.171 0.150 
128 UA00047738    (0)   :  0.082 0.146 0.106 0.168 0.158 0.161 0.178 
129 UA00047502    (4)   :  0.078 0.149 0.235 0.129 0.122 0.139 0.146 
130 UA00012014    (4)   :  0.062 0.210 0.072 0.145 0.159 0.174 0.178 
131 UA00040729    (0)   :  0.063 0.149 0.038 0.203 0.191 0.181 0.175 
132 UA00030392    (4)   :  0.045 0.206 0.032 0.159 0.166 0.214 0.178 
133 UA00050033    (0)   :  0.073 0.170 0.045 0.180 0.171 0.188 0.173 
134 UA00012152    (0)   :  0.026 0.122 0.471 0.082 0.102 0.101 0.095 
135 UA00050406    (0)   :  0.061 0.177 0.058 0.180 0.155 0.179 0.190 
136 UA00047973    (0)   :  0.043 0.163 0.054 0.192 0.171 0.182 0.194 
137 UA00008051    (0)   :  0.123 0.152 0.128 0.145 0.141 0.155 0.156 
138 UA00047337    (4)   :  0.218 0.141 0.048 0.147 0.144 0.150 0.152 
139 UA00041604    (4)   :  0.110 0.153 0.117 0.148 0.141 0.161 0.170 
140 UA00031704    (4)   :  0.031 0.237 0.025 0.162 0.187 0.185 0.174 
141 UA00040423    (4)   :  0.118 0.200 0.045 0.149 0.161 0.161 0.166 
142 UA00049433    (0)   :  0.091 0.184 0.135 0.138 0.148 0.150 0.155 
143 UA00034816    (0)   :  0.043 0.216 0.116 0.128 0.162 0.183 0.152 
144 UA00050214    (0)   :  0.035 0.266 0.031 0.123 0.199 0.205 0.142 
145 UA00041073    (0)   :  0.077 0.169 0.106 0.157 0.149 0.176 0.165 
146 UA00030318    (4)   :  0.035 0.216 0.080 0.152 0.175 0.179 0.164 
147 UA00046845    (0)   :  0.060 0.192 0.139 0.134 0.154 0.172 0.148 
148 UA00063946    (0)   :  0.054 0.081 0.037 0.264 0.266 0.164 0.134 
149 UA00031374    (4)   :  0.054 0.193 0.086 0.157 0.157 0.174 0.179 
150    M1136    (4)   :  0.354 0.142 0.043 0.102 0.117 0.129 0.113 
151 UA00034299    (0)   :  0.042 0.260 0.045 0.125 0.195 0.192 0.141 
152 UA00002387    (4)   :  0.026 0.241 0.089 0.128 0.193 0.169 0.154 
153 UA00021855    (0)   :  0.060 0.150 0.070 0.195 0.169 0.172 0.184 
154 UA00014500    (0)   :  0.072 0.206 0.041 0.162 0.166 0.172 0.179 
155 UA00050419    (4)   :  0.028 0.254 0.041 0.128 0.191 0.215 0.144 
156 UA00031854    (4)   :  0.052 0.168 0.113 0.170 0.154 0.166 0.177 
157    pc011    (4)   :  0.030 0.254 0.054 0.134 0.198 0.178 0.152 
158 UA00033004    (0)   :  0.090 0.211 0.061 0.142 0.168 0.164 0.165 
159 UA00046510    (0)   :  0.038 0.178 0.170 0.142 0.144 0.162 0.167 
160 UA00048747    (0)   :  0.041 0.227 0.084 0.133 0.181 0.173 0.162 
161 UA00014293    (0)   :  0.035 0.266 0.056 0.128 0.203 0.162 0.149 
162 UA00047686    (0)   :  0.073 0.165 0.216 0.125 0.129 0.140 0.152 
163 UA00033783    (4)   :  0.340 0.083 0.132 0.122 0.117 0.102 0.103 
164 UA00042609    (4)   :  0.074 0.158 0.302 0.109 0.122 0.116 0.119 
165 UA00031169    (4)   :  0.041 0.271 0.035 0.116 0.203 0.191 0.143 
166 UA00035181    (0)   :  0.020 0.191 0.034 0.204 0.192 0.176 0.183 
167 UA00050133    (0)   :  0.055 0.195 0.072 0.154 0.165 0.179 0.180 
168  Puco011    (4)   :  0.052 0.250 0.065 0.133 0.192 0.166 0.143 
169 UA00041476    (0)   :  0.084 0.189 0.113 0.131 0.149 0.170 0.164 
170 UA00046702    (0)   :  0.035 0.234 0.038 0.140 0.184 0.202 0.167 
171 UA00019940    (0)   :  0.062 0.188 0.089 0.154 0.155 0.178 0.174 
172 UA00049813    (0)   :  0.066 0.151 0.050 0.196 0.181 0.179 0.176 
173 UA00064165    (0)   :  0.066 0.102 0.413 0.105 0.095 0.103 0.116 
174 UA00064421    (0)   :  0.025 0.143 0.308 0.123 0.120 0.133 0.148 
175 UA00064569    (4)   :  0.023 0.203 0.042 0.166 0.178 0.206 0.182 
176 UA00003996    (0)   :  0.057 0.174 0.191 0.125 0.148 0.156 0.149 
177 UA00064491    (4)   :  0.031 0.207 0.080 0.147 0.177 0.199 0.160 
178 UA00011899    (0)   :  0.066 0.183 0.043 0.169 0.163 0.180 0.195 
179  Puco015    (4)   :  0.152 0.175 0.060 0.139 0.155 0.159 0.160 
180 UA00047929    (4)   :  0.040 0.155 0.027 0.209 0.202 0.193 0.175 
181 UA00056669    (0)   :  0.038 0.181 0.097 0.164 0.156 0.178 0.186 
182 UA00050176    (0)   :  0.083 0.166 0.110 0.154 0.148 0.164 0.176 
183  Puco014    (4)   :  0.059 0.144 0.095 0.189 0.176 0.165 0.173 
184 UA00019608    (0)   :  0.045 0.219 0.103 0.132 0.177 0.164 0.161 
185 UA00064333    (0)   :  0.046 0.239 0.066 0.138 0.184 0.163 0.164 
186  Puco013    (4)   :  0.051 0.165 0.206 0.135 0.141 0.145 0.157 
187 UA00016092    (0)   :  0.023 0.242 0.029 0.150 0.187 0.199 0.169 
188 UA00019060    (0)   :  0.148 0.076 0.488 0.069 0.068 0.072 0.079 
189 UA00063532    (0)   :  0.083 0.159 0.084 0.167 0.157 0.173 0.177 
190 UA00064117    (0)   :  0.245 0.104 0.286 0.088 0.090 0.090 0.097 
191 UA00011969    (0)   :  0.074 0.155 0.099 0.170 0.143 0.173 0.186 
192 UA00034586    (4)   :  0.035 0.167 0.038 0.186 0.189 0.193 0.191 
193 UA00030736    (4)   :  0.061 0.196 0.046 0.164 0.163 0.179 0.191 
194 UA00048493    (0)   :  0.096 0.177 0.056 0.158 0.152 0.177 0.185 
195 UA00040466    (0)   :  0.035 0.057 0.673 0.063 0.056 0.057 0.060 
196 UA00047659    (0)   :  0.035 0.175 0.065 0.182 0.164 0.179 0.201 
197 UA00042002    (4)   :  0.244 0.121 0.065 0.147 0.138 0.133 0.152 
198 UA00062606    (0)   :  0.063 0.177 0.177 0.143 0.142 0.147 0.151 
199 UA00030615    (4)   :  0.028 0.057 0.681 0.059 0.053 0.059 0.063 
200 UA00048899    (0)   :  0.052 0.177 0.067 0.176 0.158 0.174 0.195 
201 UA00047725    (0)   :  0.027 0.023 0.854 0.024 0.023 0.024 0.025 
202 UA00030866    (4)   :  0.046 0.179 0.111 0.177 0.152 0.164 0.171 
203 UA00034564    (0)   :  0.051 0.198 0.079 0.170 0.157 0.169 0.177 
204 UA00046520    (0)   :  0.031 0.106 0.041 0.254 0.239 0.173 0.156 
205 UA00035027    (0)   :  0.076 0.144 0.126 0.172 0.153 0.157 0.171 
206 UA00035421    (0)   :  0.038 0.154 0.337 0.106 0.123 0.123 0.119 
207 UA00062740    (4)   :  0.106 0.139 0.180 0.153 0.130 0.139 0.153 
208 UA00012360    (0)   :  0.031 0.052 0.715 0.051 0.047 0.051 0.053 
209 UA00050203    (0)   :  0.056 0.168 0.050 0.183 0.168 0.187 0.189 
210 UA00040534    (4)   :  0.224 0.090 0.348 0.084 0.076 0.084 0.094 
211 UA00031261    (4)   :  0.134 0.070 0.531 0.065 0.061 0.066 0.072 
212 UA00031917    (4)   :  0.225 0.092 0.357 0.081 0.076 0.080 0.089 
213 UA00040798    (4)   :  0.089 0.094 0.386 0.111 0.102 0.106 0.111 
214 UA00030598    (4)   :  0.090 0.110 0.329 0.119 0.103 0.118 0.131 
215 UA00050385    (0)   :  0.054 0.194 0.107 0.153 0.157 0.162 0.173 
216 UA00058283    (0)   :  0.066 0.038 0.732 0.042 0.038 0.040 0.044 
217 UA00042297    (4)   :  0.394 0.084 0.140 0.099 0.090 0.093 0.100 
218 UA00015415    (4)   :  0.030 0.042 0.770 0.039 0.038 0.040 0.041 
219 UA00035531    (0)   :  0.111 0.069 0.579 0.059 0.058 0.061 0.064 
220 UA00048683    (0)   :  0.037 0.082 0.581 0.073 0.074 0.076 0.078 
221 UA00046734    (4)   :  0.038 0.047 0.733 0.046 0.043 0.045 0.047 
222   pcRF01    (0)   :  0.019 0.300 0.039 0.112 0.214 0.186 0.130 
223 UA00007223    (0)   :  0.088 0.156 0.226 0.133 0.132 0.131 0.133 
224 UA00013841    (0)   :  0.164 0.171 0.039 0.155 0.152 0.152 0.167 
225 UA00014196    (0)   :  0.073 0.075 0.585 0.063 0.065 0.066 0.073 
226 UA00034635    (0)   :  0.038 0.184 0.061 0.173 0.162 0.190 0.192 
227 UA00047371    (0)   :  0.245 0.117 0.070 0.146 0.128 0.139 0.155 
228 UA00063544    (0)   :  0.229 0.131 0.068 0.146 0.142 0.138 0.145 
229 UA00064246    (0)   :  0.112 0.128 0.191 0.146 0.144 0.136 0.143 
230 UA00064328    (0)   :  0.111 0.140 0.216 0.130 0.123 0.131 0.148 
231 UA00002952    (0)   :  0.167 0.128 0.229 0.122 0.114 0.113 0.128 
232 UA00064079    (0)   :  0.163 0.149 0.081 0.140 0.132 0.165 0.169 
233 UA00046793    (0)   :  0.177 0.130 0.239 0.107 0.112 0.113 0.122 
234 UA00034769    (0)   :  0.424 0.075 0.107 0.108 0.100 0.094 0.093 
235 UA00034949    (0)   :  0.079 0.153 0.258 0.125 0.126 0.124 0.135 
236 UA00063753    (0)   :  0.099 0.098 0.113 0.198 0.200 0.150 0.141 
237 UA00015713    (0)   :  0.170 0.124 0.051 0.174 0.169 0.154 0.158 
238 UA00003494    (0)   :  0.108 0.200 0.145 0.121 0.158 0.137 0.131 
239 UA00056767    (0)   :  0.020 0.105 0.034 0.263 0.232 0.182 0.164 
240 UA00014461    (0)   :  0.101 0.146 0.219 0.130 0.130 0.136 0.138 
241 UA00034669    (0)   :  0.141 0.097 0.359 0.105 0.091 0.097 0.112 
242 UA00048164    (0)   :  0.035 0.164 0.231 0.144 0.139 0.137 0.149 
243 UA00007974    (0)   :  0.093 0.117 0.056 0.212 0.193 0.161 0.169 
244 UA00016166    (0)   :  0.297 0.157 0.060 0.108 0.120 0.127 0.131 
245 UA00015653    (0)   :  0.272 0.105 0.183 0.113 0.098 0.108 0.121 
246 UA00063882    (0)   :  0.125 0.110 0.338 0.103 0.096 0.109 0.119 
247 UA00049027    (0)   :  0.274 0.109 0.105 0.131 0.119 0.128 0.134 
248 UA00018878    (0)   :  0.287 0.108 0.045 0.153 0.138 0.130 0.139 
249 UA00038796    (0)   :  0.054 0.116 0.328 0.130 0.112 0.121 0.139 
250 UA00013465    (0)   :  0.052 0.067 0.598 0.071 0.064 0.071 0.077 
251 UA00014604    (0)   :  0.102 0.116 0.225 0.144 0.119 0.140 0.155 
252 UA00041913    (0)   :  0.259 0.092 0.072 0.163 0.163 0.131 0.122 
253 UA00021632    (0)   :  0.491 0.083 0.089 0.083 0.078 0.085 0.091 
254 UA00064027    (0)   :  0.152 0.135 0.136 0.139 0.124 0.141 0.172 
255 UA00015023    (0)   :  0.050 0.185 0.138 0.136 0.154 0.171 0.165 
256 UA00050243    (0)   :  0.280 0.136 0.071 0.124 0.117 0.129 0.143 
257 UA00048298    (0)   :  0.083 0.183 0.083 0.152 0.162 0.173 0.164 
258 UA00050437    (0)   :  0.063 0.143 0.230 0.129 0.127 0.148 0.159 
259 UA00014262    (0)   :  0.167 0.162 0.084 0.139 0.137 0.150 0.161 
260 UA00049129    (0)   :  0.094 0.148 0.051 0.185 0.178 0.173 0.171 
261 UA00014740    (0)   :  0.093 0.131 0.092 0.191 0.168 0.162 0.162 
262 UA00049612    (0)   :  0.622 0.053 0.090 0.061 0.057 0.058 0.059 
263 UA00014635    (0)   :  0.028 0.109 0.036 0.250 0.226 0.183 0.168 
264 UA00014673    (0)   :  0.171 0.113 0.211 0.127 0.114 0.123 0.141 
265 UA00033608    (0)   :  0.415 0.082 0.089 0.111 0.105 0.097 0.101 
266 UA00064540    (0)   :  0.052 0.108 0.099 0.220 0.213 0.153 0.154 
267 UA00050256    (0)   :  0.196 0.121 0.160 0.123 0.112 0.131 0.156 
268 UA00015274    (0)   :  0.048 0.190 0.093 0.156 0.166 0.170 0.177 
269 UA00062993    (0)   :  0.026 0.144 0.090 0.200 0.169 0.177 0.193 
270 UA00038364    (0)   :  0.128 0.135 0.090 0.171 0.152 0.155 0.168 
271 UA00014446    (0)   :  0.032 0.174 0.049 0.180 0.159 0.191 0.214 
272 UA00063545    (0)   :  0.475 0.073 0.165 0.072 0.066 0.070 0.079 
273 UA00040054    (0)   :  0.077 0.210 0.036 0.161 0.169 0.176 0.172 
274 UA00058447    (0)   :  0.061 0.155 0.048 0.203 0.175 0.171 0.187 
275 UA00046835    (0)   :  0.051 0.142 0.051 0.210 0.189 0.180 0.177 
276 UA00014608    (0)   :  0.044 0.156 0.074 0.194 0.163 0.172 0.197 
277    pc012    (0)   :  0.076 0.147 0.119 0.164 0.140 0.170 0.184 
278    pc002    (0)   :  0.391 0.103 0.084 0.104 0.097 0.104 0.118 
279 UA00033690    (0)   :  0.210 0.086 0.052 0.191 0.193 0.135 0.133 
280 UA00013688    (0)   :  0.066 0.159 0.113 0.169 0.150 0.164 0.178 
281 UA00063666    (0)   :  0.109 0.088 0.024 0.234 0.243 0.156 0.147 
282 UA00063292    (0)   :  0.031 0.095 0.032 0.254 0.265 0.172 0.150 
283    pc001    (0)   :  0.054 0.163 0.095 0.171 0.160 0.171 0.187 
284    pc008    (0)   :  0.058 0.149 0.065 0.194 0.184 0.174 0.176 
285 UA00034316    (0)   :  0.221 0.127 0.201 0.100 0.108 0.118 0.124 
286 UA00013046    (0)   :  0.040 0.183 0.028 0.187 0.195 0.195 0.172 
287 UA00050241    (0)   :  0.038 0.125 0.022 0.229 0.228 0.183 0.176 
288 UA00048599    (0)   :  0.031 0.141 0.037 0.227 0.202 0.181 0.181 
289 UA00046649    (0)   :  0.377 0.111 0.048 0.116 0.112 0.115 0.121 
290 UA00015674    (0)   :  0.465 0.068 0.072 0.106 0.102 0.094 0.093 
291 UA00013177    (0)   :  0.120 0.120 0.124 0.176 0.166 0.148 0.147 
292 UA00012814    (0)   :  0.053 0.194 0.083 0.163 0.164 0.171 0.173 
293 UA00034654    (0)   :  0.035 0.184 0.040 0.184 0.174 0.189 0.195 
294 UA00046743    (0)   :  0.039 0.143 0.046 0.216 0.221 0.174 0.160 
295 UA00014854    (0)   :  0.156 0.117 0.023 0.200 0.209 0.150 0.146 
296 UA00013729    (0)   :  0.057 0.217 0.060 0.144 0.170 0.185 0.167 
297 UA00063483    (0)   :  0.043 0.147 0.034 0.215 0.177 0.191 0.194 
298 UA00039326    (0)   :  0.150 0.143 0.047 0.170 0.174 0.151 0.164 
299 UA00014742    (0)   :  0.045 0.130 0.030 0.224 0.207 0.179 0.185 
300 UA00049597    (0)   :  0.431 0.093 0.022 0.121 0.124 0.106 0.104 
301 UA00048067    (0)   :  0.116 0.117 0.082 0.191 0.177 0.159 0.159 
302 UA00012918    (0)   :  0.219 0.082 0.024 0.198 0.208 0.140 0.128 
303 UA00013487    (0)   :  0.027 0.316 0.025 0.107 0.219 0.181 0.125 
304 UA00046759    (0)   :  0.130 0.132 0.196 0.136 0.126 0.135 0.145 
305 UA00050164    (0)   :  0.592 0.084 0.047 0.063 0.073 0.069 0.072 
306 UA00049839    (0)   :  0.039 0.137 0.058 0.218 0.200 0.180 0.168 
307 UA00048444    (0)   :  0.103 0.070 0.038 0.246 0.256 0.152 0.134 
308 UA00063857    (0)   :  0.057 0.150 0.024 0.208 0.197 0.187 0.177 
309 UA00014921    (0)   :  0.442 0.094 0.027 0.115 0.103 0.107 0.112 
310 UA00048895    (0)   :  0.415 0.095 0.054 0.110 0.102 0.112 0.112 
311 UA00014556    (0)   :  0.051 0.149 0.180 0.159 0.149 0.145 0.167 
312    pc009    (0)   :  0.033 0.094 0.022 0.265 0.264 0.173 0.148 
313 UA00014959    (0)   :  0.434 0.088 0.036 0.117 0.114 0.105 0.106 
314 UA00020709    (0)   :  0.124 0.157 0.055 0.167 0.162 0.161 0.173 
315 UA00013126    (0)   :  0.820 0.028 0.031 0.031 0.030 0.030 0.030 
316 UA00013695    (0)   :  0.764 0.040 0.031 0.042 0.039 0.041 0.043 
317 UA00049344    (0)   :  0.472 0.091 0.058 0.093 0.085 0.095 0.106 
318 UA00047614    (0)   :  0.648 0.045 0.117 0.048 0.044 0.047 0.050 
319 UA00014221    (0)   :  0.018 0.125 0.028 0.245 0.225 0.179 0.179 
320 UA00014346    (0)   :  0.065 0.110 0.064 0.222 0.203 0.169 0.168 
321 UA00014245    (0)   :  0.274 0.111 0.034 0.163 0.154 0.131 0.134 
322 UA00014696    (0)   :  0.793 0.034 0.047 0.030 0.032 0.031 0.033 
323 UA00006991    (0)   :  0.040 0.191 0.096 0.155 0.155 0.177 0.185 
324 UA00048948    (0)   :  0.052 0.171 0.079 0.166 0.151 0.177 0.204 
325 UA00002239    (0)   :  0.057 0.195 0.094 0.153 0.164 0.163 0.175 
326 UA00063459    (0)   :  0.048 0.101 0.024 0.250 0.253 0.169 0.156 
327 UA00048356    (0)   :  0.063 0.129 0.137 0.185 0.155 0.162 0.168 
328 UA00063940    (0)   :  0.059 0.173 0.118 0.151 0.146 0.175 0.178 
329 UA00048130    (0)   :  0.036 0.121 0.050 0.235 0.197 0.183 0.178 
330 UA00048903    (0)   :  0.024 0.209 0.029 0.163 0.185 0.219 0.172 
331 UA00064643    (0)   :  0.073 0.181 0.073 0.160 0.161 0.175 0.177 
332 UA00050233    (0)   :  0.040 0.169 0.102 0.166 0.165 0.183 0.175 
333 UA00012507    (0)   :  0.032 0.163 0.187 0.151 0.135 0.158 0.173 
334 UA00064416    (0)   :  0.034 0.261 0.047 0.130 0.196 0.180 0.153 
335 UA00034724    (0)   :  0.038 0.166 0.066 0.182 0.173 0.186 0.189 
336 UA00002621    (0)   :  0.033 0.173 0.039 0.192 0.180 0.196 0.187 
337 UA00033203    (0)   :  0.055 0.277 0.044 0.118 0.196 0.174 0.135 
338 UA00011996    (0)   :  0.075 0.177 0.036 0.179 0.157 0.182 0.193 
339 UA00014408    (0)   :  0.047 0.142 0.290 0.122 0.121 0.135 0.143 
340 UA00049502    (0)   :  0.037 0.140 0.134 0.187 0.145 0.171 0.187 
341 UA00062695    (0)   :  0.103 0.128 0.083 0.195 0.178 0.152 0.161 
342 UA00014072    (0)   :  0.059 0.121 0.055 0.214 0.206 0.178 0.169 
343 UA00003334    (0)   :  0.040 0.151 0.031 0.207 0.203 0.192 0.176 
344 UA00013835    (0)   :  0.076 0.154 0.058 0.181 0.164 0.173 0.194 
345 UA00046760    (0)   :  0.209 0.124 0.044 0.166 0.145 0.149 0.164 
346 UA00014241    (0)   :  0.033 0.185 0.057 0.181 0.179 0.180 0.184 
347 UA00049585    (0)   :  0.040 0.143 0.025 0.219 0.188 0.188 0.196 
348 UA00013409    (0)   :  0.056 0.097 0.175 0.203 0.190 0.140 0.139 
349 UA00047548    (0)   :  0.052 0.202 0.029 0.175 0.177 0.177 0.188 
350 UA00049038    (0)   :  0.328 0.097 0.107 0.121 0.113 0.114 0.121 
351 UA00047612    (0)   :  0.036 0.169 0.069 0.185 0.156 0.186 0.198 
352 UA00014822    (0)   :  0.294 0.102 0.160 0.115 0.101 0.109 0.119 
353 UA00035299    (0)   :  0.056 0.202 0.055 0.157 0.162 0.195 0.174 
354 UA00012804    (0)   :  0.352 0.112 0.069 0.118 0.110 0.113 0.125 
355 UA00049578    (0)   :  0.044 0.153 0.149 0.166 0.149 0.163 0.176 
356 UA00047672    (0)   :  0.032 0.280 0.053 0.119 0.204 0.174 0.138 
357 UA00043961    (0)   :  0.600 0.059 0.078 0.067 0.064 0.065 0.065 
358 UA00064575    (0)   :  0.052 0.117 0.209 0.174 0.149 0.147 0.152 
359 UA00014732    (0)   :  0.032 0.199 0.079 0.154 0.161 0.186 0.189 
360 UA00050181    (0)   :  0.023 0.211 0.075 0.168 0.168 0.170 0.186 
361 UA00033369    (0)   :  0.262 0.147 0.084 0.118 0.120 0.132 0.137 
362 UA00011982    (0)   :  0.025 0.269 0.023 0.127 0.192 0.219 0.146 
363 UA00014590    (0)   :  0.117 0.187 0.073 0.132 0.157 0.165 0.169 
364 UA00047743    (0)   :  0.034 0.252 0.033 0.148 0.188 0.178 0.166 
365 UA00046621    (0)   :  0.031 0.255 0.025 0.154 0.190 0.179 0.166 
366 UA00050422    (0)   :  0.040 0.169 0.141 0.151 0.145 0.171 0.183 
367 UA00002760    (0)   :  0.096 0.163 0.045 0.179 0.168 0.172 0.178 
368 UA00012999    (0)   :  0.130 0.181 0.041 0.147 0.156 0.174 0.171 
369 UA00063838    (0)   :  0.033 0.186 0.048 0.173 0.181 0.200 0.179 
370 UA00003729    (0)   :  0.192 0.103 0.183 0.137 0.127 0.125 0.134 
371 UA00015348    (0)   :  0.078 0.104 0.068 0.218 0.201 0.169 0.162 
372 UA00019058    (0)   :  0.054 0.105 0.109 0.227 0.200 0.158 0.147 
373 UA00049549    (0)   :  0.122 0.076 0.024 0.249 0.251 0.151 0.127 
374 UA00014334    (0)   :  0.057 0.194 0.118 0.149 0.154 0.168 0.161 
375 UA00014350    (0)   :  0.019 0.302 0.019 0.106 0.216 0.218 0.120 
376 UA00049227    (0)   :  0.200 0.142 0.116 0.140 0.121 0.133 0.149 
377 UA00014051    (0)   :  0.027 0.210 0.161 0.127 0.161 0.167 0.147 
378 UA00034381    (0)   :  0.044 0.169 0.107 0.166 0.154 0.187 0.173 
379 UA00002354    (0)   :  0.027 0.289 0.033 0.118 0.204 0.184 0.144 
380 UA00049892    (0)   :  0.092 0.158 0.029 0.181 0.192 0.186 0.162 
381 UA00021989    (0)   :  0.027 0.199 0.064 0.170 0.178 0.187 0.175 
382 UA00048968    (0)   :  0.034 0.210 0.065 0.160 0.174 0.176 0.181 
383 UA00013174    (0)   :  0.053 0.222 0.068 0.141 0.174 0.183 0.157 
384 UA00033992    (0)   :  0.211 0.174 0.040 0.130 0.143 0.147 0.155 
385 UA00015801    (0)   :  0.018 0.251 0.021 0.140 0.181 0.221 0.167 
386 UA00063303    (0)   :  0.253 0.111 0.071 0.149 0.153 0.130 0.132 
387 UA00050206    (0)   :  0.020 0.110 0.039 0.251 0.230 0.181 0.169 
388 UA00014458    (0)   :  0.099 0.153 0.077 0.167 0.164 0.171 0.169 
389 UA00007204    (0)   :  0.063 0.133 0.035 0.211 0.217 0.174 0.167 
390 UA00063212    (0)   :  0.208 0.095 0.148 0.155 0.140 0.123 0.132 
391 UA00013340    (0)   :  0.113 0.160 0.043 0.171 0.153 0.172 0.188 
392 UA00062743    (0)   :  0.031 0.222 0.109 0.149 0.178 0.152 0.158 
393 UA00063189    (0)   :  0.075 0.095 0.477 0.082 0.086 0.092 0.093 
394 UA00035432    (0)   :  0.037 0.156 0.036 0.212 0.189 0.192 0.178 
395 UA00007958    (0)   :  0.034 0.208 0.040 0.176 0.174 0.187 0.181 
396 UA00013634    (0)   :  0.028 0.232 0.064 0.158 0.187 0.171 0.160 
397 UA00048175    (0)   :  0.017 0.283 0.041 0.113 0.216 0.200 0.130 
398 UA00003202    (0)   :  0.045 0.175 0.048 0.192 0.170 0.183 0.187 
399 UA00035090    (0)   :  0.050 0.159 0.111 0.178 0.161 0.174 0.167 
400 UA00064679    (0)   :  0.062 0.135 0.319 0.119 0.116 0.123 0.127 
401 UA00039518    (0)   :  0.048 0.222 0.041 0.163 0.177 0.181 0.168 
402 UA00058268    (0)   :  0.048 0.188 0.059 0.166 0.157 0.190 0.192 
403 UA00049456    (0)   :  0.208 0.122 0.060 0.156 0.155 0.149 0.150 
404 UA00049550    (0)   :  0.032 0.128 0.126 0.200 0.182 0.163 0.169 
405 UA00048342    (0)   :  0.130 0.144 0.066 0.163 0.152 0.164 0.181 
406 UA00063493    (0)   :  0.027 0.191 0.035 0.188 0.176 0.197 0.186 
407 UA00058261    (0)   :  0.035 0.217 0.149 0.126 0.164 0.165 0.144 
408 UA00014663    (0)   :  0.054 0.192 0.081 0.152 0.152 0.170 0.200 
409 UA00048817    (0)   :  0.221 0.175 0.066 0.121 0.135 0.142 0.140 
410 UA00049381    (0)   :  0.032 0.237 0.076 0.137 0.185 0.179 0.154 
411 UA00035901    (0)   :  0.053 0.136 0.285 0.132 0.118 0.130 0.146 
412 UA00013301    (0)   :  0.058 0.106 0.100 0.217 0.208 0.154 0.156 
413 UA00047926    (0)   :  0.089 0.217 0.113 0.117 0.165 0.160 0.138 
414 UA00007272    (0)   :  0.059 0.190 0.192 0.125 0.149 0.141 0.145 
415 UA00016041    (0)   :  0.075 0.145 0.048 0.196 0.185 0.175 0.176 
416 UA00013502    (0)   :  0.025 0.197 0.079 0.165 0.175 0.186 0.172 
417 UA00002390    (0)   :  0.131 0.175 0.056 0.149 0.143 0.167 0.179 
418 UA00034907    (0)   :  0.034 0.165 0.090 0.183 0.155 0.178 0.196 
419 UA00048821    (0)   :  0.141 0.153 0.141 0.134 0.134 0.145 0.151 
420 UA00002136    (0)   :  0.137 0.124 0.082 0.181 0.162 0.157 0.157 
421 UA00011790    (0)   :  0.057 0.215 0.078 0.155 0.168 0.162 0.165 
422 UA00021586    (0)   :  0.215 0.144 0.082 0.137 0.129 0.145 0.148 
423 UA00033270    (0)   :  0.051 0.170 0.084 0.170 0.158 0.182 0.185 
424 UA00048073    (0)   :  0.054 0.170 0.064 0.180 0.170 0.182 0.180 
425 UA00048856    (0)   :  0.047 0.165 0.133 0.172 0.151 0.160 0.172 
426 UA00049713    (0)   :  0.048 0.225 0.068 0.136 0.174 0.191 0.158 
427 UA00046885    (0)   :  0.055 0.170 0.048 0.189 0.165 0.186 0.186 
428 UA00034893    (0)   :  0.038 0.198 0.038 0.171 0.178 0.202 0.176 
429 UA00048011    (0)   :  0.023 0.192 0.097 0.151 0.157 0.192 0.188 
430 UA00015786    (0)   :  0.088 0.145 0.229 0.131 0.126 0.140 0.141 
431 UA00013162    (0)   :  0.047 0.218 0.117 0.144 0.180 0.148 0.145 
432 UA00049512    (0)   :  0.066 0.148 0.090 0.187 0.168 0.166 0.176 
433 UA00004046    (0)   :  0.027 0.241 0.050 0.147 0.196 0.182 0.157 
434 UA00048881    (0)   :  0.163 0.119 0.222 0.127 0.111 0.129 0.130 
435 UA00046610    (0)   :  0.156 0.160 0.118 0.135 0.131 0.146 0.154 
436 UA00033282    (0)   :  0.064 0.155 0.112 0.172 0.152 0.166 0.180 
437 UA00047561    (0)   :  0.038 0.217 0.053 0.152 0.172 0.190 0.177 
438 UA00013777    (0)   :  0.033 0.178 0.195 0.143 0.147 0.146 0.158 
439 UA00062849    (0)   :  0.047 0.115 0.047 0.227 0.199 0.180 0.185 
440 UA00049786    (0)   :  0.025 0.257 0.081 0.120 0.195 0.184 0.137 
441 UA00033246    (0)   :  0.031 0.097 0.024 0.263 0.252 0.176 0.157 
442 UA00045302    (0)   :  0.057 0.179 0.043 0.171 0.157 0.191 0.202 
443 UA00048637    (0)   :  0.036 0.242 0.074 0.125 0.187 0.190 0.146 
444 UA00049832    (0)   :  0.161 0.119 0.043 0.184 0.179 0.160 0.154 
445 UA00022023    (0)   :  0.125 0.181 0.061 0.156 0.146 0.158 0.174 
446 UA00050192    (0)   :  0.199 0.156 0.056 0.143 0.132 0.150 0.164 
447 UA00050413    (0)   :  0.043 0.170 0.079 0.177 0.175 0.178 0.178 
448 UA00013445    (0)   :  0.025 0.208 0.036 0.170 0.176 0.190 0.195 
449 UA00035496    (0)   :  0.050 0.139 0.244 0.145 0.129 0.139 0.154 
450 UA00003333    (0)   :  0.104 0.127 0.300 0.109 0.111 0.120 0.130 
451 UA00064008    (0)   :  0.033 0.146 0.275 0.130 0.127 0.139 0.150 
452 UA00003427    (0)   :  0.197 0.143 0.094 0.140 0.134 0.136 0.156 
453 UA00028092    (0)   :  0.260 0.111 0.151 0.119 0.112 0.121 0.125 
454    pc003    (0)   :  0.108 0.056 0.611 0.056 0.053 0.057 0.059 
455 UA00034440    (0)   :  0.041 0.137 0.086 0.207 0.184 0.175 0.169 
456 UA00026062    (0)   :  0.055 0.261 0.047 0.134 0.199 0.160 0.144 
457 UA00014347    (0)   :  0.081 0.152 0.127 0.168 0.144 0.152 0.176 
458 UA00021516    (0)   :  0.040 0.225 0.044 0.139 0.176 0.206 0.169 
459 UA00049347    (0)   :  0.042 0.135 0.347 0.113 0.115 0.125 0.123 
460 UA00063436    (0)   :  0.049 0.086 0.387 0.135 0.128 0.109 0.106 
461 UA00047790    (0)   :  0.044 0.212 0.069 0.158 0.171 0.169 0.177 
462 UA00045714    (0)   :  0.117 0.135 0.252 0.119 0.110 0.129 0.138 
463 UA00038979    (0)   :  0.140 0.112 0.058 0.197 0.181 0.159 0.153 
464 UA00016123    (0)   :  0.089 0.174 0.140 0.149 0.144 0.147 0.156 
465 UA00034765    (0)   :  0.025 0.063 0.688 0.053 0.054 0.058 0.057 
466 UA00063815    (0)   :  0.118 0.069 0.503 0.082 0.074 0.075 0.079 
467 UA00034795    (0)   :  0.051 0.134 0.069 0.211 0.197 0.170 0.168 
468 UA00004000    (0)   :  0.042 0.065 0.629 0.067 0.062 0.065 0.070 
469 UA00049367    (0)   :  0.030 0.140 0.125 0.192 0.172 0.168 0.173 
470 UA00034457    (0)   :  0.056 0.208 0.041 0.172 0.165 0.181 0.176 
471 UA00050015    (0)   :  0.089 0.132 0.092 0.193 0.167 0.161 0.165 
472 UA00021373    (0)   :  0.058 0.181 0.076 0.169 0.158 0.174 0.184 
473 UA00050232    (0)   :  0.112 0.069 0.541 0.072 0.065 0.068 0.074 
474 UA00038724    (0)   :  0.139 0.143 0.048 0.177 0.163 0.160 0.170 
475 UA00007824    (0)   :  0.113 0.201 0.108 0.133 0.158 0.140 0.147 
476 UA00048754    (0)   :  0.025 0.188 0.164 0.159 0.161 0.144 0.158 
477 UA00014271    (0)   :  0.087 0.172 0.059 0.169 0.162 0.177 0.174 
478 UA00013756    (0)   :  0.117 0.102 0.187 0.166 0.157 0.137 0.134 
479 UA00014385    (0)   :  0.133 0.125 0.291 0.109 0.108 0.112 0.121 
480 UA00049609    (0)   :  0.045 0.138 0.060 0.208 0.193 0.179 0.176 
481 UA00003748    (0)   :  0.035 0.145 0.341 0.119 0.116 0.118 0.125 
482 UA00063952    (0)   :  0.029 0.148 0.279 0.133 0.129 0.137 0.146 
483 UA00058348    (0)   :  0.027 0.088 0.513 0.093 0.086 0.096 0.098 
484 UA00014922    (0)   :  0.052 0.053 0.675 0.055 0.051 0.057 0.057 
485 UA00003820    (0)   :  0.025 0.204 0.126 0.156 0.168 0.164 0.158 
486 UA00013693    (0)   :  0.098 0.153 0.174 0.142 0.131 0.147 0.154 
487 UA00047713    (0)   :  0.030 0.082 0.605 0.069 0.069 0.073 0.073 
488 UA00034891    (0)   :  0.051 0.103 0.381 0.125 0.109 0.115 0.115 
489 UA00049223    (0)   :  0.044 0.128 0.318 0.127 0.115 0.131 0.138 
490 UA00064399    (0)   :  0.239 0.046 0.546 0.040 0.042 0.042 0.045 
491 UA00013336    (0)   :  0.089 0.044 0.668 0.051 0.045 0.049 0.054 
492 UA00035291    (0)   :  0.060 0.064 0.652 0.057 0.056 0.053 0.058 
493 UA00003945    (0)   :  0.064 0.074 0.578 0.072 0.068 0.072 0.072 
494 UA00014518    (0)   :  0.058 0.113 0.450 0.087 0.094 0.098 0.099 
495 UA00013583    (0)   :  0.399 0.075 0.182 0.088 0.082 0.085 0.089 
496 UA00011510    (0)   :  0.082 0.109 0.395 0.101 0.096 0.105 0.111 
497 UA00046860    (0)   :  0.074 0.153 0.265 0.117 0.120 0.135 0.137 
498 UA00048853    (0)   :  0.158 0.113 0.308 0.101 0.097 0.108 0.116 
499 UA00012151    (0)   :  0.043 0.064 0.661 0.056 0.056 0.057 0.063 
500 UA00063930    (0)   :  0.385 0.074 0.129 0.113 0.107 0.096 0.096 
501 UA00013453    (0)   :  0.127 0.137 0.250 0.119 0.123 0.119 0.126 
502 UA00039299    (0)   :  0.048 0.043 0.740 0.043 0.040 0.042 0.045 
503 UA00014280    (0)   :  0.022 0.034 0.803 0.037 0.033 0.035 0.037 
504 UA00014200    (0)   :  0.040 0.116 0.496 0.079 0.090 0.089 0.089 
505 UA00040612    (0)   :  0.118 0.049 0.646 0.045 0.045 0.046 0.051 
506 UA00062679    (0)   :  0.067 0.043 0.715 0.044 0.040 0.043 0.046 
507 UA00034481    (0)   :  0.038 0.067 0.632 0.065 0.060 0.065 0.072 
508 UA00011880    (0)   :  0.280 0.083 0.079 0.157 0.151 0.124 0.126 
509 UA00013421    (0)   :  0.150 0.045 0.644 0.038 0.040 0.039 0.044 
510 UA00048051    (0)   :  0.033 0.031 0.814 0.030 0.029 0.030 0.032 
511 UA00063370    (0)   :  0.117 0.035 0.709 0.035 0.033 0.035 0.037 
512 UA00014716    (0)   :  0.069 0.044 0.711 0.045 0.041 0.044 0.046 
513 UA00033426    (0)   :  0.158 0.120 0.386 0.071 0.093 0.088 0.085 
514 UA00015190    (0)   :  0.202 0.048 0.569 0.045 0.044 0.045 0.048 
515 UA00013730    (0)   :  0.073 0.180 0.044 0.172 0.165 0.178 0.188 
516 UA00047644    (4)   :  0.127 0.087 0.430 0.088 0.081 0.087 0.099 
517 UA00031933    (9)   :  0.048 0.194 0.092 0.157 0.160 0.172 0.177 
518 UA00031541    (9)   :  0.112 0.102 0.362 0.104 0.101 0.109 0.110 
519   PCO-60    (4)   :  0.037 0.167 0.140 0.169 0.155 0.164 0.168 
520 UA00030495    (4)   :  0.106 0.145 0.140 0.157 0.144 0.150 0.157 
521 UA00031133    (4)   :  0.035 0.091 0.029 0.260 0.270 0.169 0.147 
522 UA00032049    (4)   :  0.261 0.132 0.084 0.132 0.117 0.129 0.145 
523 UA00030599    (4)   :  0.090 0.090 0.075 0.230 0.218 0.154 0.143 
524 UA00030250    (4)   :  0.032 0.240 0.046 0.144 0.190 0.178 0.171 
525 UA00049385    (4)   :  0.098 0.116 0.098 0.189 0.180 0.155 0.164 
526 UA00031816    (4)   :  0.036 0.096 0.035 0.267 0.253 0.166 0.146 
527 UA00030275    (4)   :  0.106 0.191 0.084 0.152 0.148 0.154 0.166 
528 UA00041861    (4)   :  0.081 0.181 0.089 0.164 0.148 0.163 0.174 
529 UA00041433    (4)   :  0.027 0.191 0.041 0.173 0.166 0.199 0.203 
530  PCO-114    (4)   :  0.035 0.217 0.108 0.142 0.173 0.165 0.159 
531 UA00031529    (4)   :  0.042 0.166 0.073 0.184 0.166 0.177 0.192 
532 UA00039719    (4)   :  0.039 0.195 0.090 0.152 0.164 0.193 0.166 
533  PCO-442    (4)   :  0.027 0.255 0.037 0.140 0.195 0.184 0.162 
534   PCO-58    (0)   :  0.057 0.244 0.082 0.119 0.192 0.167 0.140 
535 UA00048673    (4)   :  0.046 0.156 0.128 0.167 0.138 0.178 0.188 
536   PCO-63    (4)   :  0.029 0.177 0.070 0.181 0.172 0.186 0.186 


Estimated Allele Frequencies in each cluster
First column gives estimated ancestral frequencies


Locus 1 : PP01 
2 alleles
0.0% missing data
   1   (0.581) 0.915 0.609 0.324 0.568 0.592 0.584 0.579 
   2   (0.419) 0.085 0.391 0.676 0.432 0.408 0.416 0.421 

Locus 2 : PP02 
2 alleles
0.0% missing data
   1   (0.911) 0.992 0.922 0.969 0.909 0.911 0.907 0.909 
