

----------------------------------------------------
STRUCTURE by Pritchard, Stephens and Donnelly (2000)
     and Falush, Stephens and Pritchard (2003)
       Code by Pritchard, Falush and Hubisz
             Version 2.3.4 (Jul 2012)
----------------------------------------------------



Command line arguments:   structure -K 8 -o outputfile_K8_6 
Input File:    Puma_SNP_genotypes_cut_AZ_final_HWEonly.str

Run parameters:
   536 individuals
   22 loci
   8 populations assumed
   100000 Burn-in period
   500000 Reps


--------------------------------------------
Overall proportion of membership of the
sample in each of the 8 clusters

Inferred Clusters
  1      2      3      4      5      6      7      8    
0.128  0.128  0.105  0.128  0.128  0.128  0.127  0.129  

--------------------------------------------

Allele-freq. divergence among pops (Net nucleotide distance),
computed using point estimates of P.

      1       2       3       4       5       6       7       8      
 1      -    0.0014  0.0604  0.0004  0.0004  0.0445  0.0010  0.0004  
 2   0.0014     -    0.0678  0.0006  0.0011  0.0463  0.0008  0.0024  
 3   0.0604  0.0678     -    0.0610  0.0588  0.0788  0.0593  0.0629  
 4   0.0004  0.0006  0.0610     -    0.0001  0.0422  0.0002  0.0015  
 5   0.0004  0.0011  0.0588  0.0001     -    0.0399  0.0002  0.0015  
 6   0.0445  0.0463  0.0788  0.0422  0.0399     -    0.0389  0.0496  
 7   0.0010  0.0008  0.0593  0.0002  0.0002  0.0389     -    0.0026  
 8   0.0004  0.0024  0.0629  0.0015  0.0015  0.0496  0.0026     -    

Average distances (expected heterozygosity) between individuals in same cluster:
cluster  1  : 0.3778 
cluster  2  : 0.3748 
cluster  3  : 0.2711 
cluster  4  : 0.3792 
cluster  5  : 0.3793 
cluster  6  : 0.2666 
cluster  7  : 0.3792 
cluster  8  : 0.3741 

--------------------------------------------
Estimated Ln Prob of Data   = -13735.7
Mean value of ln likelihood = -12290.0
Variance of ln likelihood   = 2891.4
Mean value of alpha         = 0.1101

Mean value of Fst_1         = 0.0654
Mean value of Fst_2         = 0.0758
Mean value of Fst_3         = 0.3217
Mean value of Fst_4         = 0.0551
Mean value of Fst_5         = 0.0303
Mean value of Fst_6         = 0.2725
Mean value of Fst_7         = 0.0218
Mean value of Fst_8         = 0.0942


Inferred ancestry of individuals:
        Label (%Miss) :  Inferred clusters
  1 UA00063336   (13)   :  0.105 0.087 0.346 0.105 0.108 0.043 0.113 0.093 
  2 UA00048914    (9)   :  0.128 0.115 0.065 0.144 0.146 0.139 0.159 0.105 
  3 UA00014769   (13)   :  0.148 0.239 0.029 0.151 0.114 0.013 0.127 0.180 
  4 UA00008132   (13)   :  0.142 0.138 0.080 0.147 0.152 0.054 0.161 0.125 
  5 UA00030462   (13)   :  0.123 0.101 0.054 0.128 0.138 0.204 0.147 0.105 
  6 UA00034866   (13)   :  0.144 0.117 0.020 0.156 0.163 0.115 0.172 0.114 
  7 UA00034800    (9)   :  0.056 0.052 0.606 0.057 0.058 0.058 0.063 0.051 
  8  Puco006    (9)   :  0.038 0.036 0.037 0.040 0.043 0.731 0.044 0.032 
  9 UA00048874    (4)   :  0.083 0.071 0.425 0.091 0.090 0.071 0.102 0.067 
 10 UA00049060    (9)   :  0.147 0.167 0.061 0.148 0.139 0.027 0.157 0.153 
 11 UA00033413    (9)   :  0.183 0.145 0.022 0.134 0.141 0.040 0.100 0.235 
 12  Puco021    (9)   :  0.181 0.123 0.096 0.126 0.124 0.020 0.080 0.250 
 13  Puco026    (9)   :  0.157 0.142 0.067 0.146 0.151 0.022 0.141 0.173 
 14  Puco008    (9)   :  0.107 0.093 0.174 0.113 0.120 0.176 0.131 0.086 
 15   M01301    (9)   :  0.164 0.148 0.017 0.130 0.140 0.089 0.109 0.204 
 16   M06306    (9)   :  0.108 0.084 0.361 0.110 0.104 0.021 0.104 0.108 
 17 UA00032185    (9)   :  0.141 0.135 0.065 0.136 0.147 0.081 0.155 0.141 
 18 UA00030792    (9)   :  0.013 0.013 0.904 0.013 0.014 0.016 0.014 0.013 
 19 UA00031647    (9)   :  0.124 0.097 0.163 0.139 0.141 0.088 0.146 0.101 
 20 UA00031979    (9)   :  0.147 0.134 0.042 0.156 0.157 0.068 0.164 0.132 
 21  Puco016    (9)   :  0.126 0.119 0.025 0.142 0.141 0.201 0.145 0.103 
 22  Puco010    (9)   :  0.160 0.141 0.041 0.151 0.157 0.040 0.151 0.159 
 23    M1035    (9)   :  0.148 0.147 0.092 0.147 0.150 0.023 0.169 0.124 
 24 UA00034601    (9)   :  0.145 0.114 0.071 0.148 0.147 0.094 0.144 0.138 
 25 UA00050388    (9)   :  0.149 0.119 0.066 0.146 0.154 0.067 0.172 0.127 
 26 UA00048699    (9)   :  0.097 0.101 0.028 0.107 0.105 0.360 0.114 0.087 
 27 UA00064058    (9)   :  0.146 0.167 0.058 0.156 0.152 0.024 0.158 0.139 
 28 UA00033981    (9)   :  0.182 0.126 0.050 0.135 0.137 0.045 0.098 0.227 
 29   F05033    (9)   :  0.156 0.167 0.031 0.148 0.151 0.028 0.142 0.177 
 30 UA00048520    (4)   :  0.134 0.106 0.164 0.121 0.131 0.077 0.128 0.139 
 31 UA00048422    (4)   :  0.028 0.024 0.820 0.026 0.027 0.021 0.026 0.028 
 32    PucoB    (4)   :  0.177 0.148 0.042 0.145 0.148 0.016 0.127 0.198 
 33 UA00047393    (4)   :  0.130 0.146 0.135 0.144 0.142 0.031 0.158 0.114 
 34 UA00064521    (4)   :  0.137 0.101 0.035 0.139 0.141 0.182 0.151 0.113 
 35 UA00003043    (4)   :  0.128 0.151 0.020 0.147 0.142 0.140 0.155 0.116 
 36 UA00063025    (4)   :  0.120 0.086 0.176 0.117 0.130 0.128 0.133 0.109 
 37 UA00063826    (4)   :  0.172 0.126 0.042 0.144 0.163 0.028 0.149 0.176 
 38   F07407    (4)   :  0.148 0.110 0.205 0.111 0.122 0.026 0.101 0.177 
 39 UA00021658    (4)   :  0.157 0.142 0.040 0.154 0.161 0.038 0.166 0.143 
 40 UA00003794    (4)   :  0.144 0.116 0.182 0.120 0.123 0.034 0.105 0.177 
 41 UA00041322    (4)   :  0.149 0.112 0.060 0.159 0.165 0.062 0.181 0.113 
 42 UA00063316    (4)   :  0.140 0.112 0.086 0.146 0.152 0.090 0.157 0.116 
 43 UA00047705    (4)   :  0.153 0.118 0.048 0.150 0.158 0.062 0.154 0.157 
 44 UA00033904    (4)   :  0.104 0.085 0.361 0.099 0.105 0.043 0.111 0.092 
 45 UA00048100    (4)   :  0.164 0.142 0.024 0.153 0.156 0.048 0.144 0.168 
 46 UA00032212    (4)   :  0.116 0.102 0.223 0.113 0.122 0.093 0.126 0.104 
 47 UA00031574    (4)   :  0.029 0.024 0.799 0.026 0.028 0.038 0.027 0.029 
 48 UA00031228    (4)   :  0.018 0.017 0.869 0.018 0.018 0.024 0.019 0.017 
 49 UA00047707    (4)   :  0.144 0.201 0.014 0.166 0.142 0.027 0.168 0.139 
 50 UA00030906    (4)   :  0.013 0.012 0.899 0.013 0.014 0.023 0.013 0.012 
 51 UA00041567    (4)   :  0.169 0.123 0.053 0.129 0.152 0.061 0.118 0.194 
 52 UA00007624    (4)   :  0.163 0.172 0.017 0.142 0.140 0.030 0.148 0.188 
 53 UA00034514    (4)   :  0.147 0.163 0.034 0.162 0.156 0.045 0.150 0.142 
 54 UA00030480    (4)   :  0.139 0.120 0.119 0.160 0.156 0.028 0.164 0.115 
 55  Puco012    (4)   :  0.149 0.145 0.032 0.158 0.159 0.057 0.174 0.127 
 56 UA00038677    (9)   :  0.131 0.109 0.102 0.127 0.141 0.126 0.145 0.119 
 57 UA00048275    (4)   :  0.183 0.120 0.027 0.155 0.152 0.036 0.137 0.189 
 58 UA00064055    (4)   :  0.138 0.170 0.035 0.163 0.156 0.055 0.160 0.123 
 59  Puco009    (4)   :  0.118 0.127 0.021 0.140 0.140 0.197 0.150 0.107 
 60 UA00064561    (4)   :  0.132 0.248 0.020 0.139 0.115 0.061 0.137 0.148 
 61 UA00003479    (4)   :  0.138 0.161 0.029 0.162 0.156 0.066 0.159 0.128 
 62 UA00063747    (4)   :  0.152 0.182 0.015 0.151 0.151 0.049 0.138 0.163 
 63 UA00002558    (4)   :  0.135 0.112 0.024 0.128 0.148 0.186 0.146 0.121 
 64 UA00048410    (4)   :  0.120 0.163 0.016 0.128 0.125 0.196 0.138 0.115 
 65 UA00012249    (4)   :  0.135 0.200 0.019 0.153 0.136 0.090 0.141 0.125 
 66 UA00033818    (4)   :  0.065 0.055 0.572 0.061 0.064 0.055 0.065 0.062 
 67  Puco020    (4)   :  0.125 0.143 0.126 0.134 0.135 0.072 0.156 0.109 
 68 UA00002545    (9)   :  0.128 0.198 0.066 0.153 0.137 0.033 0.150 0.135 
 69 UA00048508    (4)   :  0.151 0.169 0.025 0.158 0.155 0.037 0.167 0.138 
 70 UA00064100    (4)   :  0.154 0.128 0.044 0.158 0.165 0.044 0.177 0.131 
 71 UA00014585    (4)   :  0.143 0.153 0.037 0.163 0.163 0.057 0.155 0.128 
 72 UA00063698    (4)   :  0.092 0.077 0.099 0.089 0.095 0.370 0.096 0.082 
 73 UA00049753    (4)   :  0.103 0.086 0.361 0.114 0.114 0.020 0.118 0.084 
 74 UA00049037    (4)   :  0.146 0.169 0.054 0.156 0.156 0.028 0.148 0.142 
 75 UA00034941    (4)   :  0.150 0.112 0.063 0.159 0.162 0.063 0.151 0.140 
 76 UA00008083    (4)   :  0.062 0.059 0.043 0.063 0.065 0.582 0.067 0.059 
 77 UA00015084    (4)   :  0.099 0.071 0.139 0.092 0.098 0.315 0.101 0.085 
 78 UA00041010    (9)   :  0.049 0.043 0.272 0.050 0.054 0.437 0.055 0.040 
 79 UA00035261    (4)   :  0.117 0.099 0.204 0.118 0.129 0.100 0.128 0.104 
 80 UA00035431    (4)   :  0.160 0.137 0.016 0.146 0.165 0.058 0.159 0.160 
 81 UA00045274    (0)   :  0.148 0.120 0.069 0.135 0.154 0.083 0.147 0.144 
 82 UA00028200    (4)   :  0.091 0.076 0.352 0.093 0.096 0.111 0.100 0.080 
 83 UA00064559    (0)   :  0.020 0.018 0.864 0.019 0.021 0.019 0.020 0.020 
 84 UA00040808    (0)   :  0.089 0.086 0.323 0.097 0.098 0.118 0.112 0.076 
 85 UA00049156    (0)   :  0.089 0.074 0.353 0.090 0.097 0.115 0.104 0.079 
 86 UA00003952    (4)   :  0.066 0.064 0.027 0.069 0.069 0.576 0.074 0.056 
 87 UA00063954    (0)   :  0.145 0.114 0.120 0.149 0.154 0.028 0.169 0.121 
 88 UA00062934    (0)   :  0.132 0.107 0.159 0.134 0.138 0.055 0.164 0.111 
 89 UA00033829    (0)   :  0.043 0.037 0.562 0.045 0.045 0.181 0.048 0.039 
 90 UA00064351    (4)   :  0.180 0.123 0.032 0.129 0.143 0.079 0.099 0.213 
 91 UA00003697    (4)   :  0.071 0.057 0.061 0.071 0.076 0.522 0.081 0.061 
 92 UA00063438    (4)   :  0.122 0.104 0.183 0.126 0.143 0.077 0.146 0.098 
 93 UA00007608    (0)   :  0.119 0.081 0.196 0.110 0.118 0.157 0.123 0.096 
 94 UA00019683    (4)   :  0.107 0.072 0.433 0.082 0.080 0.026 0.066 0.134 
 95 UA00007781    (0)   :  0.162 0.129 0.033 0.149 0.163 0.049 0.162 0.152 
 96 UA00002915    (0)   :  0.103 0.093 0.300 0.113 0.116 0.071 0.126 0.078 
 97  Puco031    (4)   :  0.143 0.156 0.037 0.161 0.161 0.051 0.164 0.128 
 98 UA00048280    (4)   :  0.165 0.118 0.028 0.152 0.155 0.066 0.146 0.170 
 99 UA00048589    (0)   :  0.166 0.136 0.067 0.141 0.145 0.039 0.126 0.181 
100 UA00034417    (0)   :  0.125 0.118 0.097 0.133 0.133 0.143 0.149 0.104 
101 UA00050411    (4)   :  0.143 0.213 0.015 0.161 0.142 0.027 0.149 0.149 
102  Puco029    (4)   :  0.157 0.169 0.026 0.157 0.152 0.013 0.143 0.182 
103   F03403    (4)   :  0.186 0.147 0.016 0.132 0.148 0.035 0.094 0.242 
104 UA00049904    (0)   :  0.142 0.109 0.134 0.139 0.148 0.040 0.145 0.142 
105 UA00035335    (0)   :  0.152 0.196 0.020 0.151 0.144 0.011 0.144 0.181 
106 UA00012611    (0)   :  0.162 0.148 0.031 0.158 0.166 0.024 0.176 0.134 
107 UA00050319    (0)   :  0.198 0.144 0.017 0.131 0.136 0.020 0.079 0.275 
108 UA00032068    (4)   :  0.144 0.132 0.094 0.156 0.162 0.020 0.167 0.124 
109 UA00032026    (4)   :  0.144 0.142 0.064 0.158 0.155 0.031 0.168 0.138 
110 UA00030476    (4)   :  0.188 0.131 0.060 0.129 0.133 0.018 0.077 0.264 
111 UA00046853    (0)   :  0.178 0.137 0.054 0.128 0.143 0.031 0.098 0.231 
112 UA00040156    (4)   :  0.013 0.012 0.907 0.013 0.013 0.015 0.013 0.013 
113 UA00030528    (4)   :  0.130 0.121 0.170 0.141 0.141 0.028 0.163 0.107 
114  Puco025    (4)   :  0.142 0.224 0.023 0.152 0.125 0.021 0.149 0.165 
115    pc016    (0)   :  0.012 0.012 0.909 0.013 0.013 0.016 0.013 0.012 
116 UA00030617    (4)   :  0.142 0.239 0.017 0.153 0.123 0.019 0.146 0.162 
117 UA00030585    (4)   :  0.024 0.021 0.834 0.023 0.023 0.027 0.022 0.025 
118 UA00032060    (4)   :  0.134 0.112 0.190 0.134 0.141 0.029 0.139 0.121 
119    pc007    (0)   :  0.168 0.142 0.054 0.131 0.138 0.039 0.110 0.219 
120 UA00030798    (4)   :  0.030 0.028 0.803 0.031 0.031 0.017 0.032 0.028 
121 UA00030778    (4)   :  0.150 0.193 0.014 0.167 0.154 0.019 0.162 0.140 
122 UA00039674    (4)   :  0.018 0.016 0.879 0.018 0.018 0.016 0.018 0.016 
123 UA00032241    (4)   :  0.166 0.186 0.015 0.140 0.133 0.020 0.135 0.204 
124 UA00011624    (0)   :  0.148 0.175 0.025 0.166 0.152 0.031 0.153 0.151 
125 UA00033779    (4)   :  0.191 0.146 0.024 0.126 0.137 0.031 0.086 0.260 
126 UA00049402    (4)   :  0.129 0.142 0.038 0.153 0.144 0.139 0.137 0.118 
127 UA00033653    (0)   :  0.201 0.141 0.020 0.129 0.135 0.028 0.067 0.281 
128 UA00047738    (0)   :  0.152 0.124 0.051 0.146 0.156 0.078 0.156 0.136 
129 UA00047502    (4)   :  0.123 0.113 0.053 0.141 0.144 0.176 0.155 0.096 
130 UA00012014    (4)   :  0.146 0.154 0.036 0.165 0.161 0.047 0.166 0.125 
131 UA00040729    (0)   :  0.158 0.160 0.040 0.143 0.147 0.026 0.128 0.198 
132 UA00030392    (4)   :  0.145 0.207 0.032 0.150 0.134 0.022 0.157 0.155 
133 UA00050033    (0)   :  0.149 0.156 0.055 0.160 0.145 0.030 0.150 0.156 
134 UA00012152    (0)   :  0.078 0.102 0.016 0.082 0.075 0.486 0.087 0.074 
135 UA00050406    (0)   :  0.152 0.136 0.039 0.168 0.170 0.038 0.175 0.123 
136 UA00047973    (0)   :  0.159 0.143 0.028 0.152 0.168 0.037 0.157 0.156 
137 UA00008051    (0)   :  0.131 0.129 0.085 0.144 0.140 0.094 0.156 0.121 
138 UA00047337    (4)   :  0.127 0.128 0.189 0.127 0.127 0.035 0.137 0.129 
139 UA00041604    (4)   :  0.136 0.128 0.075 0.137 0.146 0.091 0.168 0.120 
140 UA00031704    (4)   :  0.145 0.202 0.020 0.169 0.153 0.016 0.149 0.146 
141 UA00040423    (4)   :  0.148 0.142 0.075 0.160 0.156 0.029 0.161 0.129 
142 UA00049433    (0)   :  0.134 0.138 0.058 0.149 0.153 0.096 0.152 0.119 
143 UA00034816    (0)   :  0.132 0.217 0.028 0.135 0.114 0.094 0.139 0.142 
144 UA00050214    (0)   :  0.134 0.266 0.021 0.145 0.114 0.020 0.138 0.162 
145 UA00041073    (0)   :  0.133 0.155 0.058 0.144 0.142 0.082 0.149 0.136 
146 UA00030318    (4)   :  0.140 0.184 0.023 0.156 0.144 0.058 0.153 0.142 
147 UA00046845    (0)   :  0.126 0.174 0.042 0.137 0.135 0.111 0.148 0.128 
148 UA00063946    (0)   :  0.206 0.131 0.034 0.125 0.125 0.024 0.060 0.294 
149 UA00031374    (4)   :  0.138 0.145 0.034 0.155 0.162 0.058 0.177 0.132 
150    M1136    (4)   :  0.097 0.119 0.328 0.113 0.100 0.032 0.117 0.094 
151 UA00034299    (0)   :  0.133 0.254 0.027 0.150 0.111 0.029 0.145 0.151 
152 UA00002387    (4)   :  0.129 0.184 0.016 0.160 0.153 0.063 0.165 0.129 
153 UA00021855    (0)   :  0.158 0.135 0.040 0.157 0.160 0.046 0.156 0.148 
154 UA00014500    (0)   :  0.149 0.157 0.046 0.161 0.165 0.026 0.159 0.137 
155 UA00050419    (4)   :  0.131 0.276 0.017 0.150 0.105 0.027 0.130 0.164 
156 UA00031854    (4)   :  0.143 0.148 0.037 0.139 0.152 0.090 0.154 0.137 
157    pc011    (4)   :  0.136 0.226 0.020 0.152 0.138 0.038 0.145 0.146 
158 UA00033004    (0)   :  0.138 0.162 0.061 0.156 0.155 0.044 0.162 0.122 
159 UA00046510    (0)   :  0.137 0.150 0.025 0.135 0.140 0.142 0.156 0.115 
160 UA00048747    (0)   :  0.137 0.194 0.025 0.153 0.142 0.061 0.159 0.128 
161 UA00014293    (0)   :  0.133 0.216 0.022 0.161 0.143 0.040 0.142 0.143 
162 UA00047686    (0)   :  0.127 0.121 0.043 0.138 0.142 0.173 0.155 0.100 
163 UA00033783    (4)   :  0.103 0.083 0.334 0.084 0.093 0.109 0.081 0.113 
164 UA00042609    (4)   :  0.100 0.116 0.050 0.122 0.121 0.264 0.131 0.096 
165 UA00031169    (4)   :  0.135 0.243 0.027 0.156 0.122 0.023 0.145 0.150 
166 UA00035181    (0)   :  0.165 0.162 0.013 0.156 0.162 0.022 0.146 0.174 
167 UA00050133    (0)   :  0.145 0.158 0.036 0.156 0.153 0.048 0.167 0.137 
168  Puco011    (4)   :  0.130 0.207 0.036 0.157 0.142 0.048 0.144 0.136 
169 UA00041476    (0)   :  0.130 0.161 0.059 0.140 0.140 0.090 0.158 0.122 
170 UA00046702    (0)   :  0.144 0.241 0.023 0.143 0.127 0.026 0.140 0.155 
171 UA00019940    (0)   :  0.139 0.157 0.039 0.161 0.146 0.062 0.164 0.132 
172 UA00049813    (0)   :  0.154 0.150 0.046 0.147 0.155 0.034 0.146 0.168 
173 UA00064165    (0)   :  0.097 0.081 0.043 0.096 0.107 0.381 0.110 0.085 
174 UA00064421    (0)   :  0.115 0.109 0.016 0.116 0.125 0.287 0.135 0.096 
175 UA00064569    (4)   :  0.153 0.218 0.015 0.143 0.127 0.029 0.149 0.166 
176 UA00003996    (0)   :  0.122 0.152 0.040 0.129 0.134 0.162 0.140 0.120 
177 UA00064491    (4)   :  0.136 0.220 0.020 0.144 0.123 0.057 0.144 0.156 
178 UA00011899    (0)   :  0.152 0.149 0.044 0.160 0.168 0.029 0.170 0.128 
179  Puco015    (4)   :  0.133 0.151 0.110 0.144 0.143 0.045 0.152 0.123 
180 UA00047929    (4)   :  0.164 0.172 0.027 0.151 0.142 0.018 0.126 0.201 
181 UA00056669    (0)   :  0.143 0.146 0.024 0.155 0.168 0.066 0.176 0.122 
182 UA00050176    (0)   :  0.140 0.143 0.057 0.153 0.153 0.085 0.160 0.109 
183  Puco014    (4)   :  0.156 0.132 0.040 0.158 0.155 0.063 0.146 0.150 
184 UA00019608    (0)   :  0.134 0.161 0.028 0.158 0.159 0.071 0.166 0.123 
185 UA00064333    (0)   :  0.131 0.180 0.028 0.167 0.154 0.044 0.173 0.124 
186  Puco013    (4)   :  0.127 0.128 0.032 0.140 0.155 0.157 0.152 0.109 
187 UA00016092    (0)   :  0.139 0.238 0.015 0.154 0.125 0.020 0.145 0.164 
188 UA00019060    (0)   :  0.057 0.056 0.113 0.057 0.064 0.533 0.068 0.052 
189 UA00063532    (0)   :  0.147 0.149 0.061 0.144 0.145 0.063 0.148 0.144 
190 UA00064117    (0)   :  0.083 0.080 0.210 0.087 0.094 0.275 0.097 0.075 
191 UA00011969    (0)   :  0.145 0.132 0.051 0.149 0.157 0.071 0.166 0.128 
192 UA00034586    (4)   :  0.166 0.156 0.022 0.155 0.152 0.025 0.153 0.171 
193 UA00030736    (4)   :  0.145 0.155 0.039 0.166 0.170 0.030 0.168 0.127 
194 UA00048493    (0)   :  0.145 0.154 0.065 0.143 0.152 0.040 0.164 0.137 
195 UA00040466    (0)   :  0.046 0.041 0.022 0.050 0.049 0.701 0.048 0.043 
196 UA00047659    (0)   :  0.156 0.138 0.021 0.169 0.169 0.042 0.174 0.132 
197 UA00042002    (4)   :  0.135 0.106 0.195 0.130 0.134 0.048 0.130 0.123 
198 UA00062606    (0)   :  0.134 0.134 0.041 0.150 0.144 0.130 0.151 0.117 
199 UA00030615    (4)   :  0.042 0.039 0.017 0.040 0.042 0.736 0.047 0.037 
200 UA00048899    (0)   :  0.151 0.133 0.032 0.164 0.168 0.044 0.178 0.128 
201 UA00047725    (0)   :  0.016 0.014 0.017 0.016 0.017 0.888 0.017 0.015 
202 UA00030866    (4)   :  0.145 0.123 0.026 0.187 0.164 0.063 0.164 0.128 
203 UA00034564    (0)   :  0.146 0.140 0.030 0.180 0.161 0.050 0.167 0.126 
204 UA00046520    (0)   :  0.194 0.151 0.020 0.128 0.143 0.027 0.082 0.254 
205 UA00035027    (0)   :  0.147 0.116 0.048 0.158 0.158 0.084 0.155 0.134 
206 UA00035421    (0)   :  0.106 0.120 0.025 0.124 0.120 0.287 0.123 0.095 
207 UA00062740    (4)   :  0.136 0.104 0.062 0.169 0.151 0.113 0.152 0.113 
208 UA00012360    (0)   :  0.033 0.033 0.019 0.034 0.037 0.777 0.036 0.032 
209 UA00050203    (0)   :  0.164 0.156 0.039 0.151 0.156 0.032 0.148 0.155 
210 UA00040534    (4)   :  0.082 0.071 0.175 0.087 0.093 0.327 0.101 0.064 
211 UA00031261    (4)   :  0.065 0.056 0.098 0.069 0.074 0.508 0.075 0.055 
212 UA00031917    (4)   :  0.087 0.074 0.157 0.095 0.099 0.314 0.101 0.073 
213 UA00040798    (4)   :  0.090 0.084 0.068 0.086 0.094 0.395 0.092 0.091 
214 UA00030598    (4)   :  0.105 0.090 0.068 0.099 0.105 0.338 0.104 0.091 
215 UA00050385    (0)   :  0.139 0.145 0.034 0.166 0.155 0.081 0.170 0.112 
216 UA00058283    (0)   :  0.028 0.024 0.041 0.027 0.030 0.793 0.030 0.026 
217 UA00042297    (4)   :  0.080 0.074 0.411 0.076 0.077 0.133 0.074 0.076 
218 UA00015415    (4)   :  0.028 0.028 0.018 0.029 0.031 0.809 0.031 0.025 
219 UA00035531    (0)   :  0.048 0.046 0.075 0.054 0.056 0.622 0.056 0.042 
220 UA00048683    (0)   :  0.060 0.066 0.023 0.066 0.071 0.588 0.071 0.055 
221 UA00046734    (4)   :  0.034 0.030 0.024 0.036 0.036 0.772 0.037 0.031 
222   pcRF01    (0)   :  0.127 0.261 0.012 0.161 0.118 0.027 0.147 0.148 
223 UA00007223    (0)   :  0.123 0.118 0.059 0.155 0.141 0.164 0.135 0.106 
224 UA00013841    (0)   :  0.140 0.141 0.103 0.150 0.146 0.026 0.156 0.137 
225 UA00014196    (0)   :  0.059 0.059 0.051 0.062 0.065 0.582 0.069 0.052 
226 UA00034635    (0)   :  0.149 0.146 0.023 0.173 0.168 0.038 0.170 0.133 
227 UA00047371    (0)   :  0.139 0.101 0.182 0.129 0.140 0.051 0.142 0.116 
228 UA00063544    (0)   :  0.130 0.113 0.183 0.127 0.132 0.047 0.137 0.131 
229 UA00064246    (0)   :  0.129 0.116 0.086 0.122 0.139 0.156 0.132 0.120 
230 UA00064328    (0)   :  0.123 0.107 0.073 0.129 0.137 0.174 0.153 0.105 
231 UA00002952    (0)   :  0.115 0.096 0.117 0.131 0.130 0.179 0.133 0.101 
232 UA00064079    (0)   :  0.130 0.126 0.123 0.140 0.140 0.065 0.161 0.115 
233 UA00046793    (0)   :  0.105 0.103 0.144 0.113 0.120 0.207 0.123 0.085 
234 UA00034769    (0)   :  0.090 0.070 0.426 0.083 0.082 0.079 0.081 0.090 
235 UA00034949    (0)   :  0.125 0.115 0.048 0.145 0.135 0.191 0.142 0.098 
236 UA00063753    (0)   :  0.170 0.113 0.073 0.126 0.127 0.080 0.105 0.206 
237 UA00015713    (0)   :  0.153 0.118 0.125 0.141 0.141 0.034 0.136 0.152 
238 UA00003494    (0)   :  0.113 0.157 0.081 0.142 0.142 0.111 0.142 0.111 
239 UA00056767    (0)   :  0.196 0.153 0.012 0.130 0.143 0.023 0.077 0.264 
240 UA00014461    (0)   :  0.123 0.124 0.077 0.127 0.132 0.172 0.134 0.111 
241 UA00034669    (0)   :  0.097 0.075 0.098 0.100 0.110 0.323 0.112 0.084 
242 UA00048164    (0)   :  0.131 0.122 0.022 0.135 0.141 0.187 0.147 0.114 
243 UA00007974    (0)   :  0.179 0.116 0.058 0.138 0.141 0.038 0.119 0.210 
244 UA00016166    (0)   :  0.113 0.125 0.229 0.130 0.124 0.042 0.141 0.095 
245 UA00015653    (0)   :  0.107 0.084 0.199 0.122 0.128 0.142 0.131 0.088 
246 UA00063882    (0)   :  0.100 0.086 0.090 0.099 0.104 0.331 0.108 0.081 
247 UA00049027    (0)   :  0.120 0.097 0.219 0.117 0.123 0.085 0.128 0.110 
248 UA00018878    (0)   :  0.138 0.098 0.218 0.125 0.128 0.031 0.122 0.139 
249 UA00038796    (0)   :  0.121 0.091 0.032 0.122 0.124 0.266 0.134 0.109 
250 UA00013465    (0)   :  0.059 0.053 0.037 0.062 0.065 0.605 0.066 0.052 
251 UA00014604    (0)   :  0.127 0.098 0.069 0.123 0.136 0.191 0.140 0.116 
252 UA00041913    (0)   :  0.131 0.103 0.257 0.110 0.107 0.052 0.087 0.153 
253 UA00021632    (0)   :  0.081 0.067 0.436 0.084 0.090 0.070 0.101 0.070 
254 UA00064027    (0)   :  0.131 0.107 0.095 0.142 0.153 0.099 0.168 0.106 
255 UA00015023    (0)   :  0.133 0.166 0.034 0.140 0.139 0.108 0.153 0.128 
256 UA00050243    (0)   :  0.116 0.105 0.209 0.134 0.141 0.048 0.151 0.096 
257 UA00048298    (0)   :  0.137 0.165 0.059 0.150 0.146 0.060 0.154 0.129 
258 UA00050437    (0)   :  0.125 0.114 0.039 0.130 0.135 0.196 0.156 0.104 
259 UA00014262    (0)   :  0.134 0.123 0.106 0.146 0.151 0.057 0.166 0.118 
260 UA00049129    (0)   :  0.153 0.144 0.072 0.146 0.142 0.036 0.137 0.170 
261 UA00014740    (0)   :  0.159 0.129 0.068 0.141 0.144 0.063 0.133 0.164 
262 UA00049612    (0)   :  0.046 0.041 0.664 0.044 0.046 0.067 0.047 0.046 
263 UA00014635    (0)   :  0.181 0.151 0.018 0.135 0.141 0.025 0.094 0.255 
264 UA00014673    (0)   :  0.124 0.093 0.115 0.119 0.123 0.184 0.135 0.107 
265 UA00033608    (0)   :  0.096 0.075 0.397 0.087 0.092 0.067 0.088 0.098 
266 UA00064540    (0)   :  0.176 0.126 0.034 0.133 0.143 0.070 0.105 0.213 
267 UA00050256    (0)   :  0.125 0.097 0.137 0.136 0.142 0.119 0.147 0.097 
268 UA00015274    (0)   :  0.145 0.158 0.030 0.153 0.151 0.069 0.166 0.129 
269 UA00062993    (0)   :  0.158 0.120 0.017 0.154 0.162 0.065 0.160 0.164 
270 UA00038364    (0)   :  0.146 0.116 0.085 0.139 0.152 0.064 0.154 0.143 
271 UA00014446    (0)   :  0.162 0.132 0.018 0.164 0.173 0.033 0.182 0.135 
272 UA00063545    (0)   :  0.069 0.059 0.435 0.074 0.079 0.139 0.085 0.061 
273 UA00040054    (0)   :  0.150 0.170 0.045 0.162 0.151 0.023 0.162 0.137 
274 UA00058447    (0)   :  0.161 0.127 0.038 0.155 0.160 0.033 0.157 0.168 
275 UA00046835    (0)   :  0.170 0.141 0.035 0.144 0.154 0.035 0.133 0.189 
276 UA00014608    (0)   :  0.158 0.127 0.028 0.156 0.169 0.050 0.175 0.137 
277    pc012    (0)   :  0.146 0.121 0.051 0.145 0.160 0.084 0.163 0.130 
278    pc002    (0)   :  0.102 0.082 0.328 0.110 0.103 0.068 0.123 0.083 
279 UA00033690    (0)   :  0.170 0.108 0.151 0.118 0.118 0.036 0.086 0.213 
280 UA00013688    (0)   :  0.146 0.125 0.043 0.152 0.160 0.078 0.166 0.130 
281 UA00063666    (0)   :  0.196 0.123 0.071 0.127 0.124 0.015 0.071 0.272 
282 UA00063292    (0)   :  0.203 0.142 0.020 0.123 0.129 0.021 0.069 0.293 
283    pc001    (0)   :  0.150 0.131 0.032 0.156 0.161 0.069 0.166 0.136 
284    pc008    (0)   :  0.163 0.135 0.038 0.145 0.157 0.045 0.144 0.174 
285 UA00034316    (0)   :  0.097 0.107 0.175 0.092 0.101 0.221 0.118 0.088 
286 UA00013046    (0)   :  0.157 0.195 0.027 0.155 0.131 0.018 0.132 0.185 
287 UA00050241    (0)   :  0.178 0.138 0.024 0.147 0.143 0.015 0.114 0.242 
288 UA00048599    (0)   :  0.177 0.137 0.020 0.157 0.159 0.024 0.135 0.190 
289 UA00046649    (0)   :  0.107 0.100 0.322 0.106 0.109 0.034 0.115 0.109 
290 UA00015674    (0)   :  0.093 0.066 0.457 0.078 0.081 0.054 0.074 0.098 
291 UA00013177    (0)   :  0.149 0.125 0.095 0.128 0.130 0.092 0.118 0.163 
292 UA00012814    (0)   :  0.142 0.164 0.036 0.156 0.155 0.059 0.162 0.126 
293 UA00034654    (0)   :  0.162 0.159 0.022 0.160 0.162 0.025 0.163 0.147 
294 UA00046743    (0)   :  0.170 0.165 0.025 0.141 0.136 0.032 0.104 0.228 
295 UA00014854    (0)   :  0.174 0.130 0.103 0.130 0.134 0.016 0.098 0.214 
296 UA00013729    (0)   :  0.134 0.193 0.035 0.153 0.142 0.042 0.159 0.142 
297 UA00063483    (0)   :  0.174 0.138 0.027 0.164 0.168 0.021 0.148 0.161 
298 UA00039326    (0)   :  0.154 0.127 0.111 0.136 0.146 0.031 0.139 0.156 
299 UA00014742    (0)   :  0.187 0.135 0.029 0.143 0.150 0.020 0.122 0.213 
300 UA00049597    (0)   :  0.118 0.085 0.362 0.100 0.098 0.014 0.092 0.131 
301 UA00048067    (0)   :  0.167 0.109 0.077 0.142 0.149 0.059 0.135 0.162 
302 UA00012918    (0)   :  0.170 0.112 0.164 0.116 0.119 0.015 0.071 0.233 
303 UA00013487    (0)   :  0.122 0.270 0.018 0.161 0.115 0.017 0.143 0.153 
304 UA00046759    (0)   :  0.128 0.107 0.085 0.129 0.138 0.155 0.146 0.112 
305 UA00050164    (0)   :  0.059 0.063 0.582 0.065 0.066 0.035 0.072 0.056 
306 UA00049839    (0)   :  0.164 0.152 0.026 0.142 0.156 0.042 0.119 0.198 
307 UA00048444    (0)   :  0.202 0.127 0.068 0.117 0.118 0.025 0.056 0.288 
308 UA00063857    (0)   :  0.162 0.149 0.038 0.158 0.149 0.016 0.136 0.192 
309 UA00014921    (0)   :  0.099 0.083 0.402 0.097 0.103 0.018 0.098 0.100 
310 UA00048895    (0)   :  0.095 0.082 0.416 0.090 0.091 0.041 0.090 0.095 
311 UA00014556    (0)   :  0.139 0.109 0.029 0.154 0.152 0.125 0.167 0.124 
312    pc009    (0)   :  0.198 0.148 0.021 0.128 0.130 0.014 0.065 0.296 
313 UA00014959    (0)   :  0.103 0.087 0.390 0.096 0.096 0.025 0.088 0.115 
314 UA00020709    (0)   :  0.153 0.132 0.084 0.147 0.145 0.039 0.152 0.148 
315 UA00013126    (0)   :  0.019 0.017 0.871 0.018 0.018 0.019 0.018 0.019 
316 UA00013695    (0)   :  0.030 0.027 0.807 0.028 0.030 0.020 0.030 0.028 
317 UA00049344    (0)   :  0.096 0.072 0.393 0.096 0.104 0.043 0.114 0.082 
318 UA00047614    (0)   :  0.041 0.034 0.665 0.038 0.043 0.099 0.043 0.036 
319 UA00014221    (0)   :  0.183 0.152 0.011 0.138 0.152 0.019 0.103 0.242 
320 UA00014346    (0)   :  0.181 0.123 0.044 0.137 0.147 0.044 0.109 0.214 
321 UA00014245    (0)   :  0.136 0.114 0.227 0.113 0.120 0.024 0.104 0.163 
322 UA00014696    (0)   :  0.021 0.022 0.844 0.021 0.021 0.030 0.023 0.019 
323 UA00006991    (0)   :  0.147 0.138 0.022 0.162 0.168 0.061 0.181 0.120 
324 UA00048948    (0)   :  0.151 0.135 0.032 0.152 0.166 0.056 0.181 0.127 
325 UA00002239    (0)   :  0.142 0.148 0.034 0.161 0.157 0.071 0.168 0.119 
326 UA00063459    (0)   :  0.194 0.136 0.030 0.133 0.135 0.015 0.081 0.276 
327 UA00048356    (0)   :  0.153 0.117 0.044 0.146 0.153 0.099 0.145 0.144 
328 UA00063940    (0)   :  0.134 0.141 0.039 0.149 0.148 0.091 0.171 0.126 
329 UA00048130    (0)   :  0.180 0.135 0.024 0.145 0.157 0.033 0.123 0.203 
330 UA00048903    (0)   :  0.147 0.230 0.015 0.156 0.122 0.019 0.136 0.174 
331 UA00064643    (0)   :  0.143 0.151 0.047 0.153 0.151 0.049 0.168 0.138 
332 UA00050233    (0)   :  0.148 0.162 0.026 0.141 0.149 0.074 0.148 0.152 
333 UA00012507    (0)   :  0.141 0.125 0.019 0.145 0.148 0.145 0.161 0.115 
334 UA00064416    (0)   :  0.133 0.208 0.021 0.166 0.139 0.031 0.165 0.137 
335 UA00034724    (0)   :  0.155 0.164 0.025 0.146 0.149 0.047 0.152 0.161 
336 UA00002621    (0)   :  0.162 0.172 0.021 0.152 0.150 0.027 0.148 0.169 
337 UA00033203    (0)   :  0.124 0.222 0.038 0.164 0.131 0.029 0.153 0.140 
338 UA00011996    (0)   :  0.157 0.132 0.042 0.162 0.175 0.022 0.179 0.130 
339 UA00014408    (0)   :  0.112 0.112 0.029 0.118 0.123 0.279 0.134 0.093 
340 UA00049502    (0)   :  0.149 0.129 0.024 0.147 0.165 0.097 0.152 0.137 
341 UA00062695    (0)   :  0.161 0.124 0.069 0.130 0.153 0.055 0.131 0.177 
342 UA00014072    (0)   :  0.175 0.146 0.042 0.139 0.149 0.037 0.109 0.203 
343 UA00003334    (0)   :  0.168 0.178 0.029 0.143 0.132 0.020 0.123 0.206 
344 UA00013835    (0)   :  0.163 0.121 0.046 0.149 0.167 0.038 0.166 0.150 
345 UA00046760    (0)   :  0.145 0.113 0.165 0.132 0.142 0.030 0.136 0.137 
346 UA00014241    (0)   :  0.157 0.167 0.022 0.155 0.152 0.039 0.149 0.158 
347 UA00049585    (0)   :  0.180 0.141 0.025 0.156 0.161 0.017 0.136 0.184 
348 UA00013409    (0)   :  0.158 0.122 0.040 0.118 0.131 0.136 0.093 0.202 
349 UA00047548    (0)   :  0.156 0.148 0.032 0.164 0.174 0.018 0.174 0.132 
350 UA00049038    (0)   :  0.105 0.085 0.306 0.099 0.109 0.089 0.110 0.098 
351 UA00047612    (0)   :  0.156 0.134 0.024 0.163 0.161 0.047 0.177 0.139 
352 UA00014822    (0)   :  0.112 0.085 0.242 0.118 0.114 0.122 0.117 0.091 
353 UA00035299    (0)   :  0.144 0.177 0.039 0.162 0.146 0.036 0.162 0.136 
354 UA00012804    (0)   :  0.112 0.087 0.298 0.110 0.120 0.050 0.127 0.096 
355 UA00049578    (0)   :  0.146 0.126 0.029 0.145 0.152 0.115 0.156 0.132 
356 UA00047672    (0)   :  0.131 0.224 0.020 0.164 0.128 0.038 0.154 0.141 
357 UA00043961    (0)   :  0.051 0.045 0.642 0.046 0.050 0.060 0.051 0.054 
358 UA00064575    (0)   :  0.139 0.112 0.036 0.133 0.140 0.171 0.129 0.139 
359 UA00014732    (0)   :  0.150 0.164 0.020 0.146 0.152 0.058 0.174 0.136 
360 UA00050181    (0)   :  0.143 0.147 0.013 0.179 0.170 0.046 0.175 0.126 
361 UA00033369    (0)   :  0.121 0.110 0.191 0.131 0.140 0.060 0.147 0.098 
362 UA00011982    (0)   :  0.134 0.288 0.015 0.144 0.102 0.015 0.135 0.167 
363 UA00014590    (0)   :  0.135 0.152 0.083 0.154 0.142 0.053 0.163 0.118 
364 UA00047743    (0)   :  0.140 0.187 0.020 0.180 0.154 0.021 0.172 0.127 
365 UA00046621    (0)   :  0.140 0.203 0.019 0.170 0.152 0.016 0.163 0.138 
366 UA00050422    (0)   :  0.144 0.135 0.025 0.147 0.154 0.102 0.173 0.121 
367 UA00002760    (0)   :  0.153 0.147 0.068 0.155 0.150 0.030 0.151 0.147 
368 UA00012999    (0)   :  0.139 0.148 0.089 0.149 0.153 0.028 0.168 0.126 
369 UA00063838    (0)   :  0.153 0.184 0.021 0.155 0.137 0.032 0.149 0.169 
370 UA00003729    (0)   :  0.126 0.096 0.150 0.114 0.124 0.151 0.116 0.124 
371 UA00015348    (0)   :  0.178 0.126 0.057 0.130 0.136 0.051 0.102 0.220 
372 UA00019058    (0)   :  0.167 0.139 0.037 0.124 0.144 0.082 0.095 0.212 
373 UA00049549    (0)   :  0.189 0.126 0.092 0.120 0.119 0.016 0.056 0.282 
374 UA00014334    (0)   :  0.136 0.144 0.036 0.163 0.157 0.078 0.164 0.121 
375 UA00014350    (0)   :  0.133 0.311 0.012 0.151 0.088 0.012 0.124 0.169 
376 UA00049227    (0)   :  0.126 0.098 0.136 0.156 0.148 0.079 0.154 0.102 
377 UA00014051    (0)   :  0.127 0.176 0.017 0.144 0.136 0.128 0.148 0.123 
378 UA00034381    (0)   :  0.143 0.166 0.031 0.144 0.144 0.082 0.147 0.141 
379 UA00002354    (0)   :  0.125 0.246 0.018 0.165 0.124 0.021 0.148 0.152 
380 UA00049892    (0)   :  0.149 0.176 0.071 0.149 0.130 0.019 0.125 0.181 
381 UA00021989    (0)   :  0.150 0.187 0.018 0.156 0.149 0.045 0.149 0.146 
382 UA00048968    (0)   :  0.145 0.165 0.022 0.163 0.160 0.043 0.167 0.135 
383 UA00013174    (0)   :  0.138 0.199 0.036 0.149 0.136 0.048 0.149 0.145 
384 UA00033992    (0)   :  0.123 0.139 0.161 0.140 0.146 0.028 0.154 0.110 
385 UA00015801    (0)   :  0.140 0.274 0.011 0.147 0.108 0.014 0.137 0.169 
386 UA00063303    (0)   :  0.136 0.106 0.213 0.114 0.119 0.054 0.109 0.150 
387 UA00050206    (0)   :  0.186 0.146 0.013 0.135 0.144 0.026 0.092 0.256 
388 UA00014458    (0)   :  0.147 0.151 0.078 0.134 0.141 0.060 0.139 0.150 
389 UA00007204    (0)   :  0.173 0.144 0.042 0.143 0.140 0.024 0.107 0.226 
390 UA00063212    (0)   :  0.129 0.098 0.173 0.104 0.119 0.131 0.101 0.145 
391 UA00013340    (0)   :  0.151 0.130 0.078 0.151 0.165 0.027 0.170 0.127 
392 UA00062743    (0)   :  0.141 0.154 0.019 0.168 0.157 0.077 0.161 0.122 
393 UA00063189    (0)   :  0.072 0.075 0.055 0.079 0.079 0.489 0.083 0.069 
394 UA00035432    (0)   :  0.165 0.166 0.025 0.154 0.149 0.025 0.135 0.182 
395 UA00007958    (0)   :  0.153 0.183 0.022 0.172 0.151 0.026 0.148 0.145 
396 UA00013634    (0)   :  0.145 0.190 0.017 0.163 0.146 0.045 0.151 0.142 
397 UA00048175    (0)   :  0.132 0.285 0.010 0.151 0.103 0.027 0.130 0.162 
398 UA00003202    (0)   :  0.154 0.156 0.031 0.166 0.165 0.031 0.157 0.141 
399 UA00035090    (0)   :  0.144 0.157 0.036 0.143 0.150 0.081 0.138 0.152 
400 UA00064679    (0)   :  0.103 0.114 0.046 0.109 0.112 0.302 0.116 0.098 
401 UA00039518    (0)   :  0.141 0.192 0.034 0.160 0.148 0.027 0.149 0.149 
402 UA00058268    (0)   :  0.151 0.155 0.033 0.159 0.156 0.041 0.173 0.132 
403 UA00049456    (0)   :  0.141 0.114 0.173 0.131 0.128 0.042 0.130 0.141 
404 UA00049550    (0)   :  0.159 0.133 0.021 0.133 0.147 0.101 0.122 0.183 
405 UA00048342    (0)   :  0.145 0.124 0.094 0.142 0.149 0.049 0.161 0.136 
406 UA00063493    (0)   :  0.151 0.172 0.017 0.166 0.156 0.024 0.159 0.154 
407 UA00058261    (0)   :  0.123 0.191 0.024 0.144 0.125 0.120 0.138 0.135 
408 UA00014663    (0)   :  0.144 0.144 0.031 0.155 0.163 0.056 0.189 0.118 
409 UA00048817    (0)   :  0.117 0.134 0.176 0.140 0.133 0.045 0.150 0.106 
410 UA00049381    (0)   :  0.133 0.214 0.022 0.152 0.136 0.058 0.138 0.148 
411 UA00035901    (0)   :  0.121 0.103 0.033 0.124 0.131 0.239 0.152 0.097 
412 UA00013301    (0)   :  0.173 0.129 0.041 0.132 0.138 0.072 0.096 0.219 
413 UA00047926    (0)   :  0.113 0.183 0.062 0.148 0.134 0.086 0.149 0.124 
414 UA00007272    (0)   :  0.125 0.136 0.036 0.152 0.142 0.141 0.157 0.112 
415 UA00016041    (0)   :  0.159 0.143 0.052 0.150 0.148 0.033 0.141 0.174 
416 UA00013502    (0)   :  0.140 0.196 0.016 0.147 0.137 0.058 0.141 0.165 
417 UA00002390    (0)   :  0.142 0.134 0.085 0.146 0.158 0.038 0.176 0.120 
418 UA00034907    (0)   :  0.157 0.126 0.021 0.165 0.167 0.059 0.175 0.131 
419 UA00048821    (0)   :  0.123 0.125 0.103 0.131 0.138 0.112 0.149 0.120 
420 UA00002136    (0)   :  0.151 0.121 0.097 0.145 0.149 0.057 0.137 0.143 
421 UA00011790    (0)   :  0.141 0.176 0.039 0.164 0.151 0.053 0.151 0.125 
422 UA00021586    (0)   :  0.121 0.120 0.187 0.126 0.130 0.061 0.141 0.114 
423 UA00033270    (0)   :  0.148 0.146 0.036 0.151 0.159 0.060 0.164 0.135 
424 UA00048073    (0)   :  0.156 0.154 0.038 0.148 0.155 0.046 0.154 0.150 
425 UA00048856    (0)   :  0.146 0.137 0.031 0.154 0.150 0.095 0.151 0.137 
426 UA00049713    (0)   :  0.136 0.211 0.029 0.153 0.123 0.049 0.157 0.142 
427 UA00046885    (0)   :  0.160 0.147 0.036 0.154 0.169 0.031 0.155 0.148 
428 UA00034893    (0)   :  0.146 0.198 0.026 0.158 0.136 0.025 0.151 0.160 
429 UA00048011    (0)   :  0.141 0.191 0.015 0.142 0.140 0.075 0.152 0.145 
430 UA00015786    (0)   :  0.112 0.125 0.068 0.120 0.126 0.210 0.132 0.106 
431 UA00013162    (0)   :  0.137 0.147 0.027 0.178 0.155 0.077 0.160 0.120 
432 UA00049512    (0)   :  0.155 0.129 0.045 0.147 0.154 0.063 0.152 0.154 
433 UA00004046    (0)   :  0.138 0.222 0.017 0.156 0.140 0.033 0.145 0.148 
434 UA00048881    (0)   :  0.117 0.102 0.130 0.123 0.128 0.169 0.135 0.096 
435 UA00046610    (0)   :  0.128 0.126 0.115 0.136 0.142 0.085 0.159 0.109 
436 UA00033282    (0)   :  0.145 0.127 0.040 0.152 0.160 0.078 0.163 0.134 
437 UA00047561    (0)   :  0.147 0.189 0.025 0.161 0.148 0.035 0.162 0.133 
438 UA00013777    (0)   :  0.135 0.131 0.021 0.151 0.153 0.141 0.149 0.120 
439 UA00062849    (0)   :  0.181 0.135 0.033 0.137 0.146 0.033 0.115 0.219 
440 UA00049786    (0)   :  0.131 0.245 0.017 0.137 0.114 0.065 0.139 0.151 
441 UA00033246    (0)   :  0.207 0.141 0.019 0.133 0.135 0.016 0.078 0.271 
442 UA00045302    (0)   :  0.151 0.138 0.035 0.162 0.170 0.028 0.182 0.134 
443 UA00048637    (0)   :  0.131 0.233 0.023 0.144 0.120 0.055 0.142 0.152 
444 UA00049832    (0)   :  0.156 0.130 0.128 0.127 0.132 0.031 0.115 0.181 
445 UA00022023    (0)   :  0.141 0.127 0.075 0.171 0.161 0.038 0.166 0.121 
446 UA00050192    (0)   :  0.137 0.114 0.132 0.150 0.152 0.037 0.163 0.114 
447 UA00050413    (0)   :  0.151 0.159 0.028 0.151 0.155 0.056 0.150 0.150 
448 UA00013445    (0)   :  0.153 0.179 0.015 0.167 0.159 0.023 0.163 0.140 
449 UA00035496    (0)   :  0.133 0.108 0.031 0.126 0.146 0.188 0.151 0.118 
450 UA00003333    (0)   :  0.104 0.100 0.075 0.109 0.116 0.278 0.127 0.092 
451 UA00064008    (0)   :  0.117 0.118 0.022 0.126 0.129 0.242 0.143 0.102 
452 UA00003427    (0)   :  0.132 0.114 0.146 0.133 0.147 0.070 0.149 0.110 
453 UA00028092    (0)   :  0.101 0.097 0.249 0.104 0.109 0.138 0.109 0.092 
454    pc003    (0)   :  0.043 0.043 0.091 0.045 0.049 0.638 0.051 0.041 
455 UA00034440    (0)   :  0.167 0.142 0.028 0.140 0.154 0.059 0.132 0.177 
456 UA00026062    (0)   :  0.140 0.195 0.035 0.168 0.143 0.033 0.148 0.137 
457 UA00014347    (0)   :  0.146 0.117 0.050 0.145 0.159 0.092 0.158 0.132 
458 UA00021516    (0)   :  0.144 0.234 0.026 0.143 0.123 0.030 0.146 0.155 
459 UA00049347    (0)   :  0.103 0.112 0.029 0.113 0.116 0.316 0.122 0.089 
460 UA00063436    (0)   :  0.109 0.091 0.037 0.092 0.099 0.369 0.083 0.121 
461 UA00047790    (0)   :  0.141 0.152 0.027 0.177 0.176 0.042 0.165 0.121 
462 UA00045714    (0)   :  0.108 0.108 0.093 0.123 0.127 0.212 0.133 0.096 
463 UA00038979    (0)   :  0.157 0.125 0.114 0.130 0.133 0.041 0.109 0.191 
464 UA00016123    (0)   :  0.129 0.131 0.062 0.160 0.158 0.098 0.151 0.112 
465 UA00034765    (0)   :  0.042 0.047 0.016 0.045 0.045 0.719 0.051 0.035 
466 UA00063815    (0)   :  0.075 0.058 0.091 0.075 0.079 0.475 0.077 0.069 
467 UA00034795    (0)   :  0.165 0.140 0.036 0.141 0.152 0.048 0.131 0.186 
468 UA00004000    (0)   :  0.053 0.048 0.025 0.056 0.058 0.655 0.056 0.049 
469 UA00049367    (0)   :  0.152 0.146 0.020 0.142 0.149 0.101 0.132 0.159 
470 UA00034457    (0)   :  0.150 0.157 0.037 0.173 0.166 0.026 0.159 0.132 
471 UA00050015    (0)   :  0.161 0.126 0.060 0.144 0.156 0.064 0.138 0.151 
472 UA00021373    (0)   :  0.152 0.148 0.038 0.159 0.162 0.050 0.161 0.130 
473 UA00050232    (0)   :  0.061 0.055 0.090 0.064 0.068 0.543 0.064 0.054 
474 UA00038724    (0)   :  0.158 0.119 0.095 0.155 0.153 0.032 0.146 0.143 
475 UA00007824    (0)   :  0.126 0.148 0.078 0.151 0.144 0.084 0.155 0.114 
476 UA00048754    (0)   :  0.134 0.136 0.015 0.176 0.159 0.105 0.157 0.118 
477 UA00014271    (0)   :  0.139 0.159 0.067 0.154 0.144 0.041 0.150 0.146 
478 UA00013756    (0)   :  0.142 0.106 0.088 0.116 0.126 0.154 0.108 0.161 
479 UA00014385    (0)   :  0.104 0.100 0.102 0.114 0.116 0.248 0.126 0.089 
480 UA00049609    (0)   :  0.169 0.151 0.032 0.141 0.149 0.042 0.129 0.186 
481 UA00003748    (0)   :  0.112 0.108 0.022 0.126 0.124 0.293 0.120 0.095 
482 UA00063952    (0)   :  0.120 0.119 0.018 0.127 0.132 0.241 0.135 0.107 
483 UA00058348    (0)   :  0.077 0.072 0.018 0.074 0.077 0.535 0.076 0.071 
484 UA00014922    (0)   :  0.038 0.038 0.035 0.037 0.040 0.733 0.041 0.038 
485 UA00003820    (0)   :  0.141 0.149 0.016 0.170 0.151 0.088 0.158 0.127 
486 UA00013693    (0)   :  0.128 0.130 0.071 0.145 0.144 0.127 0.144 0.110 
487 UA00047713    (0)   :  0.056 0.059 0.019 0.063 0.063 0.626 0.064 0.049 
488 UA00034891    (0)   :  0.117 0.084 0.032 0.134 0.121 0.298 0.115 0.099 
489 UA00049223    (0)   :  0.110 0.115 0.029 0.109 0.116 0.303 0.115 0.102 
490 UA00064399    (0)   :  0.036 0.034 0.190 0.040 0.041 0.587 0.043 0.030 
491 UA00013336    (0)   :  0.036 0.031 0.058 0.034 0.038 0.731 0.038 0.033 
492 UA00035291    (0)   :  0.050 0.047 0.036 0.058 0.060 0.649 0.057 0.044 
493 UA00003945    (0)   :  0.055 0.057 0.045 0.059 0.061 0.613 0.061 0.050 
494 UA00014518    (0)   :  0.079 0.086 0.041 0.089 0.089 0.454 0.094 0.067 
495 UA00013583    (0)   :  0.080 0.063 0.383 0.078 0.084 0.159 0.081 0.073 
