

----------------------------------------------------
STRUCTURE by Pritchard, Stephens and Donnelly (2000)
     and Falush, Stephens and Pritchard (2003)
       Code by Pritchard, Falush and Hubisz
             Version 2.3.4 (Jul 2012)
----------------------------------------------------



Command line arguments:   structure -K 4 -o outputfile_K4_4 
Input File:    Puma_SNP_genotypes_cut_AZ_final_HWEonly.str

Run parameters:
   536 individuals
   22 loci
   4 populations assumed
   100000 Burn-in period
   500000 Reps


--------------------------------------------
Overall proportion of membership of the
sample in each of the 4 clusters

Inferred Clusters
  1      2      3      4    
0.256  0.258  0.241  0.246  

--------------------------------------------

Allele-freq. divergence among pops (Net nucleotide distance),
computed using point estimates of P.

      1       2       3       4      
 1      -    0.0419  0.0484  0.0662  
 2   0.0419     -    0.0627  0.0501  
 3   0.0484  0.0627     -    0.0530  
 4   0.0662  0.0501  0.0530     -    

Average distances (expected heterozygosity) between individuals in same cluster:
cluster  1  : 0.3502 
cluster  2  : 0.3545 
cluster  3  : 0.3366 
cluster  4  : 0.2896 

--------------------------------------------
Estimated Ln Prob of Data   = -12832.8
Mean value of ln likelihood = -12368.4
Variance of ln likelihood   = 928.8
Mean value of alpha         = 0.4442

Mean value of Fst_1         = 0.1282
Mean value of Fst_2         = 0.1099
Mean value of Fst_3         = 0.1777
Mean value of Fst_4         = 0.2145


Inferred ancestry of individuals:
        Label (%Miss) :  Inferred clusters
  1 UA00063336   (13)   :  0.143 0.158 0.567 0.132 
  2 UA00048914    (9)   :  0.134 0.231 0.277 0.358 
  3 UA00014769   (13)   :  0.329 0.482 0.136 0.053 
  4 UA00008132   (13)   :  0.258 0.306 0.255 0.181 
  5 UA00030462   (13)   :  0.166 0.152 0.233 0.449 
  6 UA00034866   (13)   :  0.308 0.210 0.123 0.359 
  7 UA00034800    (9)   :  0.099 0.094 0.676 0.131 
  8  Puco006    (9)   :  0.069 0.093 0.153 0.685 
  9 UA00048874    (4)   :  0.077 0.125 0.645 0.153 
 10 UA00049060    (9)   :  0.282 0.360 0.247 0.111 
 11 UA00033413    (9)   :  0.599 0.164 0.101 0.136 
 12  Puco021    (9)   :  0.547 0.094 0.284 0.076 
 13  Puco026    (9)   :  0.374 0.257 0.280 0.089 
 14  Puco008    (9)   :  0.113 0.152 0.446 0.290 
 15   M01301    (9)   :  0.552 0.162 0.084 0.203 
 16   M06306    (9)   :  0.178 0.098 0.655 0.069 
 17 UA00032185    (9)   :  0.318 0.230 0.207 0.245 
 18 UA00030792    (9)   :  0.051 0.049 0.828 0.071 
 19 UA00031647    (9)   :  0.126 0.149 0.509 0.216 
 20 UA00031979    (9)   :  0.243 0.268 0.265 0.224 
 21  Puco016    (9)   :  0.100 0.257 0.110 0.534 
 22  Puco010    (9)   :  0.466 0.212 0.180 0.142 
 23    M1035    (9)   :  0.185 0.409 0.320 0.086 
 24 UA00034601    (9)   :  0.290 0.137 0.273 0.300 
 25 UA00050388    (9)   :  0.261 0.194 0.355 0.189 
 26 UA00048699    (9)   :  0.097 0.178 0.088 0.636 
 27 UA00064058    (9)   :  0.225 0.450 0.225 0.100 
 28 UA00033981    (9)   :  0.553 0.101 0.208 0.138 
 29   F05033    (9)   :  0.415 0.327 0.144 0.114 
 30 UA00048520    (4)   :  0.268 0.130 0.399 0.203 
 31 UA00048422    (4)   :  0.091 0.062 0.775 0.073 
 32    PucoB    (4)   :  0.510 0.224 0.197 0.069 
 33 UA00047393    (4)   :  0.144 0.316 0.430 0.110 
 34 UA00064521    (4)   :  0.211 0.138 0.194 0.456 
 35 UA00003043    (4)   :  0.156 0.396 0.097 0.351 
 36 UA00063025    (4)   :  0.226 0.096 0.425 0.253 
 37 UA00063826    (4)   :  0.518 0.166 0.212 0.104 
 38   F07407    (4)   :  0.397 0.102 0.410 0.091 
 39 UA00021658    (4)   :  0.386 0.291 0.172 0.151 
 40 UA00003794    (4)   :  0.357 0.131 0.401 0.111 
 41 UA00041322    (4)   :  0.194 0.219 0.375 0.213 
 42 UA00063316    (4)   :  0.240 0.154 0.329 0.277 
 43 UA00047705    (4)   :  0.340 0.156 0.295 0.209 
 44 UA00033904    (4)   :  0.103 0.141 0.638 0.119 
 45 UA00048100    (4)   :  0.378 0.292 0.135 0.194 
 46 UA00032212    (4)   :  0.194 0.164 0.438 0.204 
 47 UA00031574    (4)   :  0.094 0.063 0.729 0.114 
 48 UA00031228    (4)   :  0.060 0.068 0.758 0.114 
 49 UA00047707    (4)   :  0.156 0.650 0.078 0.117 
 50 UA00030906    (4)   :  0.046 0.044 0.811 0.099 
 51 UA00041567    (4)   :  0.518 0.129 0.177 0.176 
 52 UA00007624    (4)   :  0.562 0.248 0.081 0.109 
 53 UA00034514    (4)   :  0.317 0.369 0.131 0.183 
 54 UA00030480    (4)   :  0.115 0.304 0.467 0.114 
 55  Puco012    (4)   :  0.252 0.366 0.140 0.242 
 56 UA00038677    (9)   :  0.246 0.141 0.336 0.277 
 57 UA00048275    (4)   :  0.523 0.159 0.165 0.153 
 58 UA00064055    (4)   :  0.101 0.529 0.154 0.216 
 59  Puco009    (4)   :  0.149 0.296 0.109 0.446 
 60 UA00064561    (4)   :  0.109 0.623 0.082 0.186 
 61 UA00003479    (4)   :  0.205 0.454 0.107 0.234 
 62 UA00063747    (4)   :  0.344 0.434 0.066 0.156 
 63 UA00002558    (4)   :  0.312 0.168 0.116 0.403 
 64 UA00048410    (4)   :  0.124 0.358 0.071 0.447 
 65 UA00012249    (4)   :  0.102 0.511 0.074 0.313 
 66 UA00033818    (4)   :  0.159 0.092 0.619 0.130 
 67  Puco020    (4)   :  0.131 0.357 0.284 0.228 
 68 UA00002545    (9)   :  0.091 0.609 0.186 0.114 
 69 UA00048508    (4)   :  0.283 0.451 0.112 0.154 
 70 UA00064100    (4)   :  0.292 0.264 0.236 0.208 
 71 UA00014585    (4)   :  0.246 0.386 0.142 0.226 
 72 UA00063698    (4)   :  0.163 0.106 0.243 0.488 
 73 UA00049753    (4)   :  0.130 0.126 0.669 0.075 
 74 UA00049037    (4)   :  0.277 0.418 0.198 0.106 
 75 UA00034941    (4)   :  0.306 0.126 0.335 0.234 
 76 UA00008083    (4)   :  0.118 0.114 0.130 0.638 
 77 UA00015084    (4)   :  0.158 0.089 0.321 0.432 
 78 UA00041010    (9)   :  0.062 0.098 0.384 0.456 
 79 UA00035261    (4)   :  0.171 0.161 0.412 0.256 
 80 UA00035431    (4)   :  0.541 0.191 0.078 0.191 
 81 UA00045274    (0)   :  0.343 0.166 0.268 0.223 
 82 UA00028200    (4)   :  0.127 0.109 0.495 0.269 
 83 UA00064559    (0)   :  0.070 0.048 0.807 0.075 
 84 UA00040808    (0)   :  0.071 0.163 0.529 0.237 
 85 UA00049156    (0)   :  0.117 0.106 0.547 0.230 
 86 UA00003952    (4)   :  0.077 0.133 0.096 0.695 
 87 UA00063954    (0)   :  0.178 0.197 0.522 0.103 
 88 UA00062934    (0)   :  0.151 0.159 0.537 0.152 
 89 UA00033829    (0)   :  0.095 0.073 0.564 0.268 
 90 UA00064351    (4)   :  0.550 0.090 0.159 0.200 
 91 UA00003697    (4)   :  0.128 0.093 0.203 0.575 
 92 UA00063438    (4)   :  0.148 0.161 0.497 0.194 
 93 UA00007608    (0)   :  0.161 0.091 0.456 0.292 
 94 UA00019683    (4)   :  0.273 0.076 0.572 0.079 
 95 UA00007781    (0)   :  0.419 0.205 0.185 0.191 
 96 UA00002915    (0)   :  0.115 0.181 0.457 0.247 
 97  Puco031    (4)   :  0.162 0.447 0.176 0.215 
 98 UA00048280    (4)   :  0.502 0.112 0.175 0.211 
 99 UA00048589    (0)   :  0.355 0.231 0.288 0.126 
100 UA00034417    (0)   :  0.131 0.267 0.310 0.292 
101 UA00050411    (4)   :  0.190 0.624 0.072 0.114 
102  Puco029    (4)   :  0.460 0.348 0.137 0.055 
103   F03403    (4)   :  0.664 0.135 0.079 0.122 
104 UA00049904    (0)   :  0.361 0.097 0.407 0.135 
105 UA00035335    (0)   :  0.363 0.483 0.107 0.047 
106 UA00012611    (0)   :  0.330 0.368 0.181 0.121 
107 UA00050319    (0)   :  0.717 0.127 0.080 0.076 
108 UA00032068    (4)   :  0.222 0.320 0.365 0.093 
109 UA00032026    (4)   :  0.247 0.306 0.316 0.131 
110 UA00030476    (4)   :  0.611 0.090 0.233 0.066 
111 UA00046853    (0)   :  0.563 0.120 0.217 0.100 
112 UA00040156    (4)   :  0.052 0.046 0.833 0.069 
113 UA00030528    (4)   :  0.085 0.311 0.498 0.105 
114  Puco025    (4)   :  0.250 0.551 0.108 0.092 
115    pc016    (0)   :  0.046 0.047 0.832 0.074 
116 UA00030617    (4)   :  0.269 0.582 0.075 0.074 
117 UA00030585    (4)   :  0.105 0.058 0.736 0.102 
118 UA00032060    (4)   :  0.256 0.169 0.478 0.097 
119    pc007    (0)   :  0.545 0.166 0.166 0.123 
120 UA00030798    (4)   :  0.085 0.082 0.762 0.072 
121 UA00030778    (4)   :  0.167 0.656 0.083 0.095 
122 UA00039674    (4)   :  0.052 0.057 0.821 0.071 
123 UA00032241    (4)   :  0.586 0.258 0.077 0.079 
124 UA00011624    (0)   :  0.253 0.490 0.134 0.123 
125 UA00033779    (4)   :  0.692 0.108 0.097 0.102 
126 UA00049402    (4)   :  0.100 0.328 0.129 0.442 
127 UA00033653    (0)   :  0.736 0.084 0.087 0.093 
128 UA00047738    (0)   :  0.301 0.195 0.283 0.221 
129 UA00047502    (4)   :  0.118 0.213 0.184 0.485 
130 UA00012014    (4)   :  0.156 0.456 0.200 0.187 
131 UA00040729    (0)   :  0.480 0.223 0.197 0.100 
132 UA00030392    (4)   :  0.300 0.478 0.124 0.098 
133 UA00050033    (0)   :  0.391 0.302 0.183 0.123 
134 UA00012152    (0)   :  0.090 0.252 0.072 0.587 
135 UA00050406    (0)   :  0.315 0.297 0.214 0.174 
136 UA00047973    (0)   :  0.456 0.274 0.132 0.138 
137 UA00008051    (0)   :  0.231 0.202 0.332 0.235 
138 UA00047337    (4)   :  0.252 0.216 0.410 0.122 
139 UA00041604    (4)   :  0.249 0.230 0.298 0.223 
140 UA00031704    (4)   :  0.229 0.616 0.084 0.071 
141 UA00040423    (4)   :  0.163 0.402 0.315 0.120 
142 UA00049433    (0)   :  0.115 0.349 0.232 0.303 
143 UA00034816    (0)   :  0.155 0.495 0.102 0.247 
144 UA00050214    (0)   :  0.137 0.688 0.096 0.078 
145 UA00041073    (0)   :  0.280 0.300 0.171 0.249 
146 UA00030318    (4)   :  0.238 0.461 0.102 0.199 
147 UA00046845    (0)   :  0.130 0.389 0.127 0.354 
148 UA00063946    (0)   :  0.672 0.080 0.162 0.086 
149 UA00031374    (4)   :  0.268 0.365 0.149 0.217 
150    M1136    (4)   :  0.117 0.290 0.474 0.119 
151 UA00034299    (0)   :  0.119 0.644 0.115 0.122 
152 UA00002387    (4)   :  0.100 0.597 0.077 0.225 
153 UA00021855    (0)   :  0.461 0.185 0.194 0.160 
154 UA00014500    (0)   :  0.219 0.451 0.203 0.126 
155 UA00050419    (4)   :  0.192 0.625 0.074 0.109 
156 UA00031854    (4)   :  0.338 0.281 0.124 0.257 
157    pc011    (4)   :  0.106 0.669 0.082 0.142 
158 UA00033004    (0)   :  0.120 0.497 0.223 0.160 
159 UA00046510    (0)   :  0.162 0.357 0.114 0.368 
160 UA00048747    (0)   :  0.118 0.563 0.114 0.205 
161 UA00014293    (0)   :  0.086 0.685 0.086 0.143 
162 UA00047686    (0)   :  0.110 0.272 0.243 0.376 
163 UA00033783    (4)   :  0.241 0.099 0.444 0.215 
164 UA00042609    (4)   :  0.098 0.286 0.188 0.428 
165 UA00031169    (4)   :  0.098 0.712 0.098 0.092 
166 UA00035181    (0)   :  0.456 0.380 0.066 0.098 
167 UA00050133    (0)   :  0.213 0.437 0.153 0.197 
168  Puco011    (4)   :  0.088 0.620 0.126 0.167 
169 UA00041476    (0)   :  0.145 0.417 0.171 0.267 
170 UA00046702    (0)   :  0.155 0.651 0.082 0.112 
171 UA00019940    (0)   :  0.226 0.342 0.235 0.196 
172 UA00049813    (0)   :  0.482 0.209 0.190 0.119 
173 UA00064165    (0)   :  0.142 0.134 0.173 0.551 
174 UA00064421    (0)   :  0.155 0.243 0.074 0.528 
175 UA00064569    (4)   :  0.329 0.479 0.077 0.115 
176 UA00003996    (0)   :  0.130 0.330 0.115 0.425 
177 UA00064491    (4)   :  0.273 0.436 0.088 0.204 
178 UA00011899    (0)   :  0.296 0.390 0.187 0.127 
179  Puco015    (4)   :  0.161 0.360 0.324 0.155 
180 UA00047929    (4)   :  0.565 0.238 0.129 0.068 
181 UA00056669    (0)   :  0.241 0.370 0.131 0.258 
182 UA00050176    (0)   :  0.200 0.315 0.203 0.282 
183  Puco014    (4)   :  0.395 0.195 0.190 0.221 
184 UA00019608    (0)   :  0.126 0.507 0.123 0.244 
185 UA00064333    (0)   :  0.117 0.574 0.140 0.168 
186  Puco013    (4)   :  0.158 0.316 0.144 0.382 
187 UA00016092    (0)   :  0.222 0.622 0.073 0.082 
188 UA00019060    (0)   :  0.097 0.130 0.222 0.551 
189 UA00063532    (0)   :  0.289 0.299 0.185 0.227 
190 UA00064117    (0)   :  0.105 0.161 0.359 0.375 
191 UA00011969    (0)   :  0.330 0.221 0.211 0.238 
192 UA00034586    (4)   :  0.442 0.320 0.129 0.110 
193 UA00030736    (4)   :  0.220 0.458 0.179 0.144 
194 UA00048493    (0)   :  0.238 0.386 0.218 0.158 
195 UA00040466    (0)   :  0.088 0.085 0.089 0.738 
196 UA00047659    (0)   :  0.343 0.322 0.141 0.195 
197 UA00042002    (4)   :  0.225 0.164 0.461 0.150 
198 UA00062606    (0)   :  0.156 0.303 0.192 0.350 
199 UA00030615    (4)   :  0.106 0.096 0.077 0.721 
200 UA00048899    (0)   :  0.300 0.326 0.175 0.198 
201 UA00047725    (0)   :  0.055 0.047 0.077 0.821 
202 UA00030866    (4)   :  0.203 0.292 0.189 0.316 
203 UA00034564    (0)   :  0.138 0.417 0.194 0.251 
204 UA00046520    (0)   :  0.721 0.108 0.084 0.087 
205 UA00035027    (0)   :  0.286 0.181 0.252 0.281 
206 UA00035421    (0)   :  0.091 0.253 0.090 0.565 
207 UA00062740    (4)   :  0.168 0.136 0.340 0.356 
208 UA00012360    (0)   :  0.093 0.095 0.091 0.722 
209 UA00050203    (0)   :  0.376 0.312 0.163 0.149 
210 UA00040534    (4)   :  0.099 0.115 0.362 0.424 
211 UA00031261    (4)   :  0.070 0.093 0.244 0.592 
212 UA00031917    (4)   :  0.067 0.108 0.395 0.430 
213 UA00040798    (4)   :  0.205 0.135 0.170 0.490 
214 UA00030598    (4)   :  0.184 0.152 0.154 0.511 
215 UA00050385    (0)   :  0.134 0.421 0.169 0.275 
216 UA00058283    (0)   :  0.088 0.063 0.141 0.708 
217 UA00042297    (4)   :  0.183 0.130 0.439 0.248 
218 UA00015415    (4)   :  0.060 0.085 0.081 0.774 
219 UA00035531    (0)   :  0.069 0.109 0.195 0.627 
220 UA00048683    (0)   :  0.094 0.144 0.097 0.665 
221 UA00046734    (4)   :  0.077 0.088 0.115 0.720 
222   pcRF01    (0)   :  0.082 0.768 0.054 0.096 
223 UA00007223    (0)   :  0.101 0.253 0.217 0.429 
224 UA00013841    (0)   :  0.182 0.261 0.461 0.096 
225 UA00014196    (0)   :  0.066 0.118 0.140 0.675 
226 UA00034635    (0)   :  0.296 0.386 0.132 0.186 
227 UA00047371    (0)   :  0.258 0.120 0.488 0.133 
228 UA00063544    (0)   :  0.258 0.160 0.436 0.147 
229 UA00064246    (0)   :  0.263 0.188 0.221 0.328 
230 UA00064328    (0)   :  0.154 0.209 0.298 0.340 
231 UA00002952    (0)   :  0.122 0.150 0.337 0.392 
232 UA00064079    (0)   :  0.218 0.229 0.372 0.181 
233 UA00046793    (0)   :  0.093 0.191 0.263 0.453 
234 UA00034769    (0)   :  0.200 0.088 0.517 0.195 
235 UA00034949    (0)   :  0.075 0.242 0.179 0.504 
236 UA00063753    (0)   :  0.454 0.085 0.267 0.194 
237 UA00015713    (0)   :  0.334 0.144 0.404 0.118 
238 UA00003494    (0)   :  0.076 0.415 0.173 0.337 
239 UA00056767    (0)   :  0.752 0.116 0.054 0.077 
240 UA00014461    (0)   :  0.154 0.224 0.183 0.439 
241 UA00034669    (0)   :  0.157 0.104 0.308 0.431 
242 UA00048164    (0)   :  0.210 0.273 0.113 0.404 
243 UA00007974    (0)   :  0.471 0.096 0.304 0.129 
244 UA00016166    (0)   :  0.089 0.264 0.522 0.126 
245 UA00015653    (0)   :  0.116 0.101 0.492 0.291 
246 UA00063882    (0)   :  0.106 0.142 0.215 0.537 
247 UA00049027    (0)   :  0.196 0.122 0.511 0.170 
248 UA00018878    (0)   :  0.269 0.098 0.543 0.090 
249 UA00038796    (0)   :  0.174 0.115 0.186 0.526 
250 UA00013465    (0)   :  0.118 0.094 0.138 0.651 
251 UA00014604    (0)   :  0.259 0.101 0.288 0.351 
252 UA00041913    (0)   :  0.360 0.094 0.413 0.132 
253 UA00021632    (0)   :  0.104 0.096 0.657 0.142 
254 UA00064027    (0)   :  0.163 0.185 0.382 0.270 
255 UA00015023    (0)   :  0.149 0.372 0.120 0.359 
256 UA00050243    (0)   :  0.126 0.199 0.503 0.172 
257 UA00048298    (0)   :  0.237 0.369 0.201 0.193 
258 UA00050437    (0)   :  0.153 0.213 0.190 0.444 
259 UA00014262    (0)   :  0.163 0.256 0.394 0.187 
260 UA00049129    (0)   :  0.401 0.230 0.244 0.125 
261 UA00014740    (0)   :  0.415 0.145 0.223 0.218 
262 UA00049612    (0)   :  0.116 0.081 0.649 0.153 
263 UA00014635    (0)   :  0.731 0.112 0.073 0.085 
264 UA00014673    (0)   :  0.172 0.125 0.412 0.291 
265 UA00033608    (0)   :  0.193 0.099 0.543 0.164 
266 UA00064540    (0)   :  0.559 0.111 0.143 0.186 
267 UA00050256    (0)   :  0.125 0.148 0.396 0.331 
268 UA00015274    (0)   :  0.197 0.408 0.166 0.228 
269 UA00062993    (0)   :  0.552 0.129 0.099 0.219 
270 UA00038364    (0)   :  0.305 0.166 0.339 0.189 
271 UA00014446    (0)   :  0.384 0.328 0.133 0.155 
272 UA00063545    (0)   :  0.088 0.099 0.567 0.245 
273 UA00040054    (0)   :  0.176 0.448 0.273 0.103 
274 UA00058447    (0)   :  0.458 0.200 0.205 0.136 
275 UA00046835    (0)   :  0.529 0.194 0.139 0.138 
276 UA00014608    (0)   :  0.436 0.204 0.157 0.203 
277    pc012    (0)   :  0.318 0.176 0.234 0.272 
278    pc002    (0)   :  0.148 0.127 0.568 0.157 
279 UA00033690    (0)   :  0.384 0.068 0.450 0.098 
280 UA00013688    (0)   :  0.311 0.230 0.198 0.260 
281 UA00063666    (0)   :  0.597 0.081 0.265 0.057 
282 UA00063292    (0)   :  0.702 0.116 0.100 0.082 
283    pc001    (0)   :  0.295 0.267 0.191 0.248 
284    pc008    (0)   :  0.431 0.211 0.198 0.160 
285 UA00034316    (0)   :  0.109 0.245 0.332 0.313 
286 UA00013046    (0)   :  0.478 0.327 0.119 0.075 
287 UA00050241    (0)   :  0.645 0.162 0.134 0.059 
288 UA00048599    (0)   :  0.641 0.161 0.101 0.098 
289 UA00046649    (0)   :  0.156 0.153 0.600 0.091 
290 UA00015674    (0)   :  0.207 0.073 0.584 0.136 
291 UA00013177    (0)   :  0.392 0.125 0.264 0.218 
292 UA00012814    (0)   :  0.218 0.416 0.161 0.205 
293 UA00034654    (0)   :  0.380 0.366 0.137 0.116 
294 UA00046743    (0)   :  0.552 0.225 0.117 0.107 
295 UA00014854    (0)   :  0.398 0.145 0.402 0.055 
296 UA00013729    (0)   :  0.192 0.481 0.172 0.156 
297 UA00063483    (0)   :  0.604 0.145 0.152 0.099 
298 UA00039326    (0)   :  0.300 0.215 0.366 0.120 
299 UA00014742    (0)   :  0.635 0.153 0.130 0.082 
300 UA00049597    (0)   :  0.170 0.101 0.680 0.050 
301 UA00048067    (0)   :  0.396 0.099 0.350 0.155 
302 UA00012918    (0)   :  0.402 0.080 0.458 0.060 
303 UA00013487    (0)   :  0.073 0.797 0.067 0.062 
304 UA00046759    (0)   :  0.204 0.149 0.340 0.307 
305 UA00050164    (0)   :  0.075 0.152 0.661 0.113 
306 UA00049839    (0)   :  0.602 0.161 0.111 0.126 
307 UA00048444    (0)   :  0.642 0.062 0.216 0.080 
308 UA00063857    (0)   :  0.517 0.235 0.181 0.067 
309 UA00014921    (0)   :  0.192 0.106 0.642 0.060 
310 UA00048895    (0)   :  0.215 0.121 0.549 0.116 
311 UA00014556    (0)   :  0.240 0.194 0.213 0.353 
312    pc009    (0)   :  0.734 0.110 0.105 0.052 
313 UA00014959    (0)   :  0.177 0.108 0.637 0.077 
314 UA00020709    (0)   :  0.240 0.264 0.358 0.138 
315 UA00013126    (0)   :  0.082 0.060 0.776 0.082 
316 UA00013695    (0)   :  0.086 0.077 0.752 0.084 
317 UA00049344    (0)   :  0.118 0.091 0.684 0.107 
318 UA00047614    (0)   :  0.081 0.059 0.694 0.166 
319 UA00014221    (0)   :  0.725 0.146 0.061 0.069 
320 UA00014346    (0)   :  0.598 0.099 0.163 0.140 
321 UA00014245    (0)   :  0.293 0.149 0.477 0.081 
322 UA00014696    (0)   :  0.052 0.084 0.721 0.142 
323 UA00006991    (0)   :  0.191 0.409 0.148 0.252 
324 UA00048948    (0)   :  0.320 0.309 0.161 0.210 
325 UA00002239    (0)   :  0.124 0.436 0.190 0.250 
326 UA00063459    (0)   :  0.688 0.095 0.159 0.058 
327 UA00048356    (0)   :  0.454 0.117 0.191 0.237 
328 UA00063940    (0)   :  0.244 0.297 0.168 0.292 
329 UA00048130    (0)   :  0.656 0.109 0.113 0.122 
330 UA00048903    (0)   :  0.418 0.432 0.068 0.081 
331 UA00064643    (0)   :  0.283 0.319 0.197 0.200 
332 UA00050233    (0)   :  0.324 0.320 0.113 0.243 
333 UA00012507    (0)   :  0.162 0.298 0.100 0.441 
334 UA00064416    (0)   :  0.135 0.651 0.098 0.115 
335 UA00034724    (0)   :  0.387 0.341 0.110 0.161 
336 UA00002621    (0)   :  0.494 0.302 0.103 0.101 
337 UA00033203    (0)   :  0.093 0.668 0.127 0.112 
338 UA00011996    (0)   :  0.347 0.270 0.278 0.105 
339 UA00014408    (0)   :  0.125 0.240 0.138 0.497 
340 UA00049502    (0)   :  0.451 0.143 0.124 0.282 
341 UA00062695    (0)   :  0.435 0.145 0.248 0.173 
342 UA00014072    (0)   :  0.577 0.160 0.144 0.119 
343 UA00003334    (0)   :  0.594 0.216 0.106 0.084 
344 UA00013835    (0)   :  0.370 0.197 0.277 0.156 
345 UA00046760    (0)   :  0.356 0.154 0.386 0.104 
346 UA00014241    (0)   :  0.366 0.372 0.100 0.161 
347 UA00049585    (0)   :  0.600 0.199 0.134 0.068 
348 UA00013409    (0)   :  0.470 0.106 0.148 0.276 
349 UA00047548    (0)   :  0.308 0.445 0.159 0.087 
350 UA00049038    (0)   :  0.216 0.114 0.480 0.190 
351 UA00047612    (0)   :  0.409 0.254 0.137 0.200 
352 UA00014822    (0)   :  0.144 0.101 0.503 0.252 
353 UA00035299    (0)   :  0.251 0.415 0.166 0.168 
354 UA00012804    (0)   :  0.171 0.142 0.556 0.131 
355 UA00049578    (0)   :  0.311 0.222 0.139 0.328 
356 UA00047672    (0)   :  0.065 0.702 0.095 0.138 
357 UA00043961    (0)   :  0.144 0.086 0.631 0.138 
358 UA00064575    (0)   :  0.388 0.118 0.136 0.357 
359 UA00014732    (0)   :  0.255 0.447 0.104 0.194 
360 UA00050181    (0)   :  0.194 0.487 0.095 0.224 
361 UA00033369    (0)   :  0.114 0.238 0.461 0.187 
362 UA00011982    (0)   :  0.148 0.722 0.067 0.063 
363 UA00014590    (0)   :  0.128 0.414 0.268 0.191 
364 UA00047743    (0)   :  0.138 0.640 0.126 0.095 
365 UA00046621    (0)   :  0.181 0.656 0.093 0.070 
366 UA00050422    (0)   :  0.234 0.290 0.135 0.341 
367 UA00002760    (0)   :  0.358 0.284 0.241 0.118 
368 UA00012999    (0)   :  0.185 0.372 0.335 0.108 
369 UA00063838    (0)   :  0.414 0.339 0.111 0.135 
370 UA00003729    (0)   :  0.246 0.104 0.364 0.286 
371 UA00015348    (0)   :  0.559 0.116 0.180 0.145 
372 UA00019058    (0)   :  0.559 0.121 0.128 0.192 
373 UA00049549    (0)   :  0.595 0.073 0.274 0.058 
374 UA00014334    (0)   :  0.143 0.384 0.167 0.306 
375 UA00014350    (0)   :  0.101 0.796 0.052 0.050 
376 UA00049227    (0)   :  0.132 0.170 0.455 0.243 
377 UA00014051    (0)   :  0.113 0.454 0.068 0.365 
378 UA00034381    (0)   :  0.350 0.294 0.120 0.236 
379 UA00002354    (0)   :  0.127 0.713 0.075 0.085 
380 UA00049892    (0)   :  0.428 0.256 0.241 0.075 
381 UA00021989    (0)   :  0.335 0.417 0.079 0.168 
382 UA00048968    (0)   :  0.217 0.493 0.107 0.183 
383 UA00013174    (0)   :  0.164 0.511 0.134 0.192 
384 UA00033992    (0)   :  0.133 0.366 0.390 0.110 
385 UA00015801    (0)   :  0.217 0.664 0.058 0.061 
386 UA00063303    (0)   :  0.249 0.148 0.469 0.134 
387 UA00050206    (0)   :  0.760 0.096 0.062 0.082 
388 UA00014458    (0)   :  0.336 0.275 0.209 0.180 
389 UA00007204    (0)   :  0.536 0.187 0.185 0.092 
390 UA00063212    (0)   :  0.332 0.107 0.314 0.247 
391 UA00013340    (0)   :  0.327 0.256 0.305 0.112 
392 UA00062743    (0)   :  0.091 0.490 0.088 0.331 
393 UA00063189    (0)   :  0.110 0.151 0.132 0.607 
394 UA00035432    (0)   :  0.550 0.259 0.099 0.091 
395 UA00007958    (0)   :  0.300 0.478 0.104 0.118 
396 UA00013634    (0)   :  0.110 0.611 0.087 0.192 
397 UA00048175    (0)   :  0.093 0.747 0.048 0.112 
398 UA00003202    (0)   :  0.427 0.306 0.129 0.139 
399 UA00035090    (0)   :  0.380 0.238 0.153 0.228 
400 UA00064679    (0)   :  0.148 0.214 0.130 0.508 
401 UA00039518    (0)   :  0.277 0.491 0.118 0.114 
402 UA00058268    (0)   :  0.306 0.365 0.158 0.170 
403 UA00049456    (0)   :  0.281 0.168 0.417 0.134 
404 UA00049550    (0)   :  0.496 0.174 0.097 0.233 
405 UA00048342    (0)   :  0.295 0.182 0.383 0.140 
406 UA00063493    (0)   :  0.427 0.383 0.091 0.098 
407 UA00058261    (0)   :  0.122 0.464 0.089 0.325 
408 UA00014663    (0)   :  0.183 0.419 0.176 0.222 
409 UA00048817    (0)   :  0.121 0.336 0.363 0.179 
410 UA00049381    (0)   :  0.138 0.578 0.084 0.200 
411 UA00035901    (0)   :  0.195 0.186 0.172 0.446 
412 UA00013301    (0)   :  0.557 0.102 0.150 0.192 
413 UA00047926    (0)   :  0.108 0.471 0.188 0.233 
414 UA00007272    (0)   :  0.087 0.332 0.154 0.427 
415 UA00016041    (0)   :  0.435 0.206 0.244 0.116 
416 UA00013502    (0)   :  0.340 0.399 0.072 0.189 
417 UA00002390    (0)   :  0.181 0.334 0.335 0.151 
418 UA00034907    (0)   :  0.382 0.232 0.133 0.254 
419 UA00048821    (0)   :  0.169 0.247 0.327 0.258 
420 UA00002136    (0)   :  0.359 0.118 0.356 0.168 
421 UA00011790    (0)   :  0.150 0.484 0.143 0.223 
422 UA00021586    (0)   :  0.214 0.231 0.360 0.194 
423 UA00033270    (0)   :  0.328 0.291 0.152 0.229 
424 UA00048073    (0)   :  0.410 0.283 0.159 0.148 
425 UA00048856    (0)   :  0.266 0.258 0.141 0.335 
426 UA00049713    (0)   :  0.159 0.525 0.143 0.173 
427 UA00046885    (0)   :  0.436 0.278 0.151 0.135 
428 UA00034893    (0)   :  0.361 0.411 0.129 0.099 
429 UA00048011    (0)   :  0.271 0.420 0.070 0.238 
430 UA00015786    (0)   :  0.182 0.254 0.204 0.360 
431 UA00013162    (0)   :  0.066 0.476 0.155 0.304 
432 UA00049512    (0)   :  0.415 0.181 0.201 0.203 
433 UA00004046    (0)   :  0.121 0.647 0.073 0.160 
434 UA00048881    (0)   :  0.167 0.151 0.287 0.395 
435 UA00046610    (0)   :  0.151 0.275 0.282 0.291 
436 UA00033282    (0)   :  0.300 0.222 0.237 0.242 
437 UA00047561    (0)   :  0.136 0.593 0.109 0.162 
438 UA00013777    (0)   :  0.140 0.332 0.099 0.428 
439 UA00062849    (0)   :  0.637 0.131 0.114 0.117 
440 UA00049786    (0)   :  0.088 0.649 0.062 0.201 
441 UA00033246    (0)   :  0.743 0.101 0.095 0.060 
442 UA00045302    (0)   :  0.310 0.315 0.244 0.131 
443 UA00048637    (0)   :  0.132 0.592 0.088 0.188 
444 UA00049832    (0)   :  0.364 0.173 0.367 0.095 
445 UA00022023    (0)   :  0.150 0.320 0.358 0.171 
446 UA00050192    (0)   :  0.146 0.242 0.475 0.136 
447 UA00050413    (0)   :  0.329 0.332 0.157 0.182 
448 UA00013445    (0)   :  0.230 0.577 0.080 0.113 
449 UA00035496    (0)   :  0.238 0.194 0.156 0.412 
450 UA00003333    (0)   :  0.133 0.213 0.235 0.418 
451 UA00064008    (0)   :  0.159 0.254 0.102 0.485 
452 UA00003427    (0)   :  0.191 0.215 0.372 0.222 
453 UA00028092    (0)   :  0.203 0.156 0.375 0.267 
454    pc003    (0)   :  0.093 0.096 0.176 0.635 
455 UA00034440    (0)   :  0.541 0.170 0.103 0.186 
456 UA00026062    (0)   :  0.070 0.665 0.135 0.130 
457 UA00014347    (0)   :  0.293 0.173 0.255 0.279 
458 UA00021516    (0)   :  0.168 0.608 0.100 0.124 
459 UA00049347    (0)   :  0.142 0.227 0.106 0.525 
460 UA00063436    (0)   :  0.273 0.111 0.127 0.489 
461 UA00047790    (0)   :  0.147 0.505 0.140 0.208 
462 UA00045714    (0)   :  0.146 0.193 0.216 0.446 
463 UA00038979    (0)   :  0.465 0.126 0.278 0.131 
464 UA00016123    (0)   :  0.146 0.306 0.201 0.347 
465 UA00034765    (0)   :  0.068 0.105 0.065 0.763 
466 UA00063815    (0)   :  0.131 0.079 0.230 0.560 
467 UA00034795    (0)   :  0.552 0.162 0.128 0.159 
468 UA00004000    (0)   :  0.108 0.100 0.110 0.682 
469 UA00049367    (0)   :  0.479 0.196 0.087 0.238 
470 UA00034457    (0)   :  0.259 0.443 0.174 0.125 
471 UA00050015    (0)   :  0.425 0.140 0.244 0.192 
472 UA00021373    (0)   :  0.281 0.338 0.169 0.212 
473 UA00050232    (0)   :  0.099 0.088 0.190 0.623 
474 UA00038724    (0)   :  0.340 0.174 0.363 0.123 
475 UA00007824    (0)   :  0.099 0.406 0.260 0.235 
476 UA00048754    (0)   :  0.116 0.348 0.080 0.455 
477 UA00014271    (0)   :  0.314 0.325 0.204 0.157 
478 UA00013756    (0)   :  0.333 0.117 0.266 0.285 
479 UA00014385    (0)   :  0.114 0.192 0.237 0.457 
480 UA00049609    (0)   :  0.543 0.200 0.121 0.136 
481 UA00003748    (0)   :  0.102 0.221 0.097 0.580 
482 UA00063952    (0)   :  0.167 0.229 0.080 0.524 
483 UA00058348    (0)   :  0.189 0.128 0.076 0.606 
484 UA00014922    (0)   :  0.105 0.101 0.113 0.680 
485 UA00003820    (0)   :  0.113 0.436 0.077 0.375 
486 UA00013693    (0)   :  0.178 0.247 0.207 0.369 
487 UA00047713    (0)   :  0.078 0.135 0.074 0.713 
488 UA00034891    (0)   :  0.188 0.097 0.190 0.524 
489 UA00049223    (0)   :  0.216 0.198 0.115 0.471 
490 UA00064399    (0)   :  0.045 0.074 0.349 0.531 
491 UA00013336    (0)   :  0.089 0.071 0.161 0.679 
492 UA00035291    (0)   :  0.053 0.090 0.155 0.702 
493 UA00003945    (0)   :  0.107 0.129 0.128 0.635 
494 UA00014518    (0)   :  0.094 0.187 0.117 0.603 
495 UA00013583    (0)   :  0.121 0.089 0.522 0.268 
496 UA00011510    (0)   :  0.121 0.148 0.161 0.570 
497 UA00046860    (0)   :  0.122 0.257 0.155 0.467 
498 UA00048853    (0)   :  0.118 0.159 0.265 0.458 
499 UA00012151    (0)   :  0.065 0.107 0.100 0.728 
500 UA00063930    (0)   :  0.229 0.096 0.468 0.207 
501 UA00013453    (0)   :  0.173 0.206 0.234 0.386 
502 UA00039299    (0)   :  0.076 0.076 0.107 0.741 
503 UA00014280    (0)   :  0.082 0.063 0.061 0.795 
504 UA00014200    (0)   :  0.067 0.180 0.089 0.663 
505 UA00040612    (0)   :  0.063 0.080 0.197 0.660 
506 UA00062679    (0)   :  0.079 0.078 0.150 0.693 
507 UA00034481    (0)   :  0.105 0.107 0.094 0.694 
508 UA00011880    (0)   :  0.333 0.088 0.420 0.158 
509 UA00013421    (0)   :  0.048 0.075 0.249 0.627 
510 UA00048051    (0)   :  0.057 0.062 0.091 0.790 
511 UA00063370    (0)   :  0.063 0.060 0.216 0.660 
512 UA00014716    (0)   :  0.084 0.073 0.162 0.681 
513 UA00033426    (0)   :  0.067 0.203 0.234 0.496 
514 UA00015190    (0)   :  0.065 0.084 0.348 0.504 
515 UA00013730    (0)   :  0.338 0.339 0.203 0.120 
516 UA00047644    (4)   :  0.097 0.114 0.282 0.507 
517 UA00031933    (9)   :  0.181 0.406 0.132 0.280 
518 UA00031541    (9)   :  0.174 0.173 0.192 0.460 
519   PCO-60    (4)   :  0.275 0.266 0.139 0.319 
520 UA00030495    (4)   :  0.263 0.198 0.262 0.278 
521 UA00031133    (4)   :  0.704 0.092 0.133 0.070 
522 UA00032049    (4)   :  0.163 0.143 0.499 0.196 
523 UA00030599    (4)   :  0.549 0.086 0.228 0.137 
524 UA00030250    (4)   :  0.156 0.621 0.104 0.119 
525 UA00049385    (4)   :  0.407 0.110 0.303 0.180 
526 UA00031816    (4)   :  0.719 0.074 0.127 0.079 
527 UA00030275    (4)   :  0.167 0.343 0.255 0.235 
528 UA00041861    (4)   :  0.201 0.316 0.219 0.264 
529 UA00041433    (4)   :  0.348 0.428 0.090 0.134 
530  PCO-114    (4)   :  0.115 0.492 0.093 0.300 
531 UA00031529    (4)   :  0.371 0.289 0.128 0.211 
532 UA00039719    (4)   :  0.301 0.372 0.101 0.226 
533  PCO-442    (4)   :  0.148 0.677 0.074 0.102 
534   PCO-58    (0)   :  0.072 0.602 0.133 0.193 
535 UA00048673    (4)   :  0.328 0.203 0.165 0.305 
536   PCO-63    (4)   :  0.424 0.331 0.085 0.160 


Estimated Allele Frequencies in each cluster
First column gives estimated ancestral frequencies


Locus 1 : PP01 
2 alleles
0.0% missing data
   1   (0.599) 0.521 0.665 0.818 0.358 
   2   (0.401) 0.479 0.335 0.182 0.642 

Locus 2 : PP02 
2 alleles
0.0% missing data
   1   (0.885) 0.873 0.909 0.985 0.961 
   2   (0.115) 0.127 0.091 0.015 0.039 

Locus 3 : PP03 
2 alleles
18.3% missing data
   1   (0.797) 0.654 0.855 0.887 0.954 
   2   (0.203) 0.346 0.145 0.113 0.046 

Locus 4 : PP04 
2 alleles
0.4% missing data
   1   (0.696) 0.473 0.782 0.647 0.945 
   2   (0.304) 0.527 0.218 0.353 0.055 

Locus 5 : PP06 
2 alleles
0.0% missing data
   1   (0.633) 0.783 0.572 0.655 0.596 
   2   (0.367) 0.217 0.428 0.345 0.404 

Locus 6 : PP07 
2 alleles
0.0% missing data
   1   (0.706) 0.553 0.704 0.820 0.924 
   2   (0.294) 0.447 0.296 0.180 0.076 

Locus 7 : PP09 
2 alleles
0.0% missing data
   1   (0.465) 0.765 0.330 0.639 0.089 
   2   (0.535) 0.235 0.670 0.361 0.911 

Locus 8 : PP10 
2 alleles
0.0% missing data
   1   (0.188) 0.058 0.082 0.389 0.365 
   2   (0.812) 0.942 0.918 0.611 0.635 

Locus 9 : PP11 
2 alleles
0.0% missing data
   1   (0.692) 0.847 0.521 0.770 0.811 
   2   (0.308) 0.153 0.479 0.230 0.189 

Locus 10 : PP12 
2 alleles
0.2% missing data
   1   (0.403) 0.507 0.454 0.310 0.164 
   2   (0.597) 0.493 0.546 0.690 0.836 

Locus 11 : PP13 
2 alleles
0.0% missing data
   1   (0.196) 0.051 0.161 0.447 0.126 
   2   (0.804) 0.949 0.839 0.553 0.874 

Locus 12 : PP14 
2 alleles
0.2% missing data
   1   (0.847) 0.942 0.790 0.949 0.908 
   2   (0.153) 0.058 0.210 0.051 0.092 

Locus 13 : PP15 
2 alleles
0.0% missing data
   1   (0.870) 0.928 0.975 0.476 0.943 
   2   (0.130) 0.072 0.025 0.524 0.057 

Locus 14 : PP16 
2 alleles
0.0% missing data
   1   (0.526) 0.703 0.490 0.447 0.390 
   2   (0.474) 0.297 0.510 0.553 0.610 

Locus 15 : PP17 
2 alleles
0.2% missing data
   1   (0.635) 0.584 0.683 0.804 0.534 
   2   (0.365) 0.416 0.317 0.196 0.466 

Locus 16 : PP18 
2 alleles
0.7% missing data
   1   (0.749) 0.773 0.668 0.880 0.908 
   2   (0.251) 0.227 0.332 0.120 0.092 

Locus 17 : PP20 
2 alleles
0.0% missing data
   1   (0.614) 0.618 0.693 0.649 0.513 
   2   (0.386) 0.382 0.307 0.351 0.487 

Locus 18 : PP21 
2 alleles
14.9% missing data
   1   (0.853) 0.773 0.851 0.956 0.982 
   2   (0.147) 0.227 0.149 0.044 0.018 

Locus 19 : PP22 
2 alleles
1.3% missing data
   1   (0.374) 0.233 0.737 0.100 0.210 
   2   (0.626) 0.767 0.263 0.900 0.790 

Locus 20 : PP23 
2 alleles
0.7% missing data
   1   (0.635) 0.633 0.579 0.737 0.782 
   2   (0.365) 0.367 0.421 0.263 0.218 

Locus 21 : PP24 
2 alleles
0.2% missing data
   1   (0.791) 0.847 0.908 0.831 0.608 
   2   (0.209) 0.153 0.092 0.169 0.392 

Locus 22 : PP25 
2 alleles
0.6% missing data
   1   (0.402) 0.378 0.232 0.644 0.453 
   2   (0.598) 0.622 0.768 0.356 0.547 

Values of parameters used in structure:
DATAFILE=Puma_SNP_genotypes_cut_AZ_final_HWEonly.str,	OUTFILE=outputfile_K4_4,	NUMINDS=536,	NUMLOCI=22,	MISSING=-9,	LABEL=1,	POPDATA=0,	POPFLAG=0,	PHENOTYPE=0,	EXTRACOLS=0,	MAXPOPS=4,	BURNIN=100000,	NUMREPS=500000,	USEPOPINFO=0,	INFERALPHA=1,	INFERLAMBDA=0,	POPSPECIFICLAMBDA=0,	POPALPHAS=0,	COMPUTEPROB=1,	NOADMIX=0,	ADMBURNIN=2500,	UPDATEFREQ=200,	PRINTLIKES=0,	INTERMEDSAVE=0,	PRINTKLD=0,	PRINTNET=0,	PRINTLAMBDA=0,	ANCESTDIST=0,	NUMBOXES=1000,	ANCESTPINT=0.90000,	GENSBACK=2,	MIGRPRIOR=0.05000,	PRINTQHAT=0,	PRINTQSUM=0,	ALPHA=1.0000,	FREQSCORR=1,	FPRIORMEAN=0.0100,	FPRIORSD=0.0500,	ONEFST=0,	LAMBDA=1.0000,	UNIFPRIORALPHA=1,	ALPHAMAX=10.0000,	ALPHAPRIORA=1.0000,	ALPHAPRIORB=2.0000,	ALPHAPROPSD=0.0250,	STARTATPOPINFO=0,	RANDOMIZE=1,	LINKAGE=0,	METROFREQ=20,	REPORTHITRATE=0,	MARKOVPHASE=0,	PHASED=0,	PLOIDY=2,	PHASEINFO=0	LOCPRIOR=0, 	LOCPRIORINIT=1.000000, 	LOCDATA=0, 	LOCISPOP=0, 	LOCPRIORSTEP=0.100000, 	MAXLOCPRIOR=20.000000, 	SEED=1716613972,	
[STRAT parameters]:    NUMSIMSTATS=1000,	PHENOTYPECOL=-9,	POOLFREQ=10,	LOCUSxONLY=0,	EMERROR=0.00100,	MISSINGPHENO=-9,	