

----------------------------------------------------
STRUCTURE by Pritchard, Stephens and Donnelly (2000)
     and Falush, Stephens and Pritchard (2003)
       Code by Pritchard, Falush and Hubisz
             Version 2.3.4 (Jul 2012)
----------------------------------------------------



Command line arguments:   structure -K 10 -o outputfile_K10_7 
Input File:    Puma_SNP_genotypes_cut_AZ_final_HWEonly.str

Run parameters:
   536 individuals
   22 loci
   10 populations assumed
   100000 Burn-in period
   500000 Reps


--------------------------------------------
Overall proportion of membership of the
sample in each of the 10 clusters

Inferred Clusters
  1      2      3      4      5      6      7      8      9     10    
0.080  0.101  0.102  0.106  0.102  0.101  0.101  0.101  0.102  0.102  

--------------------------------------------

Allele-freq. divergence among pops (Net nucleotide distance),
computed using point estimates of P.

      1       2       3       4       5       6       7       8       9      10      
 1      -    0.0717  0.0772  0.0937  0.0770  0.0716  0.0694  0.0749  0.0810  0.0741  
 2   0.0717     -    0.0007  0.0404  0.0009  0.0004  0.0002  0.0003  0.0012  0.0005  
 3   0.0772  0.0007     -    0.0454  0.0001  0.0006  0.0010  0.0007  0.0003  0.0003  
 4   0.0937  0.0404  0.0454     -    0.0465  0.0413  0.0381  0.0401  0.0489  0.0443  
 5   0.0770  0.0009  0.0001  0.0465     -    0.0005  0.0011  0.0011  0.0005  0.0002  
 6   0.0716  0.0004  0.0006  0.0413  0.0005     -    0.0004  0.0009  0.0013  0.0001  
 7   0.0694  0.0002  0.0010  0.0381  0.0011  0.0004     -    0.0004  0.0017  0.0006  
 8   0.0749  0.0003  0.0007  0.0401  0.0011  0.0009  0.0004     -    0.0011  0.0009  
 9   0.0810  0.0012  0.0003  0.0489  0.0005  0.0013  0.0017  0.0011     -    0.0008  
10   0.0741  0.0005  0.0003  0.0443  0.0002  0.0001  0.0006  0.0009  0.0008     -    

Average distances (expected heterozygosity) between individuals in same cluster:
cluster  1  : 0.2427 
cluster  2  : 0.3786 
cluster  3  : 0.3767 
cluster  4  : 0.2611 
cluster  5  : 0.3773 
cluster  6  : 0.3781 
cluster  7  : 0.3800 
cluster  8  : 0.3779 
cluster  9  : 0.3727 
cluster 10  : 0.3780 

--------------------------------------------
Estimated Ln Prob of Data   = -13816.8
Mean value of ln likelihood = -12247.4
Variance of ln likelihood   = 3138.7
Mean value of alpha         = 0.0796

Mean value of Fst_1         = 0.3998
Mean value of Fst_2         = 0.0473
Mean value of Fst_3         = 0.0864
Mean value of Fst_4         = 0.2929
Mean value of Fst_5         = 0.0892
Mean value of Fst_6         = 0.0444
Mean value of Fst_7         = 0.0042
Mean value of Fst_8         = 0.0527
Mean value of Fst_9         = 0.1053
Mean value of Fst_10         = 0.0713


Inferred ancestry of individuals:
        Label (%Miss) :  Inferred clusters
  1 UA00063336   (13)   :  0.254 0.101 0.083 0.034 0.076 0.092 0.107 0.090 0.078 0.086 
  2 UA00048914    (9)   :  0.038 0.115 0.101 0.113 0.094 0.114 0.130 0.112 0.084 0.100 
  3 UA00014769   (13)   :  0.017 0.083 0.175 0.009 0.154 0.072 0.058 0.117 0.201 0.115 
  4 UA00008132   (13)   :  0.057 0.112 0.106 0.040 0.104 0.118 0.134 0.119 0.101 0.109 
  5 UA00030462   (13)   :  0.034 0.118 0.098 0.136 0.088 0.112 0.124 0.111 0.082 0.097 
  6 UA00034866   (13)   :  0.012 0.123 0.098 0.086 0.098 0.123 0.149 0.121 0.079 0.111 
  7 UA00034800    (9)   :  0.506 0.057 0.055 0.045 0.054 0.059 0.068 0.054 0.049 0.053 
  8  Puco006    (9)   :  0.025 0.034 0.030 0.718 0.027 0.032 0.035 0.040 0.027 0.032 
  9 UA00048874    (4)   :  0.321 0.085 0.069 0.061 0.066 0.082 0.098 0.083 0.060 0.075 
 10 UA00049060    (9)   :  0.033 0.119 0.118 0.019 0.116 0.113 0.108 0.111 0.149 0.113 
 11 UA00033413    (9)   :  0.016 0.098 0.137 0.032 0.156 0.129 0.078 0.081 0.141 0.133 
 12  Puco021    (9)   :  0.052 0.101 0.128 0.015 0.151 0.121 0.070 0.070 0.146 0.146 
 13  Puco026    (9)   :  0.037 0.128 0.116 0.015 0.112 0.116 0.109 0.106 0.132 0.128 
 14  Puco008    (9)   :  0.106 0.102 0.078 0.154 0.078 0.100 0.115 0.102 0.072 0.093 
 15   M01301    (9)   :  0.011 0.090 0.131 0.073 0.143 0.120 0.086 0.087 0.133 0.126 
 16   M06306    (9)   :  0.221 0.104 0.088 0.016 0.091 0.107 0.098 0.087 0.090 0.098 
 17 UA00032185    (9)   :  0.042 0.113 0.118 0.055 0.111 0.119 0.124 0.106 0.104 0.107 
 18 UA00030792    (9)   :  0.918 0.009 0.009 0.010 0.009 0.009 0.009 0.009 0.009 0.009 
 19 UA00031647    (9)   :  0.103 0.120 0.092 0.066 0.088 0.110 0.131 0.111 0.075 0.102 
 20 UA00031979    (9)   :  0.025 0.138 0.118 0.055 0.106 0.112 0.107 0.108 0.115 0.116 
 21  Puco016    (9)   :  0.016 0.130 0.098 0.141 0.086 0.104 0.111 0.115 0.096 0.105 
 22  Puco010    (9)   :  0.028 0.108 0.132 0.027 0.127 0.123 0.121 0.108 0.108 0.120 
 23    M1035    (9)   :  0.058 0.124 0.097 0.017 0.103 0.120 0.148 0.128 0.096 0.110 
 24 UA00034601    (9)   :  0.042 0.127 0.108 0.064 0.105 0.119 0.110 0.106 0.109 0.109 
 25 UA00050388    (9)   :  0.042 0.125 0.098 0.057 0.098 0.123 0.136 0.112 0.093 0.116 
 26 UA00048699    (9)   :  0.020 0.101 0.082 0.283 0.073 0.089 0.091 0.093 0.088 0.080 
 27 UA00064058    (9)   :  0.039 0.123 0.114 0.018 0.108 0.112 0.119 0.126 0.129 0.113 
 28 UA00033981    (9)   :  0.030 0.096 0.125 0.031 0.151 0.136 0.090 0.091 0.111 0.139 
 29   F05033    (9)   :  0.019 0.113 0.119 0.020 0.119 0.118 0.106 0.116 0.150 0.120 
 30 UA00048520    (4)   :  0.098 0.114 0.106 0.058 0.106 0.110 0.106 0.090 0.110 0.103 
 31 UA00048422    (4)   :  0.793 0.023 0.023 0.017 0.023 0.025 0.025 0.024 0.022 0.024 
 32    PucoB    (4)   :  0.027 0.134 0.130 0.011 0.125 0.121 0.077 0.084 0.162 0.128 
 33 UA00047393    (4)   :  0.081 0.109 0.116 0.023 0.116 0.102 0.131 0.121 0.100 0.101 
 34 UA00064521    (4)   :  0.024 0.125 0.096 0.149 0.084 0.118 0.108 0.105 0.087 0.106 
 35 UA00003043    (4)   :  0.013 0.111 0.107 0.118 0.102 0.104 0.115 0.116 0.103 0.110 
 36 UA00063025    (4)   :  0.112 0.105 0.086 0.101 0.083 0.108 0.133 0.100 0.075 0.098 
 37 UA00063826    (4)   :  0.028 0.111 0.113 0.020 0.119 0.135 0.133 0.107 0.098 0.136 
 38   F07407    (4)   :  0.138 0.108 0.112 0.019 0.113 0.102 0.086 0.072 0.132 0.117 
 39 UA00021658    (4)   :  0.027 0.118 0.111 0.030 0.112 0.120 0.136 0.120 0.113 0.113 
 40 UA00003794    (4)   :  0.106 0.111 0.112 0.024 0.118 0.105 0.078 0.081 0.145 0.121 
 41 UA00041322    (4)   :  0.036 0.129 0.096 0.047 0.091 0.125 0.162 0.121 0.080 0.113 
 42 UA00063316    (4)   :  0.055 0.122 0.097 0.061 0.094 0.121 0.141 0.118 0.081 0.110 
 43 UA00047705    (4)   :  0.026 0.131 0.112 0.044 0.107 0.126 0.118 0.102 0.118 0.116 
 44 UA00033904    (4)   :  0.260 0.111 0.077 0.030 0.079 0.094 0.088 0.088 0.090 0.082 
 45 UA00048100    (4)   :  0.015 0.126 0.118 0.032 0.119 0.119 0.109 0.111 0.126 0.125 
 46 UA00032212    (4)   :  0.140 0.101 0.088 0.072 0.093 0.110 0.128 0.096 0.077 0.095 
 47 UA00031574    (4)   :  0.803 0.021 0.021 0.029 0.021 0.022 0.021 0.020 0.020 0.022 
 48 UA00031228    (4)   :  0.884 0.013 0.012 0.016 0.012 0.012 0.013 0.013 0.012 0.013 
 49 UA00047707    (4)   :  0.009 0.117 0.130 0.020 0.122 0.102 0.108 0.136 0.144 0.111 
 50 UA00030906    (4)   :  0.914 0.009 0.009 0.015 0.009 0.009 0.010 0.009 0.008 0.009 
 51 UA00041567    (4)   :  0.035 0.102 0.113 0.041 0.139 0.130 0.113 0.092 0.107 0.128 
 52 UA00007624    (4)   :  0.012 0.104 0.130 0.023 0.127 0.106 0.094 0.117 0.165 0.122 
 53 UA00034514    (4)   :  0.023 0.118 0.110 0.032 0.116 0.119 0.123 0.134 0.121 0.104 
 54 UA00030480    (4)   :  0.089 0.134 0.101 0.021 0.096 0.117 0.122 0.118 0.091 0.111 
 55  Puco012    (4)   :  0.021 0.123 0.102 0.035 0.106 0.123 0.147 0.134 0.099 0.110 
 56 UA00038677    (9)   :  0.063 0.114 0.096 0.090 0.095 0.116 0.127 0.111 0.085 0.103 
 57 UA00048275    (4)   :  0.016 0.128 0.114 0.025 0.132 0.126 0.106 0.118 0.107 0.128 
 58 UA00064055    (4)   :  0.023 0.132 0.107 0.036 0.104 0.114 0.122 0.136 0.101 0.124 
 59  Puco009    (4)   :  0.013 0.113 0.097 0.149 0.097 0.107 0.120 0.115 0.086 0.103 
 60 UA00064561    (4)   :  0.013 0.082 0.152 0.047 0.149 0.070 0.067 0.132 0.191 0.097 
 61 UA00003479    (4)   :  0.021 0.125 0.111 0.048 0.114 0.113 0.120 0.128 0.111 0.108 
 62 UA00063747    (4)   :  0.010 0.123 0.137 0.037 0.134 0.100 0.097 0.109 0.138 0.114 
 63 UA00002558    (4)   :  0.016 0.104 0.100 0.136 0.099 0.121 0.134 0.106 0.078 0.106 
 64 UA00048410    (4)   :  0.011 0.107 0.110 0.130 0.099 0.095 0.103 0.117 0.129 0.099 
 65 UA00012249    (4)   :  0.013 0.121 0.113 0.069 0.108 0.094 0.094 0.126 0.161 0.101 
 66 UA00033818    (4)   :  0.494 0.057 0.055 0.047 0.055 0.064 0.061 0.052 0.056 0.058 
 67  Puco020    (4)   :  0.094 0.105 0.101 0.048 0.096 0.102 0.131 0.124 0.096 0.102 
 68 UA00002545    (9)   :  0.049 0.111 0.125 0.025 0.129 0.091 0.099 0.124 0.137 0.111 
 69 UA00048508    (4)   :  0.017 0.124 0.112 0.027 0.106 0.119 0.133 0.123 0.126 0.113 
 70 UA00064100    (4)   :  0.027 0.132 0.101 0.031 0.094 0.128 0.138 0.121 0.109 0.118 
 71 UA00014585    (4)   :  0.025 0.123 0.102 0.040 0.107 0.122 0.137 0.130 0.104 0.110 
 72 UA00063698    (4)   :  0.062 0.085 0.072 0.293 0.073 0.083 0.097 0.090 0.065 0.081 
 73 UA00049753    (4)   :  0.271 0.099 0.076 0.014 0.078 0.094 0.109 0.097 0.068 0.093 
 74 UA00049037    (4)   :  0.037 0.123 0.113 0.021 0.113 0.114 0.124 0.121 0.128 0.106 
 75 UA00034941    (4)   :  0.034 0.126 0.109 0.042 0.112 0.118 0.124 0.122 0.094 0.118 
 76 UA00008083    (4)   :  0.030 0.060 0.061 0.487 0.058 0.065 0.066 0.068 0.046 0.060 
 77 UA00015084    (4)   :  0.086 0.092 0.073 0.263 0.069 0.088 0.098 0.086 0.065 0.081 
 78 UA00041010    (9)   :  0.248 0.055 0.043 0.368 0.040 0.047 0.055 0.058 0.038 0.048 
 79 UA00035261    (4)   :  0.129 0.112 0.093 0.076 0.086 0.103 0.116 0.102 0.086 0.097 
 80 UA00035431    (4)   :  0.010 0.112 0.115 0.047 0.120 0.133 0.126 0.109 0.103 0.125 
 81 UA00045274    (0)   :  0.045 0.127 0.103 0.064 0.103 0.119 0.114 0.099 0.119 0.107 
 82 UA00028200    (4)   :  0.300 0.091 0.066 0.079 0.067 0.078 0.088 0.085 0.070 0.077 
 83 UA00064559    (0)   :  0.847 0.018 0.017 0.014 0.017 0.018 0.018 0.017 0.016 0.018 
 84 UA00040808    (0)   :  0.200 0.100 0.081 0.099 0.072 0.089 0.098 0.099 0.074 0.088 
 85 UA00049156    (0)   :  0.206 0.097 0.073 0.089 0.076 0.092 0.109 0.100 0.067 0.091 
 86 UA00003952    (4)   :  0.019 0.061 0.053 0.554 0.045 0.051 0.055 0.056 0.052 0.054 
 87 UA00063954    (0)   :  0.067 0.134 0.099 0.019 0.102 0.116 0.143 0.113 0.094 0.112 
 88 UA00062934    (0)   :  0.086 0.128 0.096 0.039 0.090 0.114 0.135 0.111 0.094 0.105 
 89 UA00033829    (0)   :  0.512 0.040 0.037 0.173 0.037 0.041 0.046 0.042 0.033 0.039 
 90 UA00064351    (4)   :  0.022 0.096 0.128 0.062 0.150 0.121 0.087 0.080 0.116 0.137 
 91 UA00003697    (4)   :  0.043 0.065 0.054 0.466 0.055 0.065 0.078 0.065 0.047 0.062 
 92 UA00063438    (4)   :  0.117 0.120 0.089 0.060 0.092 0.110 0.133 0.106 0.073 0.101 
 93 UA00007608    (0)   :  0.129 0.109 0.086 0.121 0.074 0.102 0.113 0.095 0.078 0.093 
 94 UA00019683    (4)   :  0.324 0.081 0.085 0.020 0.096 0.085 0.061 0.057 0.098 0.094 
 95 UA00007781    (0)   :  0.022 0.129 0.112 0.037 0.105 0.125 0.124 0.109 0.120 0.116 
 96 UA00002915    (0)   :  0.237 0.103 0.078 0.049 0.073 0.094 0.111 0.102 0.068 0.084 
 97  Puco031    (4)   :  0.025 0.130 0.119 0.041 0.108 0.115 0.122 0.117 0.110 0.113 
 98 UA00048280    (4)   :  0.018 0.123 0.114 0.049 0.111 0.124 0.116 0.113 0.101 0.131 
 99 UA00048589    (0)   :  0.039 0.123 0.124 0.028 0.119 0.108 0.092 0.094 0.146 0.126 
100 UA00034417    (0)   :  0.073 0.108 0.095 0.129 0.092 0.100 0.113 0.105 0.091 0.094 
101 UA00050411    (4)   :  0.010 0.118 0.119 0.020 0.116 0.105 0.101 0.137 0.165 0.111 
102  Puco029    (4)   :  0.015 0.128 0.126 0.010 0.128 0.117 0.099 0.103 0.151 0.123 
103   F03403    (4)   :  0.011 0.115 0.140 0.027 0.151 0.121 0.056 0.065 0.175 0.139 
104 UA00049904    (0)   :  0.083 0.121 0.099 0.029 0.103 0.130 0.131 0.105 0.090 0.110 
105 UA00035335    (0)   :  0.013 0.119 0.159 0.008 0.155 0.090 0.078 0.101 0.160 0.117 
106 UA00012611    (0)   :  0.021 0.135 0.104 0.018 0.105 0.126 0.140 0.128 0.108 0.116 
107 UA00050319    (0)   :  0.012 0.096 0.141 0.015 0.161 0.121 0.063 0.068 0.167 0.155 
108 UA00032068    (4)   :  0.060 0.131 0.101 0.014 0.101 0.113 0.137 0.130 0.098 0.116 
109 UA00032026    (4)   :  0.039 0.124 0.115 0.021 0.104 0.116 0.128 0.118 0.119 0.115 
110 UA00030476    (4)   :  0.039 0.111 0.132 0.012 0.147 0.109 0.057 0.067 0.176 0.151 
111 UA00046853    (0)   :  0.030 0.082 0.137 0.023 0.168 0.148 0.089 0.069 0.109 0.146 
112 UA00040156    (4)   :  0.917 0.009 0.009 0.010 0.009 0.009 0.009 0.009 0.009 0.009 
113 UA00030528    (4)   :  0.111 0.116 0.098 0.020 0.096 0.107 0.138 0.123 0.087 0.105 
114  Puco025    (4)   :  0.014 0.088 0.145 0.016 0.136 0.084 0.093 0.139 0.173 0.113 
115    pc016    (0)   :  0.922 0.009 0.008 0.010 0.008 0.009 0.009 0.009 0.008 0.008 
116 UA00030617    (4)   :  0.012 0.090 0.158 0.013 0.156 0.086 0.082 0.131 0.171 0.101 
117 UA00030585    (4)   :  0.843 0.016 0.018 0.019 0.017 0.019 0.018 0.016 0.016 0.018 
118 UA00032060    (4)   :  0.118 0.108 0.102 0.022 0.099 0.113 0.133 0.106 0.093 0.106 
119    pc007    (0)   :  0.034 0.097 0.119 0.029 0.138 0.131 0.103 0.091 0.131 0.128 
120 UA00030798    (4)   :  0.791 0.026 0.023 0.012 0.023 0.025 0.027 0.025 0.023 0.025 
121 UA00030778    (4)   :  0.009 0.132 0.119 0.014 0.114 0.113 0.119 0.131 0.133 0.116 
122 UA00039674    (4)   :  0.878 0.015 0.013 0.011 0.013 0.015 0.015 0.014 0.013 0.013 
123 UA00032241    (4)   :  0.010 0.090 0.143 0.015 0.143 0.115 0.088 0.108 0.161 0.127 
124 UA00011624    (0)   :  0.015 0.120 0.119 0.023 0.125 0.114 0.116 0.126 0.126 0.115 
125 UA00033779    (4)   :  0.016 0.085 0.139 0.024 0.166 0.138 0.070 0.071 0.144 0.147 
126 UA00049402    (4)   :  0.025 0.127 0.102 0.094 0.094 0.106 0.106 0.123 0.119 0.104 
127 UA00033653    (0)   :  0.013 0.078 0.147 0.020 0.179 0.143 0.057 0.063 0.143 0.157 
128 UA00047738    (0)   :  0.030 0.119 0.109 0.054 0.115 0.118 0.138 0.107 0.096 0.113 
129 UA00047502    (4)   :  0.037 0.118 0.100 0.116 0.094 0.108 0.120 0.125 0.078 0.105 
130 UA00012014    (4)   :  0.022 0.126 0.109 0.030 0.107 0.122 0.143 0.132 0.099 0.111 
131 UA00040729    (0)   :  0.024 0.127 0.129 0.018 0.133 0.114 0.079 0.091 0.160 0.125 
132 UA00030392    (4)   :  0.022 0.100 0.139 0.015 0.115 0.096 0.103 0.133 0.168 0.109 
133 UA00050033    (0)   :  0.034 0.103 0.121 0.022 0.123 0.110 0.124 0.126 0.121 0.115 
134 UA00012152    (0)   :  0.011 0.065 0.071 0.438 0.066 0.063 0.065 0.076 0.081 0.065 
135 UA00050406    (0)   :  0.026 0.131 0.103 0.029 0.102 0.127 0.140 0.126 0.099 0.116 
136 UA00047973    (0)   :  0.018 0.125 0.112 0.027 0.115 0.128 0.141 0.116 0.106 0.113 
137 UA00008051    (0)   :  0.052 0.106 0.118 0.069 0.111 0.106 0.125 0.110 0.095 0.108 
138 UA00047337    (4)   :  0.109 0.110 0.102 0.026 0.099 0.107 0.113 0.109 0.117 0.108 
139 UA00041604    (4)   :  0.043 0.109 0.108 0.076 0.104 0.114 0.136 0.111 0.092 0.107 
140 UA00031704    (4)   :  0.013 0.132 0.113 0.011 0.122 0.108 0.114 0.133 0.139 0.116 
141 UA00040423    (4)   :  0.052 0.126 0.114 0.020 0.106 0.110 0.124 0.131 0.097 0.120 
142 UA00049433    (0)   :  0.036 0.124 0.103 0.064 0.100 0.111 0.121 0.133 0.097 0.112 
143 UA00034816    (0)   :  0.021 0.087 0.139 0.078 0.131 0.078 0.082 0.119 0.167 0.097 
144 UA00050214    (0)   :  0.014 0.072 0.169 0.015 0.156 0.062 0.062 0.144 0.204 0.103 
145 UA00041073    (0)   :  0.039 0.100 0.116 0.054 0.112 0.109 0.128 0.127 0.107 0.109 
146 UA00030318    (4)   :  0.016 0.106 0.131 0.046 0.124 0.104 0.105 0.126 0.137 0.105 
147 UA00046845    (0)   :  0.030 0.105 0.116 0.086 0.104 0.095 0.101 0.121 0.144 0.097 
148 UA00063946    (0)   :  0.022 0.088 0.142 0.019 0.168 0.135 0.051 0.063 0.155 0.157 
149 UA00031374    (4)   :  0.024 0.119 0.124 0.043 0.114 0.114 0.127 0.120 0.109 0.106 
150    M1136    (4)   :  0.305 0.076 0.089 0.023 0.082 0.073 0.095 0.092 0.088 0.077 
151 UA00034299    (0)   :  0.019 0.082 0.174 0.021 0.157 0.062 0.060 0.128 0.190 0.105 
152 UA00002387    (4)   :  0.011 0.119 0.121 0.046 0.115 0.107 0.107 0.138 0.118 0.119 
153 UA00021855    (0)   :  0.024 0.112 0.118 0.034 0.123 0.133 0.131 0.112 0.095 0.118 
154 UA00014500    (0)   :  0.033 0.132 0.101 0.018 0.111 0.121 0.130 0.127 0.116 0.110 
155 UA00050419    (4)   :  0.012 0.066 0.177 0.020 0.158 0.056 0.059 0.136 0.217 0.099 
156 UA00031854    (4)   :  0.026 0.117 0.102 0.064 0.108 0.116 0.129 0.115 0.114 0.110 
157    pc011    (4)   :  0.013 0.120 0.124 0.027 0.123 0.093 0.093 0.130 0.172 0.105 
158 UA00033004    (0)   :  0.043 0.123 0.108 0.032 0.108 0.107 0.119 0.126 0.119 0.115 
159 UA00046510    (0)   :  0.016 0.114 0.106 0.112 0.102 0.102 0.112 0.115 0.115 0.106 
160 UA00048747    (0)   :  0.017 0.114 0.121 0.045 0.116 0.103 0.113 0.135 0.128 0.107 
161 UA00014293    (0)   :  0.016 0.124 0.120 0.028 0.122 0.099 0.097 0.133 0.146 0.115 
162 UA00047686    (0)   :  0.024 0.109 0.101 0.142 0.088 0.104 0.123 0.115 0.090 0.104 
163 UA00033783    (4)   :  0.274 0.078 0.086 0.090 0.085 0.081 0.069 0.067 0.083 0.086 
164 UA00042609    (4)   :  0.031 0.108 0.093 0.214 0.090 0.088 0.093 0.106 0.083 0.095 
165 UA00031169    (4)   :  0.020 0.090 0.151 0.017 0.146 0.069 0.085 0.135 0.178 0.109 
166 UA00035181    (0)   :  0.008 0.132 0.116 0.016 0.114 0.127 0.110 0.110 0.145 0.123 
167 UA00050133    (0)   :  0.026 0.124 0.119 0.038 0.112 0.112 0.125 0.121 0.111 0.113 
168  Puco011    (4)   :  0.023 0.122 0.119 0.035 0.115 0.098 0.095 0.126 0.154 0.113 
169 UA00041476    (0)   :  0.048 0.108 0.116 0.059 0.109 0.103 0.123 0.124 0.107 0.103 
170 UA00046702    (0)   :  0.017 0.095 0.133 0.020 0.124 0.084 0.083 0.135 0.205 0.103 
171 UA00019940    (0)   :  0.023 0.112 0.128 0.044 0.126 0.108 0.125 0.123 0.102 0.110 
172 UA00049813    (0)   :  0.027 0.101 0.131 0.025 0.139 0.136 0.110 0.097 0.105 0.128 
173 UA00064165    (0)   :  0.029 0.089 0.078 0.317 0.072 0.086 0.098 0.086 0.069 0.076 
174 UA00064421    (0)   :  0.011 0.099 0.091 0.247 0.082 0.096 0.102 0.101 0.083 0.088 
175 UA00064569    (4)   :  0.009 0.095 0.140 0.023 0.132 0.092 0.088 0.125 0.186 0.110 
176 UA00003996    (0)   :  0.028 0.109 0.104 0.121 0.097 0.096 0.106 0.120 0.124 0.096 
177 UA00064491    (4)   :  0.014 0.080 0.146 0.046 0.126 0.087 0.093 0.134 0.171 0.103 
178 UA00011899    (0)   :  0.029 0.124 0.107 0.020 0.106 0.129 0.153 0.124 0.094 0.113 
179  Puco015    (4)   :  0.069 0.118 0.107 0.034 0.103 0.108 0.119 0.117 0.113 0.112 
180 UA00047929    (4)   :  0.017 0.102 0.130 0.013 0.136 0.108 0.085 0.108 0.169 0.131 
181 UA00056669    (0)   :  0.014 0.124 0.099 0.047 0.102 0.127 0.150 0.127 0.095 0.116 
182 UA00050176    (0)   :  0.038 0.118 0.095 0.055 0.098 0.122 0.139 0.132 0.092 0.111 
183  Puco014    (4)   :  0.023 0.121 0.102 0.043 0.119 0.122 0.127 0.128 0.100 0.117 
184 UA00019608    (0)   :  0.020 0.125 0.119 0.053 0.116 0.106 0.125 0.126 0.097 0.113 
185 UA00064333    (0)   :  0.017 0.120 0.114 0.030 0.117 0.107 0.134 0.136 0.104 0.120 
186  Puco013    (4)   :  0.020 0.120 0.095 0.118 0.095 0.114 0.133 0.115 0.084 0.104 
187 UA00016092    (0)   :  0.009 0.096 0.140 0.014 0.133 0.087 0.093 0.137 0.182 0.106 
188 UA00019060    (0)   :  0.099 0.055 0.052 0.470 0.049 0.056 0.062 0.059 0.046 0.052 
189 UA00063532    (0)   :  0.040 0.119 0.101 0.040 0.101 0.125 0.132 0.120 0.116 0.106 
190 UA00064117    (0)   :  0.133 0.088 0.072 0.220 0.069 0.084 0.100 0.091 0.066 0.077 
191 UA00011969    (0)   :  0.030 0.112 0.103 0.050 0.099 0.131 0.143 0.121 0.097 0.114 
192 UA00034586    (4)   :  0.013 0.113 0.119 0.017 0.125 0.125 0.126 0.119 0.115 0.126 
193 UA00030736    (4)   :  0.025 0.125 0.103 0.020 0.107 0.120 0.155 0.138 0.096 0.110 
194 UA00048493    (0)   :  0.043 0.124 0.103 0.028 0.101 0.120 0.132 0.123 0.120 0.107 
195 UA00040466    (0)   :  0.016 0.050 0.041 0.638 0.039 0.046 0.044 0.048 0.040 0.040 
196 UA00047659    (0)   :  0.012 0.135 0.109 0.030 0.101 0.130 0.139 0.124 0.105 0.115 
197 UA00042002    (4)   :  0.115 0.120 0.097 0.035 0.093 0.113 0.110 0.102 0.104 0.111 
198 UA00062606    (0)   :  0.025 0.121 0.112 0.096 0.096 0.108 0.115 0.120 0.100 0.107 
199 UA00030615    (4)   :  0.012 0.035 0.034 0.706 0.032 0.036 0.041 0.038 0.032 0.034 
200 UA00048899    (0)   :  0.022 0.130 0.099 0.031 0.102 0.127 0.148 0.129 0.093 0.118 
201 UA00047725    (0)   :  0.011 0.012 0.012 0.892 0.012 0.012 0.013 0.013 0.011 0.012 
202 UA00030866    (4)   :  0.016 0.134 0.114 0.041 0.115 0.115 0.113 0.139 0.091 0.122 
203 UA00034564    (0)   :  0.018 0.143 0.116 0.035 0.101 0.121 0.109 0.125 0.107 0.125 
204 UA00046520    (0)   :  0.014 0.088 0.143 0.021 0.158 0.126 0.069 0.077 0.153 0.150 
205 UA00035027    (0)   :  0.027 0.121 0.109 0.057 0.113 0.116 0.128 0.126 0.087 0.116 
206 UA00035421    (0)   :  0.018 0.106 0.093 0.211 0.087 0.087 0.092 0.120 0.092 0.093 
207 UA00062740    (4)   :  0.033 0.135 0.104 0.070 0.107 0.111 0.108 0.133 0.084 0.116 
208 UA00012360    (0)   :  0.012 0.025 0.025 0.783 0.024 0.026 0.028 0.026 0.026 0.025 
209 UA00050203    (0)   :  0.027 0.124 0.116 0.023 0.114 0.130 0.112 0.111 0.128 0.115 
210 UA00040534    (4)   :  0.130 0.080 0.068 0.276 0.067 0.079 0.093 0.082 0.057 0.069 
211 UA00031261    (4)   :  0.068 0.074 0.062 0.417 0.054 0.065 0.062 0.082 0.052 0.064 
212 UA00031917    (4)   :  0.095 0.099 0.077 0.241 0.064 0.081 0.082 0.103 0.066 0.091 
213 UA00040798    (4)   :  0.050 0.076 0.082 0.318 0.084 0.086 0.089 0.073 0.065 0.078 
214 UA00030598    (4)   :  0.053 0.096 0.081 0.238 0.082 0.097 0.102 0.090 0.077 0.084 
215 UA00050385    (0)   :  0.022 0.124 0.095 0.061 0.095 0.119 0.138 0.131 0.097 0.118 
216 UA00058283    (0)   :  0.031 0.022 0.021 0.795 0.020 0.023 0.024 0.024 0.019 0.020 
217 UA00042297    (4)   :  0.384 0.059 0.060 0.100 0.066 0.071 0.075 0.067 0.054 0.064 
218 UA00015415    (4)   :  0.013 0.026 0.022 0.804 0.020 0.023 0.021 0.025 0.022 0.023 
219 UA00035531    (0)   :  0.064 0.049 0.043 0.581 0.040 0.046 0.045 0.050 0.038 0.043 
220 UA00048683    (0)   :  0.016 0.062 0.054 0.524 0.050 0.056 0.064 0.066 0.050 0.057 
221 UA00046734    (4)   :  0.015 0.025 0.025 0.788 0.023 0.025 0.026 0.026 0.022 0.025 
222   pcRF01    (0)   :  0.008 0.093 0.160 0.019 0.171 0.068 0.072 0.136 0.165 0.107 
223 UA00007223    (0)   :  0.035 0.124 0.101 0.110 0.096 0.105 0.105 0.126 0.085 0.113 
224 UA00013841    (0)   :  0.059 0.142 0.116 0.020 0.114 0.110 0.093 0.098 0.135 0.114 
225 UA00014196    (0)   :  0.038 0.069 0.059 0.458 0.055 0.066 0.066 0.077 0.053 0.060 
226 UA00034635    (0)   :  0.015 0.113 0.106 0.025 0.123 0.124 0.145 0.134 0.096 0.120 
227 UA00047371    (0)   :  0.120 0.109 0.088 0.034 0.094 0.114 0.144 0.112 0.081 0.106 
228 UA00063544    (0)   :  0.114 0.113 0.101 0.034 0.103 0.110 0.118 0.102 0.101 0.104 
229 UA00064246    (0)   :  0.067 0.100 0.098 0.126 0.100 0.101 0.116 0.101 0.091 0.101 
230 UA00064328    (0)   :  0.040 0.111 0.090 0.125 0.086 0.111 0.135 0.116 0.076 0.109 
231 UA00002952    (0)   :  0.080 0.113 0.095 0.113 0.091 0.107 0.106 0.118 0.080 0.098 
232 UA00064079    (0)   :  0.084 0.108 0.101 0.052 0.099 0.114 0.139 0.112 0.091 0.100 
233 UA00046793    (0)   :  0.117 0.106 0.085 0.146 0.079 0.094 0.098 0.101 0.083 0.091 
234 UA00034769    (0)   :  0.313 0.077 0.078 0.063 0.082 0.083 0.085 0.075 0.065 0.080 
235 UA00034949    (0)   :  0.034 0.125 0.100 0.132 0.086 0.103 0.102 0.122 0.089 0.108 
236 UA00063753    (0)   :  0.041 0.096 0.120 0.064 0.140 0.123 0.094 0.092 0.103 0.127 
237 UA00015713    (0)   :  0.071 0.113 0.104 0.024 0.113 0.124 0.124 0.108 0.097 0.121 
238 UA00003494    (0)   :  0.067 0.114 0.097 0.076 0.103 0.097 0.103 0.132 0.107 0.105 
239 UA00056767    (0)   :  0.009 0.082 0.142 0.017 0.175 0.139 0.082 0.072 0.140 0.142 
240 UA00014461    (0)   :  0.055 0.114 0.095 0.116 0.089 0.108 0.113 0.112 0.103 0.096 
241 UA00034669    (0)   :  0.064 0.089 0.071 0.295 0.065 0.092 0.100 0.081 0.065 0.079 
242 UA00048164    (0)   :  0.015 0.116 0.099 0.170 0.099 0.106 0.101 0.098 0.095 0.100 
243 UA00007974    (0)   :  0.033 0.129 0.122 0.029 0.126 0.127 0.085 0.086 0.125 0.137 
244 UA00016166    (0)   :  0.179 0.097 0.105 0.035 0.101 0.097 0.106 0.102 0.086 0.092 
245 UA00015653    (0)   :  0.124 0.112 0.090 0.114 0.077 0.102 0.113 0.100 0.071 0.096 
246 UA00063882    (0)   :  0.076 0.097 0.076 0.270 0.066 0.087 0.092 0.084 0.078 0.074 
247 UA00049027    (0)   :  0.120 0.112 0.089 0.071 0.090 0.112 0.125 0.099 0.086 0.097 
248 UA00018878    (0)   :  0.128 0.120 0.097 0.024 0.099 0.110 0.109 0.085 0.117 0.110 
249 UA00038796    (0)   :  0.018 0.117 0.092 0.190 0.081 0.111 0.104 0.100 0.086 0.101 
250 UA00013465    (0)   :  0.023 0.049 0.049 0.577 0.049 0.054 0.058 0.053 0.041 0.048 
251 UA00014604    (0)   :  0.040 0.106 0.089 0.170 0.088 0.115 0.121 0.097 0.077 0.099 
252 UA00041913    (0)   :  0.143 0.086 0.105 0.037 0.124 0.123 0.097 0.086 0.090 0.110 
253 UA00021632    (0)   :  0.296 0.088 0.072 0.055 0.070 0.088 0.108 0.083 0.061 0.079 
254 UA00064027    (0)   :  0.056 0.123 0.091 0.081 0.086 0.117 0.152 0.111 0.077 0.107 
255 UA00015023    (0)   :  0.023 0.108 0.114 0.073 0.109 0.106 0.118 0.128 0.122 0.099 
256 UA00050243    (0)   :  0.130 0.119 0.088 0.035 0.083 0.115 0.140 0.114 0.074 0.102 
257 UA00048298    (0)   :  0.036 0.110 0.111 0.045 0.112 0.110 0.135 0.123 0.106 0.112 
258 UA00050437    (0)   :  0.025 0.113 0.095 0.148 0.087 0.110 0.133 0.113 0.077 0.099 
259 UA00014262    (0)   :  0.063 0.122 0.099 0.041 0.097 0.114 0.136 0.120 0.099 0.109 
260 UA00049129    (0)   :  0.043 0.108 0.113 0.025 0.125 0.119 0.123 0.110 0.114 0.120 
261 UA00014740    (0)   :  0.044 0.110 0.116 0.045 0.118 0.124 0.111 0.107 0.106 0.118 
262 UA00049612    (0)   :  0.601 0.042 0.042 0.063 0.043 0.044 0.047 0.041 0.037 0.040 
263 UA00014635    (0)   :  0.012 0.087 0.138 0.020 0.161 0.122 0.074 0.082 0.166 0.136 
264 UA00014673    (0)   :  0.060 0.110 0.090 0.157 0.086 0.105 0.112 0.095 0.091 0.095 
265 UA00033608    (0)   :  0.302 0.082 0.080 0.052 0.084 0.089 0.087 0.072 0.068 0.084 
266 UA00064540    (0)   :  0.024 0.106 0.119 0.056 0.133 0.118 0.094 0.091 0.130 0.128 
267 UA00050256    (0)   :  0.094 0.117 0.093 0.078 0.089 0.111 0.137 0.112 0.072 0.098 
268 UA00015274    (0)   :  0.019 0.127 0.116 0.058 0.113 0.110 0.110 0.118 0.119 0.110 
269 UA00062993    (0)   :  0.010 0.126 0.111 0.051 0.108 0.143 0.123 0.105 0.103 0.119 
270 UA00038364    (0)   :  0.049 0.116 0.100 0.048 0.105 0.131 0.136 0.107 0.095 0.112 
271 UA00014446    (0)   :  0.011 0.123 0.103 0.024 0.101 0.131 0.160 0.126 0.098 0.123 
272 UA00063545    (0)   :  0.334 0.076 0.062 0.118 0.061 0.072 0.080 0.072 0.055 0.069 
273 UA00040054    (0)   :  0.027 0.139 0.129 0.017 0.121 0.107 0.094 0.115 0.135 0.116 
274 UA00058447    (0)   :  0.026 0.134 0.114 0.024 0.112 0.129 0.118 0.102 0.118 0.124 
275 UA00046835    (0)   :  0.024 0.116 0.117 0.025 0.124 0.128 0.105 0.104 0.135 0.123 
276 UA00014608    (0)   :  0.018 0.136 0.103 0.038 0.096 0.131 0.144 0.120 0.092 0.120 
277    pc012    (0)   :  0.034 0.124 0.108 0.067 0.104 0.127 0.122 0.109 0.098 0.106 
278    pc002    (0)   :  0.261 0.094 0.077 0.054 0.079 0.089 0.110 0.090 0.063 0.083 
279 UA00033690    (0)   :  0.090 0.108 0.119 0.028 0.127 0.110 0.066 0.071 0.148 0.134 
280 UA00013688    (0)   :  0.027 0.121 0.105 0.060 0.103 0.122 0.141 0.116 0.095 0.109 
281 UA00063666    (0)   :  0.051 0.090 0.129 0.011 0.163 0.134 0.067 0.064 0.136 0.155 
282 UA00063292    (0)   :  0.013 0.092 0.144 0.015 0.171 0.132 0.053 0.064 0.156 0.160 
283    pc001    (0)   :  0.020 0.122 0.107 0.052 0.102 0.128 0.133 0.117 0.101 0.118 
284    pc008    (0)   :  0.022 0.120 0.119 0.033 0.120 0.124 0.105 0.103 0.130 0.125 
285 UA00034316    (0)   :  0.145 0.085 0.084 0.161 0.079 0.084 0.105 0.092 0.085 0.080 
286 UA00013046    (0)   :  0.017 0.094 0.158 0.014 0.140 0.100 0.080 0.117 0.159 0.121 
287 UA00050241    (0)   :  0.014 0.105 0.124 0.011 0.150 0.135 0.093 0.089 0.135 0.143 
288 UA00048599    (0)   :  0.013 0.122 0.119 0.018 0.123 0.122 0.112 0.109 0.130 0.131 
289 UA00046649    (0)   :  0.171 0.108 0.089 0.027 0.089 0.107 0.115 0.096 0.098 0.100 
290 UA00015674    (0)   :  0.334 0.083 0.077 0.042 0.077 0.081 0.078 0.068 0.079 0.081 
291 UA00013177    (0)   :  0.066 0.096 0.115 0.069 0.128 0.113 0.098 0.089 0.109 0.118 
292 UA00012814    (0)   :  0.021 0.123 0.105 0.041 0.103 0.124 0.128 0.128 0.111 0.115 
293 UA00034654    (0)   :  0.013 0.129 0.115 0.019 0.111 0.124 0.117 0.121 0.126 0.125 
294 UA00046743    (0)   :  0.016 0.107 0.141 0.025 0.147 0.110 0.070 0.082 0.171 0.132 
295 UA00014854    (0)   :  0.058 0.126 0.132 0.011 0.133 0.109 0.058 0.066 0.170 0.138 
296 UA00013729    (0)   :  0.023 0.108 0.137 0.031 0.130 0.096 0.105 0.125 0.138 0.105 
297 UA00063483    (0)   :  0.015 0.105 0.113 0.013 0.129 0.153 0.131 0.117 0.094 0.130 
298 UA00039326    (0)   :  0.064 0.125 0.116 0.022 0.118 0.118 0.099 0.093 0.125 0.119 
299 UA00014742    (0)   :  0.020 0.095 0.120 0.014 0.150 0.149 0.115 0.094 0.105 0.140 
300 UA00049597    (0)   :  0.232 0.113 0.096 0.011 0.094 0.098 0.070 0.070 0.111 0.105 
301 UA00048067    (0)   :  0.043 0.114 0.105 0.043 0.111 0.129 0.121 0.110 0.095 0.130 
302 UA00012918    (0)   :  0.092 0.110 0.127 0.011 0.143 0.110 0.047 0.056 0.167 0.138 
303 UA00013487    (0)   :  0.013 0.101 0.165 0.012 0.180 0.059 0.068 0.137 0.159 0.106 
304 UA00046759    (0)   :  0.054 0.106 0.098 0.112 0.099 0.112 0.123 0.108 0.083 0.106 
305 UA00050164    (0)   :  0.544 0.058 0.053 0.027 0.055 0.050 0.058 0.053 0.051 0.052 
306 UA00049839    (0)   :  0.016 0.088 0.137 0.030 0.154 0.140 0.103 0.087 0.106 0.139 
307 UA00048444    (0)   :  0.053 0.067 0.143 0.020 0.182 0.144 0.055 0.052 0.127 0.157 
308 UA00063857    (0)   :  0.023 0.116 0.115 0.012 0.124 0.129 0.116 0.107 0.133 0.126 
309 UA00014921    (0)   :  0.276 0.093 0.078 0.014 0.076 0.102 0.109 0.086 0.076 0.091 
310 UA00048895    (0)   :  0.318 0.083 0.072 0.033 0.077 0.085 0.089 0.083 0.077 0.083 
311 UA00014556    (0)   :  0.017 0.127 0.098 0.100 0.095 0.122 0.130 0.117 0.078 0.115 
312    pc009    (0)   :  0.014 0.076 0.146 0.011 0.178 0.152 0.062 0.064 0.137 0.159 
313 UA00014959    (0)   :  0.224 0.103 0.097 0.019 0.096 0.094 0.077 0.078 0.112 0.099 
314 UA00020709    (0)   :  0.043 0.137 0.116 0.029 0.110 0.120 0.103 0.098 0.129 0.115 
315 UA00013126    (0)   :  0.883 0.013 0.013 0.013 0.014 0.013 0.013 0.013 0.013 0.013 
316 UA00013695    (0)   :  0.794 0.025 0.023 0.015 0.022 0.024 0.025 0.024 0.024 0.024 
317 UA00049344    (0)   :  0.274 0.096 0.074 0.036 0.077 0.095 0.106 0.087 0.069 0.087 
318 UA00047614    (0)   :  0.605 0.040 0.036 0.091 0.034 0.041 0.043 0.038 0.035 0.036 
319 UA00014221    (0)   :  0.007 0.105 0.131 0.014 0.146 0.140 0.086 0.086 0.144 0.140 
320 UA00014346    (0)   :  0.028 0.106 0.117 0.029 0.137 0.135 0.106 0.088 0.124 0.129 
321 UA00014245    (0)   :  0.141 0.120 0.113 0.018 0.113 0.098 0.062 0.069 0.156 0.109 
322 UA00014696    (0)   :  0.859 0.017 0.014 0.019 0.014 0.015 0.015 0.016 0.015 0.015 
323 UA00006991    (0)   :  0.014 0.130 0.103 0.044 0.102 0.121 0.154 0.131 0.090 0.111 
324 UA00048948    (0)   :  0.021 0.123 0.102 0.043 0.101 0.128 0.153 0.118 0.095 0.116 
325 UA00002239    (0)   :  0.023 0.132 0.107 0.059 0.100 0.116 0.117 0.121 0.110 0.116 
326 UA00063459    (0)   :  0.019 0.108 0.139 0.012 0.153 0.115 0.066 0.068 0.168 0.151 
327 UA00048356    (0)   :  0.025 0.115 0.102 0.073 0.106 0.128 0.134 0.110 0.093 0.115 
328 UA00063940    (0)   :  0.028 0.102 0.120 0.070 0.108 0.112 0.130 0.123 0.097 0.110 
329 UA00048130    (0)   :  0.015 0.106 0.117 0.023 0.134 0.149 0.114 0.097 0.108 0.136 
330 UA00048903    (0)   :  0.010 0.078 0.160 0.014 0.137 0.084 0.078 0.136 0.193 0.110 
331 UA00064643    (0)   :  0.033 0.110 0.129 0.034 0.116 0.113 0.125 0.120 0.110 0.111 
332 UA00050233    (0)   :  0.016 0.109 0.119 0.054 0.113 0.122 0.125 0.117 0.114 0.110 
333 UA00012507    (0)   :  0.013 0.125 0.103 0.102 0.093 0.114 0.129 0.112 0.100 0.110 
334 UA00064416    (0)   :  0.015 0.112 0.138 0.022 0.150 0.091 0.107 0.130 0.126 0.109 
335 UA00034724    (0)   :  0.016 0.108 0.119 0.034 0.118 0.124 0.130 0.120 0.114 0.118 
336 UA00002621    (0)   :  0.014 0.108 0.127 0.020 0.125 0.119 0.104 0.118 0.140 0.126 
337 UA00033203    (0)   :  0.028 0.108 0.154 0.020 0.158 0.078 0.084 0.134 0.129 0.106 
338 UA00011996    (0)   :  0.026 0.127 0.103 0.015 0.100 0.138 0.154 0.125 0.091 0.120 
339 UA00014408    (0)   :  0.019 0.095 0.082 0.248 0.079 0.090 0.101 0.103 0.096 0.088 
340 UA00049502    (0)   :  0.014 0.109 0.101 0.071 0.104 0.146 0.138 0.109 0.090 0.117 
341 UA00062695    (0)   :  0.047 0.110 0.113 0.039 0.118 0.124 0.120 0.097 0.112 0.119 
342 UA00014072    (0)   :  0.025 0.092 0.126 0.026 0.147 0.144 0.105 0.097 0.107 0.130 
343 UA00003334    (0)   :  0.019 0.096 0.140 0.015 0.131 0.108 0.082 0.114 0.171 0.125 
344 UA00013835    (0)   :  0.029 0.130 0.109 0.026 0.109 0.129 0.135 0.113 0.101 0.120 
345 UA00046760    (0)   :  0.117 0.103 0.098 0.022 0.106 0.121 0.131 0.103 0.085 0.114 
346 UA00014241    (0)   :  0.014 0.119 0.120 0.028 0.117 0.116 0.115 0.121 0.136 0.113 
347 UA00049585    (0)   :  0.016 0.108 0.111 0.012 0.124 0.151 0.129 0.112 0.100 0.136 
348 UA00013409    (0)   :  0.026 0.081 0.125 0.109 0.143 0.131 0.081 0.074 0.097 0.131 
349 UA00047548    (0)   :  0.023 0.141 0.103 0.013 0.108 0.123 0.141 0.128 0.100 0.121 
350 UA00049038    (0)   :  0.219 0.091 0.082 0.075 0.086 0.095 0.106 0.085 0.069 0.092 
351 UA00047612    (0)   :  0.015 0.126 0.105 0.038 0.102 0.130 0.135 0.121 0.110 0.119 
352 UA00014822    (0)   :  0.155 0.104 0.081 0.092 0.087 0.097 0.102 0.108 0.075 0.098 
353 UA00035299    (0)   :  0.027 0.107 0.140 0.026 0.116 0.104 0.120 0.126 0.120 0.114 
354 UA00012804    (0)   :  0.217 0.105 0.079 0.037 0.084 0.099 0.125 0.096 0.070 0.089 
355 UA00049578    (0)   :  0.018 0.112 0.102 0.081 0.107 0.124 0.140 0.117 0.086 0.111 
356 UA00047672    (0)   :  0.013 0.105 0.152 0.028 0.151 0.077 0.076 0.134 0.150 0.114 
357 UA00043961    (0)   :  0.573 0.045 0.046 0.058 0.045 0.047 0.052 0.044 0.042 0.048 
358 UA00064575    (0)   :  0.023 0.094 0.105 0.127 0.112 0.126 0.125 0.098 0.079 0.111 
359 UA00014732    (0)   :  0.013 0.116 0.117 0.046 0.115 0.117 0.133 0.119 0.118 0.108 
360 UA00050181    (0)   :  0.008 0.142 0.100 0.033 0.103 0.119 0.129 0.134 0.103 0.129 
361 UA00033369    (0)   :  0.139 0.113 0.093 0.043 0.092 0.108 0.118 0.113 0.077 0.103 
362 UA00011982    (0)   :  0.011 0.068 0.184 0.010 0.167 0.049 0.046 0.139 0.224 0.103 
363 UA00014590    (0)   :  0.058 0.116 0.111 0.038 0.105 0.110 0.129 0.123 0.099 0.109 
364 UA00047743    (0)   :  0.013 0.120 0.137 0.015 0.130 0.098 0.110 0.127 0.124 0.126 
365 UA00046621    (0)   :  0.014 0.117 0.136 0.012 0.136 0.099 0.101 0.129 0.139 0.118 
366 UA00050422    (0)   :  0.016 0.119 0.107 0.071 0.097 0.119 0.141 0.127 0.096 0.109 
367 UA00002760    (0)   :  0.043 0.109 0.119 0.022 0.126 0.121 0.125 0.120 0.101 0.114 
368 UA00012999    (0)   :  0.056 0.113 0.105 0.019 0.102 0.113 0.150 0.130 0.098 0.113 
369 UA00063838    (0)   :  0.013 0.098 0.141 0.024 0.132 0.106 0.102 0.120 0.144 0.119 
370 UA00003729    (0)   :  0.102 0.102 0.094 0.126 0.090 0.106 0.105 0.090 0.086 0.099 
371 UA00015348    (0)   :  0.037 0.084 0.119 0.034 0.159 0.148 0.103 0.083 0.099 0.135 
372 UA00019058    (0)   :  0.024 0.100 0.129 0.069 0.136 0.118 0.080 0.076 0.143 0.127 
373 UA00049549    (0)   :  0.063 0.089 0.136 0.013 0.168 0.127 0.049 0.052 0.149 0.155 
374 UA00014334    (0)   :  0.022 0.133 0.108 0.050 0.101 0.111 0.118 0.131 0.105 0.121 
375 UA00014350    (0)   :  0.008 0.057 0.196 0.008 0.185 0.036 0.031 0.145 0.236 0.099 
376 UA00049227    (0)   :  0.092 0.127 0.092 0.056 0.089 0.116 0.128 0.117 0.076 0.108 
377 UA00014051    (0)   :  0.013 0.115 0.114 0.090 0.117 0.097 0.112 0.122 0.119 0.102 
378 UA00034381    (0)   :  0.020 0.099 0.120 0.061 0.116 0.116 0.113 0.120 0.125 0.111 
379 UA00002354    (0)   :  0.012 0.101 0.161 0.015 0.165 0.071 0.086 0.139 0.144 0.106 
380 UA00049892    (0)   :  0.045 0.090 0.151 0.014 0.144 0.099 0.089 0.109 0.143 0.117 
381 UA00021989    (0)   :  0.012 0.104 0.135 0.034 0.127 0.113 0.111 0.128 0.126 0.111 
382 UA00048968    (0)   :  0.014 0.131 0.108 0.029 0.116 0.113 0.132 0.133 0.106 0.117 
383 UA00013174    (0)   :  0.026 0.114 0.128 0.035 0.110 0.097 0.100 0.128 0.155 0.107 
384 UA00033992    (0)   :  0.112 0.121 0.089 0.019 0.094 0.110 0.129 0.130 0.090 0.106 
385 UA00015801    (0)   :  0.008 0.072 0.173 0.010 0.153 0.059 0.057 0.142 0.221 0.106 
386 UA00063303    (0)   :  0.128 0.105 0.110 0.044 0.108 0.111 0.093 0.081 0.113 0.108 
387 UA00050206    (0)   :  0.009 0.079 0.138 0.021 0.173 0.158 0.078 0.074 0.123 0.149 
388 UA00014458    (0)   :  0.053 0.103 0.116 0.044 0.117 0.112 0.114 0.111 0.120 0.110 
389 UA00007204    (0)   :  0.023 0.110 0.122 0.016 0.142 0.119 0.079 0.089 0.168 0.131 
390 UA00063212    (0)   :  0.128 0.077 0.105 0.093 0.117 0.119 0.100 0.072 0.080 0.109 
391 UA00013340    (0)   :  0.049 0.124 0.097 0.019 0.102 0.123 0.164 0.120 0.090 0.112 
392 UA00062743    (0)   :  0.013 0.142 0.113 0.053 0.096 0.112 0.099 0.127 0.127 0.118 
393 UA00063189    (0)   :  0.043 0.070 0.062 0.425 0.058 0.070 0.073 0.071 0.065 0.064 
394 UA00035432    (0)   :  0.016 0.098 0.132 0.019 0.140 0.133 0.109 0.105 0.117 0.132 
395 UA00007958    (0)   :  0.015 0.117 0.113 0.018 0.125 0.116 0.111 0.138 0.134 0.114 
396 UA00013634    (0)   :  0.012 0.126 0.118 0.034 0.114 0.101 0.097 0.131 0.152 0.116 
397 UA00048175    (0)   :  0.007 0.075 0.179 0.019 0.163 0.049 0.048 0.138 0.222 0.100 
398 UA00003202    (0)   :  0.019 0.112 0.108 0.021 0.127 0.132 0.129 0.133 0.103 0.115 
399 UA00035090    (0)   :  0.022 0.098 0.136 0.063 0.131 0.121 0.102 0.102 0.109 0.116 
400 UA00064679    (0)   :  0.032 0.097 0.088 0.237 0.085 0.088 0.095 0.100 0.096 0.082 
401 UA00039518    (0)   :  0.026 0.121 0.136 0.020 0.129 0.099 0.100 0.122 0.141 0.107 
402 UA00058268    (0)   :  0.020 0.118 0.116 0.031 0.112 0.119 0.139 0.120 0.107 0.118 
403 UA00049456    (0)   :  0.113 0.104 0.101 0.031 0.111 0.112 0.124 0.106 0.089 0.109 
404 UA00049550    (0)   :  0.014 0.086 0.124 0.078 0.147 0.142 0.099 0.084 0.098 0.128 
405 UA00048342    (0)   :  0.054 0.117 0.105 0.039 0.111 0.118 0.133 0.110 0.091 0.122 
406 UA00063493    (0)   :  0.011 0.106 0.140 0.016 0.136 0.121 0.122 0.113 0.115 0.119 
407 UA00058261    (0)   :  0.017 0.107 0.110 0.082 0.119 0.092 0.107 0.138 0.126 0.102 
408 UA00014663    (0)   :  0.021 0.123 0.109 0.039 0.102 0.121 0.154 0.122 0.089 0.119 
409 UA00048817    (0)   :  0.154 0.105 0.104 0.030 0.096 0.092 0.113 0.118 0.089 0.098 
410 UA00049381    (0)   :  0.015 0.107 0.131 0.043 0.124 0.088 0.088 0.131 0.175 0.098 
411 UA00035901    (0)   :  0.022 0.104 0.091 0.211 0.084 0.106 0.114 0.098 0.075 0.095 
412 UA00013301    (0)   :  0.027 0.087 0.128 0.054 0.160 0.142 0.086 0.076 0.102 0.139 
413 UA00047926    (0)   :  0.046 0.111 0.120 0.063 0.127 0.094 0.111 0.121 0.110 0.098 
414 UA00007272    (0)   :  0.023 0.131 0.113 0.085 0.098 0.104 0.106 0.130 0.099 0.111 
415 UA00016041    (0)   :  0.030 0.107 0.123 0.024 0.133 0.134 0.123 0.096 0.101 0.128 
416 UA00013502    (0)   :  0.011 0.100 0.142 0.044 0.127 0.104 0.097 0.124 0.143 0.107 
417 UA00002390    (0)   :  0.056 0.120 0.094 0.027 0.098 0.122 0.144 0.131 0.101 0.108 
418 UA00034907    (0)   :  0.013 0.132 0.104 0.047 0.102 0.129 0.140 0.125 0.090 0.118 
419 UA00048821    (0)   :  0.056 0.111 0.099 0.089 0.100 0.110 0.125 0.114 0.095 0.101 
420 UA00002136    (0)   :  0.048 0.101 0.105 0.034 0.132 0.128 0.129 0.115 0.087 0.120 
421 UA00011790    (0)   :  0.027 0.127 0.106 0.036 0.113 0.110 0.107 0.133 0.130 0.110 
422 UA00021586    (0)   :  0.129 0.109 0.100 0.044 0.097 0.104 0.118 0.106 0.098 0.096 
