

----------------------------------------------------
STRUCTURE by Pritchard, Stephens and Donnelly (2000)
     and Falush, Stephens and Pritchard (2003)
       Code by Pritchard, Falush and Hubisz
             Version 2.3.4 (Jul 2012)
----------------------------------------------------



Command line arguments:   structure -K 8 -o outputfile_K8_2 
Input File:    Puma_SNP_genotypes_cut_AZ_final_HWEonly.str

Run parameters:
   536 individuals
   22 loci
   8 populations assumed
   100000 Burn-in period
   500000 Reps


--------------------------------------------
Overall proportion of membership of the
sample in each of the 8 clusters

Inferred Clusters
  1      2      3      4      5      6      7      8    
0.128  0.128  0.127  0.127  0.127  0.129  0.127  0.106  

--------------------------------------------

Allele-freq. divergence among pops (Net nucleotide distance),
computed using point estimates of P.

      1       2       3       4       5       6       7       8      
 1      -    0.0475  0.0419  0.0430  0.0442  0.0627  0.0385  0.0829  
 2   0.0475     -    0.0006  0.0005  0.0005  0.0123  0.0018  0.0721  
 3   0.0419  0.0006     -    0.0000  0.0001  0.0106  0.0004  0.0656  
 4   0.0430  0.0005  0.0000     -    0.0001  0.0098  0.0004  0.0658  
 5   0.0442  0.0005  0.0001  0.0001     -    0.0092  0.0006  0.0666  
 6   0.0627  0.0123  0.0106  0.0098  0.0092     -    0.0092  0.0697  
 7   0.0385  0.0018  0.0004  0.0004  0.0006  0.0092     -    0.0603  
 8   0.0829  0.0721  0.0656  0.0658  0.0666  0.0697  0.0603     -    

Average distances (expected heterozygosity) between individuals in same cluster:
cluster  1  : 0.2648 
cluster  2  : 0.3751 
cluster  3  : 0.3773 
cluster  4  : 0.3775 
cluster  5  : 0.3787 
cluster  6  : 0.3598 
cluster  7  : 0.3791 
cluster  8  : 0.2679 

--------------------------------------------
Estimated Ln Prob of Data   = -13507.6
Mean value of ln likelihood = -12297.6
Variance of ln likelihood   = 2420.0
Mean value of alpha         = 0.1263

Mean value of Fst_1         = 0.2845
Mean value of Fst_2         = 0.0851
Mean value of Fst_3         = 0.0398
Mean value of Fst_4         = 0.0451
Mean value of Fst_5         = 0.0630
Mean value of Fst_6         = 0.1157
Mean value of Fst_7         = 0.0008
Mean value of Fst_8         = 0.3357


Inferred ancestry of individuals:
        Label (%Miss) :  Inferred clusters
  1 UA00063336   (13)   :  0.045 0.092 0.110 0.105 0.105 0.080 0.122 0.340 
  2 UA00048914    (9)   :  0.156 0.127 0.143 0.137 0.138 0.070 0.158 0.071 
  3 UA00014769   (13)   :  0.014 0.226 0.140 0.173 0.171 0.161 0.085 0.031 
  4 UA00008132   (13)   :  0.055 0.139 0.153 0.151 0.147 0.103 0.167 0.085 
  5 UA00030462   (13)   :  0.225 0.112 0.124 0.120 0.125 0.090 0.142 0.062 
  6 UA00034866   (13)   :  0.119 0.118 0.158 0.154 0.143 0.095 0.193 0.020 
  7 UA00034800    (9)   :  0.063 0.057 0.061 0.061 0.057 0.050 0.068 0.584 
  8  Puco006    (9)   :  0.708 0.040 0.046 0.043 0.044 0.029 0.049 0.042 
  9 UA00048874    (4)   :  0.075 0.076 0.089 0.087 0.089 0.053 0.102 0.430 
 10 UA00049060    (9)   :  0.029 0.157 0.154 0.163 0.150 0.137 0.144 0.065 
 11 UA00033413    (9)   :  0.044 0.128 0.109 0.109 0.129 0.354 0.103 0.025 
 12  Puco021    (9)   :  0.022 0.106 0.082 0.095 0.119 0.392 0.082 0.101 
 13  Puco026    (9)   :  0.023 0.132 0.142 0.148 0.147 0.194 0.144 0.069 
 14  Puco008    (9)   :  0.187 0.099 0.120 0.109 0.106 0.069 0.132 0.179 
 15   M01301    (9)   :  0.088 0.127 0.119 0.120 0.124 0.289 0.114 0.019 
 16   M06306    (9)   :  0.023 0.086 0.097 0.099 0.103 0.115 0.108 0.368 
 17 UA00032185    (9)   :  0.082 0.125 0.144 0.145 0.135 0.141 0.161 0.067 
 18 UA00030792    (9)   :  0.017 0.014 0.015 0.014 0.015 0.014 0.015 0.895 
 19 UA00031647    (9)   :  0.093 0.111 0.130 0.129 0.131 0.074 0.155 0.177 
 20 UA00031979    (9)   :  0.077 0.140 0.150 0.146 0.148 0.144 0.147 0.047 
 21  Puco016    (9)   :  0.206 0.129 0.146 0.134 0.148 0.061 0.149 0.027 
 22  Puco010    (9)   :  0.044 0.131 0.143 0.145 0.136 0.205 0.152 0.045 
 23    M1035    (9)   :  0.024 0.139 0.160 0.161 0.144 0.093 0.183 0.096 
 24 UA00034601    (9)   :  0.100 0.115 0.139 0.136 0.151 0.139 0.149 0.072 
 25 UA00050388    (9)   :  0.072 0.119 0.147 0.143 0.137 0.133 0.173 0.076 
 26 UA00048699    (9)   :  0.340 0.109 0.115 0.112 0.121 0.055 0.119 0.029 
 27 UA00064058    (9)   :  0.025 0.165 0.168 0.165 0.157 0.110 0.152 0.059 
 28 UA00033981    (9)   :  0.049 0.121 0.107 0.107 0.125 0.325 0.113 0.053 
 29   F05033    (9)   :  0.030 0.154 0.145 0.148 0.153 0.195 0.142 0.033 
 30 UA00048520    (4)   :  0.084 0.106 0.114 0.113 0.122 0.168 0.129 0.164 
 31 UA00048422    (4)   :  0.023 0.027 0.029 0.029 0.029 0.035 0.031 0.796 
 32    PucoB    (4)   :  0.018 0.121 0.127 0.133 0.160 0.279 0.116 0.046 
 33 UA00047393    (4)   :  0.035 0.158 0.148 0.147 0.141 0.077 0.146 0.149 
 34 UA00064521    (4)   :  0.195 0.113 0.134 0.131 0.140 0.101 0.147 0.040 
 35 UA00003043    (4)   :  0.143 0.162 0.153 0.154 0.145 0.075 0.147 0.022 
 36 UA00063025    (4)   :  0.134 0.091 0.119 0.114 0.118 0.105 0.144 0.176 
 37 UA00063826    (4)   :  0.029 0.118 0.148 0.136 0.143 0.211 0.170 0.045 
 38   F07407    (4)   :  0.028 0.087 0.095 0.097 0.110 0.277 0.103 0.203 
 39 UA00021658    (4)   :  0.039 0.139 0.163 0.156 0.153 0.125 0.182 0.043 
 40 UA00003794    (4)   :  0.035 0.101 0.100 0.112 0.120 0.252 0.104 0.176 
 41 UA00041322    (4)   :  0.070 0.117 0.155 0.148 0.151 0.087 0.200 0.071 
 42 UA00063316    (4)   :  0.096 0.114 0.144 0.135 0.143 0.102 0.176 0.091 
 43 UA00047705    (4)   :  0.067 0.118 0.137 0.148 0.142 0.177 0.158 0.052 
 44 UA00033904    (4)   :  0.045 0.087 0.102 0.105 0.103 0.077 0.105 0.375 
 45 UA00048100    (4)   :  0.052 0.144 0.145 0.143 0.150 0.197 0.141 0.026 
 46 UA00032212    (4)   :  0.095 0.099 0.118 0.119 0.106 0.106 0.138 0.219 
 47 UA00031574    (4)   :  0.041 0.027 0.030 0.030 0.029 0.033 0.031 0.779 
 48 UA00031228    (4)   :  0.027 0.020 0.020 0.020 0.020 0.018 0.021 0.853 
 49 UA00047707    (4)   :  0.030 0.215 0.168 0.179 0.174 0.078 0.141 0.015 
 50 UA00030906    (4)   :  0.026 0.014 0.014 0.014 0.014 0.014 0.015 0.890 
 51 UA00041567    (4)   :  0.062 0.111 0.122 0.125 0.120 0.267 0.141 0.053 
 52 UA00007624    (4)   :  0.031 0.147 0.141 0.159 0.155 0.214 0.134 0.019 
 53 UA00034514    (4)   :  0.048 0.155 0.172 0.160 0.153 0.111 0.166 0.035 
 54 UA00030480    (4)   :  0.032 0.142 0.153 0.149 0.163 0.069 0.153 0.140 
 55  Puco012    (4)   :  0.058 0.146 0.174 0.162 0.144 0.100 0.183 0.033 
 56 UA00038677    (9)   :  0.126 0.105 0.133 0.124 0.123 0.128 0.156 0.105 
 57 UA00048275    (4)   :  0.041 0.131 0.137 0.134 0.153 0.235 0.140 0.029 
 58 UA00064055    (4)   :  0.063 0.184 0.168 0.166 0.161 0.066 0.152 0.040 
 59  Puco009    (4)   :  0.212 0.136 0.139 0.133 0.129 0.085 0.144 0.022 
 60 UA00064561    (4)   :  0.064 0.240 0.156 0.186 0.169 0.062 0.103 0.021 
 61 UA00003479    (4)   :  0.070 0.167 0.174 0.158 0.156 0.091 0.153 0.031 
 62 UA00063747    (4)   :  0.051 0.176 0.155 0.147 0.160 0.169 0.126 0.016 
 63 UA00002558    (4)   :  0.188 0.111 0.136 0.129 0.122 0.130 0.158 0.026 
 64 UA00048410    (4)   :  0.195 0.164 0.138 0.143 0.143 0.069 0.131 0.018 
 65 UA00012249    (4)   :  0.091 0.195 0.169 0.161 0.167 0.065 0.130 0.020 
 66 UA00033818    (4)   :  0.059 0.056 0.063 0.065 0.063 0.075 0.070 0.548 
 67  Puco020    (4)   :  0.071 0.145 0.157 0.146 0.131 0.071 0.157 0.123 
 68 UA00002545    (9)   :  0.034 0.228 0.155 0.159 0.170 0.069 0.114 0.070 
 69 UA00048508    (4)   :  0.039 0.164 0.173 0.166 0.159 0.107 0.163 0.029 
 70 UA00064100    (4)   :  0.047 0.129 0.166 0.165 0.161 0.100 0.186 0.048 
 71 UA00014585    (4)   :  0.055 0.140 0.170 0.160 0.160 0.092 0.186 0.038 
 72 UA00063698    (4)   :  0.336 0.079 0.096 0.095 0.094 0.087 0.116 0.096 
 73 UA00049753    (4)   :  0.023 0.090 0.109 0.105 0.104 0.074 0.119 0.377 
 74 UA00049037    (4)   :  0.030 0.156 0.163 0.162 0.162 0.108 0.166 0.054 
 75 UA00034941    (4)   :  0.074 0.127 0.141 0.144 0.154 0.132 0.160 0.068 
 76 UA00008083    (4)   :  0.564 0.064 0.069 0.063 0.064 0.058 0.074 0.044 
 77 UA00015084    (4)   :  0.297 0.073 0.097 0.099 0.091 0.095 0.115 0.134 
 78 UA00041010    (9)   :  0.412 0.050 0.052 0.054 0.053 0.033 0.059 0.287 
 79 UA00035261    (4)   :  0.101 0.103 0.123 0.119 0.119 0.099 0.142 0.195 
 80 UA00035431    (4)   :  0.061 0.122 0.153 0.147 0.141 0.199 0.161 0.016 
 81 UA00045274    (0)   :  0.088 0.103 0.132 0.127 0.139 0.182 0.154 0.075 
 82 UA00028200    (4)   :  0.115 0.076 0.096 0.090 0.092 0.081 0.101 0.350 
 83 UA00064559    (0)   :  0.022 0.020 0.021 0.022 0.022 0.026 0.023 0.844 
 84 UA00040808    (0)   :  0.122 0.097 0.100 0.095 0.094 0.053 0.101 0.337 
 85 UA00049156    (0)   :  0.118 0.080 0.099 0.094 0.091 0.070 0.109 0.338 
 86 UA00003952    (4)   :  0.560 0.070 0.075 0.072 0.076 0.040 0.077 0.029 
 87 UA00063954    (0)   :  0.031 0.127 0.146 0.143 0.139 0.114 0.163 0.137 
 88 UA00062934    (0)   :  0.060 0.112 0.131 0.134 0.127 0.106 0.161 0.169 
 89 UA00033829    (0)   :  0.181 0.040 0.048 0.048 0.048 0.040 0.056 0.540 
 90 UA00064351    (4)   :  0.086 0.111 0.098 0.104 0.116 0.346 0.103 0.035 
 91 UA00003697    (4)   :  0.502 0.064 0.077 0.076 0.070 0.056 0.089 0.066 
 92 UA00063438    (4)   :  0.085 0.105 0.130 0.123 0.122 0.082 0.152 0.201 
 93 UA00007608    (0)   :  0.160 0.089 0.110 0.106 0.107 0.095 0.132 0.202 
 94 UA00019683    (4)   :  0.028 0.072 0.066 0.071 0.083 0.197 0.068 0.415 
 95 UA00007781    (0)   :  0.055 0.119 0.147 0.147 0.150 0.181 0.164 0.038 
 96 UA00002915    (0)   :  0.070 0.097 0.125 0.116 0.108 0.060 0.138 0.287 
 97  Puco031    (4)   :  0.058 0.166 0.168 0.157 0.179 0.079 0.152 0.042 
 98 UA00048280    (4)   :  0.071 0.116 0.139 0.137 0.148 0.211 0.148 0.031 
 99 UA00048589    (0)   :  0.042 0.127 0.119 0.124 0.142 0.253 0.124 0.070 
100 UA00034417    (0)   :  0.141 0.129 0.138 0.131 0.131 0.078 0.147 0.106 
101 UA00050411    (4)   :  0.030 0.211 0.173 0.171 0.173 0.093 0.134 0.016 
102  Puco029    (4)   :  0.014 0.155 0.142 0.154 0.151 0.225 0.130 0.029 
103   F03403    (4)   :  0.038 0.112 0.096 0.101 0.136 0.408 0.089 0.018 
104 UA00049904    (0)   :  0.044 0.106 0.139 0.134 0.132 0.145 0.163 0.138 
105 UA00035335    (0)   :  0.012 0.200 0.134 0.163 0.172 0.201 0.095 0.022 
106 UA00012611    (0)   :  0.027 0.133 0.168 0.164 0.169 0.123 0.182 0.035 
107 UA00050319    (0)   :  0.022 0.123 0.083 0.097 0.129 0.453 0.074 0.019 
108 UA00032068    (4)   :  0.023 0.137 0.163 0.149 0.149 0.106 0.170 0.104 
109 UA00032026    (4)   :  0.033 0.149 0.160 0.157 0.156 0.101 0.175 0.069 
110 UA00030476    (4)   :  0.019 0.104 0.083 0.100 0.122 0.432 0.076 0.065 
111 UA00046853    (0)   :  0.035 0.121 0.104 0.114 0.114 0.350 0.108 0.055 
112 UA00040156    (4)   :  0.017 0.014 0.014 0.014 0.014 0.015 0.015 0.896 
113 UA00030528    (4)   :  0.030 0.140 0.148 0.142 0.136 0.058 0.158 0.188 
114  Puco025    (4)   :  0.023 0.223 0.162 0.178 0.165 0.102 0.123 0.024 
115    pc016    (0)   :  0.018 0.014 0.014 0.014 0.014 0.013 0.014 0.900 
116 UA00030617    (4)   :  0.020 0.227 0.157 0.188 0.172 0.104 0.113 0.018 
117 UA00030585    (4)   :  0.029 0.024 0.025 0.025 0.024 0.033 0.027 0.811 
118 UA00032060    (4)   :  0.032 0.113 0.127 0.127 0.128 0.132 0.146 0.196 
119    pc007    (0)   :  0.039 0.121 0.119 0.123 0.134 0.288 0.123 0.054 
120 UA00030798    (4)   :  0.019 0.031 0.034 0.033 0.032 0.029 0.037 0.784 
121 UA00030778    (4)   :  0.022 0.194 0.187 0.178 0.166 0.083 0.155 0.015 
122 UA00039674    (4)   :  0.018 0.019 0.020 0.020 0.020 0.018 0.021 0.864 
123 UA00032241    (4)   :  0.023 0.159 0.141 0.157 0.160 0.218 0.126 0.017 
124 UA00011624    (0)   :  0.033 0.184 0.161 0.160 0.152 0.143 0.141 0.026 
125 UA00033779    (4)   :  0.034 0.119 0.095 0.104 0.124 0.412 0.087 0.025 
126 UA00049402    (4)   :  0.136 0.156 0.162 0.148 0.155 0.063 0.139 0.041 
127 UA00033653    (0)   :  0.029 0.115 0.083 0.093 0.118 0.467 0.074 0.020 
128 UA00047738    (0)   :  0.082 0.125 0.143 0.138 0.131 0.164 0.162 0.055 
129 UA00047502    (4)   :  0.194 0.129 0.142 0.128 0.129 0.065 0.154 0.058 
130 UA00012014    (4)   :  0.052 0.164 0.161 0.162 0.163 0.077 0.180 0.040 
131 UA00040729    (0)   :  0.028 0.134 0.124 0.144 0.147 0.263 0.115 0.045 
132 UA00030392    (4)   :  0.023 0.189 0.162 0.178 0.166 0.102 0.146 0.033 
133 UA00050033    (0)   :  0.031 0.155 0.155 0.156 0.146 0.139 0.161 0.055 
134 UA00012152    (0)   :  0.457 0.105 0.095 0.094 0.093 0.051 0.087 0.018 
135 UA00050406    (0)   :  0.042 0.142 0.169 0.162 0.157 0.101 0.183 0.043 
136 UA00047973    (0)   :  0.039 0.128 0.153 0.154 0.152 0.170 0.174 0.030 
137 UA00008051    (0)   :  0.103 0.135 0.139 0.136 0.129 0.122 0.144 0.092 
138 UA00047337    (4)   :  0.037 0.118 0.137 0.137 0.132 0.122 0.144 0.173 
139 UA00041604    (4)   :  0.094 0.125 0.147 0.145 0.132 0.111 0.168 0.079 
140 UA00031704    (4)   :  0.017 0.201 0.180 0.170 0.172 0.099 0.141 0.021 
141 UA00040423    (4)   :  0.032 0.170 0.155 0.149 0.158 0.104 0.147 0.085 
142 UA00049433    (0)   :  0.104 0.154 0.153 0.145 0.160 0.068 0.154 0.063 
143 UA00034816    (0)   :  0.092 0.211 0.154 0.167 0.154 0.077 0.113 0.031 
144 UA00050214    (0)   :  0.022 0.264 0.162 0.191 0.177 0.067 0.095 0.022 
145 UA00041073    (0)   :  0.079 0.141 0.158 0.152 0.134 0.108 0.170 0.058 
146 UA00030318    (4)   :  0.061 0.191 0.165 0.163 0.155 0.106 0.134 0.025 
147 UA00046845    (0)   :  0.109 0.171 0.160 0.156 0.150 0.069 0.141 0.044 
148 UA00063946    (0)   :  0.027 0.115 0.072 0.087 0.116 0.484 0.062 0.038 
149 UA00031374    (4)   :  0.064 0.157 0.160 0.157 0.156 0.112 0.155 0.039 
150    M1136    (4)   :  0.033 0.128 0.113 0.113 0.114 0.058 0.109 0.331 
151 UA00034299    (0)   :  0.032 0.275 0.161 0.177 0.172 0.071 0.082 0.030 
152 UA00002387    (4)   :  0.069 0.208 0.164 0.165 0.174 0.068 0.134 0.019 
153 UA00021855    (0)   :  0.051 0.124 0.155 0.148 0.132 0.172 0.175 0.042 
154 UA00014500    (0)   :  0.029 0.153 0.174 0.161 0.173 0.090 0.168 0.052 
155 UA00050419    (4)   :  0.030 0.250 0.167 0.197 0.168 0.074 0.095 0.019 
156 UA00031854    (4)   :  0.089 0.133 0.154 0.147 0.145 0.128 0.164 0.039 
157    pc011    (4)   :  0.040 0.230 0.179 0.177 0.167 0.068 0.118 0.021 
158 UA00033004    (0)   :  0.047 0.177 0.167 0.162 0.153 0.080 0.146 0.067 
159 UA00046510    (0)   :  0.152 0.151 0.146 0.150 0.149 0.079 0.146 0.027 
160 UA00048747    (0)   :  0.064 0.201 0.167 0.169 0.162 0.071 0.138 0.028 
161 UA00014293    (0)   :  0.043 0.230 0.173 0.168 0.176 0.063 0.123 0.025 
162 UA00047686    (0)   :  0.193 0.136 0.136 0.134 0.137 0.067 0.151 0.048 
163 UA00033783    (4)   :  0.111 0.078 0.078 0.081 0.081 0.163 0.085 0.323 
164 UA00042609    (4)   :  0.277 0.134 0.124 0.115 0.129 0.062 0.104 0.054 
165 UA00031169    (4)   :  0.026 0.264 0.168 0.176 0.167 0.066 0.103 0.030 
166 UA00035181    (0)   :  0.025 0.147 0.157 0.152 0.166 0.193 0.147 0.014 
167 UA00050133    (0)   :  0.052 0.170 0.164 0.160 0.158 0.098 0.158 0.040 
168  Puco011    (4)   :  0.050 0.227 0.169 0.169 0.168 0.063 0.114 0.038 
169 UA00041476    (0)   :  0.092 0.170 0.154 0.156 0.142 0.074 0.148 0.064 
170 UA00046702    (0)   :  0.029 0.215 0.176 0.190 0.164 0.075 0.126 0.025 
171 UA00019940    (0)   :  0.067 0.169 0.155 0.159 0.145 0.113 0.149 0.043 
172 UA00049813    (0)   :  0.037 0.133 0.142 0.142 0.127 0.224 0.147 0.048 
173 UA00064165    (0)   :  0.382 0.087 0.101 0.098 0.094 0.074 0.116 0.047 
174 UA00064421    (0)   :  0.290 0.117 0.133 0.125 0.123 0.066 0.129 0.018 
175 UA00064569    (4)   :  0.031 0.189 0.161 0.178 0.160 0.128 0.137 0.016 
176 UA00003996    (0)   :  0.154 0.156 0.149 0.146 0.145 0.072 0.137 0.040 
177 UA00064491    (4)   :  0.062 0.195 0.156 0.175 0.154 0.108 0.128 0.022 
178 UA00011899    (0)   :  0.030 0.134 0.173 0.162 0.156 0.103 0.197 0.046 
179  Puco015    (4)   :  0.047 0.152 0.148 0.150 0.141 0.099 0.151 0.113 
180 UA00047929    (4)   :  0.019 0.144 0.133 0.146 0.151 0.251 0.128 0.028 
181 UA00056669    (0)   :  0.069 0.141 0.168 0.162 0.157 0.089 0.189 0.025 
182 UA00050176    (0)   :  0.077 0.124 0.165 0.152 0.145 0.086 0.194 0.056 
183  Puco014    (4)   :  0.068 0.127 0.147 0.139 0.141 0.180 0.160 0.039 
184 UA00019608    (0)   :  0.079 0.180 0.164 0.160 0.167 0.069 0.149 0.032 
185 UA00064333    (0)   :  0.049 0.209 0.167 0.161 0.155 0.075 0.153 0.030 
186  Puco013    (4)   :  0.158 0.127 0.152 0.141 0.142 0.079 0.168 0.035 
187 UA00016092    (0)   :  0.021 0.231 0.167 0.185 0.159 0.099 0.121 0.016 
188 UA00019060    (0)   :  0.505 0.061 0.065 0.064 0.061 0.049 0.074 0.120 
189 UA00063532    (0)   :  0.061 0.134 0.158 0.153 0.142 0.126 0.168 0.059 
190 UA00064117    (0)   :  0.256 0.088 0.096 0.093 0.087 0.065 0.108 0.207 
191 UA00011969    (0)   :  0.073 0.122 0.161 0.153 0.143 0.114 0.181 0.052 
192 UA00034586    (4)   :  0.027 0.157 0.150 0.154 0.148 0.183 0.157 0.024 
193 UA00030736    (4)   :  0.032 0.155 0.178 0.166 0.153 0.085 0.188 0.042 
194 UA00048493    (0)   :  0.041 0.144 0.165 0.158 0.153 0.098 0.174 0.068 
195 UA00040466    (0)   :  0.665 0.050 0.054 0.055 0.058 0.039 0.056 0.024 
196 UA00047659    (0)   :  0.046 0.137 0.165 0.164 0.160 0.118 0.189 0.022 
197 UA00042002    (4)   :  0.049 0.104 0.126 0.124 0.124 0.141 0.143 0.190 
198 UA00062606    (0)   :  0.144 0.145 0.147 0.140 0.151 0.088 0.143 0.043 
199 UA00030615    (4)   :  0.702 0.043 0.048 0.049 0.046 0.037 0.057 0.019 
200 UA00048899    (0)   :  0.048 0.134 0.168 0.157 0.164 0.109 0.185 0.036 
201 UA00047725    (0)   :  0.876 0.017 0.018 0.018 0.018 0.017 0.019 0.018 
202 UA00030866    (4)   :  0.075 0.156 0.167 0.150 0.176 0.086 0.159 0.030 
203 UA00034564    (0)   :  0.059 0.168 0.168 0.157 0.190 0.070 0.153 0.035 
204 UA00046520    (0)   :  0.030 0.114 0.094 0.106 0.126 0.419 0.088 0.022 
205 UA00035027    (0)   :  0.088 0.130 0.151 0.142 0.150 0.124 0.164 0.052 
206 UA00035421    (0)   :  0.297 0.135 0.128 0.118 0.123 0.060 0.110 0.028 
207 UA00062740    (4)   :  0.123 0.132 0.150 0.133 0.160 0.086 0.147 0.068 
208 UA00012360    (0)   :  0.741 0.039 0.041 0.040 0.042 0.031 0.046 0.021 
209 UA00050203    (0)   :  0.037 0.149 0.153 0.156 0.154 0.163 0.145 0.043 
210 UA00040534    (4)   :  0.328 0.075 0.089 0.085 0.083 0.050 0.107 0.184 
211 UA00031261    (4)   :  0.518 0.061 0.065 0.066 0.071 0.039 0.072 0.106 
212 UA00031917    (4)   :  0.328 0.083 0.088 0.089 0.097 0.048 0.098 0.168 
213 UA00040798    (4)   :  0.370 0.081 0.094 0.092 0.087 0.100 0.106 0.071 
214 UA00030598    (4)   :  0.300 0.090 0.114 0.108 0.109 0.082 0.126 0.071 
215 UA00050385    (0)   :  0.085 0.153 0.168 0.150 0.167 0.073 0.166 0.038 
216 UA00058283    (0)   :  0.761 0.028 0.033 0.033 0.031 0.032 0.035 0.047 
217 UA00042297    (4)   :  0.121 0.070 0.085 0.082 0.076 0.084 0.096 0.386 
218 UA00015415    (4)   :  0.799 0.031 0.031 0.031 0.033 0.024 0.031 0.020 
219 UA00035531    (0)   :  0.600 0.052 0.055 0.056 0.058 0.035 0.058 0.085 
220 UA00048683    (0)   :  0.575 0.067 0.071 0.070 0.070 0.048 0.075 0.025 
221 UA00046734    (4)   :  0.761 0.034 0.038 0.036 0.037 0.028 0.039 0.026 
222   pcRF01    (0)   :  0.029 0.292 0.162 0.187 0.179 0.060 0.079 0.013 
223 UA00007223    (0)   :  0.177 0.136 0.140 0.128 0.151 0.065 0.141 0.063 
224 UA00013841    (0)   :  0.031 0.148 0.139 0.144 0.146 0.146 0.128 0.119 
225 UA00014196    (0)   :  0.578 0.062 0.066 0.064 0.065 0.039 0.071 0.054 
226 UA00034635    (0)   :  0.041 0.150 0.172 0.161 0.154 0.107 0.190 0.025 
227 UA00047371    (0)   :  0.053 0.098 0.132 0.124 0.124 0.117 0.167 0.185 
228 UA00063544    (0)   :  0.052 0.112 0.119 0.127 0.115 0.147 0.136 0.192 
229 UA00064246    (0)   :  0.156 0.112 0.122 0.116 0.119 0.144 0.140 0.090 
230 UA00064328    (0)   :  0.174 0.117 0.132 0.135 0.123 0.084 0.158 0.076 
231 UA00002952    (0)   :  0.192 0.107 0.122 0.117 0.127 0.074 0.130 0.130 
232 UA00064079    (0)   :  0.067 0.123 0.148 0.143 0.132 0.093 0.167 0.127 
233 UA00046793    (0)   :  0.205 0.110 0.121 0.113 0.117 0.062 0.123 0.148 
234 UA00034769    (0)   :  0.081 0.072 0.081 0.080 0.077 0.112 0.095 0.403 
235 UA00034949    (0)   :  0.211 0.137 0.136 0.127 0.150 0.055 0.130 0.056 
236 UA00063753    (0)   :  0.086 0.103 0.104 0.108 0.110 0.299 0.114 0.075 
237 UA00015713    (0)   :  0.036 0.112 0.127 0.131 0.126 0.195 0.150 0.124 
238 UA00003494    (0)   :  0.117 0.178 0.149 0.142 0.140 0.059 0.130 0.086 
239 UA00056767    (0)   :  0.025 0.122 0.097 0.102 0.131 0.415 0.095 0.014 
240 UA00014461    (0)   :  0.168 0.127 0.141 0.129 0.130 0.083 0.144 0.077 
241 UA00034669    (0)   :  0.329 0.080 0.099 0.097 0.098 0.077 0.115 0.105 
242 UA00048164    (0)   :  0.210 0.131 0.131 0.132 0.140 0.103 0.129 0.025 
243 UA00007974    (0)   :  0.042 0.108 0.112 0.120 0.139 0.296 0.121 0.063 
244 UA00016166    (0)   :  0.049 0.145 0.121 0.126 0.127 0.060 0.116 0.258 
245 UA00015653    (0)   :  0.153 0.091 0.117 0.113 0.117 0.070 0.137 0.202 
246 UA00063882    (0)   :  0.315 0.090 0.107 0.105 0.109 0.062 0.113 0.099 
247 UA00049027    (0)   :  0.088 0.097 0.118 0.117 0.110 0.114 0.143 0.214 
248 UA00018878    (0)   :  0.034 0.091 0.113 0.112 0.120 0.177 0.127 0.227 
249 UA00038796    (0)   :  0.272 0.098 0.119 0.119 0.130 0.093 0.132 0.035 
250 UA00013465    (0)   :  0.586 0.056 0.067 0.065 0.060 0.051 0.078 0.037 
251 UA00014604    (0)   :  0.186 0.095 0.129 0.125 0.121 0.113 0.161 0.070 
252 UA00041913    (0)   :  0.052 0.094 0.101 0.100 0.099 0.209 0.113 0.231 
253 UA00021632    (0)   :  0.077 0.073 0.084 0.086 0.079 0.063 0.099 0.440 
254 UA00064027    (0)   :  0.104 0.113 0.145 0.139 0.135 0.079 0.183 0.102 
255 UA00015023    (0)   :  0.112 0.163 0.158 0.159 0.142 0.080 0.150 0.036 
256 UA00050243    (0)   :  0.050 0.110 0.139 0.133 0.129 0.071 0.159 0.209 
257 UA00048298    (0)   :  0.061 0.151 0.160 0.156 0.143 0.110 0.160 0.060 
258 UA00050437    (0)   :  0.199 0.114 0.137 0.133 0.126 0.081 0.166 0.043 
259 UA00014262    (0)   :  0.062 0.131 0.149 0.142 0.140 0.095 0.164 0.117 
260 UA00049129    (0)   :  0.037 0.133 0.139 0.138 0.133 0.204 0.144 0.072 
261 UA00014740    (0)   :  0.069 0.126 0.129 0.134 0.140 0.190 0.142 0.070 
262 UA00049612    (0)   :  0.074 0.043 0.048 0.046 0.046 0.054 0.052 0.637 
263 UA00014635    (0)   :  0.028 0.119 0.100 0.121 0.140 0.376 0.095 0.020 
264 UA00014673    (0)   :  0.187 0.092 0.119 0.123 0.111 0.111 0.136 0.122 
265 UA00033608    (0)   :  0.070 0.075 0.084 0.083 0.082 0.126 0.090 0.391 
266 UA00064540    (0)   :  0.075 0.114 0.108 0.107 0.128 0.319 0.113 0.036 
267 UA00050256    (0)   :  0.122 0.105 0.138 0.128 0.124 0.074 0.169 0.140 
268 UA00015274    (0)   :  0.075 0.173 0.164 0.156 0.160 0.099 0.140 0.033 
269 UA00062993    (0)   :  0.069 0.121 0.151 0.150 0.150 0.178 0.164 0.018 
270 UA00038364    (0)   :  0.067 0.113 0.139 0.137 0.131 0.153 0.169 0.090 
271 UA00014446    (0)   :  0.036 0.138 0.167 0.171 0.158 0.107 0.203 0.021 
272 UA00063545    (0)   :  0.141 0.064 0.074 0.071 0.070 0.051 0.081 0.448 
273 UA00040054    (0)   :  0.027 0.189 0.154 0.166 0.171 0.111 0.130 0.051 
274 UA00058447    (0)   :  0.037 0.124 0.145 0.136 0.162 0.205 0.149 0.043 
275 UA00046835    (0)   :  0.036 0.129 0.139 0.142 0.151 0.222 0.145 0.036 
276 UA00014608    (0)   :  0.053 0.123 0.158 0.151 0.158 0.143 0.185 0.029 
277    pc012    (0)   :  0.094 0.120 0.151 0.152 0.144 0.120 0.163 0.057 
278    pc002    (0)   :  0.071 0.086 0.102 0.102 0.101 0.074 0.119 0.345 
279 UA00033690    (0)   :  0.039 0.099 0.082 0.098 0.115 0.322 0.090 0.156 
280 UA00013688    (0)   :  0.083 0.125 0.155 0.143 0.153 0.122 0.172 0.046 
281 UA00063666    (0)   :  0.017 0.110 0.079 0.094 0.114 0.431 0.075 0.078 
282 UA00063292    (0)   :  0.023 0.121 0.077 0.093 0.124 0.475 0.066 0.022 
283    pc001    (0)   :  0.073 0.133 0.156 0.147 0.151 0.127 0.177 0.036 
284    pc008    (0)   :  0.047 0.123 0.136 0.142 0.136 0.230 0.145 0.040 
285 UA00034316    (0)   :  0.202 0.113 0.113 0.112 0.099 0.059 0.120 0.182 
286 UA00013046    (0)   :  0.020 0.174 0.140 0.161 0.154 0.206 0.116 0.030 
287 UA00050241    (0)   :  0.016 0.130 0.111 0.131 0.132 0.340 0.114 0.026 
288 UA00048599    (0)   :  0.026 0.124 0.136 0.140 0.152 0.255 0.145 0.021 
289 UA00046649    (0)   :  0.036 0.099 0.109 0.109 0.102 0.110 0.122 0.312 
290 UA00015674    (0)   :  0.055 0.067 0.072 0.075 0.077 0.132 0.081 0.441 
291 UA00013177    (0)   :  0.100 0.109 0.112 0.117 0.113 0.232 0.117 0.100 
292 UA00012814    (0)   :  0.060 0.155 0.168 0.162 0.152 0.101 0.165 0.037 
293 UA00034654    (0)   :  0.029 0.156 0.165 0.160 0.161 0.148 0.157 0.024 
294 UA00046743    (0)   :  0.034 0.141 0.108 0.130 0.143 0.325 0.093 0.027 
295 UA00014854    (0)   :  0.017 0.112 0.089 0.107 0.125 0.350 0.085 0.114 
296 UA00013729    (0)   :  0.044 0.197 0.160 0.172 0.159 0.089 0.139 0.039 
297 UA00063483    (0)   :  0.022 0.123 0.161 0.152 0.145 0.189 0.180 0.028 
298 UA00039326    (0)   :  0.036 0.126 0.130 0.132 0.132 0.198 0.134 0.111 
299 UA00014742    (0)   :  0.022 0.122 0.130 0.130 0.130 0.291 0.142 0.033 
300 UA00049597    (0)   :  0.016 0.087 0.083 0.091 0.094 0.173 0.082 0.373 
301 UA00048067    (0)   :  0.064 0.113 0.128 0.129 0.135 0.203 0.148 0.080 
302 UA00012918    (0)   :  0.017 0.096 0.072 0.092 0.110 0.378 0.065 0.170 
303 UA00013487    (0)   :  0.018 0.310 0.163 0.185 0.177 0.059 0.068 0.019 
304 UA00046759    (0)   :  0.169 0.111 0.122 0.126 0.121 0.112 0.142 0.096 
305 UA00050164    (0)   :  0.038 0.071 0.065 0.066 0.069 0.042 0.066 0.582 
306 UA00049839    (0)   :  0.043 0.122 0.138 0.132 0.124 0.271 0.142 0.027 
307 UA00048444    (0)   :  0.028 0.108 0.070 0.077 0.108 0.477 0.058 0.075 
308 UA00063857    (0)   :  0.017 0.142 0.143 0.144 0.143 0.227 0.145 0.039 
309 UA00014921    (0)   :  0.020 0.081 0.097 0.097 0.090 0.108 0.111 0.396 
310 UA00048895    (0)   :  0.042 0.079 0.097 0.097 0.094 0.100 0.109 0.382 
311 UA00014556    (0)   :  0.139 0.128 0.147 0.136 0.140 0.115 0.162 0.032 
312    pc009    (0)   :  0.016 0.122 0.087 0.092 0.122 0.463 0.074 0.023 
313 UA00014959    (0)   :  0.028 0.083 0.086 0.092 0.091 0.148 0.086 0.385 
314 UA00020709    (0)   :  0.042 0.131 0.139 0.145 0.142 0.169 0.146 0.086 
315 UA00013126    (0)   :  0.021 0.019 0.020 0.020 0.020 0.023 0.021 0.856 
316 UA00013695    (0)   :  0.024 0.031 0.032 0.033 0.032 0.031 0.033 0.785 
317 UA00049344    (0)   :  0.047 0.075 0.095 0.092 0.090 0.074 0.114 0.412 
318 UA00047614    (0)   :  0.100 0.036 0.041 0.042 0.042 0.037 0.047 0.655 
319 UA00014221    (0)   :  0.020 0.123 0.113 0.118 0.139 0.364 0.112 0.012 
320 UA00014346    (0)   :  0.048 0.109 0.109 0.114 0.134 0.318 0.121 0.048 
321 UA00014245    (0)   :  0.026 0.099 0.092 0.104 0.117 0.238 0.094 0.230 
322 UA00014696    (0)   :  0.032 0.024 0.024 0.024 0.024 0.019 0.025 0.828 
323 UA00006991    (0)   :  0.070 0.151 0.166 0.155 0.167 0.084 0.182 0.025 
324 UA00048948    (0)   :  0.057 0.129 0.166 0.162 0.149 0.113 0.188 0.035 
325 UA00002239    (0)   :  0.081 0.164 0.164 0.159 0.165 0.073 0.157 0.039 
326 UA00063459    (0)   :  0.017 0.111 0.084 0.099 0.130 0.449 0.078 0.033 
327 UA00048356    (0)   :  0.100 0.109 0.134 0.133 0.139 0.173 0.168 0.044 
328 UA00063940    (0)   :  0.097 0.149 0.155 0.153 0.146 0.088 0.170 0.042 
329 UA00048130    (0)   :  0.035 0.119 0.130 0.126 0.139 0.278 0.148 0.025 
330 UA00048903    (0)   :  0.021 0.204 0.157 0.174 0.162 0.139 0.126 0.016 
331 UA00064643    (0)   :  0.054 0.163 0.149 0.155 0.142 0.134 0.151 0.051 
332 UA00050233    (0)   :  0.077 0.150 0.148 0.153 0.147 0.139 0.158 0.027 
333 UA00012507    (0)   :  0.148 0.135 0.158 0.148 0.146 0.076 0.168 0.022 
334 UA00064416    (0)   :  0.034 0.233 0.164 0.179 0.175 0.072 0.119 0.024 
335 UA00034724    (0)   :  0.048 0.145 0.156 0.162 0.143 0.150 0.169 0.027 
336 UA00002621    (0)   :  0.028 0.151 0.155 0.163 0.150 0.181 0.147 0.023 
337 UA00033203    (0)   :  0.032 0.264 0.158 0.171 0.174 0.064 0.096 0.041 
338 UA00011996    (0)   :  0.025 0.130 0.169 0.165 0.158 0.109 0.195 0.049 
339 UA00014408    (0)   :  0.274 0.115 0.130 0.126 0.120 0.067 0.135 0.032 
340 UA00049502    (0)   :  0.099 0.116 0.157 0.146 0.139 0.133 0.187 0.025 
341 UA00062695    (0)   :  0.061 0.109 0.120 0.119 0.130 0.243 0.141 0.076 
342 UA00014072    (0)   :  0.039 0.119 0.127 0.130 0.125 0.276 0.140 0.044 
343 UA00003334    (0)   :  0.022 0.152 0.132 0.145 0.150 0.252 0.118 0.030 
344 UA00013835    (0)   :  0.043 0.126 0.143 0.145 0.144 0.175 0.170 0.053 
345 UA00046760    (0)   :  0.031 0.108 0.136 0.125 0.120 0.155 0.158 0.167 
346 UA00014241    (0)   :  0.041 0.157 0.169 0.157 0.155 0.147 0.151 0.023 
347 UA00049585    (0)   :  0.018 0.125 0.158 0.147 0.146 0.206 0.172 0.027 
348 UA00013409    (0)   :  0.144 0.109 0.101 0.098 0.106 0.294 0.105 0.044 
349 UA00047548    (0)   :  0.020 0.162 0.167 0.160 0.164 0.116 0.174 0.036 
350 UA00049038    (0)   :  0.089 0.083 0.106 0.103 0.097 0.113 0.121 0.289 
351 UA00047612    (0)   :  0.051 0.134 0.167 0.164 0.160 0.119 0.180 0.025 
352 UA00014822    (0)   :  0.131 0.090 0.109 0.104 0.109 0.085 0.123 0.248 
353 UA00035299    (0)   :  0.041 0.185 0.159 0.163 0.163 0.095 0.151 0.041 
354 UA00012804    (0)   :  0.054 0.091 0.111 0.110 0.106 0.089 0.136 0.303 
355 UA00049578    (0)   :  0.115 0.125 0.150 0.144 0.131 0.131 0.174 0.029 
356 UA00047672    (0)   :  0.040 0.280 0.156 0.171 0.182 0.061 0.088 0.022 
357 UA00043961    (0)   :  0.063 0.048 0.054 0.054 0.049 0.060 0.060 0.612 
358 UA00064575    (0)   :  0.161 0.105 0.135 0.124 0.119 0.164 0.155 0.037 
359 UA00014732    (0)   :  0.062 0.155 0.160 0.164 0.163 0.101 0.173 0.022 
360 UA00050181    (0)   :  0.053 0.158 0.172 0.164 0.181 0.083 0.173 0.015 
361 UA00033369    (0)   :  0.065 0.127 0.131 0.123 0.130 0.070 0.139 0.215 
362 UA00011982    (0)   :  0.016 0.288 0.155 0.192 0.177 0.073 0.083 0.016 
363 UA00014590    (0)   :  0.058 0.169 0.154 0.156 0.145 0.073 0.156 0.088 
364 UA00047743    (0)   :  0.024 0.236 0.164 0.164 0.178 0.081 0.130 0.023 
365 UA00046621    (0)   :  0.018 0.227 0.167 0.180 0.173 0.085 0.128 0.022 
366 UA00050422    (0)   :  0.106 0.142 0.153 0.152 0.141 0.103 0.176 0.027 
367 UA00002760    (0)   :  0.032 0.139 0.155 0.145 0.143 0.151 0.164 0.071 
368 UA00012999    (0)   :  0.030 0.154 0.160 0.153 0.151 0.084 0.175 0.092 
369 UA00063838    (0)   :  0.035 0.173 0.147 0.164 0.150 0.174 0.134 0.022 
370 UA00003729    (0)   :  0.156 0.091 0.112 0.109 0.107 0.148 0.127 0.151 
371 UA00015348    (0)   :  0.052 0.112 0.115 0.114 0.116 0.307 0.124 0.060 
372 UA00019058    (0)   :  0.083 0.108 0.098 0.099 0.126 0.346 0.102 0.038 
373 UA00049549    (0)   :  0.018 0.109 0.068 0.080 0.112 0.463 0.057 0.093 
374 UA00014334    (0)   :  0.085 0.171 0.164 0.149 0.168 0.080 0.147 0.038 
375 UA00014350    (0)   :  0.013 0.321 0.163 0.193 0.180 0.060 0.055 0.013 
376 UA00049227    (0)   :  0.086 0.122 0.141 0.136 0.142 0.067 0.156 0.149 
377 UA00014051    (0)   :  0.135 0.187 0.157 0.149 0.157 0.069 0.127 0.019 
378 UA00034381    (0)   :  0.082 0.140 0.159 0.160 0.138 0.128 0.162 0.031 
379 UA00002354    (0)   :  0.023 0.279 0.162 0.176 0.170 0.072 0.098 0.019 
380 UA00049892    (0)   :  0.021 0.162 0.129 0.142 0.140 0.222 0.112 0.073 
381 UA00021989    (0)   :  0.047 0.173 0.162 0.163 0.154 0.128 0.153 0.019 
382 UA00048968    (0)   :  0.047 0.175 0.171 0.164 0.159 0.104 0.157 0.024 
383 UA00013174    (0)   :  0.053 0.196 0.166 0.165 0.163 0.081 0.136 0.038 
384 UA00033992    (0)   :  0.029 0.138 0.148 0.147 0.133 0.073 0.169 0.162 
385 UA00015801    (0)   :  0.015 0.266 0.159 0.194 0.176 0.083 0.094 0.012 
386 UA00063303    (0)   :  0.058 0.105 0.102 0.106 0.106 0.200 0.109 0.215 
387 UA00050206    (0)   :  0.029 0.123 0.110 0.113 0.128 0.379 0.103 0.015 
388 UA00014458    (0)   :  0.061 0.142 0.142 0.145 0.134 0.156 0.142 0.078 
389 UA00007204    (0)   :  0.025 0.128 0.113 0.134 0.141 0.308 0.109 0.042 
390 UA00063212    (0)   :  0.127 0.088 0.100 0.103 0.093 0.191 0.117 0.180 
391 UA00013340    (0)   :  0.029 0.125 0.159 0.148 0.149 0.118 0.193 0.079 
392 UA00062743    (0)   :  0.084 0.192 0.166 0.155 0.182 0.065 0.134 0.022 
393 UA00063189    (0)   :  0.448 0.082 0.089 0.089 0.081 0.056 0.096 0.059 
394 UA00035432    (0)   :  0.026 0.141 0.152 0.150 0.144 0.213 0.149 0.026 
395 UA00007958    (0)   :  0.028 0.174 0.185 0.168 0.162 0.107 0.153 0.024 
396 UA00013634    (0)   :  0.050 0.219 0.178 0.169 0.175 0.067 0.122 0.020 
397 UA00048175    (0)   :  0.029 0.301 0.161 0.187 0.175 0.063 0.072 0.012 
398 UA00003202    (0)   :  0.033 0.138 0.169 0.159 0.148 0.140 0.184 0.031 
399 UA00035090    (0)   :  0.089 0.143 0.140 0.143 0.131 0.181 0.135 0.038 
400 UA00064679    (0)   :  0.299 0.116 0.121 0.111 0.110 0.079 0.116 0.048 
401 UA00039518    (0)   :  0.031 0.190 0.164 0.167 0.162 0.122 0.128 0.037 
402 UA00058268    (0)   :  0.044 0.153 0.168 0.171 0.150 0.103 0.177 0.034 
403 UA00049456    (0)   :  0.045 0.113 0.126 0.121 0.116 0.166 0.142 0.172 
404 UA00049550    (0)   :  0.102 0.124 0.122 0.128 0.119 0.245 0.136 0.023 
405 UA00048342    (0)   :  0.052 0.121 0.152 0.141 0.128 0.149 0.163 0.095 
406 UA00063493    (0)   :  0.025 0.166 0.159 0.166 0.151 0.154 0.158 0.019 
407 UA00058261    (0)   :  0.124 0.196 0.159 0.155 0.145 0.069 0.126 0.026 
408 UA00014663    (0)   :  0.063 0.154 0.165 0.161 0.156 0.086 0.178 0.037 
409 UA00048817    (0)   :  0.049 0.156 0.137 0.132 0.136 0.069 0.130 0.189 
410 UA00049381    (0)   :  0.060 0.215 0.175 0.179 0.159 0.068 0.121 0.023 
411 UA00035901    (0)   :  0.252 0.104 0.128 0.126 0.119 0.085 0.150 0.037 
412 UA00013301    (0)   :  0.077 0.116 0.105 0.105 0.113 0.332 0.110 0.042 
413 UA00047926    (0)   :  0.090 0.194 0.152 0.158 0.151 0.069 0.122 0.065 
414 UA00007272    (0)   :  0.156 0.165 0.146 0.138 0.154 0.065 0.133 0.042 
415 UA00016041    (0)   :  0.036 0.127 0.140 0.138 0.127 0.233 0.144 0.055 
416 UA00013502    (0)   :  0.058 0.178 0.160 0.162 0.151 0.134 0.139 0.018 
417 UA00002390    (0)   :  0.041 0.138 0.159 0.155 0.145 0.087 0.184 0.092 
418 UA00034907    (0)   :  0.064 0.133 0.167 0.157 0.153 0.119 0.184 0.022 
419 UA00048821    (0)   :  0.115 0.130 0.135 0.137 0.125 0.101 0.153 0.105 
420 UA00002136    (0)   :  0.058 0.114 0.138 0.134 0.120 0.177 0.165 0.094 
421 UA00011790    (0)   :  0.056 0.182 0.176 0.162 0.163 0.075 0.144 0.041 
422 UA00021586    (0)   :  0.064 0.123 0.129 0.134 0.125 0.106 0.138 0.181 
423 UA00033270    (0)   :  0.061 0.139 0.165 0.157 0.146 0.124 0.174 0.035 
424 UA00048073    (0)   :  0.048 0.141 0.156 0.151 0.144 0.163 0.158 0.039 
425 UA00048856    (0)   :  0.102 0.141 0.154 0.145 0.156 0.124 0.145 0.033 
426 UA00049713    (0)   :  0.052 0.222 0.154 0.172 0.164 0.085 0.119 0.032 
427 UA00046885    (0)   :  0.033 0.130 0.160 0.157 0.159 0.149 0.174 0.039 
428 UA00034893    (0)   :  0.027 0.183 0.155 0.174 0.152 0.151 0.131 0.026 
429 UA00048011    (0)   :  0.077 0.167 0.165 0.173 0.148 0.102 0.151 0.016 
430 UA00015786    (0)   :  0.192 0.119 0.135 0.135 0.116 0.090 0.148 0.065 
431 UA00013162    (0)   :  0.090 0.196 0.163 0.149 0.185 0.061 0.124 0.032 
432 UA00049512    (0)   :  0.068 0.126 0.145 0.142 0.138 0.176 0.159 0.046 
433 UA00004046    (0)   :  0.036 0.219 0.185 0.172 0.175 0.068 0.125 0.019 
434 UA00048881    (0)   :  0.170 0.105 0.127 0.124 0.117 0.080 0.153 0.124 
435 UA00046610    (0)   :  0.088 0.129 0.152 0.141 0.133 0.079 0.159 0.118 
436 UA00033282    (0)   :  0.088 0.132 0.152 0.149 0.146 0.120 0.170 0.043 
437 UA00047561    (0)   :  0.038 0.193 0.173 0.170 0.166 0.069 0.163 0.027 
438 UA00013777    (0)   :  0.149 0.140 0.160 0.143 0.166 0.075 0.145 0.023 
439 UA00062849    (0)   :  0.035 0.114 0.123 0.129 0.126 0.307 0.132 0.034 
440 UA00049786    (0)   :  0.065 0.258 0.166 0.174 0.166 0.062 0.092 0.018 
441 UA00033246    (0)   :  0.018 0.120 0.096 0.100 0.120 0.437 0.087 0.022 
442 UA00045302    (0)   :  0.031 0.151 0.168 0.168 0.159 0.106 0.177 0.039 
443 UA00048637    (0)   :  0.058 0.224 0.167 0.170 0.161 0.069 0.125 0.025 
444 UA00049832    (0)   :  0.033 0.114 0.118 0.124 0.124 0.239 0.126 0.122 
445 UA00022023    (0)   :  0.043 0.144 0.160 0.156 0.167 0.081 0.165 0.084 
446 UA00050192    (0)   :  0.041 0.124 0.150 0.141 0.147 0.081 0.170 0.146 
447 UA00050413    (0)   :  0.058 0.145 0.152 0.156 0.146 0.144 0.170 0.028 
448 UA00013445    (0)   :  0.025 0.172 0.184 0.177 0.169 0.093 0.163 0.017 
449 UA00035496    (0)   :  0.207 0.112 0.130 0.126 0.132 0.112 0.146 0.034 
450 UA00003333    (0)   :  0.266 0.105 0.120 0.115 0.112 0.073 0.132 0.076 
451 UA00064008    (0)   :  0.243 0.123 0.137 0.135 0.123 0.077 0.138 0.024 
452 UA00003427    (0)   :  0.070 0.115 0.140 0.131 0.133 0.099 0.163 0.151 
453 UA00028092    (0)   :  0.129 0.096 0.120 0.110 0.104 0.090 0.135 0.215 
454    pc003    (0)   :  0.609 0.046 0.055 0.052 0.047 0.042 0.060 0.090 
455 UA00034440    (0)   :  0.062 0.122 0.135 0.131 0.135 0.240 0.144 0.030 
456 UA00026062    (0)   :  0.036 0.243 0.167 0.166 0.181 0.062 0.106 0.039 
457 UA00014347    (0)   :  0.104 0.109 0.141 0.137 0.148 0.144 0.161 0.056 
458 UA00021516    (0)   :  0.033 0.217 0.165 0.183 0.163 0.075 0.135 0.029 
459 UA00049347    (0)   :  0.291 0.114 0.127 0.117 0.114 0.068 0.139 0.030 
460 UA00063436    (0)   :  0.349 0.087 0.091 0.085 0.087 0.163 0.100 0.037 
461 UA00047790    (0)   :  0.048 0.166 0.174 0.165 0.173 0.072 0.171 0.031 
462 UA00045714    (0)   :  0.205 0.110 0.129 0.125 0.113 0.072 0.152 0.093 
463 UA00038979    (0)   :  0.043 0.110 0.108 0.114 0.122 0.282 0.107 0.114 
464 UA00016123    (0)   :  0.106 0.151 0.155 0.144 0.158 0.075 0.143 0.068 
465 UA00034765    (0)   :  0.703 0.052 0.050 0.050 0.049 0.031 0.050 0.017 
466 UA00063815    (0)   :  0.465 0.064 0.075 0.072 0.075 0.069 0.086 0.095 
467 UA00034795    (0)   :  0.052 0.118 0.127 0.127 0.130 0.270 0.139 0.037 
468 UA00004000    (0)   :  0.625 0.053 0.060 0.060 0.059 0.048 0.068 0.029 
469 UA00049367    (0)   :  0.097 0.120 0.141 0.137 0.136 0.198 0.150 0.021 
470 UA00034457    (0)   :  0.030 0.169 0.175 0.164 0.164 0.096 0.163 0.039 
471 UA00050015    (0)   :  0.069 0.114 0.139 0.132 0.141 0.186 0.155 0.063 
472 UA00021373    (0)   :  0.053 0.139 0.166 0.156 0.158 0.105 0.181 0.040 
473 UA00050232    (0)   :  0.524 0.059 0.068 0.066 0.069 0.049 0.074 0.091 
474 UA00038724    (0)   :  0.033 0.125 0.148 0.139 0.148 0.142 0.168 0.097 
475 UA00007824    (0)   :  0.089 0.165 0.156 0.142 0.153 0.072 0.138 0.084 
476 UA00048754    (0)   :  0.116 0.166 0.167 0.145 0.186 0.066 0.136 0.017 
477 UA00014271    (0)   :  0.042 0.150 0.164 0.154 0.149 0.118 0.161 0.063 
478 UA00013756    (0)   :  0.152 0.102 0.110 0.109 0.110 0.207 0.124 0.086 
479 UA00014385    (0)   :  0.249 0.109 0.123 0.111 0.111 0.066 0.128 0.103 
480 UA00049609    (0)   :  0.043 0.126 0.141 0.133 0.141 0.244 0.138 0.033 
481 UA00003748    (0)   :  0.293 0.121 0.126 0.121 0.135 0.062 0.117 0.025 
482 UA00063952    (0)   :  0.236 0.127 0.138 0.128 0.136 0.081 0.134 0.020 
483 UA00058348    (0)   :  0.497 0.069 0.087 0.085 0.081 0.070 0.093 0.018 
484 UA00014922    (0)   :  0.695 0.042 0.047 0.046 0.043 0.039 0.048 0.039 
485 UA00003820    (0)   :  0.095 0.179 0.175 0.150 0.177 0.071 0.135 0.017 
486 UA00013693    (0)   :  0.124 0.126 0.149 0.140 0.141 0.079 0.167 0.073 
487 UA00047713    (0)   :  0.618 0.066 0.066 0.064 0.067 0.036 0.062 0.021 
488 UA00034891    (0)   :  0.313 0.101 0.113 0.105 0.125 0.087 0.121 0.035 
489 UA00049223    (0)   :  0.289 0.110 0.123 0.119 0.112 0.089 0.127 0.031 
490 UA00064399    (0)   :  0.577 0.038 0.041 0.041 0.040 0.024 0.041 0.198 
491 UA00013336    (0)   :  0.688 0.034 0.042 0.043 0.040 0.035 0.050 0.066 
492 UA00035291    (0)   :  0.660 0.052 0.051 0.052 0.063 0.030 0.051 0.040 
493 UA00003945    (0)   :  0.569 0.061 0.071 0.067 0.060 0.053 0.071 0.048 
494 UA00014518    (0)   :  0.431 0.095 0.099 0.092 0.095 0.051 0.096 0.042 
495 UA00013583    (0)   :  0.155 0.068 0.087 0.083 0.078 0.076 0.098 0.355 
