

----------------------------------------------------
STRUCTURE by Pritchard, Stephens and Donnelly (2000)
     and Falush, Stephens and Pritchard (2003)
       Code by Pritchard, Falush and Hubisz
             Version 2.3.4 (Jul 2012)
----------------------------------------------------



Command line arguments:   structure -K 3 -o outputfile_K3_1 
Input File:    Puma_SNP_genotypes_cut_AZ_final_HWEonly.str

Run parameters:
   536 individuals
   22 loci
   3 populations assumed
   100000 Burn-in period
   500000 Reps


--------------------------------------------
Overall proportion of membership of the
sample in each of the 3 clusters

Inferred Clusters
  1      2      3    
0.334  0.329  0.337  

--------------------------------------------

Allele-freq. divergence among pops (Net nucleotide distance),
computed using point estimates of P.

      1       2       3      
 1      -    0.0533  0.0386  
 2   0.0533     -    0.0505  
 3   0.0386  0.0505     -    

Average distances (expected heterozygosity) between individuals in same cluster:
cluster  1  : 0.3567 
cluster  2  : 0.3142 
cluster  3  : 0.3536 

--------------------------------------------
Estimated Ln Prob of Data   = -12857.9
Mean value of ln likelihood = -12507.6
Variance of ln likelihood   = 700.5
Mean value of alpha         = 0.6457

Mean value of Fst_1         = 0.0924
Mean value of Fst_2         = 0.2123
Mean value of Fst_3         = 0.1051


Inferred ancestry of individuals:
        Label (%Miss) :  Inferred clusters
  1 UA00063336   (13)   :  0.296 0.462 0.242 
  2 UA00048914    (9)   :  0.202 0.459 0.339 
  3 UA00014769   (13)   :  0.530 0.088 0.382 
  4 UA00008132   (13)   :  0.331 0.291 0.378 
  5 UA00030462   (13)   :  0.234 0.521 0.245 
  6 UA00034866   (13)   :  0.359 0.290 0.350 
  7 UA00034800    (9)   :  0.214 0.652 0.134 
  8  Puco006    (9)   :  0.112 0.694 0.194 
  9 UA00048874    (4)   :  0.158 0.653 0.189 
 10 UA00049060    (9)   :  0.422 0.173 0.406 
 11 UA00033413    (9)   :  0.627 0.145 0.228 
 12  Puco021    (9)   :  0.722 0.161 0.117 
 13  Puco026    (9)   :  0.574 0.159 0.266 
 14  Puco008    (9)   :  0.175 0.623 0.202 
 15   M01301    (9)   :  0.584 0.169 0.247 
 16   M06306    (9)   :  0.514 0.325 0.161 
 17 UA00032185    (9)   :  0.384 0.296 0.320 
 18 UA00030792    (9)   :  0.117 0.806 0.078 
 19 UA00031647    (9)   :  0.232 0.540 0.229 
 20 UA00031979    (9)   :  0.376 0.296 0.328 
 21  Puco016    (9)   :  0.148 0.336 0.516 
 22  Puco010    (9)   :  0.526 0.217 0.257 
 23    M1035    (9)   :  0.348 0.238 0.413 
 24 UA00034601    (9)   :  0.412 0.352 0.236 
 25 UA00050388    (9)   :  0.395 0.361 0.244 
 26 UA00048699    (9)   :  0.152 0.373 0.475 
 27 UA00064058    (9)   :  0.350 0.168 0.482 
 28 UA00033981    (9)   :  0.657 0.202 0.141 
 29   F05033    (9)   :  0.501 0.138 0.362 
 30 UA00048520    (4)   :  0.407 0.401 0.191 
 31 UA00048422    (4)   :  0.236 0.672 0.092 
 32    PucoB    (4)   :  0.639 0.116 0.245 
 33 UA00047393    (4)   :  0.293 0.324 0.384 
 34 UA00064521    (4)   :  0.296 0.423 0.281 
 35 UA00003043    (4)   :  0.194 0.231 0.574 
 36 UA00063025    (4)   :  0.319 0.537 0.144 
 37 UA00063826    (4)   :  0.618 0.173 0.208 
 38   F07407    (4)   :  0.610 0.261 0.129 
 39 UA00021658    (4)   :  0.439 0.188 0.373 
 40 UA00003794    (4)   :  0.580 0.251 0.168 
 41 UA00041322    (4)   :  0.304 0.402 0.294 
 42 UA00063316    (4)   :  0.331 0.438 0.231 
 43 UA00047705    (4)   :  0.496 0.281 0.223 
 44 UA00033904    (4)   :  0.236 0.550 0.214 
 45 UA00048100    (4)   :  0.458 0.179 0.363 
 46 UA00032212    (4)   :  0.304 0.479 0.217 
 47 UA00031574    (4)   :  0.180 0.729 0.091 
 48 UA00031228    (4)   :  0.118 0.780 0.101 
 49 UA00047707    (4)   :  0.195 0.098 0.707 
 50 UA00030906    (4)   :  0.079 0.859 0.062 
 51 UA00041567    (4)   :  0.554 0.259 0.187 
 52 UA00007624    (4)   :  0.567 0.104 0.329 
 53 UA00034514    (4)   :  0.344 0.188 0.469 
 54 UA00030480    (4)   :  0.236 0.343 0.421 
 55  Puco012    (4)   :  0.291 0.225 0.484 
 56 UA00038677    (9)   :  0.333 0.472 0.195 
 57 UA00048275    (4)   :  0.605 0.181 0.213 
 58 UA00064055    (4)   :  0.141 0.218 0.641 
 59  Puco009    (4)   :  0.220 0.309 0.471 
 60 UA00064561    (4)   :  0.143 0.141 0.717 
 61 UA00003479    (4)   :  0.233 0.203 0.563 
 62 UA00063747    (4)   :  0.339 0.118 0.543 
 63 UA00002558    (4)   :  0.381 0.319 0.300 
 64 UA00048410    (4)   :  0.158 0.195 0.647 
 65 UA00012249    (4)   :  0.117 0.158 0.725 
 66 UA00033818    (4)   :  0.287 0.579 0.134 
 67  Puco020    (4)   :  0.194 0.372 0.435 
 68 UA00002545    (9)   :  0.148 0.198 0.654 
 69 UA00048508    (4)   :  0.305 0.142 0.553 
 70 UA00064100    (4)   :  0.370 0.260 0.370 
 71 UA00014585    (4)   :  0.273 0.219 0.508 
 72 UA00063698    (4)   :  0.215 0.613 0.172 
 73 UA00049753    (4)   :  0.373 0.429 0.198 
 74 UA00049037    (4)   :  0.371 0.176 0.452 
 75 UA00034941    (4)   :  0.447 0.354 0.199 
 76 UA00008083    (4)   :  0.171 0.609 0.220 
 77 UA00015084    (4)   :  0.210 0.651 0.139 
 78 UA00041010    (9)   :  0.089 0.774 0.136 
 79 UA00035261    (4)   :  0.282 0.476 0.242 
 80 UA00035431    (4)   :  0.542 0.153 0.305 
 81 UA00045274    (0)   :  0.424 0.346 0.231 
 82 UA00028200    (4)   :  0.197 0.644 0.159 
 83 UA00064559    (0)   :  0.192 0.727 0.081 
 84 UA00040808    (0)   :  0.128 0.625 0.247 
 85 UA00049156    (0)   :  0.201 0.642 0.157 
 86 UA00003952    (4)   :  0.132 0.516 0.352 
 87 UA00063954    (0)   :  0.423 0.323 0.254 
 88 UA00062934    (0)   :  0.315 0.463 0.221 
 89 UA00033829    (0)   :  0.142 0.757 0.102 
 90 UA00064351    (4)   :  0.612 0.255 0.134 
 91 UA00003697    (4)   :  0.171 0.674 0.155 
 92 UA00063438    (4)   :  0.244 0.538 0.219 
 93 UA00007608    (0)   :  0.255 0.599 0.146 
 94 UA00019683    (4)   :  0.598 0.292 0.110 
 95 UA00007781    (0)   :  0.481 0.228 0.291 
 96 UA00002915    (0)   :  0.180 0.553 0.267 
 97  Puco031    (4)   :  0.218 0.204 0.578 
 98 UA00048280    (4)   :  0.579 0.251 0.171 
 99 UA00048589    (0)   :  0.527 0.225 0.248 
100 UA00034417    (0)   :  0.206 0.423 0.371 
101 UA00050411    (4)   :  0.230 0.094 0.676 
102  Puco029    (4)   :  0.614 0.085 0.302 
103   F03403    (4)   :  0.664 0.118 0.218 
104 UA00049904    (0)   :  0.536 0.312 0.152 
105 UA00035335    (0)   :  0.525 0.079 0.395 
106 UA00012611    (0)   :  0.410 0.176 0.414 
107 UA00050319    (0)   :  0.737 0.093 0.170 
108 UA00032068    (4)   :  0.403 0.252 0.345 
109 UA00032026    (4)   :  0.394 0.222 0.384 
110 UA00030476    (4)   :  0.757 0.134 0.108 
111 UA00046853    (0)   :  0.664 0.194 0.142 
112 UA00040156    (4)   :  0.119 0.809 0.072 
113 UA00030528    (4)   :  0.190 0.383 0.427 
114  Puco025    (4)   :  0.341 0.105 0.554 
115    pc016    (0)   :  0.102 0.823 0.075 
116 UA00030617    (4)   :  0.331 0.084 0.586 
117 UA00030585    (4)   :  0.230 0.684 0.086 
118 UA00032060    (4)   :  0.504 0.287 0.210 
119    pc007    (0)   :  0.620 0.168 0.212 
120 UA00030798    (4)   :  0.215 0.646 0.138 
121 UA00030778    (4)   :  0.221 0.092 0.687 
122 UA00039674    (4)   :  0.118 0.788 0.094 
123 UA00032241    (4)   :  0.603 0.087 0.311 
124 UA00011624    (0)   :  0.367 0.151 0.483 
125 UA00033779    (4)   :  0.714 0.128 0.158 
126 UA00049402    (4)   :  0.136 0.294 0.570 
127 UA00033653    (0)   :  0.750 0.123 0.127 
128 UA00047738    (0)   :  0.410 0.353 0.237 
129 UA00047502    (4)   :  0.158 0.482 0.359 
130 UA00012014    (4)   :  0.227 0.234 0.539 
131 UA00040729    (0)   :  0.612 0.135 0.253 
132 UA00030392    (4)   :  0.355 0.113 0.532 
133 UA00050033    (0)   :  0.485 0.162 0.353 
134 UA00012152    (0)   :  0.145 0.291 0.565 
135 UA00050406    (0)   :  0.402 0.202 0.396 
136 UA00047973    (0)   :  0.493 0.157 0.350 
137 UA00008051    (0)   :  0.326 0.435 0.239 
138 UA00047337    (4)   :  0.450 0.276 0.274 
139 UA00041604    (4)   :  0.339 0.380 0.281 
140 UA00031704    (4)   :  0.298 0.090 0.613 
141 UA00040423    (4)   :  0.297 0.266 0.437 
142 UA00049433    (0)   :  0.165 0.375 0.460 
143 UA00034816    (0)   :  0.198 0.194 0.608 
144 UA00050214    (0)   :  0.205 0.107 0.688 
145 UA00041073    (0)   :  0.316 0.293 0.391 
146 UA00030318    (4)   :  0.284 0.160 0.556 
147 UA00046845    (0)   :  0.163 0.237 0.600 
148 UA00063946    (0)   :  0.757 0.135 0.108 
149 UA00031374    (4)   :  0.316 0.231 0.453 
150    M1136    (4)   :  0.230 0.395 0.375 
151 UA00034299    (0)   :  0.178 0.131 0.691 
152 UA00002387    (4)   :  0.125 0.157 0.718 
153 UA00021855    (0)   :  0.524 0.245 0.231 
154 UA00014500    (0)   :  0.284 0.183 0.532 
155 UA00050419    (4)   :  0.229 0.104 0.667 
156 UA00031854    (4)   :  0.357 0.239 0.404 
157    pc011    (4)   :  0.142 0.119 0.739 
158 UA00033004    (0)   :  0.195 0.245 0.559 
159 UA00046510    (0)   :  0.208 0.246 0.546 
160 UA00048747    (0)   :  0.157 0.184 0.659 
161 UA00014293    (0)   :  0.114 0.135 0.751 
162 UA00047686    (0)   :  0.172 0.439 0.389 
163 UA00033783    (4)   :  0.333 0.532 0.135 
164 UA00042609    (4)   :  0.150 0.430 0.420 
165 UA00031169    (4)   :  0.142 0.118 0.740 
166 UA00035181    (0)   :  0.469 0.086 0.445 
167 UA00050133    (0)   :  0.263 0.198 0.539 
168  Puco011    (4)   :  0.132 0.164 0.703 
169 UA00041476    (0)   :  0.180 0.309 0.512 
170 UA00046702    (0)   :  0.184 0.107 0.709 
171 UA00019940    (0)   :  0.349 0.266 0.385 
172 UA00049813    (0)   :  0.575 0.185 0.241 
173 UA00064165    (0)   :  0.200 0.571 0.229 
174 UA00064421    (0)   :  0.200 0.271 0.529 
175 UA00064569    (4)   :  0.375 0.099 0.526 
176 UA00003996    (0)   :  0.169 0.265 0.566 
177 UA00064491    (4)   :  0.306 0.145 0.549 
178 UA00011899    (0)   :  0.361 0.183 0.456 
179  Puco015    (4)   :  0.282 0.290 0.428 
180 UA00047929    (4)   :  0.658 0.095 0.247 
181 UA00056669    (0)   :  0.283 0.215 0.502 
182 UA00050176    (0)   :  0.238 0.334 0.428 
183  Puco014    (4)   :  0.463 0.285 0.252 
184 UA00019608    (0)   :  0.156 0.213 0.632 
185 UA00064333    (0)   :  0.175 0.206 0.619 
186  Puco013    (4)   :  0.213 0.312 0.475 
187 UA00016092    (0)   :  0.297 0.085 0.618 
188 UA00019060    (0)   :  0.133 0.670 0.197 
189 UA00063532    (0)   :  0.346 0.244 0.410 
190 UA00064117    (0)   :  0.150 0.650 0.200 
191 UA00011969    (0)   :  0.401 0.275 0.323 
192 UA00034586    (4)   :  0.539 0.124 0.337 
193 UA00030736    (4)   :  0.285 0.189 0.526 
194 UA00048493    (0)   :  0.309 0.224 0.467 
195 UA00040466    (0)   :  0.151 0.615 0.234 
196 UA00047659    (0)   :  0.404 0.182 0.414 
197 UA00042002    (4)   :  0.404 0.370 0.226 
198 UA00062606    (0)   :  0.233 0.324 0.443 
199 UA00030615    (4)   :  0.182 0.564 0.254 
200 UA00048899    (0)   :  0.355 0.224 0.421 
201 UA00047725    (0)   :  0.096 0.798 0.106 
202 UA00030866    (4)   :  0.270 0.289 0.441 
203 UA00034564    (0)   :  0.193 0.231 0.577 
204 UA00046520    (0)   :  0.733 0.112 0.154 
205 UA00035027    (0)   :  0.391 0.336 0.273 
206 UA00035421    (0)   :  0.132 0.344 0.524 
207 UA00062740    (4)   :  0.261 0.506 0.233 
208 UA00012360    (0)   :  0.167 0.601 0.232 
209 UA00050203    (0)   :  0.437 0.161 0.401 
210 UA00040534    (4)   :  0.129 0.717 0.155 
211 UA00031261    (4)   :  0.095 0.768 0.137 
212 UA00031917    (4)   :  0.104 0.740 0.156 
213 UA00040798    (4)   :  0.260 0.522 0.218 
214 UA00030598    (4)   :  0.238 0.479 0.284 
215 UA00050385    (0)   :  0.188 0.269 0.543 
216 UA00058283    (0)   :  0.131 0.741 0.128 
217 UA00042297    (4)   :  0.230 0.607 0.163 
218 UA00015415    (4)   :  0.107 0.678 0.215 
219 UA00035531    (0)   :  0.111 0.661 0.228 
220 UA00048683    (0)   :  0.161 0.496 0.343 
221 UA00046734    (4)   :  0.135 0.675 0.190 
222   pcRF01    (0)   :  0.114 0.087 0.799 
223 UA00007223    (0)   :  0.149 0.457 0.394 
224 UA00013841    (0)   :  0.423 0.269 0.308 
225 UA00014196    (0)   :  0.108 0.643 0.249 
226 UA00034635    (0)   :  0.334 0.181 0.485 
227 UA00047371    (0)   :  0.402 0.448 0.150 
228 UA00063544    (0)   :  0.410 0.384 0.206 
229 UA00064246    (0)   :  0.317 0.414 0.270 
230 UA00064328    (0)   :  0.218 0.502 0.280 
231 UA00002952    (0)   :  0.188 0.565 0.247 
232 UA00064079    (0)   :  0.318 0.398 0.285 
233 UA00046793    (0)   :  0.137 0.542 0.321 
234 UA00034769    (0)   :  0.323 0.548 0.129 
235 UA00034949    (0)   :  0.109 0.473 0.418 
236 UA00063753    (0)   :  0.539 0.341 0.120 
237 UA00015713    (0)   :  0.545 0.278 0.176 
238 UA00003494    (0)   :  0.104 0.373 0.523 
239 UA00056767    (0)   :  0.739 0.084 0.177 
240 UA00014461    (0)   :  0.205 0.405 0.390 
241 UA00034669    (0)   :  0.207 0.637 0.156 
242 UA00048164    (0)   :  0.272 0.279 0.448 
243 UA00007974    (0)   :  0.643 0.220 0.137 
244 UA00016166    (0)   :  0.181 0.487 0.331 
245 UA00015653    (0)   :  0.197 0.636 0.167 
246 UA00063882    (0)   :  0.161 0.550 0.289 
247 UA00049027    (0)   :  0.360 0.468 0.172 
248 UA00018878    (0)   :  0.543 0.322 0.136 
249 UA00038796    (0)   :  0.262 0.517 0.221 
250 UA00013465    (0)   :  0.170 0.662 0.168 
251 UA00014604    (0)   :  0.354 0.476 0.170 
252 UA00041913    (0)   :  0.514 0.360 0.126 
253 UA00021632    (0)   :  0.221 0.639 0.141 
254 UA00064027    (0)   :  0.257 0.480 0.264 
255 UA00015023    (0)   :  0.193 0.248 0.559 
256 UA00050243    (0)   :  0.239 0.470 0.291 
257 UA00048298    (0)   :  0.312 0.266 0.421 
258 UA00050437    (0)   :  0.222 0.426 0.352 
259 UA00014262    (0)   :  0.278 0.388 0.334 
260 UA00049129    (0)   :  0.539 0.194 0.267 
261 UA00014740    (0)   :  0.507 0.265 0.228 
262 UA00049612    (0)   :  0.208 0.679 0.113 
263 UA00014635    (0)   :  0.731 0.099 0.169 
264 UA00014673    (0)   :  0.271 0.548 0.181 
265 UA00033608    (0)   :  0.324 0.533 0.142 
266 UA00064540    (0)   :  0.613 0.224 0.163 
267 UA00050256    (0)   :  0.197 0.564 0.239 
268 UA00015274    (0)   :  0.277 0.211 0.512 
269 UA00062993    (0)   :  0.594 0.173 0.234 
270 UA00038364    (0)   :  0.439 0.326 0.234 
271 UA00014446    (0)   :  0.438 0.152 0.410 
272 UA00063545    (0)   :  0.145 0.721 0.134 
273 UA00040054    (0)   :  0.322 0.173 0.505 
274 UA00058447    (0)   :  0.562 0.178 0.260 
275 UA00046835    (0)   :  0.578 0.150 0.271 
276 UA00014608    (0)   :  0.493 0.207 0.300 
277    pc012    (0)   :  0.395 0.328 0.277 
278    pc002    (0)   :  0.273 0.553 0.173 
279 UA00033690    (0)   :  0.608 0.302 0.091 
280 UA00013688    (0)   :  0.384 0.274 0.343 
281 UA00063666    (0)   :  0.759 0.142 0.100 
282 UA00063292    (0)   :  0.747 0.104 0.148 
283    pc001    (0)   :  0.389 0.233 0.379 
284    pc008    (0)   :  0.540 0.202 0.258 
285 UA00034316    (0)   :  0.159 0.534 0.307 
286 UA00013046    (0)   :  0.580 0.103 0.317 
287 UA00050241    (0)   :  0.753 0.086 0.161 
288 UA00048599    (0)   :  0.673 0.111 0.216 
289 UA00046649    (0)   :  0.397 0.395 0.208 
290 UA00015674    (0)   :  0.388 0.504 0.108 
291 UA00013177    (0)   :  0.450 0.381 0.169 
292 UA00012814    (0)   :  0.287 0.216 0.497 
293 UA00034654    (0)   :  0.476 0.128 0.395 
294 UA00046743    (0)   :  0.625 0.125 0.250 
295 UA00014854    (0)   :  0.694 0.158 0.147 
296 UA00013729    (0)   :  0.272 0.196 0.532 
297 UA00063483    (0)   :  0.669 0.135 0.196 
298 UA00039326    (0)   :  0.488 0.251 0.261 
299 UA00014742    (0)   :  0.684 0.125 0.190 
300 UA00049597    (0)   :  0.579 0.279 0.142 
301 UA00048067    (0)   :  0.562 0.300 0.137 
302 UA00012918    (0)   :  0.714 0.182 0.104 
303 UA00013487    (0)   :  0.119 0.091 0.790 
304 UA00046759    (0)   :  0.281 0.518 0.201 
305 UA00050164    (0)   :  0.149 0.630 0.221 
306 UA00049839    (0)   :  0.631 0.160 0.208 
307 UA00048444    (0)   :  0.740 0.176 0.085 
308 UA00063857    (0)   :  0.666 0.100 0.234 
309 UA00014921    (0)   :  0.521 0.327 0.152 
310 UA00048895    (0)   :  0.408 0.425 0.167 
311 UA00014556    (0)   :  0.332 0.393 0.275 
312    pc009    (0)   :  0.801 0.079 0.121 
313 UA00014959    (0)   :  0.511 0.332 0.157 
314 UA00020709    (0)   :  0.434 0.251 0.315 
315 UA00013126    (0)   :  0.199 0.709 0.092 
316 UA00013695    (0)   :  0.230 0.632 0.138 
317 UA00049344    (0)   :  0.290 0.561 0.149 
318 UA00047614    (0)   :  0.128 0.784 0.087 
319 UA00014221    (0)   :  0.742 0.074 0.184 
320 UA00014346    (0)   :  0.662 0.187 0.150 
321 UA00014245    (0)   :  0.577 0.247 0.177 
322 UA00014696    (0)   :  0.098 0.774 0.128 
323 UA00006991    (0)   :  0.246 0.223 0.531 
324 UA00048948    (0)   :  0.364 0.230 0.407 
325 UA00002239    (0)   :  0.188 0.248 0.563 
326 UA00063459    (0)   :  0.787 0.100 0.113 
327 UA00048356    (0)   :  0.516 0.305 0.179 
328 UA00063940    (0)   :  0.279 0.294 0.427 
329 UA00048130    (0)   :  0.693 0.134 0.172 
330 UA00048903    (0)   :  0.438 0.084 0.478 
331 UA00064643    (0)   :  0.358 0.257 0.385 
332 UA00050233    (0)   :  0.366 0.197 0.436 
333 UA00012507    (0)   :  0.211 0.251 0.538 
334 UA00064416    (0)   :  0.179 0.133 0.688 
335 UA00034724    (0)   :  0.420 0.165 0.416 
336 UA00002621    (0)   :  0.537 0.112 0.351 
337 UA00033203    (0)   :  0.140 0.173 0.688 
338 UA00011996    (0)   :  0.480 0.191 0.329 
339 UA00014408    (0)   :  0.192 0.351 0.457 
340 UA00049502    (0)   :  0.484 0.258 0.257 
341 UA00062695    (0)   :  0.520 0.287 0.193 
342 UA00014072    (0)   :  0.604 0.187 0.209 
343 UA00003334    (0)   :  0.623 0.102 0.275 
344 UA00013835    (0)   :  0.510 0.233 0.256 
345 UA00046760    (0)   :  0.520 0.287 0.193 
346 UA00014241    (0)   :  0.400 0.137 0.463 
347 UA00049585    (0)   :  0.665 0.105 0.230 
348 UA00013409    (0)   :  0.514 0.316 0.170 
349 UA00047548    (0)   :  0.391 0.132 0.477 
350 UA00049038    (0)   :  0.343 0.498 0.158 
351 UA00047612    (0)   :  0.459 0.169 0.371 
352 UA00014822    (0)   :  0.219 0.638 0.143 
353 UA00035299    (0)   :  0.315 0.179 0.507 
354 UA00012804    (0)   :  0.323 0.490 0.187 
355 UA00049578    (0)   :  0.375 0.288 0.338 
356 UA00047672    (0)   :  0.101 0.139 0.760 
357 UA00043961    (0)   :  0.256 0.625 0.119 
358 UA00064575    (0)   :  0.425 0.365 0.209 
359 UA00014732    (0)   :  0.283 0.165 0.552 
360 UA00050181    (0)   :  0.237 0.157 0.605 
361 UA00033369    (0)   :  0.201 0.487 0.313 
362 UA00011982    (0)   :  0.206 0.078 0.716 
363 UA00014590    (0)   :  0.201 0.314 0.484 
364 UA00047743    (0)   :  0.222 0.128 0.650 
365 UA00046621    (0)   :  0.248 0.093 0.660 
366 UA00050422    (0)   :  0.293 0.274 0.433 
367 UA00002760    (0)   :  0.484 0.204 0.312 
368 UA00012999    (0)   :  0.340 0.243 0.417 
369 UA00063838    (0)   :  0.482 0.136 0.382 
370 UA00003729    (0)   :  0.331 0.517 0.152 
371 UA00015348    (0)   :  0.617 0.224 0.159 
372 UA00019058    (0)   :  0.589 0.220 0.192 
373 UA00049549    (0)   :  0.782 0.127 0.091 
374 UA00014334    (0)   :  0.199 0.266 0.536 
375 UA00014350    (0)   :  0.156 0.064 0.780 
376 UA00049227    (0)   :  0.226 0.493 0.281 
377 UA00014051    (0)   :  0.127 0.174 0.698 
378 UA00034381    (0)   :  0.369 0.226 0.404 
379 UA00002354    (0)   :  0.184 0.107 0.709 
380 UA00049892    (0)   :  0.617 0.141 0.242 
381 UA00021989    (0)   :  0.338 0.136 0.525 
382 UA00048968    (0)   :  0.265 0.167 0.567 
383 UA00013174    (0)   :  0.210 0.172 0.618 
384 UA00033992    (0)   :  0.240 0.332 0.428 
385 UA00015801    (0)   :  0.271 0.065 0.664 
386 UA00063303    (0)   :  0.468 0.344 0.188 
387 UA00050206    (0)   :  0.761 0.092 0.148 
388 UA00014458    (0)   :  0.411 0.259 0.330 
389 UA00007204    (0)   :  0.663 0.129 0.208 
390 UA00063212    (0)   :  0.368 0.486 0.146 
391 UA00013340    (0)   :  0.479 0.224 0.297 
392 UA00062743    (0)   :  0.115 0.180 0.705 
393 UA00063189    (0)   :  0.164 0.506 0.330 
394 UA00035432    (0)   :  0.579 0.111 0.310 
395 UA00007958    (0)   :  0.343 0.127 0.529 
396 UA00013634    (0)   :  0.141 0.131 0.728 
397 UA00048175    (0)   :  0.116 0.075 0.808 
398 UA00003202    (0)   :  0.447 0.173 0.381 
399 UA00035090    (0)   :  0.443 0.249 0.309 
400 UA00064679    (0)   :  0.209 0.393 0.398 
401 UA00039518    (0)   :  0.337 0.136 0.527 
402 UA00058268    (0)   :  0.365 0.186 0.449 
403 UA00049456    (0)   :  0.473 0.325 0.203 
404 UA00049550    (0)   :  0.527 0.204 0.270 
405 UA00048342    (0)   :  0.475 0.312 0.212 
406 UA00063493    (0)   :  0.467 0.108 0.425 
407 UA00058261    (0)   :  0.154 0.215 0.632 
408 UA00014663    (0)   :  0.240 0.249 0.511 
409 UA00048817    (0)   :  0.197 0.382 0.421 
410 UA00049381    (0)   :  0.164 0.144 0.692 
411 UA00035901    (0)   :  0.255 0.454 0.291 
412 UA00013301    (0)   :  0.601 0.241 0.158 
413 UA00047926    (0)   :  0.157 0.297 0.546 
414 UA00007272    (0)   :  0.126 0.341 0.533 
415 UA00016041    (0)   :  0.585 0.190 0.224 
416 UA00013502    (0)   :  0.343 0.130 0.527 
417 UA00002390    (0)   :  0.284 0.324 0.392 
418 UA00034907    (0)   :  0.437 0.222 0.341 
419 UA00048821    (0)   :  0.259 0.435 0.306 
420 UA00002136    (0)   :  0.488 0.355 0.157 
421 UA00011790    (0)   :  0.196 0.213 0.592 
422 UA00021586    (0)   :  0.321 0.368 0.311 
423 UA00033270    (0)   :  0.373 0.222 0.406 
424 UA00048073    (0)   :  0.484 0.196 0.320 
425 UA00048856    (0)   :  0.328 0.252 0.420 
426 UA00049713    (0)   :  0.232 0.188 0.581 
427 UA00046885    (0)   :  0.476 0.168 0.355 
428 UA00034893    (0)   :  0.479 0.126 0.396 
429 UA00048011    (0)   :  0.273 0.151 0.576 
430 UA00015786    (0)   :  0.233 0.433 0.334 
431 UA00013162    (0)   :  0.100 0.267 0.633 
432 UA00049512    (0)   :  0.506 0.237 0.257 
433 UA00004046    (0)   :  0.140 0.107 0.752 
434 UA00048881    (0)   :  0.208 0.567 0.225 
435 UA00046610    (0)   :  0.203 0.416 0.381 
436 UA00033282    (0)   :  0.422 0.263 0.314 
437 UA00047561    (0)   :  0.174 0.150 0.676 
438 UA00013777    (0)   :  0.179 0.239 0.582 
439 UA00062849    (0)   :  0.656 0.146 0.199 
440 UA00049786    (0)   :  0.109 0.119 0.772 
441 UA00033246    (0)   :  0.788 0.086 0.126 
442 UA00045302    (0)   :  0.444 0.176 0.380 
443 UA00048637    (0)   :  0.160 0.147 0.693 
444 UA00049832    (0)   :  0.593 0.215 0.192 
445 UA00022023    (0)   :  0.257 0.305 0.437 
446 UA00050192    (0)   :  0.290 0.374 0.336 
447 UA00050413    (0)   :  0.419 0.194 0.387 
448 UA00013445    (0)   :  0.254 0.097 0.648 
449 UA00035496    (0)   :  0.306 0.378 0.317 
450 UA00003333    (0)   :  0.179 0.532 0.289 
451 UA00064008    (0)   :  0.216 0.310 0.474 
452 UA00003427    (0)   :  0.290 0.410 0.300 
453 UA00028092    (0)   :  0.282 0.508 0.210 
454    pc003    (0)   :  0.133 0.707 0.160 
455 UA00034440    (0)   :  0.540 0.190 0.270 
456 UA00026062    (0)   :  0.109 0.159 0.732 
457 UA00014347    (0)   :  0.384 0.357 0.259 
458 UA00021516    (0)   :  0.208 0.124 0.668 
459 UA00049347    (0)   :  0.184 0.393 0.422 
460 UA00063436    (0)   :  0.341 0.460 0.199 
461 UA00047790    (0)   :  0.180 0.200 0.620 
462 UA00045714    (0)   :  0.183 0.527 0.290 
463 UA00038979    (0)   :  0.603 0.220 0.177 
464 UA00016123    (0)   :  0.194 0.332 0.474 
465 UA00034765    (0)   :  0.125 0.531 0.344 
466 UA00063815    (0)   :  0.163 0.714 0.123 
467 UA00034795    (0)   :  0.571 0.197 0.232 
468 UA00004000    (0)   :  0.180 0.588 0.231 
469 UA00049367    (0)   :  0.486 0.193 0.321 
470 UA00034457    (0)   :  0.334 0.168 0.497 
471 UA00050015    (0)   :  0.506 0.295 0.200 
472 UA00021373    (0)   :  0.326 0.233 0.441 
473 UA00050232    (0)   :  0.138 0.696 0.167 
474 UA00038724    (0)   :  0.499 0.282 0.219 
475 UA00007824    (0)   :  0.160 0.351 0.489 
476 UA00048754    (0)   :  0.141 0.210 0.648 
477 UA00014271    (0)   :  0.395 0.207 0.398 
478 UA00013756    (0)   :  0.397 0.441 0.162 
479 UA00014385    (0)   :  0.161 0.544 0.295 
480 UA00049609    (0)   :  0.576 0.166 0.258 
481 UA00003748    (0)   :  0.150 0.337 0.514 
482 UA00063952    (0)   :  0.223 0.256 0.521 
483 UA00058348    (0)   :  0.280 0.394 0.326 
484 UA00014922    (0)   :  0.171 0.603 0.226 
485 UA00003820    (0)   :  0.138 0.167 0.695 
486 UA00013693    (0)   :  0.220 0.413 0.367 
487 UA00047713    (0)   :  0.132 0.472 0.396 
488 UA00034891    (0)   :  0.258 0.566 0.176 
489 UA00049223    (0)   :  0.279 0.343 0.378 
490 UA00064399    (0)   :  0.064 0.830 0.105 
491 UA00013336    (0)   :  0.129 0.729 0.143 
492 UA00035291    (0)   :  0.084 0.746 0.169 
493 UA00003945    (0)   :  0.149 0.625 0.225 
494 UA00014518    (0)   :  0.145 0.468 0.388 
495 UA00013583    (0)   :  0.197 0.674 0.128 
496 UA00011510    (0)   :  0.170 0.567 0.263 
497 UA00046860    (0)   :  0.170 0.418 0.412 
498 UA00048853    (0)   :  0.163 0.604 0.233 
499 UA00012151    (0)   :  0.110 0.632 0.258 
500 UA00063930    (0)   :  0.305 0.569 0.126 
501 UA00013453    (0)   :  0.215 0.523 0.263 
502 UA00039299    (0)   :  0.118 0.722 0.159 
503 UA00014280    (0)   :  0.166 0.640 0.195 
504 UA00014200    (0)   :  0.110 0.445 0.445 
505 UA00040612    (0)   :  0.095 0.761 0.145 
506 UA00062679    (0)   :  0.118 0.742 0.140 
507 UA00034481    (0)   :  0.170 0.574 0.255 
508 UA00011880    (0)   :  0.437 0.441 0.122 
509 UA00013421    (0)   :  0.070 0.813 0.117 
510 UA00048051    (0)   :  0.097 0.764 0.139 
511 UA00063370    (0)   :  0.087 0.817 0.097 
512 UA00014716    (0)   :  0.121 0.753 0.125 
513 UA00033426    (0)   :  0.097 0.644 0.259 
514 UA00015190    (0)   :  0.096 0.783 0.120 
515 UA00013730    (0)   :  0.434 0.186 0.380 
516 UA00047644    (4)   :  0.140 0.684 0.176 
517 UA00031933    (9)   :  0.218 0.233 0.549 
518 UA00031541    (9)   :  0.234 0.485 0.280 
519   PCO-60    (4)   :  0.369 0.232 0.400 
520 UA00030495    (4)   :  0.331 0.395 0.274 
521 UA00031133    (4)   :  0.789 0.097 0.114 
522 UA00032049    (4)   :  0.261 0.525 0.214 
523 UA00030599    (4)   :  0.631 0.249 0.120 
524 UA00030250    (4)   :  0.220 0.139 0.641 
525 UA00049385    (4)   :  0.555 0.292 0.152 
526 UA00031816    (4)   :  0.785 0.114 0.101 
527 UA00030275    (4)   :  0.233 0.323 0.444 
528 UA00041861    (4)   :  0.267 0.257 0.476 
529 UA00041433    (4)   :  0.356 0.113 0.531 
530  PCO-114    (4)   :  0.149 0.186 0.666 
531 UA00031529    (4)   :  0.408 0.180 0.412 
532 UA00039719    (4)   :  0.326 0.178 0.496 
533  PCO-442    (4)   :  0.187 0.095 0.718 
534   PCO-58    (0)   :  0.104 0.198 0.698 
535 UA00048673    (4)   :  0.384 0.297 0.319 
536   PCO-63    (4)   :  0.439 0.152 0.409 


Estimated Allele Frequencies in each cluster
First column gives estimated ancestral frequencies


Locus 1 : PP01 
2 alleles
0.0% missing data
   1   (0.578) 0.587 0.587 0.593 
   2   (0.422) 0.413 0.413 0.407 

Locus 2 : PP02 
2 alleles
0.0% missing data
   1   (0.881) 0.898 0.980 0.915 
   2   (0.119) 0.102 0.020 0.085 

Locus 3 : PP03 
2 alleles
18.3% missing data
   1   (0.785) 0.693 0.955 0.863 
   2   (0.215) 0.307 0.045 0.137 

Locus 4 : PP04 
2 alleles
0.4% missing data
   1   (0.662) 0.476 0.834 0.823 
   2   (0.338) 0.524 0.166 0.177 

Locus 5 : PP06 
2 alleles
0.0% missing data
   1   (0.647) 0.759 0.632 0.565 
   2   (0.353) 0.241 0.368 0.435 

Locus 6 : PP07 
2 alleles
0.0% missing data
   1   (0.694) 0.571 0.941 0.734 
   2   (0.306) 0.429 0.059 0.266 

Locus 7 : PP09 
2 alleles
0.0% missing data
   1   (0.521) 0.773 0.311 0.283 
   2   (0.479) 0.227 0.689 0.717 

Locus 8 : PP10 
2 alleles
0.0% missing data
   1   (0.185) 0.098 0.439 0.127 
   2   (0.815) 0.902 0.561 0.873 

Locus 9 : PP11 
2 alleles
0.0% missing data
   1   (0.700) 0.803 0.828 0.580 
   2   (0.300) 0.197 0.172 0.420 

Locus 10 : PP12 
2 alleles
0.2% missing data
   1   (0.420) 0.501 0.149 0.430 
   2   (0.580) 0.499 0.851 0.570 

Locus 11 : PP13 
2 alleles
0.0% missing data
   1   (0.181) 0.090 0.350 0.142 
   2   (0.819) 0.910 0.650 0.858 

Locus 12 : PP14 
2 alleles
0.2% missing data
   1   (0.857) 0.938 0.938 0.815 
   2   (0.143) 0.062 0.062 0.185 

Locus 13 : PP15 
2 alleles
0.0% missing data
   1   (0.867) 0.861 0.665 0.975 
   2   (0.133) 0.139 0.335 0.025 

Locus 14 : PP16 
2 alleles
0.0% missing data
   1   (0.546) 0.676 0.384 0.466 
   2   (0.454) 0.324 0.616 0.534 

Locus 15 : PP17 
2 alleles
0.2% missing data
   1   (0.623) 0.619 0.671 0.660 
   2   (0.377) 0.381 0.329 0.340 

Locus 16 : PP18 
2 alleles
0.7% missing data
   1   (0.754) 0.799 0.905 0.712 
   2   (0.246) 0.201 0.095 0.288 

Locus 17 : PP20 
2 alleles
0.0% missing data
   1   (0.627) 0.643 0.520 0.692 
   2   (0.373) 0.357 0.480 0.308 

Locus 18 : PP21 
2 alleles
14.9% missing data
   1   (0.844) 0.806 0.984 0.876 
   2   (0.156) 0.194 0.016 0.124 

Locus 19 : PP22 
2 alleles
1.3% missing data
   1   (0.357) 0.211 0.068 0.691 
   2   (0.643) 0.789 0.932 0.309 

Locus 20 : PP23 
2 alleles
0.7% missing data
   1   (0.636) 0.648 0.794 0.603 
   2   (0.364) 0.352 0.206 0.397 

Locus 21 : PP24 
2 alleles
0.2% missing data
   1   (0.789) 0.843 0.692 0.863 
   2   (0.211) 0.157 0.308 0.137 

Locus 22 : PP25 
2 alleles
0.6% missing data
   1   (0.390) 0.397 0.611 0.265 
   2   (0.610) 0.603 0.389 0.735 

Values of parameters used in structure:
DATAFILE=Puma_SNP_genotypes_cut_AZ_final_HWEonly.str,	OUTFILE=outputfile_K3_1,	NUMINDS=536,	NUMLOCI=22,	MISSING=-9,	LABEL=1,	POPDATA=0,	POPFLAG=0,	PHENOTYPE=0,	EXTRACOLS=0,	MAXPOPS=3,	BURNIN=100000,	NUMREPS=500000,	USEPOPINFO=0,	INFERALPHA=1,	INFERLAMBDA=0,	POPSPECIFICLAMBDA=0,	POPALPHAS=0,	COMPUTEPROB=1,	NOADMIX=0,	ADMBURNIN=2500,	UPDATEFREQ=200,	PRINTLIKES=0,	INTERMEDSAVE=0,	PRINTKLD=0,	PRINTNET=0,	PRINTLAMBDA=0,	ANCESTDIST=0,	NUMBOXES=1000,	ANCESTPINT=0.90000,	GENSBACK=2,	MIGRPRIOR=0.05000,	PRINTQHAT=0,	PRINTQSUM=0,	ALPHA=1.0000,	FREQSCORR=1,	FPRIORMEAN=0.0100,	FPRIORSD=0.0500,	ONEFST=0,	LAMBDA=1.0000,	UNIFPRIORALPHA=1,	ALPHAMAX=10.0000,	ALPHAPRIORA=1.0000,	ALPHAPRIORB=2.0000,	ALPHAPROPSD=0.0250,	STARTATPOPINFO=0,	RANDOMIZE=1,	LINKAGE=0,	METROFREQ=20,	REPORTHITRATE=0,	MARKOVPHASE=0,	PHASED=0,	PLOIDY=2,	PHASEINFO=0	LOCPRIOR=0, 	LOCPRIORINIT=1.000000, 	LOCDATA=0, 	LOCISPOP=0, 	LOCPRIORSTEP=0.100000, 	MAXLOCPRIOR=20.000000, 	SEED=1716607587,	
[STRAT parameters]:    NUMSIMSTATS=1000,	PHENOTYPECOL=-9,	POOLFREQ=10,	LOCUSxONLY=0,	EMERROR=0.00100,	MISSINGPHENO=-9,	