

----------------------------------------------------
STRUCTURE by Pritchard, Stephens and Donnelly (2000)
     and Falush, Stephens and Pritchard (2003)
       Code by Pritchard, Falush and Hubisz
             Version 2.3.4 (Jul 2012)
----------------------------------------------------



Command line arguments:   structure -K 5 -o outputfile_K5_7 
Input File:    Puma_SNP_genotypes_cut_AZ_final_HWEonly.str

Run parameters:
   536 individuals
   22 loci
   5 populations assumed
   100000 Burn-in period
   500000 Reps


--------------------------------------------
Overall proportion of membership of the
sample in each of the 5 clusters

Inferred Clusters
  1      2      3      4      5    
0.188  0.205  0.205  0.205  0.197  

--------------------------------------------

Allele-freq. divergence among pops (Net nucleotide distance),
computed using point estimates of P.

      1       2       3       4       5      
 1      -    0.0516  0.0595  0.0505  0.0668  
 2   0.0516     -    0.0067  0.0003  0.0524  
 3   0.0595  0.0067     -    0.0042  0.0488  
 4   0.0505  0.0003  0.0042     -    0.0489  
 5   0.0668  0.0524  0.0488  0.0489     -    

Average distances (expected heterozygosity) between individuals in same cluster:
cluster  1  : 0.3125 
cluster  2  : 0.3746 
cluster  3  : 0.3712 
cluster  4  : 0.3774 
cluster  5  : 0.2732 

--------------------------------------------
Estimated Ln Prob of Data   = -13079.8
Mean value of ln likelihood = -12333.6
Variance of ln likelihood   = 1492.3
Mean value of alpha         = 0.3274

Mean value of Fst_1         = 0.2485
Mean value of Fst_2         = 0.1013
Mean value of Fst_3         = 0.0768
Mean value of Fst_4         = 0.0810
Mean value of Fst_5         = 0.2637


Inferred ancestry of individuals:
        Label (%Miss) :  Inferred clusters
  1 UA00063336   (13)   :  0.496 0.133 0.139 0.136 0.096 
  2 UA00048914    (9)   :  0.198 0.158 0.195 0.175 0.274 
  3 UA00014769   (13)   :  0.097 0.269 0.333 0.263 0.037 
  4 UA00008132   (13)   :  0.185 0.219 0.240 0.225 0.131 
  5 UA00030462   (13)   :  0.162 0.158 0.149 0.161 0.370 
  6 UA00034866   (13)   :  0.071 0.228 0.204 0.231 0.266 
  7 UA00034800    (9)   :  0.645 0.082 0.083 0.084 0.106 
  8  Puco006    (9)   :  0.116 0.069 0.075 0.074 0.666 
  9 UA00048874    (4)   :  0.591 0.090 0.103 0.096 0.121 
 10 UA00049060    (9)   :  0.177 0.233 0.272 0.243 0.075 
 11 UA00033413    (9)   :  0.067 0.348 0.187 0.301 0.098 
 12  Puco021    (9)   :  0.219 0.320 0.138 0.268 0.055 
 13  Puco026    (9)   :  0.194 0.268 0.219 0.258 0.061 
 14  Puco008    (9)   :  0.368 0.122 0.135 0.129 0.247 
 15   M01301    (9)   :  0.055 0.317 0.180 0.285 0.164 
 16   M06306    (9)   :  0.581 0.136 0.106 0.128 0.050 
 17 UA00032185    (9)   :  0.153 0.232 0.209 0.233 0.174 
 18 UA00030792    (9)   :  0.839 0.038 0.037 0.038 0.049 
 19 UA00031647    (9)   :  0.397 0.139 0.144 0.146 0.174 
 20 UA00031979    (9)   :  0.161 0.226 0.229 0.228 0.156 
 21  Puco016    (9)   :  0.076 0.147 0.200 0.169 0.408 
 22  Puco010    (9)   :  0.119 0.297 0.212 0.269 0.103 
 23    M1035    (9)   :  0.238 0.207 0.269 0.230 0.056 
 24 UA00034601    (9)   :  0.201 0.213 0.156 0.201 0.229 
 25 UA00050388    (9)   :  0.239 0.212 0.190 0.216 0.143 
 26 UA00048699    (9)   :  0.066 0.118 0.148 0.127 0.541 
 27 UA00064058    (9)   :  0.156 0.234 0.307 0.237 0.067 
 28 UA00033981    (9)   :  0.142 0.322 0.150 0.279 0.107 
 29   F05033    (9)   :  0.095 0.284 0.264 0.279 0.077 
 30 UA00048520    (4)   :  0.322 0.192 0.142 0.182 0.163 
 31 UA00048422    (4)   :  0.771 0.061 0.053 0.061 0.053 
 32    PucoB    (4)   :  0.132 0.325 0.208 0.289 0.047 
 33 UA00047393    (4)   :  0.321 0.174 0.238 0.189 0.078 
 34 UA00064521    (4)   :  0.126 0.180 0.153 0.179 0.361 
 35 UA00003043    (4)   :  0.064 0.185 0.277 0.209 0.265 
 36 UA00063025    (4)   :  0.350 0.163 0.116 0.157 0.215 
 37 UA00063826    (4)   :  0.139 0.316 0.190 0.284 0.072 
 38   F07407    (4)   :  0.348 0.243 0.127 0.217 0.066 
 39 UA00021658    (4)   :  0.112 0.266 0.257 0.262 0.104 
 40 UA00003794    (4)   :  0.330 0.234 0.146 0.210 0.080 
 41 UA00041322    (4)   :  0.241 0.198 0.199 0.212 0.151 
 42 UA00063316    (4)   :  0.240 0.196 0.162 0.193 0.208 
 43 UA00047705    (4)   :  0.196 0.237 0.174 0.234 0.159 
 44 UA00033904    (4)   :  0.561 0.112 0.120 0.116 0.091 
 45 UA00048100    (4)   :  0.085 0.277 0.238 0.267 0.132 
 46 UA00032212    (4)   :  0.377 0.156 0.149 0.159 0.159 
 47 UA00031574    (4)   :  0.727 0.066 0.056 0.064 0.088 
 48 UA00031228    (4)   :  0.778 0.048 0.050 0.049 0.076 
 49 UA00047707    (4)   :  0.047 0.220 0.398 0.259 0.076 
 50 UA00030906    (4)   :  0.829 0.035 0.034 0.035 0.067 
 51 UA00041567    (4)   :  0.130 0.302 0.167 0.270 0.131 
 52 UA00007624    (4)   :  0.054 0.325 0.248 0.295 0.077 
 53 UA00034514    (4)   :  0.089 0.253 0.280 0.254 0.124 
 54 UA00030480    (4)   :  0.328 0.179 0.232 0.185 0.077 
 55  Puco012    (4)   :  0.092 0.232 0.275 0.243 0.158 
 56 UA00038677    (9)   :  0.258 0.188 0.145 0.182 0.226 
 57 UA00048275    (4)   :  0.099 0.316 0.188 0.289 0.107 
 58 UA00064055    (4)   :  0.106 0.196 0.328 0.226 0.144 
 59  Puco009    (4)   :  0.069 0.175 0.221 0.190 0.345 
 60 UA00064561    (4)   :  0.056 0.194 0.389 0.232 0.130 
 61 UA00003479    (4)   :  0.075 0.220 0.301 0.241 0.162 
 62 UA00063747    (4)   :  0.044 0.277 0.293 0.268 0.118 
 63 UA00002558    (4)   :  0.074 0.215 0.172 0.211 0.328 
 64 UA00048410    (4)   :  0.048 0.168 0.246 0.193 0.345 
 65 UA00012249    (4)   :  0.050 0.186 0.332 0.214 0.217 
 66 UA00033818    (4)   :  0.595 0.107 0.089 0.105 0.104 
 67  Puco020    (4)   :  0.225 0.171 0.256 0.193 0.155 
 68 UA00002545    (9)   :  0.148 0.189 0.364 0.220 0.080 
 69 UA00048508    (4)   :  0.076 0.245 0.308 0.269 0.102 
 70 UA00064100    (4)   :  0.153 0.242 0.232 0.246 0.128 
 71 UA00014585    (4)   :  0.095 0.237 0.274 0.245 0.148 
 72 UA00063698    (4)   :  0.201 0.130 0.107 0.129 0.434 
 73 UA00049753    (4)   :  0.575 0.122 0.122 0.129 0.052 
 74 UA00049037    (4)   :  0.137 0.249 0.291 0.251 0.072 
 75 UA00034941    (4)   :  0.225 0.226 0.159 0.212 0.178 
 76 UA00008083    (4)   :  0.096 0.099 0.096 0.101 0.608 
 77 UA00015084    (4)   :  0.271 0.122 0.093 0.122 0.392 
 78 UA00041010    (9)   :  0.370 0.070 0.081 0.077 0.402 
 79 UA00035261    (4)   :  0.350 0.152 0.148 0.156 0.194 
 80 UA00035431    (4)   :  0.050 0.315 0.208 0.283 0.144 
 81 UA00045274    (0)   :  0.192 0.238 0.166 0.222 0.181 
 82 UA00028200    (4)   :  0.456 0.119 0.103 0.118 0.204 
 83 UA00064559    (0)   :  0.811 0.048 0.042 0.047 0.052 
 84 UA00040808    (0)   :  0.493 0.095 0.126 0.106 0.179 
 85 UA00049156    (0)   :  0.502 0.102 0.099 0.108 0.189 
 86 UA00003952    (4)   :  0.068 0.088 0.108 0.093 0.643 
 87 UA00063954    (0)   :  0.376 0.176 0.187 0.186 0.074 
 88 UA00062934    (0)   :  0.429 0.149 0.150 0.157 0.116 
 89 UA00033829    (0)   :  0.548 0.074 0.068 0.075 0.235 
 90 UA00064351    (4)   :  0.101 0.319 0.143 0.273 0.164 
 91 UA00003697    (4)   :  0.153 0.103 0.091 0.101 0.551 
 92 UA00063438    (4)   :  0.396 0.148 0.149 0.160 0.148 
 93 UA00007608    (0)   :  0.383 0.132 0.102 0.130 0.252 
 94 UA00019683    (4)   :  0.523 0.169 0.097 0.152 0.059 
 95 UA00007781    (0)   :  0.120 0.277 0.201 0.263 0.139 
 96 UA00002915    (0)   :  0.409 0.130 0.153 0.143 0.166 
 97  Puco031    (4)   :  0.111 0.210 0.303 0.238 0.138 
 98 UA00048280    (4)   :  0.106 0.302 0.163 0.261 0.169 
 99 UA00048589    (0)   :  0.201 0.260 0.200 0.249 0.091 
100 UA00034417    (0)   :  0.232 0.157 0.212 0.171 0.228 
101 UA00050411    (4)   :  0.047 0.234 0.383 0.259 0.078 
102  Puco029    (4)   :  0.088 0.306 0.276 0.293 0.037 
103   F03403    (4)   :  0.051 0.376 0.171 0.312 0.091 
104 UA00049904    (0)   :  0.318 0.228 0.139 0.213 0.103 
105 UA00035335    (0)   :  0.069 0.291 0.318 0.290 0.032 
106 UA00012611    (0)   :  0.110 0.275 0.264 0.275 0.076 
107 UA00050319    (0)   :  0.053 0.396 0.169 0.328 0.055 
108 UA00032068    (4)   :  0.257 0.219 0.234 0.230 0.060 
109 UA00032026    (4)   :  0.205 0.223 0.252 0.234 0.086 
110 UA00030476    (4)   :  0.173 0.349 0.138 0.293 0.046 
111 UA00046853    (0)   :  0.154 0.322 0.166 0.284 0.073 
112 UA00040156    (4)   :  0.842 0.037 0.036 0.037 0.047 
113 UA00030528    (4)   :  0.377 0.151 0.225 0.175 0.071 
114  Puco025    (4)   :  0.073 0.240 0.366 0.260 0.061 
115    pc016    (0)   :  0.844 0.035 0.035 0.036 0.050 
116 UA00030617    (4)   :  0.049 0.255 0.370 0.275 0.050 
117 UA00030585    (4)   :  0.747 0.065 0.051 0.063 0.073 
118 UA00032060    (4)   :  0.380 0.192 0.168 0.191 0.070 
119    pc007    (0)   :  0.123 0.317 0.186 0.285 0.089 
120 UA00030798    (4)   :  0.755 0.065 0.065 0.066 0.049 
121 UA00030778    (4)   :  0.050 0.231 0.391 0.267 0.060 
122 UA00039674    (4)   :  0.825 0.042 0.043 0.043 0.048 
123 UA00032241    (4)   :  0.050 0.328 0.254 0.313 0.055 
124 UA00011624    (0)   :  0.086 0.246 0.326 0.259 0.083 
125 UA00033779    (4)   :  0.065 0.380 0.159 0.320 0.076 
126 UA00049402    (4)   :  0.095 0.165 0.242 0.178 0.320 
127 UA00033653    (0)   :  0.058 0.398 0.148 0.327 0.069 
128 UA00047738    (0)   :  0.180 0.230 0.192 0.227 0.171 
129 UA00047502    (4)   :  0.132 0.152 0.183 0.166 0.367 
130 UA00012014    (4)   :  0.124 0.213 0.297 0.238 0.127 
131 UA00040729    (0)   :  0.131 0.304 0.221 0.273 0.071 
132 UA00030392    (4)   :  0.083 0.252 0.334 0.269 0.063 
133 UA00050033    (0)   :  0.127 0.265 0.263 0.262 0.084 
134 UA00012152    (0)   :  0.050 0.114 0.169 0.129 0.538 
135 UA00050406    (0)   :  0.131 0.246 0.260 0.250 0.113 
136 UA00047973    (0)   :  0.088 0.295 0.238 0.284 0.096 
137 UA00008051    (0)   :  0.233 0.194 0.189 0.198 0.185 
138 UA00047337    (4)   :  0.336 0.193 0.189 0.196 0.086 
139 UA00041604    (4)   :  0.210 0.199 0.208 0.210 0.173 
140 UA00031704    (4)   :  0.058 0.254 0.376 0.265 0.048 
141 UA00040423    (4)   :  0.216 0.207 0.272 0.227 0.077 
142 UA00049433    (0)   :  0.164 0.174 0.249 0.193 0.219 
143 UA00034816    (0)   :  0.074 0.192 0.334 0.223 0.177 
144 UA00050214    (0)   :  0.065 0.210 0.426 0.245 0.055 
145 UA00041073    (0)   :  0.123 0.223 0.241 0.231 0.183 
146 UA00030318    (4)   :  0.069 0.230 0.321 0.241 0.138 
147 UA00046845    (0)   :  0.096 0.177 0.284 0.191 0.252 
148 UA00063946    (0)   :  0.105 0.380 0.139 0.312 0.064 
149 UA00031374    (4)   :  0.099 0.238 0.267 0.247 0.149 
150    M1136    (4)   :  0.403 0.145 0.212 0.158 0.081 
151 UA00034299    (0)   :  0.077 0.201 0.405 0.234 0.082 
152 UA00002387    (4)   :  0.052 0.200 0.359 0.237 0.152 
153 UA00021855    (0)   :  0.124 0.283 0.201 0.272 0.119 
154 UA00014500    (0)   :  0.132 0.243 0.299 0.246 0.080 
155 UA00050419    (4)   :  0.050 0.219 0.405 0.249 0.076 
156 UA00031854    (4)   :  0.089 0.249 0.233 0.243 0.186 
157    pc011    (4)   :  0.058 0.201 0.403 0.241 0.097 
158 UA00033004    (0)   :  0.165 0.193 0.317 0.221 0.104 
159 UA00046510    (0)   :  0.077 0.186 0.261 0.207 0.270 
160 UA00048747    (0)   :  0.076 0.199 0.354 0.230 0.141 
161 UA00014293    (0)   :  0.062 0.206 0.402 0.230 0.101 
162 UA00047686    (0)   :  0.161 0.154 0.211 0.178 0.295 
163 UA00033783    (4)   :  0.403 0.162 0.107 0.147 0.180 
164 UA00042609    (4)   :  0.135 0.144 0.196 0.158 0.368 
165 UA00031169    (4)   :  0.070 0.202 0.425 0.237 0.065 
166 UA00035181    (0)   :  0.042 0.318 0.277 0.297 0.067 
167 UA00050133    (0)   :  0.101 0.221 0.306 0.240 0.131 
168  Puco011    (4)   :  0.093 0.190 0.380 0.222 0.116 
169 UA00041476    (0)   :  0.127 0.191 0.280 0.217 0.185 
170 UA00046702    (0)   :  0.059 0.218 0.404 0.244 0.074 
171 UA00019940    (0)   :  0.140 0.221 0.267 0.231 0.142 
172 UA00049813    (0)   :  0.128 0.294 0.214 0.277 0.087 
173 UA00064165    (0)   :  0.123 0.129 0.124 0.134 0.490 
174 UA00064421    (0)   :  0.048 0.160 0.203 0.172 0.416 
175 UA00064569    (4)   :  0.050 0.261 0.339 0.272 0.078 
176 UA00003996    (0)   :  0.088 0.167 0.240 0.180 0.325 
177 UA00064491    (4)   :  0.060 0.236 0.312 0.245 0.148 
178 UA00011899    (0)   :  0.125 0.245 0.283 0.266 0.081 
179  Puco015    (4)   :  0.252 0.184 0.252 0.205 0.107 
180 UA00047929    (4)   :  0.083 0.333 0.233 0.304 0.048 
181 UA00056669    (0)   :  0.083 0.225 0.275 0.244 0.174 
182 UA00050176    (0)   :  0.147 0.200 0.239 0.222 0.193 
183  Puco014    (4)   :  0.125 0.261 0.197 0.255 0.162 
184 UA00019608    (0)   :  0.080 0.199 0.319 0.229 0.172 
185 UA00064333    (0)   :  0.092 0.204 0.343 0.248 0.113 
186  Puco013    (4)   :  0.096 0.182 0.228 0.198 0.297 
187 UA00016092    (0)   :  0.047 0.241 0.390 0.266 0.055 
188 UA00019060    (0)   :  0.190 0.096 0.106 0.103 0.505 
189 UA00063532    (0)   :  0.137 0.231 0.239 0.239 0.154 
190 UA00064117    (0)   :  0.323 0.110 0.126 0.116 0.326 
191 UA00011969    (0)   :  0.144 0.234 0.214 0.234 0.175 
192 UA00034586    (4)   :  0.078 0.300 0.261 0.288 0.073 
193 UA00030736    (4)   :  0.118 0.235 0.305 0.251 0.090 
194 UA00048493    (0)   :  0.161 0.220 0.275 0.239 0.104 
195 UA00040466    (0)   :  0.062 0.076 0.075 0.076 0.711 
196 UA00047659    (0)   :  0.080 0.262 0.259 0.273 0.126 
197 UA00042002    (4)   :  0.387 0.175 0.152 0.176 0.110 
198 UA00062606    (0)   :  0.126 0.182 0.234 0.195 0.262 
199 UA00030615    (4)   :  0.052 0.085 0.084 0.088 0.690 
200 UA00048899    (0)   :  0.107 0.251 0.251 0.262 0.128 
201 UA00047725    (0)   :  0.050 0.039 0.038 0.041 0.832 
202 UA00030866    (4)   :  0.106 0.217 0.241 0.229 0.206 
203 UA00034564    (0)   :  0.112 0.210 0.291 0.233 0.155 
204 UA00046520    (0)   :  0.056 0.391 0.164 0.324 0.066 
205 UA00035027    (0)   :  0.163 0.220 0.189 0.218 0.209 
206 UA00035421    (0)   :  0.065 0.133 0.191 0.148 0.464 
207 UA00062740    (4)   :  0.231 0.167 0.152 0.170 0.279 
208 UA00012360    (0)   :  0.061 0.072 0.077 0.076 0.714 
209 UA00050203    (0)   :  0.109 0.274 0.257 0.264 0.097 
210 UA00040534    (4)   :  0.308 0.103 0.107 0.105 0.377 
211 UA00031261    (4)   :  0.202 0.079 0.085 0.083 0.551 
212 UA00031917    (4)   :  0.340 0.087 0.096 0.095 0.381 
213 UA00040798    (4)   :  0.133 0.154 0.130 0.152 0.432 
214 UA00030598    (4)   :  0.125 0.158 0.144 0.156 0.417 
215 UA00050385    (0)   :  0.111 0.194 0.282 0.226 0.187 
216 UA00058283    (0)   :  0.109 0.064 0.055 0.062 0.710 
217 UA00042297    (4)   :  0.412 0.137 0.120 0.140 0.192 
218 UA00015415    (4)   :  0.055 0.055 0.064 0.059 0.768 
219 UA00035531    (0)   :  0.159 0.077 0.084 0.080 0.601 
220 UA00048683    (0)   :  0.069 0.096 0.110 0.101 0.624 
221 UA00046734    (4)   :  0.077 0.066 0.072 0.070 0.715 
222   pcRF01    (0)   :  0.037 0.208 0.444 0.242 0.069 
223 UA00007223    (0)   :  0.156 0.151 0.196 0.169 0.327 
224 UA00013841    (0)   :  0.335 0.190 0.211 0.197 0.067 
225 UA00014196    (0)   :  0.112 0.079 0.092 0.084 0.634 
226 UA00034635    (0)   :  0.081 0.254 0.287 0.260 0.118 
227 UA00047371    (0)   :  0.383 0.194 0.135 0.180 0.108 
228 UA00063544    (0)   :  0.353 0.194 0.156 0.187 0.110 
229 UA00064246    (0)   :  0.170 0.201 0.166 0.194 0.269 
230 UA00064328    (0)   :  0.215 0.160 0.177 0.173 0.275 
231 UA00002952    (0)   :  0.260 0.138 0.138 0.136 0.329 
232 UA00064079    (0)   :  0.275 0.189 0.203 0.195 0.138 
233 UA00046793    (0)   :  0.233 0.122 0.155 0.132 0.357 
234 UA00034769    (0)   :  0.484 0.137 0.096 0.128 0.155 
235 UA00034949    (0)   :  0.134 0.136 0.194 0.150 0.386 
236 UA00063753    (0)   :  0.193 0.272 0.132 0.239 0.163 
237 UA00015713    (0)   :  0.311 0.229 0.160 0.215 0.085 
238 UA00003494    (0)   :  0.146 0.155 0.279 0.181 0.239 
239 UA00056767    (0)   :  0.036 0.402 0.166 0.337 0.058 
240 UA00014461    (0)   :  0.146 0.158 0.182 0.169 0.345 
241 UA00034669    (0)   :  0.236 0.126 0.107 0.126 0.405 
242 UA00048164    (0)   :  0.071 0.195 0.210 0.199 0.325 
243 UA00007974    (0)   :  0.207 0.291 0.141 0.263 0.098 
244 UA00016166    (0)   :  0.418 0.136 0.202 0.152 0.093 
245 UA00015653    (0)   :  0.413 0.113 0.110 0.119 0.246 
246 UA00063882    (0)   :  0.178 0.115 0.126 0.121 0.461 
247 UA00049027    (0)   :  0.426 0.151 0.129 0.151 0.142 
248 UA00018878    (0)   :  0.452 0.188 0.116 0.174 0.070 
249 UA00038796    (0)   :  0.124 0.151 0.124 0.152 0.450 
250 UA00013465    (0)   :  0.098 0.096 0.088 0.096 0.622 
251 UA00014604    (0)   :  0.205 0.178 0.129 0.179 0.309 
252 UA00041913    (0)   :  0.360 0.216 0.120 0.198 0.106 
253 UA00021632    (0)   :  0.602 0.090 0.092 0.098 0.118 
254 UA00064027    (0)   :  0.279 0.167 0.175 0.185 0.194 
255 UA00015023    (0)   :  0.087 0.184 0.272 0.204 0.253 
256 UA00050243    (0)   :  0.415 0.143 0.168 0.157 0.118 
257 UA00048298    (0)   :  0.148 0.211 0.269 0.233 0.139 
258 UA00050437    (0)   :  0.128 0.164 0.184 0.175 0.349 
259 UA00014262    (0)   :  0.300 0.176 0.203 0.189 0.133 
260 UA00049129    (0)   :  0.176 0.265 0.215 0.253 0.091 
261 UA00014740    (0)   :  0.165 0.264 0.168 0.240 0.164 
262 UA00049612    (0)   :  0.634 0.084 0.075 0.084 0.123 
263 UA00014635    (0)   :  0.051 0.385 0.170 0.330 0.063 
264 UA00014673    (0)   :  0.319 0.144 0.128 0.148 0.261 
265 UA00033608    (0)   :  0.495 0.140 0.103 0.132 0.130 
266 UA00064540    (0)   :  0.097 0.322 0.155 0.274 0.152 
267 UA00050256    (0)   :  0.314 0.137 0.144 0.147 0.257 
268 UA00015274    (0)   :  0.103 0.212 0.297 0.225 0.162 
269 UA00062993    (0)   :  0.060 0.306 0.180 0.287 0.167 
270 UA00038364    (0)   :  0.246 0.222 0.172 0.220 0.141 
271 UA00014446    (0)   :  0.074 0.274 0.274 0.281 0.097 
272 UA00063545    (0)   :  0.539 0.085 0.087 0.090 0.200 
273 UA00040054    (0)   :  0.166 0.218 0.315 0.235 0.066 
274 UA00058447    (0)   :  0.130 0.295 0.203 0.278 0.094 
275 UA00046835    (0)   :  0.094 0.321 0.203 0.284 0.099 
276 UA00014608    (0)   :  0.098 0.274 0.207 0.280 0.142 
277    pc012    (0)   :  0.158 0.223 0.192 0.222 0.204 
278    pc002    (0)   :  0.492 0.130 0.123 0.134 0.121 
279 UA00033690    (0)   :  0.359 0.243 0.110 0.211 0.078 
280 UA00013688    (0)   :  0.130 0.231 0.210 0.235 0.193 
281 UA00063666    (0)   :  0.200 0.336 0.136 0.287 0.041 
282 UA00063292    (0)   :  0.065 0.386 0.163 0.328 0.058 
283    pc001    (0)   :  0.120 0.240 0.231 0.242 0.167 
284    pc008    (0)   :  0.130 0.282 0.209 0.266 0.113 
285 UA00034316    (0)   :  0.280 0.134 0.183 0.151 0.252 
286 UA00013046    (0)   :  0.080 0.303 0.271 0.294 0.052 
287 UA00050241    (0)   :  0.085 0.355 0.197 0.321 0.042 
288 UA00048599    (0)   :  0.064 0.360 0.195 0.312 0.069 
289 UA00046649    (0)   :  0.527 0.133 0.132 0.137 0.070 
290 UA00015674    (0)   :  0.549 0.133 0.085 0.127 0.107 
291 UA00013177    (0)   :  0.199 0.248 0.151 0.222 0.180 
292 UA00012814    (0)   :  0.107 0.222 0.291 0.239 0.142 
293 UA00034654    (0)   :  0.082 0.277 0.286 0.277 0.078 
294 UA00046743    (0)   :  0.077 0.335 0.215 0.293 0.080 
295 UA00014854    (0)   :  0.302 0.265 0.156 0.236 0.040 
296 UA00013729    (0)   :  0.113 0.215 0.325 0.242 0.105 
297 UA00063483    (0)   :  0.098 0.334 0.195 0.307 0.067 
298 UA00039326    (0)   :  0.275 0.229 0.192 0.220 0.084 
299 UA00014742    (0)   :  0.090 0.353 0.190 0.310 0.056 
300 UA00049597    (0)   :  0.595 0.135 0.104 0.130 0.036 
301 UA00048067    (0)   :  0.245 0.256 0.138 0.233 0.128 
302 UA00012918    (0)   :  0.366 0.256 0.118 0.218 0.041 
303 UA00013487    (0)   :  0.049 0.207 0.454 0.245 0.044 
304 UA00046759    (0)   :  0.240 0.175 0.152 0.173 0.260 
305 UA00050164    (0)   :  0.624 0.090 0.110 0.095 0.081 
306 UA00049839    (0)   :  0.075 0.336 0.191 0.302 0.095 
307 UA00048444    (0)   :  0.161 0.352 0.126 0.300 0.060 
308 UA00063857    (0)   :  0.119 0.312 0.234 0.288 0.047 
309 UA00014921    (0)   :  0.575 0.140 0.110 0.132 0.044 
310 UA00048895    (0)   :  0.501 0.148 0.118 0.145 0.088 
311 UA00014556    (0)   :  0.125 0.204 0.192 0.211 0.268 
312    pc009    (0)   :  0.067 0.399 0.163 0.333 0.038 
313 UA00014959    (0)   :  0.578 0.132 0.105 0.127 0.058 
314 UA00020709    (0)   :  0.257 0.211 0.217 0.217 0.097 
315 UA00013126    (0)   :  0.787 0.054 0.049 0.053 0.057 
316 UA00013695    (0)   :  0.752 0.063 0.062 0.065 0.058 
317 UA00049344    (0)   :  0.611 0.104 0.094 0.106 0.085 
318 UA00047614    (0)   :  0.674 0.063 0.057 0.063 0.143 
319 UA00014221    (0)   :  0.039 0.393 0.182 0.336 0.050 
320 UA00014346    (0)   :  0.119 0.332 0.153 0.287 0.108 
321 UA00014245    (0)   :  0.399 0.206 0.144 0.191 0.059 
322 UA00014696    (0)   :  0.746 0.050 0.059 0.052 0.093 
323 UA00006991    (0)   :  0.084 0.224 0.280 0.241 0.171 
324 UA00048948    (0)   :  0.105 0.243 0.258 0.255 0.139 
325 UA00002239    (0)   :  0.120 0.194 0.295 0.224 0.166 
326 UA00063459    (0)   :  0.105 0.378 0.154 0.320 0.042 
327 UA00048356    (0)   :  0.129 0.270 0.157 0.241 0.204 
328 UA00063940    (0)   :  0.109 0.214 0.249 0.218 0.210 
329 UA00048130    (0)   :  0.074 0.360 0.163 0.310 0.092 
330 UA00048903    (0)   :  0.046 0.293 0.321 0.285 0.056 
331 UA00064643    (0)   :  0.132 0.235 0.254 0.245 0.134 
332 UA00050233    (0)   :  0.076 0.246 0.251 0.256 0.171 
333 UA00012507    (0)   :  0.065 0.187 0.235 0.206 0.307 
334 UA00064416    (0)   :  0.064 0.218 0.383 0.255 0.081 
335 UA00034724    (0)   :  0.074 0.270 0.266 0.277 0.113 
336 UA00002621    (0)   :  0.066 0.311 0.266 0.285 0.072 
337 UA00033203    (0)   :  0.090 0.202 0.391 0.238 0.078 
338 UA00011996    (0)   :  0.165 0.265 0.234 0.267 0.069 
339 UA00014408    (0)   :  0.096 0.149 0.187 0.163 0.405 
340 UA00049502    (0)   :  0.080 0.270 0.174 0.255 0.222 
341 UA00062695    (0)   :  0.179 0.278 0.159 0.252 0.133 
342 UA00014072    (0)   :  0.105 0.324 0.184 0.298 0.088 
343 UA00003334    (0)   :  0.073 0.339 0.227 0.302 0.059 
344 UA00013835    (0)   :  0.173 0.263 0.200 0.255 0.109 
345 UA00046760    (0)   :  0.313 0.233 0.165 0.215 0.073 
346 UA00014241    (0)   :  0.066 0.274 0.288 0.265 0.107 
347 UA00049585    (0)   :  0.085 0.335 0.216 0.317 0.047 
348 UA00013409    (0)   :  0.101 0.279 0.139 0.244 0.236 
349 UA00047548    (0)   :  0.101 0.262 0.305 0.277 0.055 
350 UA00049038    (0)   :  0.429 0.152 0.121 0.148 0.150 
351 UA00047612    (0)   :  0.083 0.270 0.247 0.264 0.136 
352 UA00014822    (0)   :  0.434 0.123 0.107 0.122 0.214 
353 UA00035299    (0)   :  0.107 0.235 0.305 0.247 0.107 
354 UA00012804    (0)   :  0.463 0.147 0.135 0.149 0.105 
355 UA00049578    (0)   :  0.089 0.225 0.207 0.228 0.250 
356 UA00047672    (0)   :  0.063 0.196 0.416 0.233 0.092 
357 UA00043961    (0)   :  0.616 0.097 0.082 0.095 0.110 
358 UA00064575    (0)   :  0.093 0.238 0.151 0.219 0.298 
359 UA00014732    (0)   :  0.065 0.237 0.303 0.261 0.134 
360 UA00050181    (0)   :  0.053 0.239 0.305 0.263 0.140 
361 UA00033369    (0)   :  0.376 0.147 0.184 0.160 0.133 
362 UA00011982    (0)   :  0.046 0.224 0.434 0.254 0.043 
363 UA00014590    (0)   :  0.195 0.185 0.282 0.211 0.128 
364 UA00047743    (0)   :  0.075 0.223 0.379 0.263 0.061 
365 UA00046621    (0)   :  0.059 0.232 0.399 0.264 0.046 
366 UA00050422    (0)   :  0.084 0.210 0.237 0.227 0.242 
367 UA00002760    (0)   :  0.171 0.256 0.239 0.253 0.080 
368 UA00012999    (0)   :  0.232 0.207 0.266 0.224 0.072 
369 UA00063838    (0)   :  0.069 0.288 0.273 0.278 0.091 
370 UA00003729    (0)   :  0.295 0.174 0.118 0.164 0.250 
371 UA00015348    (0)   :  0.132 0.315 0.157 0.284 0.113 
372 UA00019058    (0)   :  0.089 0.321 0.152 0.278 0.160 
373 UA00049549    (0)   :  0.209 0.337 0.128 0.283 0.042 
374 UA00014334    (0)   :  0.113 0.194 0.269 0.216 0.207 
375 UA00014350    (0)   :  0.036 0.209 0.479 0.241 0.035 
376 UA00049227    (0)   :  0.342 0.152 0.164 0.160 0.183 
377 UA00014051    (0)   :  0.046 0.182 0.293 0.212 0.266 
378 UA00034381    (0)   :  0.084 0.247 0.249 0.243 0.178 
379 UA00002354    (0)   :  0.052 0.221 0.414 0.254 0.059 
380 UA00049892    (0)   :  0.172 0.279 0.233 0.263 0.053 
381 UA00021989    (0)   :  0.053 0.258 0.306 0.267 0.117 
382 UA00048968    (0)   :  0.069 0.238 0.311 0.261 0.121 
383 UA00013174    (0)   :  0.094 0.211 0.331 0.233 0.131 
384 UA00033992    (0)   :  0.307 0.173 0.249 0.199 0.071 
385 UA00015801    (0)   :  0.037 0.242 0.415 0.265 0.041 
386 UA00063303    (0)   :  0.393 0.184 0.142 0.175 0.106 
387 UA00050206    (0)   :  0.040 0.395 0.164 0.337 0.064 
388 UA00014458    (0)   :  0.161 0.239 0.231 0.240 0.129 
389 UA00007204    (0)   :  0.131 0.321 0.197 0.286 0.064 
390 UA00063212    (0)   :  0.270 0.209 0.130 0.192 0.199 
391 UA00013340    (0)   :  0.214 0.246 0.224 0.242 0.075 
392 UA00062743    (0)   :  0.058 0.190 0.318 0.219 0.215 
393 UA00063189    (0)   :  0.104 0.106 0.125 0.109 0.556 
394 UA00035432    (0)   :  0.067 0.319 0.246 0.302 0.065 
395 UA00007958    (0)   :  0.067 0.269 0.329 0.259 0.077 
396 UA00013634    (0)   :  0.055 0.212 0.376 0.233 0.124 
397 UA00048175    (0)   :  0.032 0.200 0.456 0.233 0.078 
398 UA00003202    (0)   :  0.086 0.288 0.256 0.278 0.092 
399 UA00035090    (0)   :  0.100 0.260 0.217 0.250 0.173 
400 UA00064679    (0)   :  0.100 0.143 0.173 0.148 0.436 
401 UA00039518    (0)   :  0.084 0.252 0.326 0.260 0.078 
402 UA00058268    (0)   :  0.100 0.242 0.286 0.259 0.113 
403 UA00049456    (0)   :  0.327 0.205 0.168 0.202 0.098 
404 UA00049550    (0)   :  0.062 0.290 0.191 0.270 0.186 
405 UA00048342    (0)   :  0.269 0.218 0.186 0.220 0.106 
406 UA00063493    (0)   :  0.056 0.290 0.297 0.292 0.066 
407 UA00058261    (0)   :  0.062 0.180 0.305 0.207 0.246 
408 UA00014663    (0)   :  0.108 0.215 0.293 0.246 0.139 
409 UA00048817    (0)   :  0.288 0.169 0.239 0.186 0.119 
410 UA00049381    (0)   :  0.058 0.202 0.374 0.226 0.140 
411 UA00035901    (0)   :  0.111 0.168 0.172 0.179 0.370 
412 UA00013301    (0)   :  0.102 0.315 0.148 0.280 0.154 
413 UA00047926    (0)   :  0.138 0.179 0.302 0.207 0.175 
414 UA00007272    (0)   :  0.108 0.162 0.237 0.182 0.312 
415 UA00016041    (0)   :  0.161 0.284 0.207 0.264 0.084 
416 UA00013502    (0)   :  0.049 0.260 0.293 0.259 0.139 
417 UA00002390    (0)   :  0.241 0.200 0.246 0.213 0.100 
418 UA00034907    (0)   :  0.079 0.261 0.229 0.263 0.169 
419 UA00048821    (0)   :  0.251 0.167 0.201 0.180 0.200 
420 UA00002136    (0)   :  0.254 0.240 0.153 0.221 0.132 
421 UA00011790    (0)   :  0.100 0.211 0.320 0.222 0.146 
422 UA00021586    (0)   :  0.296 0.185 0.192 0.185 0.142 
423 UA00033270    (0)   :  0.104 0.243 0.247 0.248 0.158 
424 UA00048073    (0)   :  0.110 0.276 0.240 0.263 0.110 
425 UA00048856    (0)   :  0.093 0.226 0.223 0.215 0.242 
426 UA00049713    (0)   :  0.095 0.202 0.347 0.236 0.120 
427 UA00046885    (0)   :  0.104 0.296 0.235 0.273 0.092 
428 UA00034893    (0)   :  0.084 0.268 0.308 0.272 0.068 
429 UA00048011    (0)   :  0.046 0.236 0.293 0.257 0.168 
430 UA00015786    (0)   :  0.154 0.168 0.198 0.182 0.299 
431 UA00013162    (0)   :  0.099 0.182 0.303 0.212 0.203 
432 UA00049512    (0)   :  0.134 0.268 0.196 0.251 0.152 
433 UA00004046    (0)   :  0.050 0.213 0.393 0.243 0.101 
434 UA00048881    (0)   :  0.236 0.150 0.147 0.153 0.313 
435 UA00046610    (0)   :  0.227 0.172 0.215 0.183 0.203 
436 UA00033282    (0)   :  0.147 0.229 0.211 0.229 0.183 
437 UA00047561    (0)   :  0.075 0.214 0.358 0.253 0.100 
438 UA00013777    (0)   :  0.064 0.185 0.236 0.196 0.318 
439 UA00062849    (0)   :  0.084 0.345 0.180 0.309 0.081 
440 UA00049786    (0)   :  0.044 0.193 0.399 0.222 0.142 
441 UA00033246    (0)   :  0.060 0.396 0.160 0.339 0.044 
442 UA00045302    (0)   :  0.138 0.246 0.265 0.268 0.083 
443 UA00048637    (0)   :  0.063 0.202 0.374 0.228 0.133 
444 UA00049832    (0)   :  0.286 0.240 0.174 0.230 0.070 
445 UA00022023    (0)   :  0.241 0.192 0.245 0.209 0.114 
446 UA00050192    (0)   :  0.354 0.168 0.200 0.183 0.095 
447 UA00050413    (0)   :  0.099 0.252 0.254 0.265 0.130 
448 UA00013445    (0)   :  0.052 0.248 0.359 0.271 0.070 
449 UA00035496    (0)   :  0.100 0.193 0.176 0.197 0.335 
450 UA00003333    (0)   :  0.179 0.138 0.167 0.150 0.366 
451 UA00064008    (0)   :  0.068 0.163 0.204 0.175 0.391 
452 UA00003427    (0)   :  0.296 0.178 0.184 0.185 0.158 
453 UA00028092    (0)   :  0.333 0.153 0.144 0.157 0.213 
454    pc003    (0)   :  0.145 0.078 0.081 0.080 0.616 
455 UA00034440    (0)   :  0.072 0.318 0.186 0.282 0.142 
456 UA00026062    (0)   :  0.098 0.194 0.392 0.228 0.089 
457 UA00014347    (0)   :  0.169 0.230 0.177 0.216 0.208 
458 UA00021516    (0)   :  0.072 0.214 0.382 0.250 0.082 
459 UA00049347    (0)   :  0.075 0.149 0.182 0.155 0.439 
460 UA00063436    (0)   :  0.088 0.182 0.116 0.164 0.449 
461 UA00047790    (0)   :  0.087 0.221 0.319 0.245 0.129 
462 UA00045714    (0)   :  0.168 0.151 0.167 0.158 0.355 
463 UA00038979    (0)   :  0.217 0.282 0.157 0.246 0.098 
464 UA00016123    (0)   :  0.145 0.181 0.238 0.194 0.242 
465 UA00034765    (0)   :  0.044 0.068 0.083 0.072 0.733 
466 UA00063815    (0)   :  0.185 0.100 0.081 0.098 0.536 
467 UA00034795    (0)   :  0.090 0.320 0.183 0.287 0.120 
468 UA00004000    (0)   :  0.077 0.088 0.086 0.092 0.657 
469 UA00049367    (0)   :  0.057 0.296 0.194 0.261 0.192 
470 UA00034457    (0)   :  0.110 0.242 0.316 0.251 0.081 
471 UA00050015    (0)   :  0.168 0.273 0.165 0.246 0.148 
472 UA00021373    (0)   :  0.112 0.242 0.260 0.247 0.140 
473 UA00050232    (0)   :  0.155 0.085 0.080 0.085 0.595 
474 UA00038724    (0)   :  0.253 0.246 0.181 0.234 0.085 
475 UA00007824    (0)   :  0.193 0.176 0.268 0.193 0.169 
476 UA00048754    (0)   :  0.051 0.186 0.257 0.201 0.305 
477 UA00014271    (0)   :  0.150 0.239 0.262 0.240 0.110 
478 UA00013756    (0)   :  0.199 0.220 0.132 0.203 0.246 
479 UA00014385    (0)   :  0.198 0.126 0.158 0.141 0.378 
480 UA00049609    (0)   :  0.086 0.325 0.203 0.286 0.101 
481 UA00003748    (0)   :  0.066 0.140 0.173 0.145 0.476 
482 UA00063952    (0)   :  0.054 0.161 0.191 0.170 0.424 
483 UA00058348    (0)   :  0.051 0.132 0.119 0.130 0.568 
484 UA00014922    (0)   :  0.083 0.080 0.081 0.081 0.674 
485 UA00003820    (0)   :  0.050 0.186 0.300 0.216 0.247 
486 UA00013693    (0)   :  0.155 0.180 0.204 0.186 0.275 
487 UA00047713    (0)   :  0.051 0.087 0.104 0.089 0.670 
488 UA00034891    (0)   :  0.120 0.153 0.114 0.147 0.466 
489 UA00049223    (0)   :  0.080 0.169 0.172 0.169 0.410 
490 UA00064399    (0)   :  0.317 0.052 0.060 0.057 0.513 
491 UA00013336    (0)   :  0.133 0.071 0.065 0.072 0.659 
492 UA00035291    (0)   :  0.115 0.069 0.076 0.074 0.667 
493 UA00003945    (0)   :  0.100 0.097 0.103 0.098 0.603 
494 UA00014518    (0)   :  0.087 0.109 0.145 0.117 0.542 
495 UA00013583    (0)   :  0.488 0.099 0.087 0.100 0.225 
496 UA00011510    (0)   :  0.127 0.121 0.130 0.127 0.494 
497 UA00046860    (0)   :  0.114 0.149 0.199 0.162 0.376 
498 UA00048853    (0)   :  0.219 0.122 0.137 0.133 0.389 
499 UA00012151    (0)   :  0.071 0.070 0.085 0.075 0.700 
500 UA00063930    (0)   :  0.437 0.147 0.101 0.141 0.174 
501 UA00013453    (0)   :  0.181 0.164 0.167 0.166 0.322 
502 UA00039299    (0)   :  0.077 0.063 0.062 0.063 0.736 
503 UA00014280    (0)   :  0.041 0.056 0.052 0.057 0.795 
504 UA00014200    (0)   :  0.064 0.097 0.134 0.105 0.601 
505 UA00040612    (0)   :  0.162 0.059 0.065 0.064 0.650 
506 UA00062679    (0)   :  0.112 0.064 0.064 0.066 0.694 
507 UA00034481    (0)   :  0.064 0.084 0.090 0.087 0.675 
508 UA00011880    (0)   :  0.366 0.208 0.115 0.190 0.122 
509 UA00013421    (0)   :  0.218 0.054 0.060 0.057 0.611 
510 UA00048051    (0)   :  0.063 0.047 0.049 0.049 0.792 
511 UA00063370    (0)   :  0.177 0.054 0.050 0.055 0.665 
512 UA00014716    (0)   :  0.116 0.066 0.063 0.067 0.687 
513 UA00033426    (0)   :  0.196 0.105 0.145 0.114 0.440 
514 UA00015190    (0)   :  0.293 0.063 0.068 0.066 0.510 
515 UA00013730    (0)   :  0.141 0.260 0.260 0.258 0.081 
516 UA00047644    (4)   :  0.222 0.103 0.106 0.108 0.462 
517 UA00031933    (9)   :  0.089 0.219 0.285 0.230 0.178 
518 UA00031541    (9)   :  0.158 0.140 0.145 0.142 0.415 
519   PCO-60    (4)   :  0.084 0.224 0.229 0.226 0.237 
520 UA00030495    (4)   :  0.187 0.211 0.182 0.204 0.216 
521 UA00031133    (4)   :  0.079 0.395 0.152 0.323 0.051 
522 UA00032049    (4)   :  0.395 0.159 0.142 0.162 0.142 
523 UA00030599    (4)   :  0.166 0.322 0.131 0.273 0.108 
524 UA00030250    (4)   :  0.066 0.227 0.362 0.264 0.082 
525 UA00049385    (4)   :  0.211 0.261 0.145 0.234 0.149 
526 UA00031816    (4)   :  0.081 0.393 0.140 0.326 0.059 
527 UA00030275    (4)   :  0.185 0.192 0.252 0.214 0.157 
528 UA00041861    (4)   :  0.149 0.210 0.250 0.218 0.173 
529 UA00041433    (4)   :  0.057 0.268 0.314 0.279 0.082 
530  PCO-114    (4)   :  0.064 0.193 0.323 0.221 0.198 
531 UA00031529    (4)   :  0.085 0.265 0.244 0.261 0.145 
532 UA00039719    (4)   :  0.069 0.239 0.283 0.244 0.163 
533  PCO-442    (4)   :  0.051 0.219 0.409 0.252 0.069 
534   PCO-58    (0)   :  0.098 0.180 0.367 0.219 0.137 
535 UA00048673    (4)   :  0.103 0.232 0.203 0.234 0.227 
536   PCO-63    (4)   :  0.056 0.288 0.262 0.279 0.115 


Estimated Allele Frequencies in each cluster
First column gives estimated ancestral frequencies


Locus 1 : PP01 
2 alleles
0.0% missing data
   1   (0.599) 0.865 0.563 0.624 0.579 0.331 
   2   (0.401) 0.135 0.437 0.376 0.421 0.669 

Locus 2 : PP02 
2 alleles
0.0% missing data
   1   (0.903) 0.990 0.896 0.908 0.897 0.968 
   2   (0.097) 0.010 0.104 0.092 0.103 0.032 

Locus 3 : PP03 
2 alleles
18.3% missing data
   1   (0.793) 0.920 0.736 0.815 0.752 0.970 
   2   (0.207) 0.080 0.264 0.185 0.248 0.030 

Locus 4 : PP04 
2 alleles
0.4% missing data
   1   (0.731) 0.648 0.596 0.724 0.627 0.961 
   2   (0.269) 0.352 0.404 0.276 0.373 0.039 

Locus 5 : PP06 
2 alleles
0.0% missing data
   1   (0.625) 0.656 0.694 0.622 0.683 0.605 
   2   (0.375) 0.344 0.306 0.378 0.317 0.395 

Locus 6 : PP07 
2 alleles
0.0% missing data
   1   (0.705) 0.868 0.618 0.686 0.641 0.945 
   2   (0.295) 0.132 0.382 0.314 0.359 0.055 

Locus 7 : PP09 
2 alleles
0.0% missing data
   1   (0.456) 0.633 0.598 0.428 0.559 0.063 
   2   (0.544) 0.367 0.402 0.572 0.441 0.937 

Locus 8 : PP10 
2 alleles
0.0% missing data
   1   (0.178) 0.416 0.100 0.110 0.111 0.383 
   2   (0.822) 0.584 0.900 0.890 0.889 0.617 

Locus 9 : PP11 
2 alleles
0.0% missing data
   1   (0.661) 0.801 0.739 0.613 0.712 0.823 
   2   (0.339) 0.199 0.261 0.387 0.288 0.177 

Locus 10 : PP12 
2 alleles
0.2% missing data
   1   (0.424) 0.282 0.473 0.451 0.465 0.120 
   2   (0.576) 0.718 0.527 0.549 0.535 0.880 

Locus 11 : PP13 
2 alleles
0.0% missing data
   1   (0.175) 0.494 0.106 0.145 0.119 0.124 
   2   (0.825) 0.506 0.894 0.855 0.881 0.876 

Locus 12 : PP14 
2 alleles
0.2% missing data
   1   (0.854) 0.964 0.894 0.833 0.882 0.914 
   2   (0.146) 0.036 0.106 0.167 0.118 0.086 

Locus 13 : PP15 
2 alleles
0.0% missing data
   1   (0.905) 0.397 0.925 0.951 0.925 0.943 
   2   (0.095) 0.603 0.075 0.049 0.075 0.057 

Locus 14 : PP16 
2 alleles
0.0% missing data
   1   (0.496) 0.429 0.602 0.529 0.578 0.399 
   2   (0.504) 0.571 0.398 0.471 0.422 0.601 

Locus 15 : PP17 
2 alleles
0.2% missing data
   1   (0.656) 0.838 0.623 0.665 0.629 0.505 
   2   (0.344) 0.162 0.377 0.335 0.371 0.495 

Locus 16 : PP18 
2 alleles
0.7% missing data
   1   (0.743) 0.894 0.757 0.712 0.752 0.921 
   2   (0.257) 0.106 0.243 0.288 0.248 0.079 

Locus 17 : PP20 
2 alleles
0.0% missing data
   1   (0.626) 0.652 0.633 0.666 0.636 0.505 
   2   (0.374) 0.348 0.367 0.334 0.364 0.495 

Locus 18 : PP21 
2 alleles
14.9% missing data
   1   (0.859) 0.972 0.812 0.856 0.826 0.988 
   2   (0.141) 0.028 0.188 0.144 0.174 0.012 

Locus 19 : PP22 
2 alleles
1.3% missing data
   1   (0.481) 0.066 0.379 0.584 0.416 0.151 
   2   (0.519) 0.934 0.621 0.416 0.584 0.849 

Locus 20 : PP23 
2 alleles
0.7% missing data
   1   (0.638) 0.740 0.635 0.604 0.638 0.796 
   2   (0.362) 0.260 0.365 0.396 0.362 0.204 

Locus 21 : PP24 
2 alleles
0.2% missing data
   1   (0.801) 0.866 0.846 0.865 0.840 0.578 
   2   (0.199) 0.134 0.154 0.135 0.160 0.422 

Locus 22 : PP25 
2 alleles
0.6% missing data
   1   (0.350) 0.706 0.345 0.287 0.340 0.465 
   2   (0.650) 0.294 0.655 0.713 0.660 0.535 

Values of parameters used in structure:
DATAFILE=Puma_SNP_genotypes_cut_AZ_final_HWEonly.str,	OUTFILE=outputfile_K5_7,	NUMINDS=536,	NUMLOCI=22,	MISSING=-9,	LABEL=1,	POPDATA=0,	POPFLAG=0,	PHENOTYPE=0,	EXTRACOLS=0,	MAXPOPS=5,	BURNIN=100000,	NUMREPS=500000,	USEPOPINFO=0,	INFERALPHA=1,	INFERLAMBDA=0,	POPSPECIFICLAMBDA=0,	POPALPHAS=0,	COMPUTEPROB=1,	NOADMIX=0,	ADMBURNIN=2500,	UPDATEFREQ=200,	PRINTLIKES=0,	INTERMEDSAVE=0,	PRINTKLD=0,	PRINTNET=0,	PRINTLAMBDA=0,	ANCESTDIST=0,	NUMBOXES=1000,	ANCESTPINT=0.90000,	GENSBACK=2,	MIGRPRIOR=0.05000,	PRINTQHAT=0,	PRINTQSUM=0,	ALPHA=1.0000,	FREQSCORR=1,	FPRIORMEAN=0.0100,	FPRIORSD=0.0500,	ONEFST=0,	LAMBDA=1.0000,	UNIFPRIORALPHA=1,	ALPHAMAX=10.0000,	ALPHAPRIORA=1.0000,	ALPHAPRIORB=2.0000,	ALPHAPROPSD=0.0250,	STARTATPOPINFO=0,	RANDOMIZE=1,	LINKAGE=0,	METROFREQ=20,	REPORTHITRATE=0,	MARKOVPHASE=0,	PHASED=0,	PLOIDY=2,	PHASEINFO=0	LOCPRIOR=0, 	LOCPRIORINIT=1.000000, 	LOCDATA=0, 	LOCISPOP=0, 	LOCPRIORSTEP=0.100000, 	MAXLOCPRIOR=20.000000, 	SEED=1716621258,	
[STRAT parameters]:    NUMSIMSTATS=1000,	PHENOTYPECOL=-9,	POOLFREQ=10,	LOCUSxONLY=0,	EMERROR=0.00100,	MISSINGPHENO=-9,	