

----------------------------------------------------
STRUCTURE by Pritchard, Stephens and Donnelly (2000)
     and Falush, Stephens and Pritchard (2003)
       Code by Pritchard, Falush and Hubisz
             Version 2.3.4 (Jul 2012)
----------------------------------------------------



Command line arguments:   structure -K 8 -o outputfile_K8_10 
Input File:    Puma_SNP_genotypes_cut_AZ_final_HWEonly.str

Run parameters:
   536 individuals
   22 loci
   8 populations assumed
   100000 Burn-in period
   500000 Reps


--------------------------------------------
Overall proportion of membership of the
sample in each of the 8 clusters

Inferred Clusters
  1      2      3      4      5      6      7      8    
0.127  0.128  0.127  0.128  0.107  0.127  0.129  0.128  

--------------------------------------------

Allele-freq. divergence among pops (Net nucleotide distance),
computed using point estimates of P.

      1       2       3       4       5       6       7       8      
 1      -    0.0012  0.0008  0.0015  0.0710  0.0001  0.0472  0.0001  
 2   0.0012     -    0.0019  0.0001  0.0674  0.0010  0.0481  0.0007  
 3   0.0008  0.0019     -    0.0020  0.0645  0.0004  0.0398  0.0011  
 4   0.0015  0.0001  0.0020     -    0.0655  0.0012  0.0477  0.0010  
 5   0.0710  0.0674  0.0645  0.0655     -    0.0686  0.0852  0.0711  
 6   0.0001  0.0010  0.0004  0.0012  0.0686     -    0.0445  0.0002  
 7   0.0472  0.0481  0.0398  0.0477  0.0852  0.0445     -    0.0487  
 8   0.0001  0.0007  0.0011  0.0010  0.0711  0.0002  0.0487     -    

Average distances (expected heterozygosity) between individuals in same cluster:
cluster  1  : 0.3760 
cluster  2  : 0.3770 
cluster  3  : 0.3800 
cluster  4  : 0.3772 
cluster  5  : 0.2634 
cluster  6  : 0.3775 
cluster  7  : 0.2622 
cluster  8  : 0.3769 

--------------------------------------------
Estimated Ln Prob of Data   = -13884.4
Mean value of ln likelihood = -12295.5
Variance of ln likelihood   = 3177.8
Mean value of alpha         = 0.1312

Mean value of Fst_1         = 0.0654
Mean value of Fst_2         = 0.0791
Mean value of Fst_3         = 0.0131
Mean value of Fst_4         = 0.0668
Mean value of Fst_5         = 0.3501
Mean value of Fst_6         = 0.0522
Mean value of Fst_7         = 0.2907
Mean value of Fst_8         = 0.0820


Inferred ancestry of individuals:
        Label (%Miss) :  Inferred clusters
  1 UA00063336   (13)   :  0.099 0.098 0.116 0.100 0.344 0.104 0.047 0.092 
  2 UA00048914    (9)   :  0.128 0.118 0.162 0.118 0.070 0.134 0.151 0.118 
  3 UA00014769   (13)   :  0.205 0.149 0.102 0.133 0.031 0.150 0.015 0.216 
  4 UA00008132   (13)   :  0.142 0.139 0.160 0.132 0.086 0.149 0.058 0.134 
  5 UA00030462   (13)   :  0.117 0.115 0.146 0.120 0.060 0.121 0.212 0.109 
  6 UA00034866   (13)   :  0.134 0.135 0.172 0.140 0.022 0.149 0.125 0.123 
  7 UA00034800    (9)   :  0.062 0.057 0.062 0.054 0.592 0.058 0.060 0.055 
  8  Puco006    (9)   :  0.041 0.040 0.051 0.043 0.043 0.045 0.696 0.041 
  9 UA00048874    (4)   :  0.080 0.075 0.101 0.082 0.427 0.083 0.078 0.074 
 10 UA00049060    (9)   :  0.169 0.140 0.142 0.142 0.064 0.145 0.031 0.165 
 11 UA00033413    (9)   :  0.139 0.199 0.094 0.197 0.025 0.142 0.045 0.159 
 12  Puco021    (9)   :  0.117 0.197 0.077 0.213 0.097 0.127 0.024 0.149 
 13  Puco026    (9)   :  0.141 0.153 0.147 0.171 0.069 0.142 0.024 0.152 
 14  Puco008    (9)   :  0.103 0.100 0.133 0.104 0.175 0.106 0.182 0.097 
 15   M01301    (9)   :  0.143 0.176 0.101 0.174 0.019 0.133 0.095 0.159 
 16   M06306    (9)   :  0.096 0.105 0.106 0.116 0.360 0.096 0.023 0.096 
 17 UA00032185    (9)   :  0.142 0.140 0.147 0.139 0.068 0.144 0.082 0.138 
 18 UA00030792    (9)   :  0.015 0.015 0.016 0.016 0.890 0.015 0.018 0.015 
 19 UA00031647    (9)   :  0.112 0.117 0.154 0.120 0.174 0.125 0.096 0.103 
 20 UA00031979    (9)   :  0.138 0.136 0.164 0.156 0.046 0.144 0.075 0.142 
 21  Puco016    (9)   :  0.128 0.113 0.159 0.117 0.027 0.137 0.204 0.115 
 22  Puco010    (9)   :  0.146 0.165 0.144 0.156 0.046 0.142 0.045 0.155 
 23    M1035    (9)   :  0.143 0.132 0.173 0.139 0.100 0.155 0.025 0.132 
 24 UA00034601    (9)   :  0.128 0.135 0.146 0.147 0.075 0.138 0.101 0.131 
 25 UA00050388    (9)   :  0.130 0.134 0.169 0.149 0.076 0.139 0.076 0.128 
 26 UA00048699    (9)   :  0.106 0.094 0.120 0.092 0.031 0.114 0.345 0.098 
 27 UA00064058    (9)   :  0.159 0.141 0.162 0.144 0.062 0.157 0.027 0.148 
 28 UA00033981    (9)   :  0.121 0.207 0.096 0.197 0.053 0.129 0.052 0.145 
 29   F05033    (9)   :  0.162 0.151 0.140 0.163 0.034 0.153 0.032 0.166 
 30 UA00048520    (4)   :  0.119 0.126 0.124 0.140 0.164 0.121 0.086 0.119 
 31 UA00048422    (4)   :  0.030 0.032 0.030 0.032 0.793 0.029 0.024 0.030 
 32    PucoB    (4)   :  0.138 0.166 0.132 0.200 0.047 0.138 0.018 0.161 
 33 UA00047393    (4)   :  0.156 0.121 0.141 0.112 0.151 0.135 0.036 0.148 
 34 UA00064521    (4)   :  0.117 0.125 0.152 0.136 0.040 0.129 0.189 0.114 
 35 UA00003043    (4)   :  0.148 0.124 0.156 0.122 0.023 0.145 0.145 0.138 
 36 UA00063025    (4)   :  0.104 0.119 0.131 0.117 0.182 0.113 0.137 0.098 
 37 UA00063826    (4)   :  0.131 0.173 0.148 0.180 0.048 0.146 0.032 0.142 
 38   F07407    (4)   :  0.107 0.152 0.093 0.169 0.209 0.108 0.030 0.132 
 39 UA00021658    (4)   :  0.151 0.146 0.164 0.149 0.045 0.157 0.043 0.143 
 40 UA00003794    (4)   :  0.119 0.140 0.104 0.172 0.177 0.115 0.036 0.137 
 41 UA00041322    (4)   :  0.131 0.127 0.191 0.143 0.071 0.145 0.073 0.119 
 42 UA00063316    (4)   :  0.123 0.130 0.170 0.137 0.093 0.138 0.097 0.114 
 43 UA00047705    (4)   :  0.134 0.146 0.151 0.168 0.051 0.144 0.069 0.137 
 44 UA00033904    (4)   :  0.093 0.090 0.115 0.106 0.355 0.100 0.046 0.096 
 45 UA00048100    (4)   :  0.145 0.159 0.148 0.170 0.026 0.150 0.054 0.147 
 46 UA00032212    (4)   :  0.107 0.112 0.126 0.118 0.221 0.114 0.099 0.103 
 47 UA00031574    (4)   :  0.029 0.032 0.031 0.032 0.773 0.030 0.044 0.030 
 48 UA00031228    (4)   :  0.020 0.019 0.022 0.020 0.849 0.021 0.029 0.020 
 49 UA00047707    (4)   :  0.187 0.145 0.153 0.125 0.016 0.171 0.030 0.174 
 50 UA00030906    (4)   :  0.014 0.015 0.015 0.015 0.885 0.015 0.027 0.014 
 51 UA00041567    (4)   :  0.128 0.177 0.121 0.177 0.056 0.136 0.065 0.139 
 52 UA00007624    (4)   :  0.173 0.159 0.129 0.159 0.020 0.160 0.033 0.167 
 53 UA00034514    (4)   :  0.152 0.152 0.162 0.142 0.037 0.162 0.050 0.142 
 54 UA00030480    (4)   :  0.134 0.125 0.171 0.133 0.135 0.145 0.032 0.124 
 55  Puco012    (4)   :  0.153 0.143 0.175 0.139 0.036 0.156 0.061 0.138 
 56 UA00038677    (9)   :  0.115 0.126 0.145 0.135 0.110 0.122 0.130 0.117 
 57 UA00048275    (4)   :  0.135 0.179 0.143 0.189 0.030 0.145 0.040 0.138 
 58 UA00064055    (4)   :  0.148 0.135 0.171 0.129 0.040 0.162 0.059 0.156 
 59  Puco009    (4)   :  0.127 0.118 0.148 0.123 0.023 0.137 0.198 0.126 
 60 UA00064561    (4)   :  0.204 0.131 0.114 0.104 0.022 0.169 0.065 0.191 
 61 UA00003479    (4)   :  0.143 0.143 0.168 0.132 0.032 0.157 0.072 0.154 
 62 UA00063747    (4)   :  0.150 0.153 0.146 0.156 0.017 0.151 0.052 0.175 
 63 UA00002558    (4)   :  0.126 0.132 0.144 0.134 0.026 0.128 0.190 0.120 
 64 UA00048410    (4)   :  0.156 0.117 0.134 0.105 0.018 0.148 0.184 0.138 
 65 UA00012249    (4)   :  0.168 0.133 0.149 0.114 0.021 0.167 0.094 0.154 
 66 UA00033818    (4)   :  0.062 0.067 0.066 0.073 0.542 0.062 0.062 0.065 
 67  Puco020    (4)   :  0.143 0.117 0.148 0.112 0.131 0.146 0.073 0.131 
 68 UA00002545    (9)   :  0.164 0.133 0.148 0.121 0.071 0.157 0.036 0.170 
 69 UA00048508    (4)   :  0.164 0.144 0.166 0.141 0.029 0.166 0.041 0.150 
 70 UA00064100    (4)   :  0.148 0.136 0.182 0.147 0.048 0.157 0.046 0.135 
 71 UA00014585    (4)   :  0.146 0.140 0.172 0.141 0.041 0.162 0.062 0.137 
 72 UA00063698    (4)   :  0.084 0.091 0.102 0.094 0.098 0.092 0.355 0.084 
 73 UA00049753    (4)   :  0.094 0.100 0.125 0.102 0.368 0.099 0.022 0.089 
 74 UA00049037    (4)   :  0.158 0.147 0.161 0.142 0.056 0.163 0.030 0.143 
 75 UA00034941    (4)   :  0.125 0.147 0.165 0.152 0.070 0.137 0.074 0.129 
 76 UA00008083    (4)   :  0.066 0.066 0.070 0.063 0.045 0.070 0.556 0.063 
 77 UA00015084    (4)   :  0.083 0.095 0.104 0.098 0.140 0.092 0.305 0.083 
 78 UA00041010    (9)   :  0.052 0.050 0.064 0.051 0.293 0.054 0.389 0.047 
 79 UA00035261    (4)   :  0.112 0.111 0.136 0.122 0.194 0.117 0.103 0.105 
 80 UA00035431    (4)   :  0.140 0.164 0.149 0.164 0.017 0.150 0.067 0.150 
 81 UA00045274    (0)   :  0.124 0.142 0.141 0.161 0.076 0.127 0.094 0.136 
 82 UA00028200    (4)   :  0.082 0.084 0.108 0.095 0.347 0.089 0.117 0.080 
 83 UA00064559    (0)   :  0.022 0.024 0.023 0.024 0.840 0.023 0.022 0.022 
 84 UA00040808    (0)   :  0.092 0.080 0.114 0.090 0.318 0.098 0.120 0.088 
 85 UA00049156    (0)   :  0.085 0.086 0.108 0.090 0.337 0.091 0.124 0.079 
 86 UA00003952    (4)   :  0.073 0.065 0.081 0.064 0.031 0.072 0.546 0.068 
 87 UA00063954    (0)   :  0.134 0.125 0.171 0.141 0.133 0.138 0.032 0.126 
 88 UA00062934    (0)   :  0.115 0.119 0.159 0.137 0.163 0.132 0.061 0.114 
 89 UA00033829    (0)   :  0.044 0.045 0.052 0.046 0.541 0.047 0.182 0.042 
 90 UA00064351    (4)   :  0.123 0.196 0.097 0.196 0.036 0.124 0.089 0.140 
 91 UA00003697    (4)   :  0.068 0.070 0.083 0.073 0.068 0.073 0.502 0.064 
 92 UA00063438    (4)   :  0.112 0.112 0.152 0.122 0.191 0.119 0.087 0.106 
 93 UA00007608    (0)   :  0.099 0.106 0.122 0.111 0.203 0.105 0.163 0.092 
 94 UA00019683    (4)   :  0.084 0.112 0.063 0.123 0.414 0.081 0.029 0.095 
 95 UA00007781    (0)   :  0.136 0.152 0.161 0.171 0.039 0.146 0.056 0.139 
 96 UA00002915    (0)   :  0.099 0.097 0.125 0.098 0.301 0.111 0.075 0.093 
 97  Puco031    (4)   :  0.154 0.138 0.174 0.141 0.042 0.150 0.055 0.147 
 98 UA00048280    (4)   :  0.128 0.167 0.149 0.177 0.031 0.139 0.074 0.134 
 99 UA00048589    (0)   :  0.131 0.158 0.131 0.181 0.071 0.133 0.042 0.154 
100 UA00034417    (0)   :  0.125 0.111 0.151 0.116 0.106 0.133 0.140 0.117 
101 UA00050411    (4)   :  0.178 0.149 0.147 0.139 0.016 0.169 0.031 0.171 
102  Puco029    (4)   :  0.161 0.157 0.141 0.176 0.029 0.147 0.015 0.176 
103   F03403    (4)   :  0.132 0.190 0.089 0.222 0.018 0.133 0.040 0.175 
104 UA00049904    (0)   :  0.124 0.141 0.145 0.148 0.144 0.132 0.047 0.120 
105 UA00035335    (0)   :  0.168 0.155 0.133 0.161 0.023 0.147 0.013 0.201 
106 UA00012611    (0)   :  0.148 0.148 0.184 0.163 0.035 0.152 0.028 0.141 
107 UA00050319    (0)   :  0.134 0.215 0.072 0.235 0.020 0.134 0.023 0.168 
108 UA00032068    (4)   :  0.139 0.130 0.177 0.144 0.102 0.147 0.023 0.136 
109 UA00032026    (4)   :  0.155 0.135 0.166 0.140 0.070 0.153 0.034 0.147 
110 UA00030476    (4)   :  0.120 0.202 0.077 0.229 0.065 0.127 0.020 0.161 
111 UA00046853    (0)   :  0.128 0.206 0.088 0.194 0.058 0.134 0.036 0.156 
112 UA00040156    (4)   :  0.014 0.015 0.015 0.015 0.893 0.015 0.018 0.015 
113 UA00030528    (4)   :  0.135 0.114 0.157 0.114 0.190 0.138 0.031 0.121 
114  Puco025    (4)   :  0.208 0.142 0.124 0.124 0.025 0.164 0.024 0.189 
115    pc016    (0)   :  0.014 0.014 0.015 0.014 0.896 0.014 0.018 0.014 
116 UA00030617    (4)   :  0.203 0.150 0.119 0.122 0.019 0.168 0.021 0.199 
117 UA00030585    (4)   :  0.025 0.028 0.025 0.027 0.813 0.026 0.031 0.026 
118 UA00032060    (4)   :  0.120 0.124 0.143 0.136 0.199 0.122 0.033 0.124 
119    pc007    (0)   :  0.144 0.178 0.108 0.182 0.055 0.141 0.042 0.150 
120 UA00030798    (4)   :  0.034 0.033 0.035 0.036 0.775 0.034 0.020 0.033 
121 UA00030778    (4)   :  0.177 0.148 0.168 0.131 0.016 0.175 0.022 0.163 
122 UA00039674    (4)   :  0.020 0.020 0.021 0.020 0.861 0.020 0.019 0.019 
123 UA00032241    (4)   :  0.186 0.167 0.117 0.158 0.017 0.159 0.022 0.173 
124 UA00011624    (0)   :  0.156 0.151 0.151 0.150 0.027 0.159 0.036 0.170 
125 UA00033779    (4)   :  0.135 0.210 0.081 0.205 0.026 0.134 0.036 0.174 
126 UA00049402    (4)   :  0.136 0.123 0.152 0.122 0.043 0.153 0.141 0.130 
127 UA00033653    (0)   :  0.131 0.231 0.065 0.221 0.021 0.132 0.031 0.168 
128 UA00047738    (0)   :  0.140 0.143 0.149 0.149 0.056 0.140 0.087 0.137 
129 UA00047502    (4)   :  0.121 0.116 0.162 0.116 0.058 0.133 0.183 0.113 
130 UA00012014    (4)   :  0.152 0.137 0.180 0.134 0.041 0.163 0.052 0.141 
131 UA00040729    (0)   :  0.158 0.158 0.122 0.179 0.045 0.144 0.029 0.165 
132 UA00030392    (4)   :  0.198 0.142 0.134 0.126 0.034 0.169 0.024 0.174 
133 UA00050033    (0)   :  0.159 0.153 0.144 0.147 0.057 0.153 0.034 0.153 
134 UA00012152    (0)   :  0.099 0.078 0.087 0.071 0.018 0.093 0.463 0.091 
135 UA00050406    (0)   :  0.149 0.142 0.179 0.147 0.044 0.158 0.042 0.140 
136 UA00047973    (0)   :  0.143 0.159 0.163 0.166 0.031 0.149 0.041 0.148 
137 UA00008051    (0)   :  0.135 0.131 0.142 0.126 0.091 0.129 0.104 0.142 
138 UA00047337    (4)   :  0.136 0.121 0.132 0.133 0.179 0.134 0.039 0.127 
139 UA00041604    (4)   :  0.138 0.129 0.153 0.130 0.080 0.141 0.100 0.129 
140 UA00031704    (4)   :  0.171 0.150 0.161 0.139 0.023 0.166 0.018 0.171 
141 UA00040423    (4)   :  0.142 0.139 0.171 0.138 0.084 0.148 0.033 0.147 
142 UA00049433    (0)   :  0.140 0.122 0.167 0.123 0.063 0.148 0.102 0.134 
143 UA00034816    (0)   :  0.185 0.125 0.118 0.109 0.032 0.154 0.099 0.178 
144 UA00050214    (0)   :  0.224 0.137 0.106 0.101 0.023 0.172 0.023 0.212 
145 UA00041073    (0)   :  0.150 0.142 0.141 0.125 0.062 0.148 0.087 0.144 
146 UA00030318    (4)   :  0.170 0.141 0.148 0.131 0.026 0.155 0.064 0.165 
147 UA00046845    (0)   :  0.168 0.120 0.138 0.110 0.046 0.158 0.114 0.145 
148 UA00063946    (0)   :  0.123 0.222 0.058 0.235 0.039 0.130 0.029 0.164 
149 UA00031374    (4)   :  0.146 0.136 0.168 0.137 0.039 0.154 0.064 0.155 
150    M1136    (4)   :  0.120 0.094 0.103 0.090 0.337 0.111 0.034 0.111 
151 UA00034299    (0)   :  0.216 0.132 0.107 0.106 0.031 0.162 0.032 0.213 
152 UA00002387    (4)   :  0.159 0.133 0.165 0.126 0.019 0.161 0.069 0.168 
153 UA00021855    (0)   :  0.139 0.172 0.157 0.152 0.043 0.143 0.053 0.141 
154 UA00014500    (0)   :  0.149 0.142 0.178 0.146 0.052 0.157 0.030 0.145 
155 UA00050419    (4)   :  0.230 0.138 0.097 0.099 0.020 0.174 0.030 0.211 
156 UA00031854    (4)   :  0.141 0.143 0.158 0.141 0.038 0.144 0.095 0.140 
157    pc011    (4)   :  0.177 0.142 0.148 0.119 0.022 0.173 0.042 0.176 
158 UA00033004    (0)   :  0.151 0.135 0.166 0.130 0.066 0.159 0.047 0.147 
159 UA00046510    (0)   :  0.154 0.123 0.151 0.121 0.027 0.144 0.143 0.137 
160 UA00048747    (0)   :  0.168 0.133 0.157 0.123 0.028 0.162 0.065 0.163 
161 UA00014293    (0)   :  0.167 0.139 0.157 0.124 0.026 0.169 0.044 0.175 
162 UA00047686    (0)   :  0.132 0.116 0.159 0.117 0.047 0.131 0.180 0.117 
163 UA00033783    (4)   :  0.085 0.102 0.080 0.116 0.327 0.086 0.116 0.089 
164 UA00042609    (4)   :  0.111 0.102 0.133 0.103 0.053 0.116 0.263 0.120 
165 UA00031169    (4)   :  0.204 0.140 0.123 0.106 0.031 0.171 0.026 0.199 
166 UA00035181    (0)   :  0.148 0.162 0.161 0.176 0.014 0.149 0.025 0.165 
167 UA00050133    (0)   :  0.155 0.139 0.170 0.135 0.040 0.157 0.053 0.151 
168  Puco011    (4)   :  0.173 0.138 0.146 0.115 0.039 0.166 0.053 0.172 
169 UA00041476    (0)   :  0.158 0.125 0.149 0.115 0.066 0.150 0.091 0.147 
170 UA00046702    (0)   :  0.205 0.136 0.131 0.113 0.026 0.183 0.029 0.177 
171 UA00019940    (0)   :  0.154 0.143 0.150 0.136 0.044 0.141 0.069 0.164 
172 UA00049813    (0)   :  0.149 0.172 0.131 0.161 0.047 0.136 0.039 0.164 
173 UA00064165    (0)   :  0.092 0.090 0.117 0.096 0.046 0.097 0.376 0.086 
174 UA00064421    (0)   :  0.126 0.108 0.135 0.105 0.018 0.125 0.273 0.110 
175 UA00064569    (4)   :  0.198 0.142 0.130 0.133 0.016 0.172 0.033 0.176 
176 UA00003996    (0)   :  0.144 0.119 0.136 0.109 0.043 0.152 0.162 0.135 
177 UA00064491    (4)   :  0.196 0.137 0.121 0.120 0.023 0.160 0.064 0.180 
178 UA00011899    (0)   :  0.150 0.147 0.175 0.147 0.049 0.160 0.033 0.138 
179  Puco015    (4)   :  0.146 0.122 0.151 0.131 0.116 0.143 0.049 0.142 
180 UA00047929    (4)   :  0.166 0.165 0.120 0.177 0.030 0.146 0.021 0.175 
181 UA00056669    (0)   :  0.150 0.138 0.180 0.137 0.026 0.157 0.073 0.139 
182 UA00050176    (0)   :  0.136 0.132 0.173 0.133 0.061 0.152 0.087 0.125 
183  Puco014    (4)   :  0.131 0.161 0.150 0.161 0.042 0.150 0.071 0.135 
184 UA00019608    (0)   :  0.156 0.128 0.169 0.126 0.032 0.159 0.077 0.153 
185 UA00064333    (0)   :  0.160 0.135 0.168 0.126 0.031 0.160 0.049 0.172 
186  Puco013    (4)   :  0.125 0.124 0.161 0.121 0.035 0.141 0.170 0.123 
187 UA00016092    (0)   :  0.196 0.138 0.128 0.129 0.017 0.173 0.022 0.197 
188 UA00019060    (0)   :  0.065 0.061 0.071 0.061 0.122 0.064 0.496 0.060 
189 UA00063532    (0)   :  0.148 0.144 0.153 0.137 0.064 0.154 0.065 0.134 
190 UA00064117    (0)   :  0.082 0.081 0.102 0.085 0.205 0.093 0.272 0.080 
191 UA00011969    (0)   :  0.142 0.138 0.166 0.142 0.055 0.146 0.076 0.136 
192 UA00034586    (4)   :  0.162 0.158 0.150 0.165 0.025 0.153 0.028 0.160 
193 UA00030736    (4)   :  0.152 0.140 0.183 0.140 0.044 0.162 0.034 0.144 
194 UA00048493    (0)   :  0.160 0.136 0.161 0.136 0.070 0.161 0.044 0.132 
195 UA00040466    (0)   :  0.048 0.050 0.055 0.052 0.025 0.054 0.670 0.047 
196 UA00047659    (0)   :  0.149 0.152 0.180 0.159 0.023 0.150 0.047 0.140 
197 UA00042002    (4)   :  0.115 0.127 0.137 0.140 0.188 0.123 0.052 0.117 
198 UA00062606    (0)   :  0.136 0.122 0.158 0.131 0.043 0.142 0.136 0.134 
199 UA00030615    (4)   :  0.047 0.044 0.050 0.045 0.019 0.047 0.704 0.042 
200 UA00048899    (0)   :  0.142 0.143 0.191 0.151 0.036 0.154 0.048 0.135 
201 UA00047725    (0)   :  0.018 0.019 0.020 0.019 0.019 0.019 0.869 0.017 
202 UA00030866    (4)   :  0.138 0.145 0.179 0.144 0.030 0.154 0.071 0.138 
203 UA00034564    (0)   :  0.153 0.139 0.185 0.135 0.034 0.156 0.053 0.146 
204 UA00046520    (0)   :  0.134 0.214 0.077 0.217 0.023 0.133 0.032 0.170 
205 UA00035027    (0)   :  0.131 0.148 0.162 0.148 0.053 0.138 0.093 0.126 
206 UA00035421    (0)   :  0.114 0.105 0.127 0.100 0.028 0.125 0.287 0.113 
207 UA00062740    (4)   :  0.123 0.134 0.160 0.137 0.070 0.132 0.123 0.120 
208 UA00012360    (0)   :  0.040 0.036 0.042 0.036 0.022 0.041 0.745 0.038 
209 UA00050203    (0)   :  0.156 0.152 0.148 0.157 0.043 0.155 0.036 0.152 
210 UA00040534    (4)   :  0.077 0.079 0.103 0.077 0.181 0.086 0.323 0.075 
211 UA00031261    (4)   :  0.062 0.062 0.082 0.064 0.105 0.066 0.499 0.060 
212 UA00031917    (4)   :  0.080 0.077 0.110 0.087 0.165 0.087 0.315 0.078 
213 UA00040798    (4)   :  0.092 0.099 0.094 0.091 0.071 0.093 0.372 0.087 
214 UA00030598    (4)   :  0.101 0.104 0.121 0.100 0.074 0.110 0.301 0.090 
215 UA00050385    (0)   :  0.139 0.133 0.177 0.136 0.037 0.153 0.084 0.140 
216 UA00058283    (0)   :  0.031 0.031 0.034 0.032 0.047 0.031 0.764 0.030 
217 UA00042297    (4)   :  0.075 0.086 0.082 0.081 0.395 0.082 0.126 0.074 
218 UA00015415    (4)   :  0.032 0.029 0.038 0.033 0.022 0.032 0.784 0.031 
219 UA00035531    (0)   :  0.055 0.050 0.065 0.051 0.089 0.056 0.582 0.052 
220 UA00048683    (0)   :  0.070 0.063 0.079 0.066 0.026 0.074 0.556 0.066 
221 UA00046734    (4)   :  0.037 0.035 0.039 0.036 0.027 0.037 0.754 0.034 
222   pcRF01    (0)   :  0.193 0.135 0.124 0.109 0.014 0.168 0.030 0.227 
223 UA00007223    (0)   :  0.120 0.119 0.154 0.122 0.061 0.132 0.174 0.118 
224 UA00013841    (0)   :  0.140 0.129 0.155 0.156 0.111 0.132 0.031 0.148 
225 UA00014196    (0)   :  0.066 0.058 0.079 0.060 0.055 0.068 0.553 0.061 
226 UA00034635    (0)   :  0.149 0.158 0.171 0.147 0.026 0.158 0.044 0.147 
227 UA00047371    (0)   :  0.109 0.126 0.150 0.133 0.193 0.122 0.057 0.110 
228 UA00063544    (0)   :  0.123 0.130 0.132 0.138 0.179 0.122 0.052 0.124 
229 UA00064246    (0)   :  0.114 0.126 0.128 0.132 0.092 0.123 0.164 0.121 
230 UA00064328    (0)   :  0.116 0.119 0.151 0.119 0.075 0.125 0.183 0.112 
231 UA00002952    (0)   :  0.107 0.109 0.139 0.112 0.126 0.119 0.185 0.104 
232 UA00064079    (0)   :  0.141 0.124 0.147 0.124 0.135 0.135 0.071 0.122 
233 UA00046793    (0)   :  0.109 0.097 0.130 0.100 0.153 0.117 0.196 0.098 
234 UA00034769    (0)   :  0.077 0.095 0.084 0.095 0.404 0.081 0.089 0.075 
235 UA00034949    (0)   :  0.121 0.113 0.155 0.114 0.056 0.128 0.195 0.117 
236 UA00063753    (0)   :  0.117 0.184 0.097 0.182 0.076 0.123 0.093 0.129 
237 UA00015713    (0)   :  0.124 0.156 0.136 0.162 0.128 0.133 0.038 0.124 
238 UA00003494    (0)   :  0.139 0.119 0.147 0.109 0.090 0.149 0.115 0.132 
239 UA00056767    (0)   :  0.139 0.223 0.074 0.214 0.014 0.137 0.027 0.173 
240 UA00014461    (0)   :  0.123 0.115 0.138 0.116 0.080 0.137 0.173 0.118 
241 UA00034669    (0)   :  0.086 0.087 0.115 0.098 0.106 0.090 0.337 0.081 
242 UA00048164    (0)   :  0.125 0.122 0.151 0.130 0.025 0.127 0.191 0.129 
243 UA00007974    (0)   :  0.126 0.176 0.114 0.202 0.065 0.131 0.044 0.142 
244 UA00016166    (0)   :  0.124 0.105 0.131 0.102 0.246 0.119 0.049 0.124 
245 UA00015653    (0)   :  0.101 0.101 0.134 0.106 0.208 0.107 0.153 0.091 
246 UA00063882    (0)   :  0.096 0.089 0.116 0.096 0.101 0.102 0.311 0.090 
247 UA00049027    (0)   :  0.112 0.112 0.126 0.121 0.218 0.110 0.094 0.108 
248 UA00018878    (0)   :  0.111 0.129 0.124 0.147 0.224 0.115 0.036 0.115 
249 UA00038796    (0)   :  0.109 0.113 0.139 0.122 0.035 0.112 0.268 0.102 
250 UA00013465    (0)   :  0.060 0.061 0.070 0.061 0.041 0.060 0.592 0.055 
251 UA00014604    (0)   :  0.113 0.119 0.137 0.127 0.075 0.120 0.202 0.107 
252 UA00041913    (0)   :  0.104 0.153 0.087 0.142 0.236 0.104 0.057 0.117 
253 UA00021632    (0)   :  0.080 0.076 0.094 0.078 0.441 0.081 0.078 0.073 
254 UA00064027    (0)   :  0.123 0.120 0.173 0.129 0.104 0.136 0.108 0.107 
255 UA00015023    (0)   :  0.161 0.120 0.144 0.119 0.037 0.158 0.114 0.146 
256 UA00050243    (0)   :  0.116 0.113 0.157 0.116 0.214 0.126 0.054 0.105 
257 UA00048298    (0)   :  0.152 0.144 0.147 0.132 0.063 0.149 0.067 0.146 
258 UA00050437    (0)   :  0.127 0.110 0.151 0.119 0.045 0.132 0.205 0.112 
259 UA00014262    (0)   :  0.132 0.123 0.167 0.135 0.113 0.140 0.064 0.125 
260 UA00049129    (0)   :  0.142 0.158 0.133 0.159 0.076 0.145 0.040 0.147 
261 UA00014740    (0)   :  0.136 0.158 0.131 0.161 0.071 0.133 0.070 0.139 
262 UA00049612    (0)   :  0.048 0.051 0.048 0.053 0.630 0.046 0.076 0.047 
263 UA00014635    (0)   :  0.151 0.196 0.088 0.205 0.021 0.141 0.029 0.170 
264 UA00014673    (0)   :  0.105 0.111 0.131 0.126 0.120 0.111 0.192 0.104 
265 UA00033608    (0)   :  0.082 0.099 0.089 0.104 0.386 0.085 0.073 0.082 
266 UA00064540    (0)   :  0.122 0.184 0.108 0.192 0.037 0.133 0.079 0.145 
267 UA00050256    (0)   :  0.112 0.114 0.155 0.116 0.150 0.125 0.128 0.100 
268 UA00015274    (0)   :  0.158 0.138 0.157 0.131 0.034 0.155 0.073 0.154 
269 UA00062993    (0)   :  0.140 0.160 0.154 0.171 0.019 0.145 0.072 0.139 
270 UA00038364    (0)   :  0.127 0.143 0.148 0.152 0.094 0.137 0.072 0.126 
271 UA00014446    (0)   :  0.156 0.148 0.183 0.151 0.021 0.163 0.037 0.142 
272 UA00063545    (0)   :  0.066 0.067 0.086 0.073 0.423 0.071 0.149 0.064 
273 UA00040054    (0)   :  0.158 0.138 0.160 0.150 0.050 0.149 0.027 0.168 
274 UA00058447    (0)   :  0.137 0.155 0.159 0.180 0.044 0.147 0.036 0.142 
275 UA00046835    (0)   :  0.144 0.164 0.133 0.180 0.038 0.148 0.038 0.156 
276 UA00014608    (0)   :  0.143 0.148 0.178 0.162 0.031 0.150 0.056 0.132 
277    pc012    (0)   :  0.138 0.136 0.158 0.145 0.059 0.139 0.095 0.131 
278    pc002    (0)   :  0.092 0.089 0.117 0.097 0.346 0.099 0.073 0.086 
279 UA00033690    (0)   :  0.108 0.163 0.085 0.197 0.158 0.111 0.042 0.137 
280 UA00013688    (0)   :  0.139 0.139 0.169 0.144 0.047 0.144 0.088 0.130 
281 UA00063666    (0)   :  0.122 0.208 0.071 0.216 0.084 0.129 0.018 0.152 
282 UA00063292    (0)   :  0.129 0.222 0.069 0.233 0.022 0.139 0.024 0.161 
283    pc001    (0)   :  0.139 0.143 0.170 0.148 0.036 0.151 0.073 0.139 
284    pc008    (0)   :  0.145 0.159 0.142 0.175 0.041 0.141 0.050 0.147 
285 UA00034316    (0)   :  0.114 0.090 0.109 0.090 0.189 0.113 0.195 0.101 
286 UA00013046    (0)   :  0.184 0.160 0.114 0.156 0.029 0.148 0.021 0.189 
287 UA00050241    (0)   :  0.152 0.193 0.105 0.197 0.026 0.144 0.017 0.165 
288 UA00048599    (0)   :  0.138 0.185 0.137 0.194 0.022 0.145 0.028 0.152 
289 UA00046649    (0)   :  0.108 0.109 0.119 0.110 0.303 0.107 0.038 0.106 
290 UA00015674    (0)   :  0.076 0.094 0.074 0.100 0.439 0.076 0.060 0.081 
291 UA00013177    (0)   :  0.120 0.155 0.112 0.154 0.096 0.123 0.101 0.139 
292 UA00012814    (0)   :  0.151 0.142 0.168 0.138 0.037 0.157 0.061 0.146 
293 UA00034654    (0)   :  0.155 0.152 0.171 0.157 0.024 0.158 0.029 0.154 
294 UA00046743    (0)   :  0.153 0.170 0.103 0.197 0.027 0.139 0.035 0.175 
295 UA00014854    (0)   :  0.123 0.167 0.098 0.203 0.113 0.124 0.017 0.154 
296 UA00013729    (0)   :  0.182 0.136 0.142 0.122 0.040 0.157 0.046 0.175 
297 UA00063483    (0)   :  0.141 0.194 0.143 0.169 0.030 0.149 0.024 0.151 
298 UA00039326    (0)   :  0.131 0.144 0.136 0.166 0.110 0.137 0.035 0.142 
299 UA00014742    (0)   :  0.137 0.202 0.116 0.190 0.034 0.144 0.022 0.155 
300 UA00049597    (0)   :  0.090 0.114 0.093 0.130 0.365 0.090 0.016 0.102 
301 UA00048067    (0)   :  0.123 0.160 0.137 0.168 0.084 0.133 0.065 0.130 
302 UA00012918    (0)   :  0.111 0.171 0.068 0.205 0.168 0.113 0.018 0.145 
303 UA00013487    (0)   :  0.195 0.135 0.123 0.111 0.020 0.167 0.019 0.230 
304 UA00046759    (0)   :  0.117 0.124 0.140 0.124 0.094 0.117 0.168 0.116 
305 UA00050164    (0)   :  0.066 0.058 0.074 0.061 0.570 0.065 0.038 0.069 
306 UA00049839    (0)   :  0.140 0.199 0.113 0.172 0.029 0.136 0.046 0.164 
307 UA00048444    (0)   :  0.119 0.229 0.046 0.221 0.077 0.123 0.029 0.156 
308 UA00063857    (0)   :  0.152 0.171 0.133 0.171 0.042 0.152 0.018 0.161 
309 UA00014921    (0)   :  0.091 0.103 0.099 0.102 0.399 0.093 0.021 0.091 
310 UA00048895    (0)   :  0.089 0.096 0.094 0.097 0.398 0.093 0.045 0.088 
311 UA00014556    (0)   :  0.126 0.133 0.169 0.145 0.033 0.140 0.138 0.117 
312    pc009    (0)   :  0.139 0.230 0.060 0.222 0.024 0.132 0.016 0.177 
313 UA00014959    (0)   :  0.090 0.103 0.092 0.120 0.377 0.088 0.030 0.101 
314 UA00020709    (0)   :  0.140 0.137 0.149 0.162 0.087 0.140 0.043 0.143 
315 UA00013126    (0)   :  0.021 0.021 0.021 0.022 0.850 0.021 0.023 0.021 
316 UA00013695    (0)   :  0.032 0.033 0.034 0.033 0.779 0.032 0.024 0.032 
317 UA00049344    (0)   :  0.086 0.088 0.113 0.094 0.398 0.091 0.048 0.083 
318 UA00047614    (0)   :  0.041 0.042 0.045 0.043 0.643 0.041 0.105 0.039 
319 UA00014221    (0)   :  0.149 0.191 0.104 0.211 0.013 0.138 0.022 0.174 
320 UA00014346    (0)   :  0.127 0.183 0.109 0.196 0.049 0.135 0.049 0.152 
321 UA00014245    (0)   :  0.115 0.127 0.097 0.163 0.230 0.105 0.027 0.136 
322 UA00014696    (0)   :  0.024 0.023 0.026 0.024 0.822 0.024 0.033 0.024 
323 UA00006991    (0)   :  0.146 0.137 0.185 0.139 0.026 0.157 0.069 0.140 
324 UA00048948    (0)   :  0.152 0.142 0.171 0.147 0.037 0.154 0.061 0.137 
325 UA00002239    (0)   :  0.152 0.127 0.176 0.134 0.038 0.153 0.075 0.145 
326 UA00063459    (0)   :  0.129 0.205 0.078 0.231 0.033 0.132 0.018 0.174 
327 UA00048356    (0)   :  0.125 0.156 0.141 0.157 0.047 0.135 0.110 0.130 
328 UA00063940    (0)   :  0.159 0.131 0.151 0.124 0.045 0.149 0.101 0.140 
329 UA00048130    (0)   :  0.137 0.194 0.122 0.192 0.026 0.141 0.038 0.150 
330 UA00048903    (0)   :  0.207 0.151 0.110 0.126 0.017 0.174 0.021 0.193 
331 UA00064643    (0)   :  0.156 0.142 0.149 0.138 0.053 0.149 0.056 0.158 
332 UA00050233    (0)   :  0.155 0.143 0.145 0.144 0.028 0.156 0.079 0.150 
333 UA00012507    (0)   :  0.143 0.121 0.171 0.128 0.022 0.147 0.144 0.123 
334 UA00064416    (0)   :  0.171 0.141 0.147 0.124 0.025 0.165 0.035 0.192 
335 UA00034724    (0)   :  0.158 0.160 0.146 0.145 0.028 0.157 0.053 0.153 
336 UA00002621    (0)   :  0.169 0.160 0.142 0.154 0.024 0.154 0.030 0.166 
337 UA00033203    (0)   :  0.171 0.137 0.138 0.115 0.042 0.158 0.032 0.207 
338 UA00011996    (0)   :  0.142 0.146 0.192 0.157 0.049 0.152 0.025 0.137 
339 UA00014408    (0)   :  0.125 0.105 0.134 0.108 0.033 0.126 0.263 0.107 
340 UA00049502    (0)   :  0.133 0.156 0.156 0.151 0.025 0.140 0.108 0.131 
341 UA00062695    (0)   :  0.127 0.163 0.128 0.168 0.079 0.132 0.065 0.139 
342 UA00014072    (0)   :  0.133 0.200 0.111 0.174 0.046 0.138 0.042 0.156 
343 UA00003334    (0)   :  0.169 0.169 0.110 0.169 0.031 0.154 0.023 0.174 
344 UA00013835    (0)   :  0.141 0.150 0.166 0.163 0.051 0.150 0.043 0.137 
345 UA00046760    (0)   :  0.121 0.149 0.130 0.142 0.179 0.123 0.033 0.123 
346 UA00014241    (0)   :  0.159 0.153 0.150 0.151 0.025 0.164 0.042 0.156 
347 UA00049585    (0)   :  0.147 0.187 0.140 0.179 0.029 0.144 0.019 0.155 
348 UA00013409    (0)   :  0.116 0.180 0.086 0.172 0.043 0.118 0.149 0.135 
349 UA00047548    (0)   :  0.148 0.149 0.180 0.156 0.037 0.164 0.020 0.144 
350 UA00049038    (0)   :  0.097 0.106 0.103 0.106 0.300 0.100 0.093 0.094 
351 UA00047612    (0)   :  0.158 0.146 0.170 0.147 0.026 0.155 0.054 0.143 
352 UA00014822    (0)   :  0.095 0.107 0.126 0.109 0.238 0.104 0.127 0.094 
353 UA00035299    (0)   :  0.179 0.139 0.151 0.130 0.042 0.156 0.040 0.163 
354 UA00012804    (0)   :  0.103 0.105 0.124 0.108 0.304 0.107 0.055 0.093 
355 UA00049578    (0)   :  0.139 0.145 0.153 0.142 0.031 0.143 0.121 0.127 
356 UA00047672    (0)   :  0.189 0.137 0.129 0.115 0.022 0.164 0.041 0.204 
357 UA00043961    (0)   :  0.053 0.057 0.053 0.056 0.608 0.054 0.067 0.052 
358 UA00064575    (0)   :  0.115 0.152 0.124 0.145 0.039 0.124 0.181 0.121 
359 UA00014732    (0)   :  0.161 0.140 0.165 0.136 0.022 0.163 0.063 0.150 
360 UA00050181    (0)   :  0.152 0.139 0.189 0.146 0.016 0.164 0.052 0.143 
361 UA00033369    (0)   :  0.118 0.112 0.147 0.114 0.202 0.127 0.064 0.115 
362 UA00011982    (0)   :  0.237 0.136 0.096 0.100 0.017 0.175 0.017 0.223 
363 UA00014590    (0)   :  0.155 0.125 0.159 0.120 0.087 0.152 0.057 0.144 
364 UA00047743    (0)   :  0.170 0.143 0.156 0.130 0.023 0.162 0.024 0.193 
365 UA00046621    (0)   :  0.179 0.141 0.156 0.130 0.022 0.166 0.018 0.188 
366 UA00050422    (0)   :  0.149 0.131 0.159 0.136 0.029 0.149 0.110 0.139 
367 UA00002760    (0)   :  0.144 0.165 0.146 0.151 0.073 0.142 0.034 0.144 
368 UA00012999    (0)   :  0.158 0.133 0.161 0.126 0.097 0.153 0.031 0.141 
369 UA00063838    (0)   :  0.180 0.156 0.128 0.143 0.023 0.148 0.038 0.184 
370 UA00003729    (0)   :  0.104 0.116 0.119 0.131 0.156 0.109 0.162 0.104 
371 UA00015348    (0)   :  0.126 0.202 0.094 0.186 0.062 0.127 0.056 0.147 
372 UA00019058    (0)   :  0.126 0.177 0.089 0.196 0.040 0.123 0.093 0.156 
373 UA00049549    (0)   :  0.119 0.208 0.050 0.225 0.096 0.123 0.019 0.159 
374 UA00014334    (0)   :  0.148 0.128 0.171 0.134 0.039 0.152 0.083 0.146 
375 UA00014350    (0)   :  0.248 0.140 0.078 0.086 0.013 0.173 0.014 0.249 
376 UA00049227    (0)   :  0.120 0.119 0.160 0.124 0.150 0.129 0.086 0.113 
377 UA00014051    (0)   :  0.155 0.125 0.149 0.118 0.019 0.152 0.131 0.150 
378 UA00034381    (0)   :  0.159 0.145 0.142 0.136 0.032 0.149 0.089 0.149 
379 UA00002354    (0)   :  0.190 0.139 0.130 0.116 0.020 0.169 0.025 0.212 
380 UA00049892    (0)   :  0.168 0.157 0.109 0.148 0.074 0.142 0.022 0.180 
381 UA00021989    (0)   :  0.165 0.154 0.144 0.138 0.020 0.159 0.050 0.169 
382 UA00048968    (0)   :  0.151 0.148 0.176 0.139 0.025 0.158 0.047 0.155 
383 UA00013174    (0)   :  0.177 0.134 0.149 0.125 0.040 0.163 0.053 0.159 
384 UA00033992    (0)   :  0.133 0.121 0.161 0.123 0.163 0.144 0.030 0.125 
385 UA00015801    (0)   :  0.234 0.143 0.100 0.106 0.013 0.172 0.016 0.216 
386 UA00063303    (0)   :  0.115 0.130 0.105 0.143 0.212 0.113 0.060 0.121 
387 UA00050206    (0)   :  0.139 0.223 0.083 0.199 0.015 0.139 0.030 0.172 
388 UA00014458    (0)   :  0.153 0.147 0.134 0.141 0.081 0.144 0.062 0.139 
389 UA00007204    (0)   :  0.147 0.171 0.106 0.202 0.044 0.141 0.026 0.163 
390 UA00063212    (0)   :  0.101 0.143 0.093 0.131 0.182 0.105 0.132 0.112 
391 UA00013340    (0)   :  0.139 0.140 0.173 0.150 0.087 0.149 0.031 0.131 
392 UA00062743    (0)   :  0.153 0.134 0.172 0.130 0.022 0.156 0.082 0.152 
393 UA00063189    (0)   :  0.081 0.075 0.087 0.072 0.062 0.087 0.459 0.077 
394 UA00035432    (0)   :  0.162 0.181 0.124 0.163 0.026 0.146 0.028 0.170 
395 UA00007958    (0)   :  0.156 0.160 0.166 0.141 0.024 0.167 0.029 0.157 
396 UA00013634    (0)   :  0.172 0.144 0.155 0.129 0.020 0.173 0.048 0.159 
397 UA00048175    (0)   :  0.223 0.140 0.095 0.099 0.012 0.174 0.030 0.227 
398 UA00003202    (0)   :  0.144 0.172 0.158 0.151 0.033 0.159 0.035 0.147 
399 UA00035090    (0)   :  0.150 0.155 0.133 0.144 0.037 0.137 0.087 0.157 
400 UA00064679    (0)   :  0.115 0.101 0.123 0.100 0.048 0.118 0.285 0.110 
401 UA00039518    (0)   :  0.166 0.146 0.152 0.142 0.037 0.159 0.031 0.168 
402 UA00058268    (0)   :  0.166 0.138 0.161 0.142 0.036 0.157 0.045 0.154 
403 UA00049456    (0)   :  0.124 0.139 0.125 0.139 0.181 0.123 0.046 0.123 
404 UA00049550    (0)   :  0.131 0.179 0.112 0.164 0.023 0.136 0.107 0.149 
405 UA00048342    (0)   :  0.138 0.141 0.146 0.147 0.100 0.136 0.055 0.137 
406 UA00063493    (0)   :  0.169 0.164 0.148 0.147 0.019 0.149 0.026 0.178 
407 UA00058261    (0)   :  0.164 0.125 0.142 0.109 0.027 0.158 0.122 0.152 
408 UA00014663    (0)   :  0.151 0.133 0.178 0.138 0.037 0.155 0.062 0.146 
409 UA00048817    (0)   :  0.137 0.113 0.145 0.110 0.183 0.132 0.049 0.130 
410 UA00049381    (0)   :  0.181 0.135 0.143 0.117 0.024 0.169 0.061 0.170 
411 UA00035901    (0)   :  0.118 0.108 0.142 0.114 0.037 0.125 0.252 0.105 
412 UA00013301    (0)   :  0.125 0.201 0.091 0.187 0.043 0.124 0.078 0.151 
413 UA00047926    (0)   :  0.154 0.123 0.137 0.114 0.067 0.153 0.094 0.159 
414 UA00007272    (0)   :  0.143 0.118 0.157 0.121 0.041 0.143 0.144 0.135 
415 UA00016041    (0)   :  0.144 0.171 0.128 0.168 0.058 0.139 0.038 0.154 
416 UA00013502    (0)   :  0.171 0.149 0.134 0.140 0.018 0.160 0.063 0.164 
417 UA00002390    (0)   :  0.146 0.133 0.172 0.133 0.093 0.151 0.042 0.130 
418 UA00034907    (0)   :  0.140 0.147 0.176 0.159 0.023 0.154 0.066 0.134 
419 UA00048821    (0)   :  0.129 0.117 0.147 0.124 0.104 0.134 0.120 0.125 
420 UA00002136    (0)   :  0.124 0.172 0.132 0.150 0.102 0.129 0.063 0.129 
421 UA00011790    (0)   :  0.154 0.144 0.161 0.131 0.042 0.166 0.057 0.147 
422 UA00021586    (0)   :  0.128 0.118 0.142 0.122 0.175 0.130 0.067 0.118 
423 UA00033270    (0)   :  0.152 0.146 0.160 0.146 0.037 0.153 0.065 0.142 
424 UA00048073    (0)   :  0.154 0.150 0.151 0.152 0.039 0.144 0.050 0.159 
425 UA00048856    (0)   :  0.146 0.133 0.157 0.143 0.033 0.150 0.098 0.140 
426 UA00049713    (0)   :  0.190 0.132 0.125 0.111 0.034 0.161 0.054 0.193 
427 UA00046885    (0)   :  0.144 0.158 0.167 0.161 0.042 0.152 0.035 0.142 
428 UA00034893    (0)   :  0.188 0.152 0.131 0.134 0.028 0.151 0.029 0.188 
429 UA00048011    (0)   :  0.179 0.139 0.140 0.125 0.017 0.160 0.081 0.161 
430 UA00015786    (0)   :  0.125 0.118 0.132 0.113 0.066 0.126 0.206 0.115 
431 UA00013162    (0)   :  0.152 0.131 0.169 0.130 0.031 0.152 0.084 0.151 
432 UA00049512    (0)   :  0.136 0.159 0.146 0.158 0.049 0.142 0.070 0.139 
433 UA00004046    (0)   :  0.186 0.140 0.148 0.124 0.020 0.178 0.039 0.166 
434 UA00048881    (0)   :  0.110 0.116 0.135 0.109 0.133 0.116 0.176 0.106 
435 UA00046610    (0)   :  0.129 0.122 0.155 0.122 0.123 0.142 0.091 0.117 
436 UA00033282    (0)   :  0.140 0.146 0.162 0.141 0.043 0.143 0.090 0.135 
437 UA00047561    (0)   :  0.175 0.138 0.168 0.124 0.027 0.168 0.038 0.161 
438 UA00013777    (0)   :  0.133 0.126 0.162 0.131 0.023 0.144 0.148 0.133 
439 UA00062849    (0)   :  0.137 0.193 0.107 0.189 0.037 0.148 0.036 0.152 
440 UA00049786    (0)   :  0.205 0.131 0.117 0.100 0.019 0.168 0.065 0.194 
441 UA00033246    (0)   :  0.133 0.237 0.072 0.218 0.022 0.135 0.018 0.165 
442 UA00045302    (0)   :  0.159 0.143 0.180 0.148 0.041 0.149 0.032 0.148 
443 UA00048637    (0)   :  0.191 0.135 0.124 0.109 0.026 0.170 0.061 0.184 
444 UA00049832    (0)   :  0.133 0.154 0.111 0.167 0.128 0.129 0.035 0.142 
445 UA00022023    (0)   :  0.136 0.134 0.180 0.140 0.083 0.152 0.046 0.129 
446 UA00050192    (0)   :  0.130 0.124 0.172 0.128 0.145 0.141 0.041 0.120 
447 UA00050413    (0)   :  0.147 0.154 0.154 0.150 0.029 0.156 0.060 0.149 
448 UA00013445    (0)   :  0.169 0.144 0.176 0.143 0.017 0.177 0.026 0.148 
449 UA00035496    (0)   :  0.116 0.122 0.150 0.131 0.034 0.128 0.202 0.117 
450 UA00003333    (0)   :  0.109 0.096 0.129 0.099 0.078 0.113 0.275 0.101 
451 UA00064008    (0)   :  0.130 0.114 0.141 0.110 0.024 0.124 0.243 0.113 
452 UA00003427    (0)   :  0.124 0.118 0.154 0.131 0.152 0.134 0.072 0.116 
453 UA00028092    (0)   :  0.105 0.105 0.117 0.101 0.226 0.107 0.141 0.098 
454    pc003    (0)   :  0.049 0.049 0.053 0.048 0.088 0.048 0.621 0.045 
455 UA00034440    (0)   :  0.135 0.182 0.128 0.171 0.031 0.137 0.065 0.151 
456 UA00026062    (0)   :  0.168 0.140 0.153 0.125 0.040 0.161 0.037 0.175 
457 UA00014347    (0)   :  0.126 0.138 0.165 0.154 0.055 0.132 0.101 0.129 
458 UA00021516    (0)   :  0.207 0.134 0.127 0.113 0.029 0.175 0.034 0.183 
459 UA00049347    (0)   :  0.115 0.104 0.123 0.098 0.032 0.117 0.301 0.111 
460 UA00063436    (0)   :  0.086 0.126 0.080 0.116 0.037 0.097 0.363 0.095 
461 UA00047790    (0)   :  0.147 0.143 0.191 0.133 0.031 0.164 0.049 0.142 
462 UA00045714    (0)   :  0.117 0.108 0.136 0.107 0.095 0.121 0.212 0.104 
463 UA00038979    (0)   :  0.128 0.162 0.102 0.176 0.120 0.125 0.046 0.142 
464 UA00016123    (0)   :  0.133 0.126 0.164 0.128 0.067 0.152 0.105 0.126 
465 UA00034765    (0)   :  0.050 0.044 0.054 0.044 0.018 0.052 0.689 0.049 
466 UA00063815    (0)   :  0.068 0.074 0.082 0.076 0.098 0.072 0.465 0.063 
467 UA00034795    (0)   :  0.133 0.182 0.122 0.176 0.041 0.136 0.055 0.154 
468 UA00004000    (0)   :  0.052 0.053 0.063 0.057 0.029 0.060 0.633 0.052 
469 UA00049367    (0)   :  0.131 0.161 0.136 0.154 0.022 0.144 0.107 0.145 
470 UA00034457    (0)   :  0.151 0.159 0.173 0.139 0.040 0.160 0.030 0.149 
471 UA00050015    (0)   :  0.124 0.162 0.148 0.161 0.066 0.138 0.070 0.132 
472 UA00021373    (0)   :  0.148 0.144 0.173 0.142 0.041 0.162 0.053 0.137 
473 UA00050232    (0)   :  0.063 0.062 0.077 0.063 0.097 0.067 0.512 0.059 
474 UA00038724    (0)   :  0.129 0.155 0.155 0.157 0.101 0.142 0.035 0.125 
475 UA00007824    (0)   :  0.137 0.128 0.161 0.123 0.080 0.147 0.087 0.137 
476 UA00048754    (0)   :  0.143 0.131 0.170 0.134 0.017 0.152 0.115 0.138 
477 UA00014271    (0)   :  0.158 0.146 0.152 0.139 0.067 0.154 0.046 0.138 
478 UA00013756    (0)   :  0.111 0.154 0.104 0.149 0.089 0.115 0.164 0.114 
479 UA00014385    (0)   :  0.105 0.096 0.127 0.100 0.106 0.113 0.254 0.098 
480 UA00049609    (0)   :  0.142 0.169 0.133 0.176 0.035 0.141 0.046 0.157 
481 UA00003748    (0)   :  0.115 0.105 0.137 0.106 0.025 0.120 0.287 0.104 
482 UA00063952    (0)   :  0.125 0.112 0.138 0.117 0.020 0.132 0.237 0.119 
483 UA00058348    (0)   :  0.076 0.079 0.080 0.077 0.019 0.081 0.513 0.074 
484 UA00014922    (0)   :  0.045 0.042 0.046 0.042 0.039 0.046 0.697 0.042 
485 UA00003820    (0)   :  0.157 0.133 0.168 0.131 0.017 0.156 0.092 0.145 
486 UA00013693    (0)   :  0.133 0.127 0.156 0.123 0.075 0.140 0.129 0.118 
487 UA00047713    (0)   :  0.066 0.060 0.072 0.056 0.023 0.069 0.592 0.064 
488 UA00034891    (0)   :  0.098 0.117 0.129 0.110 0.035 0.104 0.312 0.096 
489 UA00049223    (0)   :  0.118 0.106 0.122 0.104 0.032 0.118 0.292 0.107 
490 UA00064399    (0)   :  0.039 0.038 0.050 0.039 0.199 0.041 0.558 0.037 
491 UA00013336    (0)   :  0.041 0.040 0.045 0.042 0.068 0.042 0.685 0.038 
492 UA00035291    (0)   :  0.051 0.049 0.069 0.055 0.041 0.053 0.627 0.055 
493 UA00003945    (0)   :  0.061 0.065 0.069 0.059 0.050 0.063 0.575 0.058 
494 UA00014518    (0)   :  0.090 0.081 0.101 0.081 0.044 0.095 0.423 0.085 
495 UA00013583    (0)   :  0.072 0.085 0.087 0.082 0.363 0.077 0.165 0.069 
