

----------------------------------------------------
STRUCTURE by Pritchard, Stephens and Donnelly (2000)
     and Falush, Stephens and Pritchard (2003)
       Code by Pritchard, Falush and Hubisz
             Version 2.3.4 (Jul 2012)
----------------------------------------------------



Command line arguments:   structure -K 5 -o outputfile_K5_8 
Input File:    Puma_SNP_genotypes_cut_AZ_final_HWEonly.str

Run parameters:
   536 individuals
   22 loci
   5 populations assumed
   100000 Burn-in period
   500000 Reps


--------------------------------------------
Overall proportion of membership of the
sample in each of the 5 clusters

Inferred Clusters
  1      2      3      4      5    
0.205  0.197  0.188  0.205  0.205  

--------------------------------------------

Allele-freq. divergence among pops (Net nucleotide distance),
computed using point estimates of P.

      1       2       3       4       5      
 1      -    0.0468  0.0596  0.0204  0.0043  
 2   0.0468     -    0.0636  0.0599  0.0452  
 3   0.0596  0.0636     -    0.0516  0.0484  
 4   0.0204  0.0599  0.0516     -    0.0061  
 5   0.0043  0.0452  0.0484  0.0061     -    

Average distances (expected heterozygosity) between individuals in same cluster:
cluster  1  : 0.3685 
cluster  2  : 0.2758 
cluster  3  : 0.3158 
cluster  4  : 0.3635 
cluster  5  : 0.3790 

--------------------------------------------
Estimated Ln Prob of Data   = -13084.3
Mean value of ln likelihood = -12329.8
Variance of ln likelihood   = 1508.8
Mean value of alpha         = 0.3070

Mean value of Fst_1         = 0.0706
Mean value of Fst_2         = 0.2579
Mean value of Fst_3         = 0.2341
Mean value of Fst_4         = 0.1148
Mean value of Fst_5         = 0.0742


Inferred ancestry of individuals:
        Label (%Miss) :  Inferred clusters
  1 UA00063336   (13)   :  0.138 0.093 0.507 0.125 0.137 
  2 UA00048914    (9)   :  0.210 0.277 0.195 0.133 0.185 
  3 UA00014769   (13)   :  0.332 0.035 0.092 0.269 0.271 
  4 UA00008132   (13)   :  0.247 0.125 0.182 0.206 0.240 
  5 UA00030462   (13)   :  0.151 0.378 0.157 0.148 0.165 
  6 UA00034866   (13)   :  0.207 0.257 0.069 0.220 0.248 
  7 UA00034800    (9)   :  0.080 0.100 0.658 0.078 0.085 
  8  Puco006    (9)   :  0.077 0.681 0.110 0.059 0.073 
  9 UA00048874    (4)   :  0.107 0.119 0.601 0.074 0.098 
 10 UA00049060    (9)   :  0.270 0.075 0.179 0.230 0.245 
 11 UA00033413    (9)   :  0.139 0.096 0.068 0.440 0.258 
 12  Puco021    (9)   :  0.087 0.052 0.222 0.421 0.219 
 13  Puco026    (9)   :  0.212 0.059 0.197 0.289 0.243 
 14  Puco008    (9)   :  0.138 0.246 0.373 0.106 0.137 
 15   M01301    (9)   :  0.140 0.160 0.052 0.407 0.241 
 16   M06306    (9)   :  0.097 0.048 0.588 0.141 0.126 
 17 UA00032185    (9)   :  0.203 0.178 0.151 0.242 0.227 
 18 UA00030792    (9)   :  0.035 0.047 0.845 0.036 0.037 
 19 UA00031647    (9)   :  0.152 0.171 0.397 0.121 0.160 
 20 UA00031979    (9)   :  0.232 0.158 0.162 0.213 0.235 
 21  Puco016    (9)   :  0.219 0.419 0.075 0.109 0.178 
 22  Puco010    (9)   :  0.191 0.099 0.115 0.335 0.260 
 23    M1035    (9)   :  0.295 0.056 0.237 0.169 0.243 
 24 UA00034601    (9)   :  0.147 0.225 0.202 0.231 0.194 
 25 UA00050388    (9)   :  0.185 0.143 0.234 0.219 0.219 
 26 UA00048699    (9)   :  0.160 0.552 0.064 0.093 0.131 
 27 UA00064058    (9)   :  0.326 0.063 0.153 0.194 0.264 
 28 UA00033981    (9)   :  0.107 0.102 0.141 0.406 0.243 
 29   F05033    (9)   :  0.250 0.076 0.096 0.313 0.264 
 30 UA00048520    (4)   :  0.124 0.157 0.333 0.217 0.169 
 31 UA00048422    (4)   :  0.049 0.051 0.779 0.063 0.058 
 32    PucoB    (4)   :  0.192 0.044 0.126 0.374 0.263 
 33 UA00047393    (4)   :  0.248 0.077 0.325 0.142 0.208 
 34 UA00064521    (4)   :  0.159 0.357 0.120 0.179 0.184 
 35 UA00003043    (4)   :  0.297 0.264 0.062 0.148 0.229 
 36 UA00063025    (4)   :  0.108 0.208 0.355 0.177 0.152 
 37 UA00063826    (4)   :  0.167 0.069 0.135 0.361 0.268 
 38   F07407    (4)   :  0.097 0.064 0.352 0.305 0.182 
 39 UA00021658    (4)   :  0.251 0.098 0.112 0.276 0.263 
 40 UA00003794    (4)   :  0.119 0.080 0.332 0.284 0.185 
 41 UA00041322    (4)   :  0.212 0.147 0.244 0.171 0.226 
 42 UA00063316    (4)   :  0.165 0.206 0.241 0.188 0.200 
 43 UA00047705    (4)   :  0.159 0.155 0.200 0.270 0.216 
 44 UA00033904    (4)   :  0.123 0.087 0.577 0.098 0.115 
 45 UA00048100    (4)   :  0.229 0.131 0.086 0.299 0.255 
 46 UA00032212    (4)   :  0.145 0.161 0.376 0.157 0.161 
 47 UA00031574    (4)   :  0.052 0.084 0.737 0.067 0.059 
 48 UA00031228    (4)   :  0.049 0.075 0.786 0.043 0.047 
 49 UA00047707    (4)   :  0.425 0.074 0.047 0.166 0.288 
 50 UA00030906    (4)   :  0.033 0.067 0.834 0.032 0.034 
 51 UA00041567    (4)   :  0.128 0.131 0.125 0.379 0.236 
 52 UA00007624    (4)   :  0.218 0.075 0.053 0.385 0.270 
 53 UA00034514    (4)   :  0.295 0.121 0.088 0.233 0.264 
 54 UA00030480    (4)   :  0.250 0.075 0.336 0.127 0.213 
 55  Puco012    (4)   :  0.293 0.158 0.091 0.200 0.258 
 56 UA00038677    (9)   :  0.138 0.228 0.256 0.201 0.176 
 57 UA00048275    (4)   :  0.174 0.099 0.096 0.369 0.262 
 58 UA00064055    (4)   :  0.369 0.143 0.103 0.125 0.261 
 59  Puco009    (4)   :  0.235 0.351 0.068 0.144 0.203 
 60 UA00064561    (4)   :  0.424 0.131 0.055 0.133 0.257 
 61 UA00003479    (4)   :  0.330 0.158 0.073 0.177 0.262 
 62 UA00063747    (4)   :  0.304 0.112 0.042 0.272 0.270 
 63 UA00002558    (4)   :  0.162 0.326 0.072 0.236 0.203 
 64 UA00048410    (4)   :  0.275 0.352 0.046 0.129 0.198 
 65 UA00012249    (4)   :  0.378 0.213 0.049 0.116 0.244 
 66 UA00033818    (4)   :  0.082 0.103 0.598 0.118 0.099 
 67  Puco020    (4)   :  0.274 0.159 0.224 0.133 0.209 
 68 UA00002545    (9)   :  0.402 0.077 0.143 0.121 0.257 
 69 UA00048508    (4)   :  0.332 0.097 0.074 0.220 0.277 
 70 UA00064100    (4)   :  0.250 0.127 0.148 0.223 0.254 
 71 UA00014585    (4)   :  0.298 0.146 0.093 0.192 0.270 
 72 UA00063698    (4)   :  0.101 0.452 0.195 0.128 0.124 
 73 UA00049753    (4)   :  0.124 0.051 0.581 0.111 0.132 
 74 UA00049037    (4)   :  0.310 0.069 0.134 0.220 0.267 
 75 UA00034941    (4)   :  0.159 0.169 0.217 0.238 0.216 
 76 UA00008083    (4)   :  0.094 0.620 0.092 0.095 0.098 
 77 UA00015084    (4)   :  0.089 0.402 0.269 0.129 0.112 
 78 UA00041010    (9)   :  0.082 0.427 0.358 0.058 0.075 
 79 UA00035261    (4)   :  0.150 0.196 0.354 0.147 0.154 
 80 UA00035431    (4)   :  0.182 0.136 0.049 0.367 0.266 
 81 UA00045274    (0)   :  0.156 0.176 0.192 0.265 0.211 
 82 UA00028200    (4)   :  0.103 0.213 0.458 0.111 0.115 
 83 UA00064559    (0)   :  0.038 0.051 0.818 0.049 0.045 
 84 UA00040808    (0)   :  0.130 0.183 0.509 0.072 0.106 
 85 UA00049156    (0)   :  0.095 0.182 0.520 0.097 0.106 
 86 UA00003952    (4)   :  0.113 0.653 0.066 0.071 0.097 
 87 UA00063954    (0)   :  0.185 0.072 0.383 0.167 0.193 
 88 UA00062934    (0)   :  0.152 0.117 0.433 0.139 0.158 
 89 UA00033829    (0)   :  0.064 0.233 0.558 0.072 0.072 
 90 UA00064351    (4)   :  0.093 0.158 0.097 0.420 0.232 
 91 UA00003697    (4)   :  0.088 0.562 0.147 0.099 0.102 
 92 UA00063438    (4)   :  0.151 0.147 0.409 0.131 0.162 
 93 UA00007608    (0)   :  0.101 0.252 0.388 0.135 0.125 
 94 UA00019683    (4)   :  0.073 0.057 0.529 0.211 0.130 
 95 UA00007781    (0)   :  0.189 0.134 0.114 0.311 0.251 
 96 UA00002915    (0)   :  0.161 0.171 0.409 0.106 0.153 
 97  Puco031    (4)   :  0.328 0.133 0.108 0.165 0.266 
 98 UA00048280    (4)   :  0.139 0.157 0.105 0.359 0.239 
 99 UA00048589    (0)   :  0.183 0.090 0.205 0.291 0.230 
100 UA00034417    (0)   :  0.220 0.230 0.232 0.131 0.186 
101 UA00050411    (4)   :  0.419 0.073 0.046 0.176 0.285 
102  Puco029    (4)   :  0.252 0.036 0.088 0.345 0.278 
103   F03403    (4)   :  0.115 0.088 0.050 0.491 0.256 
104 UA00049904    (0)   :  0.118 0.098 0.324 0.266 0.195 
105 UA00035335    (0)   :  0.321 0.030 0.067 0.296 0.286 
106 UA00012611    (0)   :  0.286 0.073 0.108 0.248 0.286 
107 UA00050319    (0)   :  0.103 0.052 0.051 0.525 0.269 
108 UA00032068    (4)   :  0.255 0.059 0.261 0.189 0.236 
109 UA00032026    (4)   :  0.255 0.085 0.208 0.209 0.243 
110 UA00030476    (4)   :  0.085 0.045 0.170 0.471 0.229 
111 UA00046853    (0)   :  0.119 0.071 0.149 0.411 0.251 
112 UA00040156    (4)   :  0.034 0.045 0.850 0.036 0.035 
113 UA00030528    (4)   :  0.243 0.068 0.384 0.110 0.196 
114  Puco025    (4)   :  0.383 0.058 0.072 0.208 0.279 
115    pc016    (0)   :  0.034 0.048 0.851 0.032 0.035 
116 UA00030617    (4)   :  0.396 0.048 0.049 0.223 0.284 
117 UA00030585    (4)   :  0.045 0.071 0.757 0.068 0.059 
118 UA00032060    (4)   :  0.157 0.067 0.386 0.204 0.186 
119    pc007    (0)   :  0.146 0.088 0.121 0.403 0.242 
120 UA00030798    (4)   :  0.062 0.048 0.765 0.061 0.064 
121 UA00030778    (4)   :  0.427 0.059 0.049 0.167 0.298 
122 UA00039674    (4)   :  0.042 0.046 0.834 0.037 0.041 
123 UA00032241    (4)   :  0.224 0.051 0.048 0.396 0.280 
124 UA00011624    (0)   :  0.337 0.081 0.085 0.218 0.278 
125 UA00033779    (4)   :  0.097 0.072 0.062 0.517 0.252 
126 UA00049402    (4)   :  0.279 0.319 0.092 0.107 0.203 
127 UA00033653    (0)   :  0.077 0.067 0.055 0.548 0.253 
128 UA00047738    (0)   :  0.185 0.169 0.178 0.242 0.226 
129 UA00047502    (4)   :  0.197 0.376 0.127 0.118 0.182 
130 UA00012014    (4)   :  0.329 0.126 0.126 0.157 0.262 
131 UA00040729    (0)   :  0.189 0.069 0.132 0.364 0.247 
132 UA00030392    (4)   :  0.347 0.061 0.081 0.229 0.281 
133 UA00050033    (0)   :  0.250 0.080 0.126 0.276 0.268 
134 UA00012152    (0)   :  0.182 0.551 0.048 0.087 0.132 
135 UA00050406    (0)   :  0.263 0.109 0.128 0.232 0.267 
136 UA00047973    (0)   :  0.224 0.094 0.085 0.320 0.277 
137 UA00008051    (0)   :  0.186 0.183 0.230 0.193 0.207 
138 UA00047337    (4)   :  0.187 0.083 0.347 0.199 0.185 
139 UA00041604    (4)   :  0.201 0.172 0.216 0.196 0.215 
140 UA00031704    (4)   :  0.406 0.044 0.056 0.193 0.301 
141 UA00040423    (4)   :  0.297 0.076 0.214 0.166 0.247 
142 UA00049433    (0)   :  0.273 0.224 0.164 0.126 0.213 
143 UA00034816    (0)   :  0.353 0.181 0.073 0.151 0.242 
144 UA00050214    (0)   :  0.453 0.052 0.063 0.152 0.279 
145 UA00041073    (0)   :  0.244 0.182 0.121 0.216 0.237 
146 UA00030318    (4)   :  0.336 0.137 0.067 0.200 0.259 
147 UA00046845    (0)   :  0.305 0.251 0.094 0.130 0.220 
148 UA00063946    (0)   :  0.074 0.061 0.107 0.521 0.237 
149 UA00031374    (4)   :  0.279 0.148 0.097 0.217 0.259 
150    M1136    (4)   :  0.223 0.079 0.406 0.115 0.177 
151 UA00034299    (0)   :  0.435 0.080 0.076 0.141 0.269 
152 UA00002387    (4)   :  0.400 0.156 0.050 0.129 0.265 
153 UA00021855    (0)   :  0.186 0.115 0.124 0.321 0.254 
154 UA00014500    (0)   :  0.333 0.077 0.128 0.184 0.278 
155 UA00050419    (4)   :  0.434 0.072 0.049 0.174 0.271 
156 UA00031854    (4)   :  0.240 0.185 0.086 0.245 0.244 
157    pc011    (4)   :  0.452 0.097 0.056 0.125 0.270 
158 UA00033004    (0)   :  0.349 0.107 0.162 0.138 0.243 
159 UA00046510    (0)   :  0.281 0.270 0.074 0.154 0.220 
160 UA00048747    (0)   :  0.388 0.143 0.076 0.137 0.256 
161 UA00014293    (0)   :  0.456 0.096 0.058 0.115 0.274 
162 UA00047686    (0)   :  0.226 0.308 0.160 0.119 0.187 
163 UA00033783    (4)   :  0.089 0.179 0.409 0.189 0.134 
164 UA00042609    (4)   :  0.216 0.369 0.136 0.107 0.172 
165 UA00031169    (4)   :  0.466 0.060 0.069 0.130 0.275 
166 UA00035181    (0)   :  0.273 0.064 0.040 0.334 0.289 
167 UA00050133    (0)   :  0.320 0.128 0.102 0.191 0.259 
168  Puco011    (4)   :  0.422 0.112 0.090 0.116 0.259 
169 UA00041476    (0)   :  0.309 0.188 0.125 0.145 0.233 
170 UA00046702    (0)   :  0.444 0.071 0.058 0.150 0.277 
171 UA00019940    (0)   :  0.272 0.137 0.142 0.197 0.251 
172 UA00049813    (0)   :  0.185 0.083 0.126 0.346 0.260 
173 UA00064165    (0)   :  0.125 0.505 0.122 0.120 0.129 
174 UA00064421    (0)   :  0.208 0.425 0.047 0.136 0.184 
175 UA00064569    (4)   :  0.346 0.075 0.048 0.255 0.275 
176 UA00003996    (0)   :  0.263 0.331 0.087 0.125 0.194 
177 UA00064491    (4)   :  0.322 0.145 0.058 0.220 0.255 
178 UA00011899    (0)   :  0.291 0.080 0.121 0.224 0.284 
179  Puco015    (4)   :  0.268 0.106 0.257 0.156 0.214 
180 UA00047929    (4)   :  0.198 0.046 0.080 0.409 0.267 
181 UA00056669    (0)   :  0.287 0.171 0.082 0.195 0.265 
182 UA00050176    (0)   :  0.261 0.193 0.144 0.168 0.233 
183  Puco014    (4)   :  0.183 0.157 0.125 0.292 0.243 
184 UA00019608    (0)   :  0.347 0.168 0.080 0.143 0.262 
185 UA00064333    (0)   :  0.386 0.113 0.092 0.142 0.267 
186  Puco013    (4)   :  0.243 0.298 0.095 0.146 0.218 
187 UA00016092    (0)   :  0.418 0.053 0.046 0.196 0.287 
188 UA00019060    (0)   :  0.109 0.521 0.183 0.084 0.102 
189 UA00063532    (0)   :  0.247 0.151 0.137 0.225 0.240 
190 UA00064117    (0)   :  0.131 0.330 0.325 0.094 0.121 
191 UA00011969    (0)   :  0.206 0.171 0.148 0.243 0.233 
192 UA00034586    (4)   :  0.247 0.071 0.076 0.324 0.281 
193 UA00030736    (4)   :  0.332 0.088 0.114 0.187 0.279 
194 UA00048493    (0)   :  0.297 0.099 0.161 0.192 0.251 
195 UA00040466    (0)   :  0.076 0.718 0.061 0.068 0.076 
196 UA00047659    (0)   :  0.268 0.122 0.078 0.253 0.278 
197 UA00042002    (4)   :  0.148 0.108 0.393 0.183 0.169 
198 UA00062606    (0)   :  0.248 0.268 0.127 0.151 0.206 
199 UA00030615    (4)   :  0.081 0.709 0.050 0.078 0.082 
200 UA00048899    (0)   :  0.274 0.123 0.104 0.225 0.274 
201 UA00047725    (0)   :  0.037 0.838 0.049 0.038 0.039 
202 UA00030866    (4)   :  0.267 0.192 0.102 0.176 0.263 
203 UA00034564    (0)   :  0.323 0.150 0.107 0.150 0.270 
204 UA00046520    (0)   :  0.095 0.062 0.054 0.533 0.256 
205 UA00035027    (0)   :  0.189 0.198 0.163 0.223 0.228 
206 UA00035421    (0)   :  0.207 0.474 0.063 0.099 0.157 
207 UA00062740    (4)   :  0.166 0.268 0.226 0.150 0.190 
208 UA00012360    (0)   :  0.076 0.723 0.058 0.068 0.075 
209 UA00050203    (0)   :  0.257 0.093 0.107 0.284 0.259 
210 UA00040534    (4)   :  0.108 0.386 0.307 0.088 0.112 
211 UA00031261    (4)   :  0.085 0.569 0.197 0.063 0.087 
212 UA00031917    (4)   :  0.103 0.392 0.340 0.069 0.096 
213 UA00040798    (4)   :  0.124 0.441 0.131 0.158 0.147 
214 UA00030598    (4)   :  0.147 0.430 0.122 0.144 0.158 
215 UA00050385    (0)   :  0.315 0.181 0.107 0.145 0.251 
216 UA00058283    (0)   :  0.052 0.724 0.102 0.063 0.059 
217 UA00042297    (4)   :  0.118 0.198 0.408 0.141 0.134 
218 UA00015415    (4)   :  0.063 0.776 0.053 0.048 0.059 
219 UA00035531    (0)   :  0.089 0.617 0.152 0.062 0.080 
220 UA00048683    (0)   :  0.113 0.641 0.067 0.081 0.098 
221 UA00046734    (4)   :  0.070 0.727 0.075 0.060 0.069 
222   pcRF01    (0)   :  0.489 0.066 0.035 0.124 0.286 
223 UA00007223    (0)   :  0.219 0.331 0.154 0.111 0.185 
224 UA00013841    (0)   :  0.213 0.066 0.342 0.178 0.201 
225 UA00014196    (0)   :  0.097 0.653 0.107 0.061 0.082 
226 UA00034635    (0)   :  0.305 0.111 0.077 0.220 0.287 
227 UA00047371    (0)   :  0.132 0.103 0.380 0.203 0.182 
228 UA00063544    (0)   :  0.147 0.107 0.359 0.207 0.180 
229 UA00064246    (0)   :  0.167 0.264 0.164 0.213 0.192 
230 UA00064328    (0)   :  0.179 0.285 0.217 0.141 0.179 
231 UA00002952    (0)   :  0.150 0.325 0.262 0.115 0.149 
232 UA00064079    (0)   :  0.207 0.133 0.274 0.177 0.208 
233 UA00046793    (0)   :  0.166 0.377 0.227 0.094 0.137 
234 UA00034769    (0)   :  0.084 0.150 0.491 0.155 0.120 
235 UA00034949    (0)   :  0.213 0.394 0.130 0.093 0.170 
236 UA00063753    (0)   :  0.095 0.157 0.191 0.347 0.210 
237 UA00015713    (0)   :  0.144 0.084 0.310 0.260 0.202 
238 UA00003494    (0)   :  0.307 0.241 0.143 0.098 0.212 
239 UA00056767    (0)   :  0.102 0.055 0.035 0.539 0.269 
240 UA00014461    (0)   :  0.197 0.348 0.147 0.136 0.172 
241 UA00034669    (0)   :  0.106 0.403 0.234 0.128 0.129 
242 UA00048164    (0)   :  0.221 0.323 0.069 0.181 0.205 
243 UA00007974    (0)   :  0.113 0.094 0.205 0.372 0.216 
244 UA00016166    (0)   :  0.209 0.090 0.428 0.105 0.168 
245 UA00015653    (0)   :  0.116 0.238 0.414 0.104 0.127 
246 UA00063882    (0)   :  0.133 0.472 0.173 0.099 0.123 
247 UA00049027    (0)   :  0.119 0.138 0.437 0.159 0.147 
248 UA00018878    (0)   :  0.102 0.066 0.468 0.214 0.150 
249 UA00038796    (0)   :  0.126 0.461 0.119 0.151 0.143 
250 UA00013465    (0)   :  0.087 0.632 0.096 0.090 0.095 
251 UA00014604    (0)   :  0.119 0.303 0.204 0.203 0.171 
252 UA00041913    (0)   :  0.093 0.102 0.363 0.270 0.173 
253 UA00021632    (0)   :  0.089 0.114 0.610 0.089 0.097 
254 UA00064027    (0)   :  0.181 0.197 0.282 0.151 0.189 
255 UA00015023    (0)   :  0.292 0.259 0.085 0.147 0.217 
256 UA00050243    (0)   :  0.175 0.116 0.427 0.117 0.166 
257 UA00048298    (0)   :  0.277 0.137 0.147 0.194 0.244 
258 UA00050437    (0)   :  0.189 0.363 0.124 0.142 0.182 
259 UA00014262    (0)   :  0.205 0.134 0.314 0.153 0.194 
260 UA00049129    (0)   :  0.196 0.087 0.175 0.304 0.238 
261 UA00014740    (0)   :  0.148 0.159 0.158 0.314 0.220 
262 UA00049612    (0)   :  0.069 0.121 0.643 0.087 0.079 
263 UA00014635    (0)   :  0.110 0.061 0.048 0.523 0.259 
264 UA00014673    (0)   :  0.123 0.265 0.321 0.149 0.141 
265 UA00033608    (0)   :  0.095 0.126 0.496 0.155 0.129 
266 UA00064540    (0)   :  0.109 0.147 0.094 0.417 0.233 
267 UA00050256    (0)   :  0.156 0.258 0.310 0.120 0.156 
268 UA00015274    (0)   :  0.311 0.158 0.100 0.182 0.250 
269 UA00062993    (0)   :  0.153 0.158 0.056 0.382 0.251 
270 UA00038364    (0)   :  0.159 0.142 0.248 0.246 0.206 
271 UA00014446    (0)   :  0.274 0.093 0.072 0.266 0.295 
272 UA00063545    (0)   :  0.086 0.199 0.553 0.076 0.085 
273 UA00040054    (0)   :  0.325 0.065 0.171 0.178 0.261 
274 UA00058447    (0)   :  0.193 0.088 0.126 0.330 0.262 
275 UA00046835    (0)   :  0.174 0.093 0.094 0.388 0.251 
276 UA00014608    (0)   :  0.206 0.133 0.096 0.300 0.266 
277    pc012    (0)   :  0.185 0.200 0.150 0.246 0.218 
278    pc002    (0)   :  0.128 0.119 0.492 0.125 0.136 
279 UA00033690    (0)   :  0.073 0.076 0.362 0.320 0.168 
280 UA00013688    (0)   :  0.211 0.187 0.130 0.235 0.237 
281 UA00063666    (0)   :  0.083 0.039 0.195 0.453 0.230 
282 UA00063292    (0)   :  0.103 0.056 0.065 0.521 0.255 
283    pc001    (0)   :  0.229 0.167 0.118 0.240 0.245 
284    pc008    (0)   :  0.185 0.112 0.127 0.329 0.247 
285 UA00034316    (0)   :  0.192 0.270 0.276 0.107 0.154 
286 UA00013046    (0)   :  0.252 0.050 0.079 0.346 0.273 
287 UA00050241    (0)   :  0.142 0.040 0.082 0.469 0.266 
288 UA00048599    (0)   :  0.158 0.066 0.062 0.444 0.271 
289 UA00046649    (0)   :  0.127 0.068 0.541 0.131 0.133 
290 UA00015674    (0)   :  0.070 0.101 0.557 0.161 0.110 
291 UA00013177    (0)   :  0.124 0.174 0.197 0.302 0.203 
292 UA00012814    (0)   :  0.306 0.142 0.108 0.192 0.251 
293 UA00034654    (0)   :  0.283 0.074 0.080 0.284 0.279 
294 UA00046743    (0)   :  0.172 0.076 0.076 0.417 0.259 
295 UA00014854    (0)   :  0.124 0.038 0.305 0.327 0.206 
296 UA00013729    (0)   :  0.347 0.104 0.114 0.178 0.258 
297 UA00063483    (0)   :  0.171 0.063 0.092 0.388 0.286 
298 UA00039326    (0)   :  0.181 0.081 0.281 0.246 0.210 
299 UA00014742    (0)   :  0.149 0.054 0.085 0.432 0.280 
300 UA00049597    (0)   :  0.092 0.034 0.606 0.149 0.120 
301 UA00048067    (0)   :  0.118 0.121 0.246 0.308 0.207 
302 UA00012918    (0)   :  0.079 0.041 0.371 0.333 0.175 
303 UA00013487    (0)   :  0.499 0.043 0.047 0.122 0.289 
304 UA00046759    (0)   :  0.150 0.259 0.239 0.175 0.176 
305 UA00050164    (0)   :  0.115 0.078 0.638 0.071 0.098 
306 UA00049839    (0)   :  0.149 0.092 0.072 0.416 0.270 
307 UA00048444    (0)   :  0.060 0.058 0.158 0.494 0.229 
308 UA00063857    (0)   :  0.197 0.044 0.118 0.371 0.270 
309 UA00014921    (0)   :  0.098 0.042 0.583 0.149 0.129 
310 UA00048895    (0)   :  0.113 0.084 0.507 0.162 0.134 
311 UA00014556    (0)   :  0.190 0.262 0.125 0.201 0.222 
312    pc009    (0)   :  0.092 0.036 0.068 0.543 0.261 
313 UA00014959    (0)   :  0.093 0.055 0.587 0.148 0.117 
314 UA00020709    (0)   :  0.210 0.096 0.264 0.215 0.215 
315 UA00013126    (0)   :  0.044 0.056 0.796 0.055 0.049 
316 UA00013695    (0)   :  0.059 0.056 0.762 0.062 0.062 
317 UA00049344    (0)   :  0.091 0.082 0.622 0.102 0.104 
318 UA00047614    (0)   :  0.054 0.140 0.683 0.063 0.061 
319 UA00014221    (0)   :  0.126 0.047 0.038 0.516 0.273 
320 UA00014346    (0)   :  0.105 0.102 0.116 0.440 0.237 
321 UA00014245    (0)   :  0.127 0.057 0.407 0.241 0.168 
322 UA00014696    (0)   :  0.059 0.092 0.755 0.042 0.052 
323 UA00006991    (0)   :  0.304 0.167 0.084 0.177 0.268 
324 UA00048948    (0)   :  0.260 0.138 0.102 0.235 0.266 
325 UA00002239    (0)   :  0.320 0.170 0.121 0.144 0.245 
326 UA00063459    (0)   :  0.093 0.040 0.103 0.513 0.252 
327 UA00048356    (0)   :  0.135 0.193 0.127 0.318 0.227 
328 UA00063940    (0)   :  0.254 0.205 0.103 0.193 0.246 
329 UA00048130    (0)   :  0.118 0.086 0.075 0.462 0.259 
330 UA00048903    (0)   :  0.323 0.053 0.044 0.303 0.278 
331 UA00064643    (0)   :  0.256 0.131 0.131 0.231 0.251 
332 UA00050233    (0)   :  0.251 0.170 0.075 0.252 0.252 
333 UA00012507    (0)   :  0.252 0.317 0.064 0.152 0.215 
334 UA00064416    (0)   :  0.419 0.081 0.062 0.153 0.286 
335 UA00034724    (0)   :  0.266 0.111 0.072 0.282 0.268 
336 UA00002621    (0)   :  0.244 0.069 0.064 0.350 0.272 
337 UA00033203    (0)   :  0.438 0.075 0.087 0.131 0.268 
338 UA00011996    (0)   :  0.240 0.064 0.163 0.246 0.287 
339 UA00014408    (0)   :  0.200 0.422 0.092 0.121 0.165 
340 UA00049502    (0)   :  0.166 0.213 0.078 0.300 0.243 
341 UA00062695    (0)   :  0.135 0.128 0.179 0.331 0.227 
342 UA00014072    (0)   :  0.149 0.086 0.102 0.402 0.262 
343 UA00003334    (0)   :  0.190 0.056 0.072 0.417 0.264 
344 UA00013835    (0)   :  0.187 0.107 0.171 0.292 0.243 
345 UA00046760    (0)   :  0.151 0.071 0.306 0.262 0.210 
346 UA00014241    (0)   :  0.288 0.105 0.065 0.271 0.270 
347 UA00049585    (0)   :  0.191 0.044 0.081 0.393 0.291 
348 UA00013409    (0)   :  0.100 0.229 0.099 0.361 0.211 
349 UA00047548    (0)   :  0.311 0.053 0.098 0.234 0.305 
350 UA00049038    (0)   :  0.111 0.149 0.430 0.164 0.146 
351 UA00047612    (0)   :  0.238 0.129 0.082 0.279 0.272 
352 UA00014822    (0)   :  0.112 0.207 0.435 0.121 0.125 
353 UA00035299    (0)   :  0.318 0.104 0.104 0.206 0.269 
354 UA00012804    (0)   :  0.136 0.099 0.471 0.144 0.150 
355 UA00049578    (0)   :  0.195 0.247 0.086 0.241 0.231 
356 UA00047672    (0)   :  0.460 0.092 0.062 0.118 0.268 
357 UA00043961    (0)   :  0.073 0.105 0.629 0.103 0.091 
358 UA00064575    (0)   :  0.130 0.295 0.091 0.278 0.207 
359 UA00014732    (0)   :  0.322 0.134 0.065 0.212 0.269 
360 UA00050181    (0)   :  0.346 0.135 0.052 0.177 0.290 
361 UA00033369    (0)   :  0.196 0.135 0.380 0.118 0.172 
362 UA00011982    (0)   :  0.474 0.041 0.044 0.162 0.280 
363 UA00014590    (0)   :  0.304 0.133 0.194 0.142 0.227 
364 UA00047743    (0)   :  0.415 0.059 0.074 0.166 0.286 
365 UA00046621    (0)   :  0.421 0.044 0.060 0.178 0.297 
366 UA00050422    (0)   :  0.245 0.250 0.082 0.198 0.225 
367 UA00002760    (0)   :  0.233 0.078 0.164 0.270 0.255 
368 UA00012999    (0)   :  0.285 0.069 0.229 0.173 0.244 
369 UA00063838    (0)   :  0.259 0.088 0.067 0.312 0.274 
370 UA00003729    (0)   :  0.105 0.248 0.296 0.202 0.150 
371 UA00015348    (0)   :  0.116 0.108 0.129 0.405 0.241 
372 UA00019058    (0)   :  0.106 0.153 0.089 0.423 0.229 
373 UA00049549    (0)   :  0.066 0.041 0.209 0.466 0.218 
374 UA00014334    (0)   :  0.304 0.204 0.109 0.147 0.235 
375 UA00014350    (0)   :  0.516 0.034 0.035 0.134 0.282 
376 UA00049227    (0)   :  0.176 0.175 0.344 0.126 0.180 
377 UA00014051    (0)   :  0.335 0.268 0.045 0.125 0.227 
378 UA00034381    (0)   :  0.243 0.175 0.082 0.255 0.245 
379 UA00002354    (0)   :  0.457 0.056 0.049 0.150 0.288 
380 UA00049892    (0)   :  0.210 0.051 0.170 0.321 0.248 
381 UA00021989    (0)   :  0.308 0.112 0.052 0.254 0.274 
382 UA00048968    (0)   :  0.345 0.119 0.067 0.193 0.276 
383 UA00013174    (0)   :  0.365 0.128 0.093 0.161 0.254 
384 UA00033992    (0)   :  0.271 0.070 0.318 0.129 0.211 
385 UA00015801    (0)   :  0.445 0.039 0.035 0.189 0.292 
386 UA00063303    (0)   :  0.128 0.102 0.399 0.209 0.163 
387 UA00050206    (0)   :  0.100 0.059 0.039 0.535 0.266 
388 UA00014458    (0)   :  0.227 0.128 0.160 0.256 0.230 
389 UA00007204    (0)   :  0.156 0.061 0.131 0.408 0.245 
390 UA00063212    (0)   :  0.108 0.198 0.264 0.246 0.184 
391 UA00013340    (0)   :  0.222 0.074 0.211 0.246 0.248 
392 UA00062743    (0)   :  0.360 0.215 0.057 0.120 0.248 
393 UA00063189    (0)   :  0.125 0.567 0.102 0.092 0.114 
394 UA00035432    (0)   :  0.209 0.062 0.067 0.381 0.281 
395 UA00007958    (0)   :  0.349 0.073 0.065 0.224 0.289 
396 UA00013634    (0)   :  0.424 0.121 0.054 0.131 0.271 
397 UA00048175    (0)   :  0.495 0.073 0.031 0.126 0.276 
398 UA00003202    (0)   :  0.260 0.090 0.084 0.286 0.279 
399 UA00035090    (0)   :  0.204 0.168 0.099 0.287 0.243 
400 UA00064679    (0)   :  0.180 0.441 0.099 0.126 0.155 
401 UA00039518    (0)   :  0.343 0.074 0.081 0.229 0.273 
402 UA00058268    (0)   :  0.284 0.111 0.100 0.231 0.274 
403 UA00049456    (0)   :  0.154 0.096 0.329 0.227 0.194 
404 UA00049550    (0)   :  0.156 0.181 0.061 0.355 0.246 
405 UA00048342    (0)   :  0.173 0.105 0.269 0.237 0.217 
406 UA00063493    (0)   :  0.282 0.064 0.055 0.302 0.298 
407 UA00058261    (0)   :  0.342 0.243 0.061 0.128 0.227 
408 UA00014663    (0)   :  0.315 0.141 0.107 0.173 0.263 
409 UA00048817    (0)   :  0.262 0.119 0.289 0.126 0.204 
410 UA00049381    (0)   :  0.409 0.134 0.055 0.141 0.262 
411 UA00035901    (0)   :  0.173 0.373 0.111 0.161 0.182 
412 UA00013301    (0)   :  0.102 0.149 0.100 0.414 0.235 
413 UA00047926    (0)   :  0.334 0.175 0.135 0.126 0.229 
414 UA00007272    (0)   :  0.263 0.323 0.108 0.108 0.198 
415 UA00016041    (0)   :  0.180 0.081 0.160 0.325 0.255 
416 UA00013502    (0)   :  0.297 0.134 0.047 0.258 0.264 
417 UA00002390    (0)   :  0.266 0.100 0.241 0.163 0.230 
418 UA00034907    (0)   :  0.229 0.164 0.077 0.262 0.269 
419 UA00048821    (0)   :  0.203 0.204 0.258 0.153 0.182 
420 UA00002136    (0)   :  0.135 0.125 0.253 0.268 0.220 
421 UA00011790    (0)   :  0.357 0.143 0.097 0.144 0.259 
422 UA00021586    (0)   :  0.196 0.138 0.306 0.173 0.187 
423 UA00033270    (0)   :  0.254 0.155 0.103 0.243 0.246 
424 UA00048073    (0)   :  0.228 0.106 0.106 0.303 0.257 
425 UA00048856    (0)   :  0.227 0.239 0.094 0.214 0.226 
426 UA00049713    (0)   :  0.365 0.117 0.092 0.165 0.261 
427 UA00046885    (0)   :  0.241 0.087 0.100 0.299 0.273 
428 UA00034893    (0)   :  0.301 0.066 0.082 0.275 0.276 
429 UA00048011    (0)   :  0.316 0.167 0.045 0.212 0.260 
430 UA00015786    (0)   :  0.207 0.303 0.152 0.151 0.187 
431 UA00013162    (0)   :  0.351 0.205 0.097 0.108 0.239 
432 UA00049512    (0)   :  0.178 0.148 0.138 0.297 0.240 
433 UA00004046    (0)   :  0.441 0.098 0.048 0.134 0.280 
434 UA00048881    (0)   :  0.148 0.315 0.234 0.140 0.163 
435 UA00046610    (0)   :  0.231 0.206 0.228 0.140 0.196 
436 UA00033282    (0)   :  0.204 0.177 0.149 0.234 0.236 
437 UA00047561    (0)   :  0.404 0.099 0.073 0.150 0.273 
438 UA00013777    (0)   :  0.269 0.319 0.064 0.134 0.214 
439 UA00062849    (0)   :  0.134 0.081 0.082 0.445 0.258 
440 UA00049786    (0)   :  0.450 0.137 0.043 0.116 0.255 
441 UA00033246    (0)   :  0.093 0.041 0.058 0.541 0.266 
442 UA00045302    (0)   :  0.274 0.079 0.135 0.231 0.281 
443 UA00048637    (0)   :  0.410 0.133 0.060 0.136 0.262 
444 UA00049832    (0)   :  0.147 0.068 0.292 0.286 0.206 
445 UA00022023    (0)   :  0.269 0.108 0.240 0.150 0.233 
446 UA00050192    (0)   :  0.214 0.093 0.358 0.141 0.193 
447 UA00050413    (0)   :  0.256 0.131 0.100 0.257 0.254 
448 UA00013445    (0)   :  0.397 0.068 0.050 0.193 0.291 
449 UA00035496    (0)   :  0.175 0.337 0.098 0.194 0.196 
450 UA00003333    (0)   :  0.175 0.373 0.181 0.118 0.155 
451 UA00064008    (0)   :  0.210 0.405 0.065 0.140 0.181 
452 UA00003427    (0)   :  0.188 0.159 0.296 0.166 0.191 
453 UA00028092    (0)   :  0.141 0.214 0.337 0.152 0.156 
454    pc003    (0)   :  0.078 0.627 0.141 0.073 0.081 
455 UA00034440    (0)   :  0.154 0.136 0.069 0.387 0.254 
456 UA00026062    (0)   :  0.442 0.087 0.095 0.112 0.264 
457 UA00014347    (0)   :  0.177 0.206 0.165 0.238 0.215 
458 UA00021516    (0)   :  0.411 0.081 0.069 0.164 0.275 
459 UA00049347    (0)   :  0.190 0.448 0.073 0.123 0.166 
460 UA00063436    (0)   :  0.100 0.454 0.088 0.207 0.152 
461 UA00047790    (0)   :  0.356 0.125 0.085 0.146 0.288 
462 UA00045714    (0)   :  0.176 0.364 0.169 0.127 0.164 
463 UA00038979    (0)   :  0.120 0.094 0.217 0.355 0.214 
464 UA00016123    (0)   :  0.258 0.239 0.144 0.139 0.220 
465 UA00034765    (0)   :  0.082 0.744 0.042 0.058 0.074 
466 UA00063815    (0)   :  0.076 0.543 0.181 0.105 0.095 
467 UA00034795    (0)   :  0.143 0.116 0.086 0.397 0.259 
468 UA00004000    (0)   :  0.085 0.667 0.073 0.085 0.090 
469 UA00049367    (0)   :  0.171 0.183 0.056 0.346 0.244 
470 UA00034457    (0)   :  0.330 0.075 0.107 0.203 0.285 
471 UA00050015    (0)   :  0.149 0.142 0.162 0.309 0.238 
472 UA00021373    (0)   :  0.279 0.137 0.109 0.218 0.257 
473 UA00050232    (0)   :  0.083 0.602 0.152 0.079 0.085 
474 UA00038724    (0)   :  0.180 0.082 0.247 0.252 0.239 
475 UA00007824    (0)   :  0.297 0.171 0.193 0.118 0.221 
476 UA00048754    (0)   :  0.293 0.299 0.049 0.128 0.232 
477 UA00014271    (0)   :  0.267 0.106 0.148 0.231 0.248 
478 UA00013756    (0)   :  0.113 0.241 0.200 0.264 0.182 
479 UA00014385    (0)   :  0.163 0.388 0.194 0.108 0.147 
480 UA00049609    (0)   :  0.169 0.098 0.084 0.391 0.258 
481 UA00003748    (0)   :  0.191 0.485 0.064 0.104 0.156 
482 UA00063952    (0)   :  0.200 0.428 0.052 0.145 0.175 
483 UA00058348    (0)   :  0.112 0.576 0.049 0.137 0.126 
484 UA00014922    (0)   :  0.079 0.683 0.081 0.077 0.081 
485 UA00003820    (0)   :  0.335 0.242 0.048 0.130 0.245 
486 UA00013693    (0)   :  0.218 0.272 0.155 0.151 0.204 
487 UA00047713    (0)   :  0.112 0.677 0.050 0.068 0.093 
488 UA00034891    (0)   :  0.119 0.457 0.117 0.154 0.153 
489 UA00049223    (0)   :  0.171 0.416 0.077 0.166 0.170 
490 UA00064399    (0)   :  0.064 0.528 0.309 0.042 0.058 
491 UA00013336    (0)   :  0.063 0.676 0.126 0.067 0.068 
492 UA00035291    (0)   :  0.080 0.682 0.110 0.052 0.076 
493 UA00003945    (0)   :  0.104 0.612 0.098 0.084 0.101 
494 UA00014518    (0)   :  0.151 0.550 0.085 0.089 0.125 
495 UA00013583    (0)   :  0.084 0.222 0.491 0.102 0.101 
496 UA00011510    (0)   :  0.133 0.508 0.122 0.107 0.130 
497 UA00046860    (0)   :  0.209 0.389 0.113 0.117 0.173 
498 UA00048853    (0)   :  0.140 0.404 0.218 0.104 0.133 
499 UA00012151    (0)   :  0.086 0.713 0.069 0.057 0.075 
500 UA00063930    (0)   :  0.087 0.169 0.442 0.172 0.131 
501 UA00013453    (0)   :  0.171 0.332 0.180 0.146 0.171 
502 UA00039299    (0)   :  0.061 0.747 0.074 0.057 0.061 
503 UA00014280    (0)   :  0.050 0.803 0.039 0.055 0.052 
504 UA00014200    (0)   :  0.142 0.613 0.064 0.071 0.110 
505 UA00040612    (0)   :  0.065 0.670 0.152 0.052 0.061 
506 UA00062679    (0)   :  0.062 0.706 0.109 0.059 0.064 
507 UA00034481    (0)   :  0.089 0.679 0.064 0.079 0.089 
508 UA00011880    (0)   :  0.090 0.120 0.360 0.263 0.167 
509 UA00013421    (0)   :  0.064 0.624 0.210 0.044 0.059 
510 UA00048051    (0)   :  0.047 0.803 0.059 0.043 0.048 
511 UA00063370    (0)   :  0.049 0.681 0.170 0.048 0.052 
512 UA00014716    (0)   :  0.061 0.698 0.113 0.062 0.067 
513 UA00033426    (0)   :  0.155 0.461 0.193 0.073 0.119 
514 UA00015190    (0)   :  0.067 0.520 0.291 0.056 0.065 
515 UA00013730    (0)   :  0.266 0.080 0.140 0.261 0.253 
516 UA00047644    (4)   :  0.109 0.476 0.216 0.088 0.112 
517 UA00031933    (9)   :  0.319 0.175 0.089 0.163 0.254 
518 UA00031541    (9)   :  0.144 0.426 0.156 0.133 0.141 
519   PCO-60    (4)   :  0.227 0.234 0.084 0.228 0.227 
520 UA00030495    (4)   :  0.190 0.210 0.184 0.198 0.217 
521 UA00031133    (4)   :  0.084 0.048 0.080 0.540 0.248 
522 UA00032049    (4)   :  0.150 0.141 0.400 0.146 0.164 
523 UA00030599    (4)   :  0.082 0.106 0.161 0.428 0.223 
524 UA00030250    (4)   :  0.401 0.079 0.064 0.165 0.290 
525 UA00049385    (4)   :  0.120 0.146 0.206 0.323 0.206 
526 UA00031816    (4)   :  0.077 0.056 0.077 0.537 0.252 
527 UA00030275    (4)   :  0.274 0.153 0.184 0.160 0.229 
528 UA00041861    (4)   :  0.272 0.170 0.148 0.172 0.237 
529 UA00041433    (4)   :  0.330 0.080 0.054 0.252 0.285 
530  PCO-114    (4)   :  0.357 0.203 0.064 0.132 0.244 
531 UA00031529    (4)   :  0.241 0.139 0.083 0.277 0.259 
532 UA00039719    (4)   :  0.286 0.163 0.069 0.231 0.252 
533  PCO-442    (4)   :  0.445 0.066 0.049 0.156 0.284 
534   PCO-58    (0)   :  0.411 0.135 0.097 0.107 0.250 
535 UA00048673    (4)   :  0.205 0.217 0.101 0.236 0.241 
536   PCO-63    (4)   :  0.256 0.112 0.053 0.302 0.277 


Estimated Allele Frequencies in each cluster
First column gives estimated ancestral frequencies


Locus 1 : PP01 
2 alleles
0.0% missing data
   1   (0.600) 0.633 0.336 0.859 0.541 0.594 
   2   (0.400) 0.367 0.664 0.141 0.459 0.406 

Locus 2 : PP02 
2 alleles
0.0% missing data
   1   (0.904) 0.912 0.966 0.990 0.887 0.905 
   2   (0.096) 0.088 0.034 0.010 0.113 0.095 

Locus 3 : PP03 
2 alleles
18.3% missing data
   1   (0.784) 0.836 0.968 0.916 0.702 0.768 
   2   (0.216) 0.164 0.032 0.084 0.298 0.232 

Locus 4 : PP04 
2 alleles
0.4% missing data
   1   (0.716) 0.762 0.957 0.648 0.525 0.663 
   2   (0.284) 0.238 0.043 0.352 0.475 0.337 

Locus 5 : PP06 
2 alleles
0.0% missing data
   1   (0.629) 0.596 0.608 0.658 0.738 0.659 
   2   (0.371) 0.404 0.392 0.342 0.262 0.341 

Locus 6 : PP07 
2 alleles
0.0% missing data
   1   (0.695) 0.703 0.944 0.864 0.590 0.655 
   2   (0.305) 0.297 0.056 0.136 0.410 0.345 

Locus 7 : PP09 
2 alleles
0.0% missing data
   1   (0.477) 0.381 0.067 0.628 0.687 0.519 
   2   (0.523) 0.619 0.933 0.372 0.313 0.481 

Locus 8 : PP10 
2 alleles
0.0% missing data
   1   (0.182) 0.125 0.380 0.410 0.081 0.125 
   2   (0.818) 0.875 0.620 0.590 0.919 0.875 

Locus 9 : PP11 
2 alleles
0.0% missing data
   1   (0.679) 0.591 0.819 0.797 0.793 0.689 
   2   (0.321) 0.409 0.181 0.203 0.207 0.311 

Locus 10 : PP12 
2 alleles
0.2% missing data
   1   (0.417) 0.439 0.126 0.288 0.488 0.448 
   2   (0.583) 0.561 0.874 0.712 0.512 0.552 

Locus 11 : PP13 
2 alleles
0.0% missing data
   1   (0.176) 0.159 0.128 0.486 0.082 0.133 
   2   (0.824) 0.841 0.872 0.514 0.918 0.867 

Locus 12 : PP14 
2 alleles
0.2% missing data
   1   (0.861) 0.822 0.913 0.963 0.920 0.870 
   2   (0.139) 0.178 0.087 0.037 0.080 0.130 

Locus 13 : PP15 
2 alleles
0.0% missing data
   1   (0.894) 0.949 0.938 0.411 0.916 0.927 
   2   (0.106) 0.051 0.062 0.589 0.084 0.073 

Locus 14 : PP16 
2 alleles
0.0% missing data
   1   (0.508) 0.492 0.400 0.432 0.660 0.554 
   2   (0.492) 0.508 0.600 0.568 0.340 0.446 

Locus 15 : PP17 
2 alleles
0.2% missing data
   1   (0.648) 0.674 0.510 0.832 0.603 0.641 
   2   (0.352) 0.326 0.490 0.168 0.397 0.359 

Locus 16 : PP18 
2 alleles
0.7% missing data
   1   (0.751) 0.703 0.919 0.892 0.779 0.743 
   2   (0.249) 0.297 0.081 0.108 0.221 0.257 

Locus 17 : PP20 
2 alleles
0.0% missing data
   1   (0.621) 0.670 0.506 0.654 0.625 0.638 
   2   (0.379) 0.330 0.494 0.346 0.375 0.362 

Locus 18 : PP21 
2 alleles
14.9% missing data
   1   (0.858) 0.864 0.988 0.969 0.796 0.837 
   2   (0.142) 0.136 0.012 0.031 0.204 0.163 

Locus 19 : PP22 
2 alleles
1.3% missing data
   1   (0.450) 0.630 0.151 0.069 0.282 0.462 
   2   (0.550) 0.370 0.849 0.931 0.718 0.538 

Locus 20 : PP23 
2 alleles
0.7% missing data
   1   (0.642) 0.601 0.794 0.738 0.648 0.632 
   2   (0.358) 0.399 0.206 0.262 0.352 0.368 

Locus 21 : PP24 
2 alleles
0.2% missing data
   1   (0.794) 0.862 0.586 0.864 0.844 0.840 
   2   (0.206) 0.138 0.414 0.136 0.156 0.160 

Locus 22 : PP25 
2 alleles
0.6% missing data
   1   (0.363) 0.281 0.466 0.697 0.368 0.331 
   2   (0.637) 0.719 0.534 0.303 0.632 0.669 

Values of parameters used in structure:
DATAFILE=Puma_SNP_genotypes_cut_AZ_final_HWEonly.str,	OUTFILE=outputfile_K5_8,	NUMINDS=536,	NUMLOCI=22,	MISSING=-9,	LABEL=1,	POPDATA=0,	POPFLAG=0,	PHENOTYPE=0,	EXTRACOLS=0,	MAXPOPS=5,	BURNIN=100000,	NUMREPS=500000,	USEPOPINFO=0,	INFERALPHA=1,	INFERLAMBDA=0,	POPSPECIFICLAMBDA=0,	POPALPHAS=0,	COMPUTEPROB=1,	NOADMIX=0,	ADMBURNIN=2500,	UPDATEFREQ=200,	PRINTLIKES=0,	INTERMEDSAVE=0,	PRINTKLD=0,	PRINTNET=0,	PRINTLAMBDA=0,	ANCESTDIST=0,	NUMBOXES=1000,	ANCESTPINT=0.90000,	GENSBACK=2,	MIGRPRIOR=0.05000,	PRINTQHAT=0,	PRINTQSUM=0,	ALPHA=1.0000,	FREQSCORR=1,	FPRIORMEAN=0.0100,	FPRIORSD=0.0500,	ONEFST=0,	LAMBDA=1.0000,	UNIFPRIORALPHA=1,	ALPHAMAX=10.0000,	ALPHAPRIORA=1.0000,	ALPHAPRIORB=2.0000,	ALPHAPROPSD=0.0250,	STARTATPOPINFO=0,	RANDOMIZE=1,	LINKAGE=0,	METROFREQ=20,	REPORTHITRATE=0,	MARKOVPHASE=0,	PHASED=0,	PLOIDY=2,	PHASEINFO=0	LOCPRIOR=0, 	LOCPRIORINIT=1.000000, 	LOCDATA=0, 	LOCISPOP=0, 	LOCPRIORSTEP=0.100000, 	MAXLOCPRIOR=20.000000, 	SEED=1716621851,	
[STRAT parameters]:    NUMSIMSTATS=1000,	PHENOTYPECOL=-9,	POOLFREQ=10,	LOCUSxONLY=0,	EMERROR=0.00100,	MISSINGPHENO=-9,	