

----------------------------------------------------
STRUCTURE by Pritchard, Stephens and Donnelly (2000)
     and Falush, Stephens and Pritchard (2003)
       Code by Pritchard, Falush and Hubisz
             Version 2.3.4 (Jul 2012)
----------------------------------------------------



Command line arguments:   structure -K 5 -o outputfile_K5_6 
Input File:    Puma_SNP_genotypes_cut_AZ_final_HWEonly.str

Run parameters:
   536 individuals
   22 loci
   5 populations assumed
   100000 Burn-in period
   500000 Reps


--------------------------------------------
Overall proportion of membership of the
sample in each of the 5 clusters

Inferred Clusters
  1      2      3      4      5    
0.198  0.205  0.188  0.205  0.205  

--------------------------------------------

Allele-freq. divergence among pops (Net nucleotide distance),
computed using point estimates of P.

      1       2       3       4       5      
 1      -    0.0488  0.0679  0.0469  0.0592  
 2   0.0488     -    0.0560  0.0001  0.0061  
 3   0.0679  0.0560     -    0.0552  0.0553  
 4   0.0469  0.0001  0.0552     -    0.0071  
 5   0.0592  0.0061  0.0553  0.0071     -    

Average distances (expected heterozygosity) between individuals in same cluster:
cluster  1  : 0.2717 
cluster  2  : 0.3767 
cluster  3  : 0.3103 
cluster  4  : 0.3779 
cluster  5  : 0.3677 

--------------------------------------------
Estimated Ln Prob of Data   = -13014.8
Mean value of ln likelihood = -12334.0
Variance of ln likelihood   = 1361.7
Mean value of alpha         = 0.3369

Mean value of Fst_1         = 0.2744
Mean value of Fst_2         = 0.0715
Mean value of Fst_3         = 0.2563
Mean value of Fst_4         = 0.0606
Mean value of Fst_5         = 0.1241


Inferred ancestry of individuals:
        Label (%Miss) :  Inferred clusters
  1 UA00063336   (13)   :  0.095 0.140 0.493 0.146 0.126 
  2 UA00048914    (9)   :  0.278 0.187 0.195 0.196 0.143 
  3 UA00014769   (13)   :  0.038 0.296 0.094 0.282 0.290 
  4 UA00008132   (13)   :  0.128 0.235 0.185 0.242 0.209 
  5 UA00030462   (13)   :  0.376 0.154 0.162 0.161 0.146 
  6 UA00034866   (13)   :  0.259 0.226 0.071 0.235 0.210 
  7 UA00034800    (9)   :  0.106 0.085 0.641 0.087 0.082 
  8  Puco006    (9)   :  0.662 0.077 0.118 0.080 0.063 
  9 UA00048874    (4)   :  0.120 0.104 0.589 0.107 0.081 
 10 UA00049060    (9)   :  0.077 0.255 0.180 0.251 0.236 
 11 UA00033413    (9)   :  0.100 0.232 0.067 0.212 0.388 
 12  Puco021    (9)   :  0.056 0.195 0.214 0.171 0.364 
 13  Puco026    (9)   :  0.062 0.242 0.192 0.234 0.271 
 14  Puco008    (9)   :  0.244 0.136 0.369 0.141 0.109 
 15   M01301    (9)   :  0.166 0.219 0.055 0.201 0.358 
 16   M06306    (9)   :  0.050 0.117 0.570 0.119 0.143 
 17 UA00032185    (9)   :  0.176 0.215 0.157 0.213 0.239 
 18 UA00030792    (9)   :  0.049 0.038 0.836 0.039 0.038 
 19 UA00031647    (9)   :  0.169 0.151 0.389 0.165 0.125 
 20 UA00031979    (9)   :  0.160 0.235 0.163 0.229 0.214 
 21  Puco016    (9)   :  0.412 0.186 0.078 0.198 0.127 
 22  Puco010    (9)   :  0.104 0.238 0.120 0.232 0.306 
 23    M1035    (9)   :  0.057 0.261 0.233 0.259 0.190 
 24 UA00034601    (9)   :  0.230 0.179 0.198 0.182 0.212 
 25 UA00050388    (9)   :  0.144 0.206 0.236 0.209 0.206 
 26 UA00048699    (9)   :  0.539 0.137 0.068 0.149 0.107 
 27 UA00064058    (9)   :  0.066 0.279 0.156 0.283 0.216 
 28 UA00033981    (9)   :  0.109 0.204 0.141 0.191 0.355 
 29   F05033    (9)   :  0.079 0.263 0.097 0.259 0.302 
 30 UA00048520    (4)   :  0.163 0.157 0.323 0.153 0.204 
 31 UA00048422    (4)   :  0.054 0.057 0.767 0.057 0.065 
 32    PucoB    (4)   :  0.047 0.256 0.129 0.244 0.324 
 33 UA00047393    (4)   :  0.078 0.215 0.321 0.223 0.163 
 34 UA00064521    (4)   :  0.359 0.171 0.125 0.176 0.170 
 35 UA00003043    (4)   :  0.268 0.243 0.063 0.251 0.174 
 36 UA00063025    (4)   :  0.218 0.136 0.343 0.139 0.165 
 37 UA00063826    (4)   :  0.072 0.239 0.139 0.231 0.318 
 38   F07407    (4)   :  0.066 0.164 0.354 0.154 0.261 
 39 UA00021658    (4)   :  0.103 0.260 0.112 0.263 0.262 
 40 UA00003794    (4)   :  0.082 0.175 0.325 0.162 0.255 
 41 UA00041322    (4)   :  0.149 0.213 0.239 0.226 0.173 
 42 UA00063316    (4)   :  0.211 0.178 0.236 0.190 0.185 
 43 UA00047705    (4)   :  0.162 0.200 0.193 0.199 0.246 
 44 UA00033904    (4)   :  0.091 0.123 0.552 0.127 0.107 
 45 UA00048100    (4)   :  0.135 0.248 0.086 0.246 0.285 
 46 UA00032212    (4)   :  0.161 0.151 0.375 0.158 0.155 
 47 UA00031574    (4)   :  0.090 0.059 0.724 0.059 0.068 
 48 UA00031228    (4)   :  0.077 0.050 0.775 0.051 0.046 
 49 UA00047707    (4)   :  0.078 0.330 0.048 0.329 0.216 
 50 UA00030906    (4)   :  0.070 0.035 0.825 0.036 0.034 
 51 UA00041567    (4)   :  0.134 0.207 0.131 0.194 0.333 
 52 UA00007624    (4)   :  0.078 0.270 0.055 0.249 0.349 
 53 UA00034514    (4)   :  0.125 0.265 0.089 0.280 0.242 
 54 UA00030480    (4)   :  0.077 0.220 0.320 0.235 0.147 
 55  Puco012    (4)   :  0.162 0.262 0.095 0.266 0.215 
 56 UA00038677    (9)   :  0.229 0.162 0.256 0.167 0.185 
 57 UA00048275    (4)   :  0.106 0.246 0.099 0.237 0.313 
 58 UA00064055    (4)   :  0.147 0.278 0.107 0.293 0.175 
 59  Puco009    (4)   :  0.347 0.211 0.070 0.209 0.164 
 60 UA00064561    (4)   :  0.131 0.310 0.058 0.309 0.191 
 61 UA00003479    (4)   :  0.166 0.272 0.076 0.282 0.203 
 62 UA00063747    (4)   :  0.117 0.277 0.046 0.283 0.277 
 63 UA00002558    (4)   :  0.332 0.189 0.075 0.186 0.218 
 64 UA00048410    (4)   :  0.345 0.221 0.049 0.227 0.158 
 65 UA00012249    (4)   :  0.215 0.275 0.053 0.288 0.169 
 66 UA00033818    (4)   :  0.106 0.097 0.587 0.094 0.115 
 67  Puco020    (4)   :  0.156 0.226 0.230 0.229 0.159 
 68 UA00002545    (9)   :  0.080 0.291 0.148 0.299 0.181 
 69 UA00048508    (4)   :  0.103 0.291 0.077 0.289 0.240 
 70 UA00064100    (4)   :  0.128 0.248 0.152 0.260 0.212 
 71 UA00014585    (4)   :  0.149 0.259 0.095 0.284 0.213 
 72 UA00063698    (4)   :  0.440 0.116 0.200 0.117 0.127 
 73 UA00049753    (4)   :  0.054 0.126 0.570 0.136 0.114 
 74 UA00049037    (4)   :  0.073 0.274 0.133 0.288 0.233 
 75 UA00034941    (4)   :  0.176 0.190 0.217 0.199 0.217 
 76 UA00008083    (4)   :  0.606 0.097 0.098 0.101 0.098 
 77 UA00015084    (4)   :  0.390 0.107 0.273 0.109 0.121 
 78 UA00041010    (9)   :  0.402 0.080 0.371 0.083 0.064 
 79 UA00035261    (4)   :  0.192 0.155 0.345 0.161 0.148 
 80 UA00035431    (4)   :  0.146 0.249 0.051 0.232 0.323 
 81 UA00045274    (0)   :  0.180 0.195 0.193 0.195 0.237 
 82 UA00028200    (4)   :  0.209 0.111 0.456 0.116 0.107 
 83 UA00064559    (0)   :  0.053 0.045 0.808 0.045 0.050 
 84 UA00040808    (0)   :  0.180 0.119 0.496 0.120 0.085 
 85 UA00049156    (0)   :  0.188 0.103 0.504 0.106 0.099 
 86 UA00003952    (4)   :  0.643 0.101 0.070 0.107 0.079 
 87 UA00063954    (0)   :  0.075 0.191 0.374 0.194 0.166 
 88 UA00062934    (0)   :  0.118 0.157 0.426 0.161 0.139 
 89 UA00033829    (0)   :  0.230 0.071 0.555 0.073 0.072 
 90 UA00064351    (4)   :  0.166 0.197 0.099 0.179 0.358 
 91 UA00003697    (4)   :  0.551 0.096 0.153 0.102 0.098 
 92 UA00063438    (4)   :  0.153 0.154 0.395 0.162 0.136 
 93 UA00007608    (0)   :  0.252 0.117 0.379 0.120 0.131 
 94 UA00019683    (4)   :  0.060 0.117 0.516 0.112 0.195 
 95 UA00007781    (0)   :  0.138 0.236 0.118 0.231 0.278 
 96 UA00002915    (0)   :  0.168 0.149 0.407 0.161 0.116 
 97  Puco031    (4)   :  0.139 0.277 0.112 0.285 0.188 
 98 UA00048280    (4)   :  0.168 0.214 0.107 0.204 0.308 
 99 UA00048589    (0)   :  0.093 0.223 0.200 0.214 0.270 
100 UA00034417    (0)   :  0.222 0.200 0.231 0.201 0.145 
101 UA00050411    (4)   :  0.078 0.318 0.048 0.327 0.229 
102  Puco029    (4)   :  0.039 0.281 0.089 0.268 0.323 
103   F03403    (4)   :  0.093 0.231 0.052 0.207 0.417 
104 UA00049904    (0)   :  0.104 0.170 0.316 0.168 0.243 
105 UA00035335    (0)   :  0.033 0.310 0.070 0.294 0.293 
106 UA00012611    (0)   :  0.076 0.284 0.111 0.293 0.235 
107 UA00050319    (0)   :  0.056 0.233 0.053 0.205 0.453 
108 UA00032068    (4)   :  0.061 0.237 0.256 0.249 0.196 
109 UA00032026    (4)   :  0.089 0.242 0.208 0.253 0.209 
110 UA00030476    (4)   :  0.048 0.207 0.171 0.180 0.394 
111 UA00046853    (0)   :  0.076 0.211 0.155 0.192 0.365 
112 UA00040156    (4)   :  0.048 0.036 0.841 0.037 0.037 
113 UA00030528    (4)   :  0.070 0.206 0.372 0.220 0.132 
114  Puco025    (4)   :  0.062 0.317 0.073 0.303 0.244 
115    pc016    (0)   :  0.051 0.036 0.841 0.036 0.035 
116 UA00030617    (4)   :  0.052 0.325 0.051 0.312 0.261 
117 UA00030585    (4)   :  0.075 0.056 0.746 0.055 0.069 
118 UA00032060    (4)   :  0.070 0.176 0.381 0.182 0.191 
119    pc007    (0)   :  0.091 0.224 0.125 0.205 0.355 
120 UA00030798    (4)   :  0.050 0.068 0.750 0.068 0.064 
121 UA00030778    (4)   :  0.061 0.330 0.050 0.342 0.218 
122 UA00039674    (4)   :  0.048 0.044 0.824 0.045 0.040 
123 UA00032241    (4)   :  0.055 0.277 0.051 0.254 0.363 
124 UA00011624    (0)   :  0.086 0.288 0.087 0.293 0.247 
125 UA00033779    (4)   :  0.078 0.223 0.065 0.196 0.439 
126 UA00049402    (4)   :  0.317 0.214 0.098 0.230 0.140 
127 UA00033653    (0)   :  0.070 0.221 0.057 0.186 0.466 
128 UA00047738    (0)   :  0.173 0.207 0.181 0.204 0.234 
129 UA00047502    (4)   :  0.368 0.181 0.135 0.186 0.131 
130 UA00012014    (4)   :  0.127 0.265 0.125 0.291 0.192 
131 UA00040729    (0)   :  0.071 0.242 0.129 0.226 0.332 
132 UA00030392    (4)   :  0.063 0.298 0.084 0.305 0.249 
133 UA00050033    (0)   :  0.084 0.254 0.129 0.261 0.272 
134 UA00012152    (0)   :  0.538 0.148 0.050 0.155 0.109 
135 UA00050406    (0)   :  0.111 0.256 0.132 0.273 0.229 
136 UA00047973    (0)   :  0.099 0.254 0.089 0.259 0.299 
137 UA00008051    (0)   :  0.189 0.189 0.235 0.192 0.194 
138 UA00047337    (4)   :  0.086 0.197 0.330 0.193 0.193 
139 UA00041604    (4)   :  0.176 0.207 0.213 0.206 0.198 
140 UA00031704    (4)   :  0.048 0.330 0.058 0.327 0.237 
141 UA00040423    (4)   :  0.080 0.254 0.214 0.261 0.191 
142 UA00049433    (0)   :  0.222 0.223 0.167 0.235 0.153 
143 UA00034816    (0)   :  0.182 0.277 0.077 0.270 0.194 
144 UA00050214    (0)   :  0.056 0.332 0.067 0.332 0.213 
145 UA00041073    (0)   :  0.187 0.233 0.124 0.237 0.219 
146 UA00030318    (4)   :  0.140 0.284 0.070 0.277 0.230 
147 UA00046845    (0)   :  0.248 0.242 0.097 0.252 0.161 
148 UA00063946    (0)   :  0.065 0.210 0.104 0.179 0.442 
149 UA00031374    (4)   :  0.155 0.258 0.102 0.261 0.224 
150    M1136    (4)   :  0.082 0.191 0.401 0.194 0.132 
151 UA00034299    (0)   :  0.083 0.319 0.081 0.314 0.203 
152 UA00002387    (4)   :  0.159 0.293 0.053 0.306 0.190 
153 UA00021855    (0)   :  0.122 0.234 0.128 0.229 0.288 
154 UA00014500    (0)   :  0.080 0.277 0.131 0.306 0.207 
155 UA00050419    (4)   :  0.078 0.321 0.051 0.320 0.230 
156 UA00031854    (4)   :  0.191 0.240 0.091 0.241 0.237 
157    pc011    (4)   :  0.100 0.318 0.059 0.325 0.198 
158 UA00033004    (0)   :  0.108 0.277 0.164 0.273 0.179 
159 UA00046510    (0)   :  0.268 0.242 0.077 0.237 0.176 
160 UA00048747    (0)   :  0.147 0.292 0.078 0.296 0.187 
161 UA00014293    (0)   :  0.102 0.312 0.063 0.332 0.192 
162 UA00047686    (0)   :  0.299 0.197 0.163 0.200 0.141 
163 UA00033783    (4)   :  0.181 0.123 0.402 0.121 0.173 
164 UA00042609    (4)   :  0.367 0.182 0.135 0.188 0.129 
165 UA00031169    (4)   :  0.065 0.331 0.072 0.331 0.202 
166 UA00035181    (0)   :  0.067 0.289 0.042 0.289 0.313 
167 UA00050133    (0)   :  0.131 0.271 0.104 0.281 0.213 
168  Puco011    (4)   :  0.118 0.297 0.093 0.311 0.182 
169 UA00041476    (0)   :  0.188 0.251 0.131 0.254 0.175 
170 UA00046702    (0)   :  0.074 0.330 0.062 0.321 0.212 
171 UA00019940    (0)   :  0.145 0.247 0.144 0.252 0.212 
172 UA00049813    (0)   :  0.088 0.239 0.132 0.224 0.318 
173 UA00064165    (0)   :  0.493 0.126 0.126 0.131 0.124 
174 UA00064421    (0)   :  0.417 0.191 0.049 0.192 0.151 
175 UA00064569    (4)   :  0.078 0.310 0.050 0.291 0.272 
176 UA00003996    (0)   :  0.322 0.209 0.089 0.222 0.158 
177 UA00064491    (4)   :  0.148 0.280 0.059 0.273 0.241 
178 UA00011899    (0)   :  0.080 0.274 0.126 0.285 0.235 
179  Puco015    (4)   :  0.104 0.232 0.254 0.232 0.178 
180 UA00047929    (4)   :  0.048 0.267 0.083 0.246 0.356 
181 UA00056669    (0)   :  0.176 0.263 0.083 0.270 0.208 
182 UA00050176    (0)   :  0.191 0.233 0.149 0.246 0.181 
183  Puco014    (4)   :  0.163 0.226 0.126 0.218 0.266 
184 UA00019608    (0)   :  0.173 0.274 0.082 0.288 0.182 
185 UA00064333    (0)   :  0.116 0.297 0.094 0.300 0.193 
186  Puco013    (4)   :  0.298 0.214 0.097 0.224 0.166 
187 UA00016092    (0)   :  0.056 0.331 0.049 0.320 0.245 
188 UA00019060    (0)   :  0.501 0.103 0.196 0.108 0.093 
189 UA00063532    (0)   :  0.154 0.239 0.140 0.238 0.229 
190 UA00064117    (0)   :  0.328 0.121 0.325 0.123 0.102 
191 UA00011969    (0)   :  0.176 0.225 0.144 0.224 0.231 
192 UA00034586    (4)   :  0.075 0.276 0.078 0.266 0.305 
193 UA00030736    (4)   :  0.092 0.284 0.117 0.299 0.208 
194 UA00048493    (0)   :  0.104 0.257 0.163 0.265 0.212 
195 UA00040466    (0)   :  0.701 0.078 0.064 0.082 0.074 
196 UA00047659    (0)   :  0.128 0.271 0.080 0.278 0.243 
197 UA00042002    (4)   :  0.109 0.167 0.384 0.164 0.176 
198 UA00062606    (0)   :  0.269 0.213 0.128 0.222 0.168 
199 UA00030615    (4)   :  0.690 0.086 0.053 0.087 0.084 
200 UA00048899    (0)   :  0.128 0.263 0.107 0.282 0.220 
201 UA00047725    (0)   :  0.829 0.039 0.051 0.041 0.040 
202 UA00030866    (4)   :  0.201 0.243 0.105 0.265 0.186 
203 UA00034564    (0)   :  0.150 0.278 0.109 0.290 0.173 
204 UA00046520    (0)   :  0.068 0.227 0.057 0.200 0.448 
205 UA00035027    (0)   :  0.209 0.206 0.163 0.213 0.208 
206 UA00035421    (0)   :  0.470 0.172 0.066 0.175 0.117 
207 UA00062740    (4)   :  0.273 0.169 0.226 0.187 0.145 
208 UA00012360    (0)   :  0.711 0.076 0.061 0.079 0.073 
209 UA00050203    (0)   :  0.096 0.265 0.111 0.255 0.273 
210 UA00040534    (4)   :  0.383 0.109 0.306 0.111 0.091 
211 UA00031261    (4)   :  0.558 0.083 0.203 0.088 0.068 
212 UA00031917    (4)   :  0.386 0.096 0.344 0.100 0.074 
213 UA00040798    (4)   :  0.435 0.136 0.136 0.135 0.158 
214 UA00030598    (4)   :  0.414 0.152 0.130 0.157 0.147 
215 UA00050385    (0)   :  0.180 0.264 0.110 0.273 0.173 
216 UA00058283    (0)   :  0.705 0.060 0.110 0.061 0.064 
217 UA00042297    (4)   :  0.191 0.132 0.410 0.132 0.136 
218 UA00015415    (4)   :  0.763 0.063 0.056 0.064 0.053 
219 UA00035531    (0)   :  0.593 0.085 0.163 0.090 0.070 
220 UA00048683    (0)   :  0.629 0.105 0.070 0.107 0.090 
221 UA00046734    (4)   :  0.710 0.071 0.080 0.074 0.066 
222   pcRF01    (0)   :  0.072 0.342 0.037 0.346 0.204 
223 UA00007223    (0)   :  0.328 0.189 0.158 0.194 0.131 
224 UA00013841    (0)   :  0.070 0.209 0.332 0.206 0.183 
225 UA00014196    (0)   :  0.633 0.091 0.113 0.093 0.070 
226 UA00034635    (0)   :  0.119 0.276 0.082 0.296 0.227 
227 UA00047371    (0)   :  0.107 0.167 0.371 0.172 0.183 
228 UA00063544    (0)   :  0.111 0.171 0.353 0.168 0.197 
229 UA00064246    (0)   :  0.264 0.182 0.171 0.183 0.199 
230 UA00064328    (0)   :  0.281 0.173 0.217 0.179 0.151 
231 UA00002952    (0)   :  0.324 0.143 0.257 0.155 0.121 
232 UA00064079    (0)   :  0.134 0.204 0.274 0.208 0.179 
233 UA00046793    (0)   :  0.354 0.149 0.238 0.152 0.107 
234 UA00034769    (0)   :  0.156 0.108 0.487 0.108 0.140 
235 UA00034949    (0)   :  0.387 0.176 0.137 0.189 0.112 
236 UA00063753    (0)   :  0.163 0.177 0.196 0.160 0.303 
237 UA00015713    (0)   :  0.087 0.187 0.308 0.186 0.232 
238 UA00003494    (0)   :  0.238 0.229 0.152 0.238 0.142 
239 UA00056767    (0)   :  0.060 0.234 0.037 0.207 0.461 
240 UA00014461    (0)   :  0.344 0.174 0.152 0.182 0.148 
241 UA00034669    (0)   :  0.408 0.117 0.230 0.125 0.121 
242 UA00048164    (0)   :  0.331 0.207 0.072 0.205 0.184 
243 UA00007974    (0)   :  0.100 0.198 0.204 0.182 0.316 
244 UA00016166    (0)   :  0.094 0.183 0.414 0.188 0.122 
245 UA00015653    (0)   :  0.240 0.121 0.410 0.124 0.105 
246 UA00063882    (0)   :  0.451 0.127 0.182 0.134 0.106 
247 UA00049027    (0)   :  0.142 0.140 0.426 0.138 0.154 
248 UA00018878    (0)   :  0.070 0.144 0.446 0.143 0.197 
249 UA00038796    (0)   :  0.452 0.138 0.124 0.142 0.144 
250 UA00013465    (0)   :  0.625 0.091 0.099 0.093 0.092 
251 UA00014604    (0)   :  0.304 0.155 0.205 0.156 0.181 
252 UA00041913    (0)   :  0.106 0.150 0.365 0.141 0.237 
253 UA00021632    (0)   :  0.118 0.096 0.598 0.097 0.091 
254 UA00064027    (0)   :  0.196 0.182 0.282 0.187 0.153 
255 UA00015023    (0)   :  0.257 0.239 0.088 0.238 0.177 
256 UA00050243    (0)   :  0.119 0.168 0.412 0.173 0.129 
257 UA00048298    (0)   :  0.141 0.245 0.152 0.252 0.211 
258 UA00050437    (0)   :  0.352 0.182 0.132 0.187 0.148 
259 UA00014262    (0)   :  0.135 0.197 0.302 0.201 0.165 
260 UA00049129    (0)   :  0.091 0.229 0.175 0.222 0.284 
261 UA00014740    (0)   :  0.164 0.200 0.160 0.201 0.275 
262 UA00049612    (0)   :  0.123 0.078 0.630 0.080 0.089 
263 UA00014635    (0)   :  0.064 0.233 0.051 0.203 0.449 
264 UA00014673    (0)   :  0.261 0.140 0.314 0.139 0.145 
265 UA00033608    (0)   :  0.131 0.117 0.492 0.115 0.145 
266 UA00064540    (0)   :  0.154 0.210 0.097 0.189 0.350 
267 UA00050256    (0)   :  0.254 0.153 0.314 0.158 0.122 
268 UA00015274    (0)   :  0.161 0.267 0.102 0.263 0.206 
269 UA00062993    (0)   :  0.166 0.231 0.060 0.219 0.324 
270 UA00038364    (0)   :  0.145 0.190 0.241 0.193 0.232 
271 UA00014446    (0)   :  0.097 0.284 0.075 0.291 0.254 
272 UA00063545    (0)   :  0.201 0.088 0.540 0.091 0.080 
273 UA00040054    (0)   :  0.070 0.281 0.169 0.275 0.206 
274 UA00058447    (0)   :  0.094 0.243 0.129 0.247 0.287 
275 UA00046835    (0)   :  0.097 0.237 0.095 0.232 0.340 
276 UA00014608    (0)   :  0.143 0.249 0.095 0.247 0.266 
277    pc012    (0)   :  0.206 0.208 0.158 0.208 0.220 
278    pc002    (0)   :  0.121 0.132 0.490 0.133 0.124 
279 UA00033690    (0)   :  0.080 0.158 0.349 0.137 0.277 
280 UA00013688    (0)   :  0.192 0.221 0.131 0.233 0.223 
281 UA00063666    (0)   :  0.041 0.197 0.197 0.174 0.390 
282 UA00063292    (0)   :  0.059 0.229 0.066 0.201 0.445 
283    pc001    (0)   :  0.166 0.239 0.119 0.242 0.234 
284    pc008    (0)   :  0.116 0.234 0.129 0.220 0.301 
285 UA00034316    (0)   :  0.252 0.167 0.284 0.171 0.126 
286 UA00013046    (0)   :  0.052 0.278 0.081 0.257 0.331 
287 UA00050241    (0)   :  0.043 0.248 0.084 0.215 0.410 
288 UA00048599    (0)   :  0.071 0.258 0.065 0.234 0.372 
289 UA00046649    (0)   :  0.072 0.133 0.523 0.135 0.137 
290 UA00015674    (0)   :  0.107 0.101 0.546 0.097 0.149 
291 UA00013177    (0)   :  0.178 0.183 0.201 0.171 0.267 
292 UA00012814    (0)   :  0.147 0.262 0.109 0.269 0.213 
293 UA00034654    (0)   :  0.078 0.287 0.082 0.281 0.273 
294 UA00046743    (0)   :  0.080 0.245 0.078 0.224 0.373 
295 UA00014854    (0)   :  0.040 0.191 0.299 0.176 0.294 
296 UA00013729    (0)   :  0.108 0.282 0.115 0.279 0.215 
297 UA00063483    (0)   :  0.068 0.244 0.097 0.248 0.345 
298 UA00039326    (0)   :  0.085 0.208 0.279 0.198 0.230 
299 UA00014742    (0)   :  0.057 0.244 0.090 0.226 0.383 
300 UA00049597    (0)   :  0.037 0.116 0.582 0.115 0.150 
301 UA00048067    (0)   :  0.127 0.182 0.242 0.182 0.268 
302 UA00012918    (0)   :  0.042 0.163 0.357 0.141 0.296 
303 UA00013487    (0)   :  0.046 0.348 0.051 0.353 0.202 
304 UA00046759    (0)   :  0.261 0.163 0.238 0.168 0.170 
305 UA00050164    (0)   :  0.080 0.105 0.622 0.112 0.081 
306 UA00049839    (0)   :  0.100 0.232 0.075 0.222 0.371 
307 UA00048444    (0)   :  0.060 0.191 0.164 0.162 0.423 
308 UA00063857    (0)   :  0.047 0.249 0.120 0.243 0.341 
309 UA00014921    (0)   :  0.044 0.122 0.564 0.121 0.149 
310 UA00048895    (0)   :  0.088 0.135 0.488 0.134 0.155 
311 UA00014556    (0)   :  0.271 0.204 0.124 0.206 0.196 
312    pc009    (0)   :  0.038 0.228 0.068 0.197 0.469 
313 UA00014959    (0)   :  0.059 0.116 0.573 0.112 0.141 
314 UA00020709    (0)   :  0.098 0.218 0.257 0.214 0.212 
315 UA00013126    (0)   :  0.057 0.051 0.784 0.050 0.057 
316 UA00013695    (0)   :  0.059 0.064 0.748 0.064 0.064 
317 UA00049344    (0)   :  0.086 0.103 0.602 0.106 0.103 
318 UA00047614    (0)   :  0.143 0.059 0.671 0.063 0.063 
319 UA00014221    (0)   :  0.051 0.248 0.039 0.221 0.442 
320 UA00014346    (0)   :  0.108 0.211 0.121 0.191 0.369 
321 UA00014245    (0)   :  0.059 0.166 0.395 0.156 0.223 
322 UA00014696    (0)   :  0.095 0.058 0.742 0.059 0.047 
323 UA00006991    (0)   :  0.168 0.260 0.085 0.290 0.197 
324 UA00048948    (0)   :  0.139 0.261 0.105 0.260 0.234 
325 UA00002239    (0)   :  0.169 0.267 0.121 0.267 0.177 
326 UA00063459    (0)   :  0.043 0.224 0.106 0.194 0.434 
327 UA00048356    (0)   :  0.202 0.200 0.127 0.197 0.274 
328 UA00063940    (0)   :  0.210 0.241 0.109 0.244 0.197 
329 UA00048130    (0)   :  0.093 0.223 0.075 0.214 0.395 
330 UA00048903    (0)   :  0.057 0.297 0.047 0.289 0.309 
331 UA00064643    (0)   :  0.138 0.248 0.136 0.244 0.233 
332 UA00050233    (0)   :  0.175 0.251 0.077 0.246 0.251 
333 UA00012507    (0)   :  0.310 0.225 0.066 0.228 0.170 
334 UA00064416    (0)   :  0.085 0.318 0.064 0.323 0.210 
335 UA00034724    (0)   :  0.118 0.265 0.075 0.266 0.277 
336 UA00002621    (0)   :  0.072 0.274 0.068 0.264 0.322 
337 UA00033203    (0)   :  0.080 0.313 0.095 0.319 0.194 
338 UA00011996    (0)   :  0.069 0.255 0.161 0.276 0.239 
339 UA00014408    (0)   :  0.400 0.179 0.097 0.188 0.135 
340 UA00049502    (0)   :  0.225 0.210 0.079 0.220 0.267 
341 UA00062695    (0)   :  0.133 0.202 0.181 0.190 0.293 
342 UA00014072    (0)   :  0.090 0.226 0.107 0.219 0.358 
343 UA00003334    (0)   :  0.060 0.257 0.074 0.236 0.373 
344 UA00013835    (0)   :  0.111 0.229 0.171 0.224 0.266 
345 UA00046760    (0)   :  0.075 0.192 0.306 0.190 0.237 
346 UA00014241    (0)   :  0.109 0.280 0.067 0.272 0.271 
347 UA00049585    (0)   :  0.047 0.264 0.086 0.257 0.345 
348 UA00013409    (0)   :  0.238 0.181 0.102 0.167 0.312 
349 UA00047548    (0)   :  0.056 0.293 0.100 0.306 0.245 
350 UA00049038    (0)   :  0.149 0.134 0.425 0.133 0.159 
351 UA00047612    (0)   :  0.134 0.260 0.083 0.262 0.261 
352 UA00014822    (0)   :  0.215 0.121 0.424 0.123 0.116 
353 UA00035299    (0)   :  0.109 0.274 0.108 0.285 0.224 
354 UA00012804    (0)   :  0.105 0.146 0.455 0.152 0.143 
355 UA00049578    (0)   :  0.253 0.215 0.091 0.215 0.226 
356 UA00047672    (0)   :  0.095 0.330 0.064 0.326 0.186 
357 UA00043961    (0)   :  0.110 0.087 0.613 0.087 0.103 
358 UA00064575    (0)   :  0.301 0.180 0.096 0.178 0.245 
359 UA00014732    (0)   :  0.136 0.287 0.066 0.282 0.229 
360 UA00050181    (0)   :  0.142 0.288 0.053 0.313 0.203 
361 UA00033369    (0)   :  0.135 0.176 0.375 0.185 0.130 
362 UA00011982    (0)   :  0.043 0.351 0.046 0.335 0.225 
363 UA00014590    (0)   :  0.131 0.251 0.195 0.253 0.169 
364 UA00047743    (0)   :  0.063 0.325 0.075 0.324 0.214 
365 UA00046621    (0)   :  0.047 0.338 0.061 0.325 0.229 
366 UA00050422    (0)   :  0.248 0.230 0.086 0.233 0.202 
367 UA00002760    (0)   :  0.082 0.247 0.168 0.247 0.256 
368 UA00012999    (0)   :  0.072 0.250 0.228 0.260 0.190 
369 UA00063838    (0)   :  0.092 0.276 0.071 0.259 0.302 
370 UA00003729    (0)   :  0.250 0.138 0.297 0.137 0.178 
371 UA00015348    (0)   :  0.114 0.203 0.135 0.188 0.360 
372 UA00019058    (0)   :  0.160 0.202 0.092 0.187 0.359 
373 UA00049549    (0)   :  0.043 0.187 0.205 0.163 0.401 
374 UA00014334    (0)   :  0.208 0.251 0.114 0.251 0.176 
375 UA00014350    (0)   :  0.036 0.367 0.037 0.347 0.213 
376 UA00049227    (0)   :  0.177 0.170 0.335 0.184 0.134 
377 UA00014051    (0)   :  0.267 0.256 0.048 0.263 0.166 
378 UA00034381    (0)   :  0.182 0.248 0.084 0.239 0.247 
379 UA00002354    (0)   :  0.060 0.338 0.053 0.336 0.212 
380 UA00049892    (0)   :  0.054 0.241 0.170 0.225 0.310 
381 UA00021989    (0)   :  0.117 0.283 0.054 0.281 0.264 
382 UA00048968    (0)   :  0.125 0.288 0.071 0.297 0.218 
383 UA00013174    (0)   :  0.133 0.279 0.095 0.288 0.206 
384 UA00033992    (0)   :  0.071 0.225 0.311 0.236 0.157 
385 UA00015801    (0)   :  0.042 0.348 0.038 0.330 0.242 
386 UA00063303    (0)   :  0.106 0.157 0.387 0.151 0.199 
387 UA00050206    (0)   :  0.064 0.230 0.041 0.205 0.459 
388 UA00014458    (0)   :  0.131 0.232 0.164 0.225 0.248 
389 UA00007204    (0)   :  0.066 0.231 0.128 0.212 0.364 
390 UA00063212    (0)   :  0.201 0.154 0.274 0.149 0.223 
391 UA00013340    (0)   :  0.076 0.236 0.213 0.242 0.233 
392 UA00062743    (0)   :  0.216 0.275 0.059 0.280 0.170 
393 UA00063189    (0)   :  0.554 0.118 0.106 0.121 0.101 
394 UA00035432    (0)   :  0.066 0.263 0.069 0.255 0.347 
395 UA00007958    (0)   :  0.079 0.299 0.068 0.307 0.247 
396 UA00013634    (0)   :  0.122 0.310 0.056 0.325 0.187 
397 UA00048175    (0)   :  0.078 0.342 0.033 0.343 0.204 
398 UA00003202    (0)   :  0.094 0.270 0.087 0.275 0.274 
399 UA00035090    (0)   :  0.178 0.232 0.099 0.222 0.269 
400 UA00064679    (0)   :  0.430 0.162 0.102 0.165 0.140 
401 UA00039518    (0)   :  0.079 0.295 0.085 0.293 0.248 
402 UA00058268    (0)   :  0.115 0.274 0.102 0.271 0.238 
403 UA00049456    (0)   :  0.099 0.180 0.326 0.180 0.213 
404 UA00049550    (0)   :  0.190 0.222 0.064 0.208 0.317 
405 UA00048342    (0)   :  0.107 0.204 0.267 0.199 0.222 
406 UA00063493    (0)   :  0.069 0.292 0.058 0.283 0.298 
407 UA00058261    (0)   :  0.249 0.255 0.065 0.262 0.170 
408 UA00014663    (0)   :  0.143 0.274 0.110 0.272 0.200 
409 UA00048817    (0)   :  0.119 0.217 0.294 0.222 0.148 
410 UA00049381    (0)   :  0.140 0.300 0.060 0.306 0.194 
411 UA00035901    (0)   :  0.369 0.176 0.114 0.180 0.161 
412 UA00013301    (0)   :  0.155 0.200 0.104 0.184 0.357 
413 UA00047926    (0)   :  0.176 0.254 0.140 0.259 0.170 
414 UA00007272    (0)   :  0.317 0.213 0.111 0.220 0.140 
415 UA00016041    (0)   :  0.086 0.228 0.161 0.222 0.303 
416 UA00013502    (0)   :  0.139 0.275 0.049 0.267 0.270 
417 UA00002390    (0)   :  0.101 0.238 0.239 0.245 0.177 
418 UA00034907    (0)   :  0.173 0.252 0.080 0.246 0.249 
419 UA00048821    (0)   :  0.203 0.189 0.256 0.187 0.164 
420 UA00002136    (0)   :  0.134 0.183 0.256 0.185 0.242 
421 UA00011790    (0)   :  0.146 0.275 0.102 0.288 0.188 
422 UA00021586    (0)   :  0.139 0.190 0.299 0.191 0.181 
423 UA00033270    (0)   :  0.160 0.246 0.106 0.248 0.239 
424 UA00048073    (0)   :  0.112 0.253 0.110 0.246 0.279 
425 UA00048856    (0)   :  0.246 0.221 0.092 0.227 0.214 
426 UA00049713    (0)   :  0.122 0.291 0.096 0.282 0.209 
427 UA00046885    (0)   :  0.093 0.261 0.103 0.268 0.274 
428 UA00034893    (0)   :  0.070 0.287 0.082 0.280 0.281 
429 UA00048011    (0)   :  0.172 0.277 0.046 0.273 0.232 
430 UA00015786    (0)   :  0.305 0.187 0.152 0.196 0.161 
431 UA00013162    (0)   :  0.207 0.264 0.102 0.274 0.153 
432 UA00049512    (0)   :  0.153 0.218 0.136 0.217 0.276 
433 UA00004046    (0)   :  0.103 0.323 0.051 0.327 0.197 
434 UA00048881    (0)   :  0.313 0.151 0.240 0.159 0.138 
435 UA00046610    (0)   :  0.206 0.201 0.229 0.211 0.153 
436 UA00033282    (0)   :  0.183 0.218 0.149 0.226 0.224 
437 UA00047561    (0)   :  0.101 0.309 0.075 0.317 0.196 
438 UA00013777    (0)   :  0.319 0.218 0.065 0.237 0.161 
439 UA00062849    (0)   :  0.085 0.231 0.085 0.207 0.392 
440 UA00049786    (0)   :  0.141 0.317 0.046 0.310 0.186 
441 UA00033246    (0)   :  0.044 0.228 0.061 0.198 0.469 
442 UA00045302    (0)   :  0.085 0.270 0.137 0.273 0.235 
443 UA00048637    (0)   :  0.135 0.297 0.064 0.308 0.196 
444 UA00049832    (0)   :  0.072 0.195 0.281 0.184 0.269 
445 UA00022023    (0)   :  0.113 0.234 0.240 0.244 0.169 
446 UA00050192    (0)   :  0.095 0.197 0.344 0.212 0.151 
447 UA00050413    (0)   :  0.133 0.252 0.100 0.254 0.261 
448 UA00013445    (0)   :  0.071 0.321 0.052 0.320 0.236 
449 UA00035496    (0)   :  0.340 0.183 0.100 0.189 0.188 
450 UA00003333    (0)   :  0.365 0.156 0.184 0.165 0.130 
451 UA00064008    (0)   :  0.394 0.192 0.068 0.194 0.151 
452 UA00003427    (0)   :  0.157 0.187 0.295 0.192 0.170 
453 UA00028092    (0)   :  0.213 0.151 0.329 0.152 0.154 
454    pc003    (0)   :  0.608 0.080 0.153 0.083 0.076 
455 UA00034440    (0)   :  0.146 0.226 0.072 0.220 0.337 
456 UA00026062    (0)   :  0.091 0.308 0.101 0.321 0.179 
457 UA00014347    (0)   :  0.214 0.199 0.167 0.204 0.216 
458 UA00021516    (0)   :  0.082 0.319 0.073 0.315 0.211 
459 UA00049347    (0)   :  0.441 0.168 0.076 0.176 0.138 
460 UA00063436    (0)   :  0.452 0.134 0.089 0.131 0.194 
461 UA00047790    (0)   :  0.128 0.287 0.088 0.310 0.187 
462 UA00045714    (0)   :  0.365 0.162 0.169 0.173 0.132 
463 UA00038979    (0)   :  0.099 0.193 0.220 0.178 0.310 
464 UA00016123    (0)   :  0.239 0.222 0.147 0.231 0.161 
465 UA00034765    (0)   :  0.728 0.080 0.045 0.082 0.064 
466 UA00063815    (0)   :  0.536 0.091 0.183 0.091 0.100 
467 UA00034795    (0)   :  0.122 0.229 0.090 0.214 0.346 
468 UA00004000    (0)   :  0.649 0.090 0.079 0.096 0.087 
469 UA00049367    (0)   :  0.195 0.227 0.058 0.219 0.301 
470 UA00034457    (0)   :  0.081 0.292 0.109 0.298 0.220 
471 UA00050015    (0)   :  0.148 0.205 0.164 0.214 0.269 
472 UA00021373    (0)   :  0.141 0.256 0.112 0.265 0.227 
473 UA00050232    (0)   :  0.587 0.084 0.158 0.088 0.083 
474 UA00038724    (0)   :  0.085 0.212 0.246 0.223 0.233 
475 UA00007824    (0)   :  0.170 0.234 0.189 0.250 0.155 
476 UA00048754    (0)   :  0.300 0.239 0.051 0.254 0.155 
477 UA00014271    (0)   :  0.110 0.249 0.151 0.256 0.235 
478 UA00013756    (0)   :  0.247 0.159 0.200 0.155 0.239 
479 UA00014385    (0)   :  0.377 0.151 0.199 0.156 0.117 
480 UA00049609    (0)   :  0.103 0.241 0.085 0.227 0.344 
481 UA00003748    (0)   :  0.471 0.164 0.067 0.177 0.121 
482 UA00063952    (0)   :  0.419 0.181 0.054 0.190 0.156 
483 UA00058348    (0)   :  0.564 0.122 0.051 0.127 0.136 
484 UA00014922    (0)   :  0.672 0.081 0.083 0.082 0.082 
485 UA00003820    (0)   :  0.242 0.266 0.050 0.277 0.165 
486 UA00013693    (0)   :  0.273 0.199 0.157 0.212 0.159 
487 UA00047713    (0)   :  0.663 0.101 0.053 0.105 0.079 
488 UA00034891    (0)   :  0.460 0.136 0.117 0.145 0.142 
489 UA00049223    (0)   :  0.411 0.171 0.080 0.172 0.166 
490 UA00064399    (0)   :  0.511 0.059 0.322 0.063 0.046 
491 UA00013336    (0)   :  0.651 0.069 0.137 0.071 0.072 
492 UA00035291    (0)   :  0.670 0.075 0.117 0.079 0.059 
493 UA00003945    (0)   :  0.608 0.098 0.102 0.102 0.089 
494 UA00014518    (0)   :  0.538 0.136 0.089 0.137 0.100 
495 UA00013583    (0)   :  0.225 0.096 0.481 0.097 0.100 
496 UA00011510    (0)   :  0.496 0.130 0.128 0.134 0.112 
497 UA00046860    (0)   :  0.380 0.179 0.114 0.187 0.139 
498 UA00048853    (0)   :  0.391 0.136 0.224 0.135 0.113 
499 UA00012151    (0)   :  0.698 0.082 0.073 0.084 0.063 
500 UA00063930    (0)   :  0.176 0.119 0.432 0.115 0.158 
501 UA00013453    (0)   :  0.327 0.164 0.186 0.169 0.154 
502 UA00039299    (0)   :  0.732 0.062 0.081 0.064 0.060 
503 UA00014280    (0)   :  0.793 0.054 0.042 0.055 0.057 
504 UA00014200    (0)   :  0.601 0.120 0.066 0.128 0.086 
505 UA00040612    (0)   :  0.647 0.064 0.165 0.068 0.056 
506 UA00062679    (0)   :  0.690 0.065 0.116 0.066 0.063 
507 UA00034481    (0)   :  0.667 0.091 0.066 0.093 0.082 
508 UA00011880    (0)   :  0.121 0.148 0.366 0.138 0.227 
509 UA00013421    (0)   :  0.606 0.060 0.222 0.063 0.048 
510 UA00048051    (0)   :  0.788 0.049 0.066 0.051 0.046 
511 UA00063370    (0)   :  0.660 0.052 0.183 0.055 0.050 
512 UA00014716    (0)   :  0.682 0.065 0.123 0.065 0.065 
513 UA00033426    (0)   :  0.438 0.131 0.202 0.137 0.092 
514 UA00015190    (0)   :  0.507 0.068 0.295 0.071 0.059 
515 UA00013730    (0)   :  0.083 0.260 0.142 0.261 0.253 
516 UA00047644    (4)   :  0.459 0.110 0.223 0.116 0.092 
517 UA00031933    (9)   :  0.179 0.264 0.092 0.273 0.191 
518 UA00031541    (9)   :  0.415 0.142 0.161 0.144 0.138 
519   PCO-60    (4)   :  0.238 0.229 0.086 0.221 0.226 
520 UA00030495    (4)   :  0.216 0.198 0.190 0.207 0.189 
521 UA00031133    (4)   :  0.051 0.222 0.081 0.187 0.459 
522 UA00032049    (4)   :  0.143 0.158 0.391 0.167 0.141 
523 UA00030599    (4)   :  0.110 0.190 0.165 0.173 0.362 
524 UA00030250    (4)   :  0.084 0.311 0.067 0.325 0.212 
525 UA00049385    (4)   :  0.150 0.189 0.204 0.176 0.281 
526 UA00031816    (4)   :  0.060 0.220 0.080 0.191 0.448 
527 UA00030275    (4)   :  0.157 0.236 0.186 0.243 0.179 
528 UA00041861    (4)   :  0.174 0.239 0.150 0.254 0.183 
529 UA00041433    (4)   :  0.082 0.309 0.056 0.297 0.256 
530  PCO-114    (4)   :  0.206 0.275 0.067 0.277 0.175 
531 UA00031529    (4)   :  0.144 0.254 0.086 0.254 0.262 
532 UA00039719    (4)   :  0.166 0.260 0.070 0.259 0.245 
533  PCO-442    (4)   :  0.070 0.331 0.052 0.333 0.215 
534   PCO-58    (0)   :  0.135 0.292 0.102 0.298 0.174 
535 UA00048673    (4)   :  0.222 0.223 0.104 0.227 0.224 
536   PCO-63    (4)   :  0.117 0.271 0.056 0.264 0.292 


Estimated Allele Frequencies in each cluster
First column gives estimated ancestral frequencies


Locus 1 : PP01 
2 alleles
0.0% missing data
   1   (0.603) 0.327 0.606 0.869 0.605 0.556 
   2   (0.397) 0.673 0.394 0.131 0.395 0.444 

Locus 2 : PP02 
2 alleles
0.0% missing data
   1   (0.905) 0.969 0.903 0.990 0.908 0.889 
   2   (0.095) 0.031 0.097 0.010 0.092 0.111 

Locus 3 : PP03 
2 alleles
18.3% missing data
   1   (0.791) 0.971 0.788 0.923 0.793 0.717 
   2   (0.209) 0.029 0.212 0.077 0.207 0.283 

Locus 4 : PP04 
2 alleles
0.4% missing data
   1   (0.727) 0.963 0.688 0.650 0.702 0.552 
   2   (0.273) 0.037 0.312 0.350 0.298 0.448 

Locus 5 : PP06 
2 alleles
0.0% missing data
   1   (0.623) 0.604 0.643 0.657 0.635 0.721 
   2   (0.377) 0.396 0.357 0.343 0.365 0.279 

Locus 6 : PP07 
2 alleles
0.0% missing data
   1   (0.688) 0.948 0.664 0.874 0.669 0.599 
   2   (0.312) 0.052 0.336 0.126 0.331 0.401 

Locus 7 : PP09 
2 alleles
0.0% missing data
   1   (0.460) 0.060 0.483 0.630 0.468 0.645 
   2   (0.540) 0.940 0.517 0.370 0.532 0.355 

Locus 8 : PP10 
2 alleles
0.0% missing data
   1   (0.177) 0.383 0.113 0.418 0.128 0.079 
   2   (0.823) 0.617 0.887 0.582 0.872 0.921 

Locus 9 : PP11 
2 alleles
0.0% missing data
   1   (0.662) 0.821 0.653 0.803 0.652 0.760 
   2   (0.338) 0.179 0.347 0.197 0.348 0.240 

Locus 10 : PP12 
2 alleles
0.2% missing data
   1   (0.422) 0.119 0.458 0.279 0.447 0.489 
   2   (0.578) 0.881 0.542 0.721 0.553 0.511 

Locus 11 : PP13 
2 alleles
0.0% missing data
   1   (0.173) 0.123 0.135 0.498 0.143 0.089 
   2   (0.827) 0.877 0.865 0.502 0.857 0.911 

Locus 12 : PP14 
2 alleles
0.2% missing data
   1   (0.855) 0.914 0.853 0.965 0.852 0.904 
   2   (0.145) 0.086 0.147 0.035 0.148 0.096 

Locus 13 : PP15 
2 alleles
0.0% missing data
   1   (0.904) 0.946 0.937 0.395 0.934 0.929 
   2   (0.096) 0.054 0.063 0.605 0.066 0.071 

Locus 14 : PP16 
2 alleles
0.0% missing data
   1   (0.493) 0.398 0.542 0.428 0.526 0.645 
   2   (0.507) 0.602 0.458 0.572 0.474 0.355 

Locus 15 : PP17 
2 alleles
0.2% missing data
   1   (0.654) 0.504 0.653 0.841 0.653 0.609 
   2   (0.346) 0.496 0.347 0.159 0.347 0.391 

Locus 16 : PP18 
2 alleles
0.7% missing data
   1   (0.736) 0.921 0.727 0.895 0.725 0.766 
   2   (0.264) 0.079 0.273 0.105 0.275 0.234 

Locus 17 : PP20 
2 alleles
0.0% missing data
   1   (0.633) 0.501 0.654 0.650 0.655 0.635 
   2   (0.367) 0.499 0.346 0.350 0.345 0.365 

Locus 18 : PP21 
2 alleles
14.9% missing data
   1   (0.856) 0.988 0.842 0.973 0.844 0.806 
   2   (0.144) 0.012 0.158 0.027 0.156 0.194 

Locus 19 : PP22 
2 alleles
1.3% missing data
   1   (0.496) 0.146 0.522 0.064 0.532 0.335 
   2   (0.504) 0.854 0.478 0.936 0.468 0.665 

Locus 20 : PP23 
2 alleles
0.7% missing data
   1   (0.631) 0.797 0.616 0.743 0.617 0.639 
   2   (0.369) 0.203 0.384 0.257 0.383 0.361 

Locus 21 : PP24 
2 alleles
0.2% missing data
   1   (0.803) 0.577 0.851 0.868 0.846 0.856 
   2   (0.197) 0.423 0.149 0.132 0.154 0.144 

Locus 22 : PP25 
2 alleles
0.6% missing data
   1   (0.345) 0.466 0.304 0.710 0.312 0.350 
   2   (0.655) 0.534 0.696 0.290 0.688 0.650 

Values of parameters used in structure:
DATAFILE=Puma_SNP_genotypes_cut_AZ_final_HWEonly.str,	OUTFILE=outputfile_K5_6,	NUMINDS=536,	NUMLOCI=22,	MISSING=-9,	LABEL=1,	POPDATA=0,	POPFLAG=0,	PHENOTYPE=0,	EXTRACOLS=0,	MAXPOPS=5,	BURNIN=100000,	NUMREPS=500000,	USEPOPINFO=0,	INFERALPHA=1,	INFERLAMBDA=0,	POPSPECIFICLAMBDA=0,	POPALPHAS=0,	COMPUTEPROB=1,	NOADMIX=0,	ADMBURNIN=2500,	UPDATEFREQ=200,	PRINTLIKES=0,	INTERMEDSAVE=0,	PRINTKLD=0,	PRINTNET=0,	PRINTLAMBDA=0,	ANCESTDIST=0,	NUMBOXES=1000,	ANCESTPINT=0.90000,	GENSBACK=2,	MIGRPRIOR=0.05000,	PRINTQHAT=0,	PRINTQSUM=0,	ALPHA=1.0000,	FREQSCORR=1,	FPRIORMEAN=0.0100,	FPRIORSD=0.0500,	ONEFST=0,	LAMBDA=1.0000,	UNIFPRIORALPHA=1,	ALPHAMAX=10.0000,	ALPHAPRIORA=1.0000,	ALPHAPRIORB=2.0000,	ALPHAPROPSD=0.0250,	STARTATPOPINFO=0,	RANDOMIZE=1,	LINKAGE=0,	METROFREQ=20,	REPORTHITRATE=0,	MARKOVPHASE=0,	PHASED=0,	PLOIDY=2,	PHASEINFO=0	LOCPRIOR=0, 	LOCPRIORINIT=1.000000, 	LOCDATA=0, 	LOCISPOP=0, 	LOCPRIORSTEP=0.100000, 	MAXLOCPRIOR=20.000000, 	SEED=1716620666,	
[STRAT parameters]:    NUMSIMSTATS=1000,	PHENOTYPECOL=-9,	POOLFREQ=10,	LOCUSxONLY=0,	EMERROR=0.00100,	MISSINGPHENO=-9,	