

----------------------------------------------------
STRUCTURE by Pritchard, Stephens and Donnelly (2000)
     and Falush, Stephens and Pritchard (2003)
       Code by Pritchard, Falush and Hubisz
             Version 2.3.4 (Jul 2012)
----------------------------------------------------



Command line arguments:   structure -K 4 -o outputfile_K4_1 
Input File:    Puma_SNP_genotypes_cut_AZ_final_HWEonly.str

Run parameters:
   536 individuals
   22 loci
   4 populations assumed
   100000 Burn-in period
   500000 Reps


--------------------------------------------
Overall proportion of membership of the
sample in each of the 4 clusters

Inferred Clusters
  1      2      3      4    
0.246  0.241  0.256  0.257  

--------------------------------------------

Allele-freq. divergence among pops (Net nucleotide distance),
computed using point estimates of P.

      1       2       3       4      
 1      -    0.0528  0.0658  0.0500  
 2   0.0528     -    0.0486  0.0631  
 3   0.0658  0.0486     -    0.0420  
 4   0.0500  0.0631  0.0420     -    

Average distances (expected heterozygosity) between individuals in same cluster:
cluster  1  : 0.2901 
cluster  2  : 0.3361 
cluster  3  : 0.3504 
cluster  4  : 0.3543 

--------------------------------------------
Estimated Ln Prob of Data   = -12845.7
Mean value of ln likelihood = -12369.5
Variance of ln likelihood   = 952.3
Mean value of alpha         = 0.4503

Mean value of Fst_1         = 0.2144
Mean value of Fst_2         = 0.1790
Mean value of Fst_3         = 0.1281
Mean value of Fst_4         = 0.1118


Inferred ancestry of individuals:
        Label (%Miss) :  Inferred clusters
  1 UA00063336   (13)   :  0.131 0.566 0.144 0.159 
  2 UA00048914    (9)   :  0.360 0.278 0.136 0.227 
  3 UA00014769   (13)   :  0.053 0.138 0.317 0.492 
  4 UA00008132   (13)   :  0.178 0.255 0.264 0.303 
  5 UA00030462   (13)   :  0.451 0.231 0.167 0.150 
  6 UA00034866   (13)   :  0.360 0.124 0.311 0.204 
  7 UA00034800    (9)   :  0.134 0.675 0.099 0.092 
  8  Puco006    (9)   :  0.685 0.154 0.068 0.093 
  9 UA00048874    (4)   :  0.153 0.646 0.078 0.123 
 10 UA00049060    (9)   :  0.112 0.252 0.280 0.356 
 11 UA00033413    (9)   :  0.137 0.101 0.596 0.166 
 12  Puco021    (9)   :  0.078 0.289 0.541 0.092 
 13  Puco026    (9)   :  0.090 0.280 0.376 0.255 
 14  Puco008    (9)   :  0.290 0.447 0.112 0.151 
 15   M01301    (9)   :  0.202 0.084 0.549 0.165 
 16   M06306    (9)   :  0.070 0.657 0.177 0.097 
 17 UA00032185    (9)   :  0.246 0.207 0.317 0.229 
 18 UA00030792    (9)   :  0.071 0.829 0.051 0.049 
 19 UA00031647    (9)   :  0.218 0.509 0.127 0.147 
 20 UA00031979    (9)   :  0.226 0.265 0.238 0.271 
 21  Puco016    (9)   :  0.537 0.110 0.099 0.254 
 22  Puco010    (9)   :  0.142 0.179 0.471 0.208 
 23    M1035    (9)   :  0.085 0.320 0.188 0.407 
 24 UA00034601    (9)   :  0.297 0.275 0.289 0.139 
 25 UA00050388    (9)   :  0.190 0.353 0.264 0.192 
 26 UA00048699    (9)   :  0.634 0.090 0.099 0.178 
 27 UA00064058    (9)   :  0.101 0.224 0.227 0.447 
 28 UA00033981    (9)   :  0.137 0.206 0.555 0.103 
 29   F05033    (9)   :  0.114 0.143 0.411 0.332 
 30 UA00048520    (4)   :  0.206 0.396 0.267 0.131 
 31 UA00048422    (4)   :  0.073 0.773 0.092 0.062 
 32    PucoB    (4)   :  0.069 0.197 0.511 0.223 
 33 UA00047393    (4)   :  0.110 0.431 0.146 0.313 
 34 UA00064521    (4)   :  0.461 0.192 0.210 0.137 
 35 UA00003043    (4)   :  0.351 0.097 0.156 0.396 
 36 UA00063025    (4)   :  0.248 0.430 0.225 0.096 
 37 UA00063826    (4)   :  0.104 0.208 0.525 0.163 
 38   F07407    (4)   :  0.090 0.410 0.399 0.101 
 39 UA00021658    (4)   :  0.152 0.170 0.388 0.290 
 40 UA00003794    (4)   :  0.108 0.399 0.362 0.131 
 41 UA00041322    (4)   :  0.210 0.376 0.196 0.217 
 42 UA00063316    (4)   :  0.278 0.329 0.242 0.151 
 43 UA00047705    (4)   :  0.211 0.298 0.336 0.155 
 44 UA00033904    (4)   :  0.120 0.637 0.103 0.139 
 45 UA00048100    (4)   :  0.196 0.135 0.375 0.294 
 46 UA00032212    (4)   :  0.201 0.443 0.195 0.161 
 47 UA00031574    (4)   :  0.115 0.728 0.094 0.063 
 48 UA00031228    (4)   :  0.110 0.762 0.060 0.068 
 49 UA00047707    (4)   :  0.119 0.076 0.152 0.653 
 50 UA00030906    (4)   :  0.099 0.811 0.046 0.044 
 51 UA00041567    (4)   :  0.175 0.177 0.520 0.127 
 52 UA00007624    (4)   :  0.111 0.081 0.553 0.255 
 53 UA00034514    (4)   :  0.183 0.130 0.320 0.367 
 54 UA00030480    (4)   :  0.115 0.466 0.115 0.303 
 55  Puco012    (4)   :  0.245 0.142 0.252 0.361 
 56 UA00038677    (9)   :  0.277 0.337 0.246 0.140 
 57 UA00048275    (4)   :  0.155 0.166 0.522 0.157 
 58 UA00064055    (4)   :  0.220 0.157 0.100 0.523 
 59  Puco009    (4)   :  0.447 0.110 0.148 0.295 
 60 UA00064561    (4)   :  0.182 0.082 0.109 0.627 
 61 UA00003479    (4)   :  0.233 0.109 0.207 0.451 
 62 UA00063747    (4)   :  0.155 0.065 0.344 0.436 
 63 UA00002558    (4)   :  0.405 0.114 0.314 0.167 
 64 UA00048410    (4)   :  0.451 0.070 0.126 0.353 
 65 UA00012249    (4)   :  0.315 0.074 0.100 0.512 
 66 UA00033818    (4)   :  0.130 0.622 0.156 0.091 
 67  Puco020    (4)   :  0.227 0.286 0.129 0.359 
 68 UA00002545    (9)   :  0.114 0.186 0.091 0.609 
 69 UA00048508    (4)   :  0.155 0.111 0.279 0.455 
 70 UA00064100    (4)   :  0.207 0.238 0.291 0.264 
 71 UA00014585    (4)   :  0.226 0.142 0.251 0.381 
 72 UA00063698    (4)   :  0.489 0.242 0.162 0.107 
 73 UA00049753    (4)   :  0.076 0.669 0.128 0.127 
 74 UA00049037    (4)   :  0.106 0.198 0.282 0.414 
 75 UA00034941    (4)   :  0.235 0.335 0.304 0.126 
 76 UA00008083    (4)   :  0.638 0.128 0.120 0.114 
 77 UA00015084    (4)   :  0.431 0.322 0.159 0.088 
 78 UA00041010    (9)   :  0.459 0.383 0.063 0.096 
 79 UA00035261    (4)   :  0.260 0.408 0.174 0.158 
 80 UA00035431    (4)   :  0.195 0.079 0.538 0.188 
 81 UA00045274    (0)   :  0.221 0.271 0.344 0.164 
 82 UA00028200    (4)   :  0.275 0.488 0.130 0.107 
 83 UA00064559    (0)   :  0.076 0.807 0.070 0.048 
 84 UA00040808    (0)   :  0.234 0.534 0.071 0.161 
 85 UA00049156    (0)   :  0.234 0.543 0.118 0.105 
 86 UA00003952    (4)   :  0.697 0.095 0.077 0.131 
 87 UA00063954    (0)   :  0.104 0.524 0.177 0.196 
 88 UA00062934    (0)   :  0.151 0.537 0.154 0.158 
 89 UA00033829    (0)   :  0.269 0.562 0.096 0.073 
 90 UA00064351    (4)   :  0.199 0.159 0.552 0.090 
 91 UA00003697    (4)   :  0.574 0.206 0.128 0.093 
 92 UA00063438    (4)   :  0.191 0.501 0.150 0.158 
 93 UA00007608    (0)   :  0.291 0.459 0.160 0.089 
 94 UA00019683    (4)   :  0.079 0.568 0.277 0.076 
 95 UA00007781    (0)   :  0.193 0.183 0.419 0.205 
 96 UA00002915    (0)   :  0.249 0.456 0.116 0.180 
 97  Puco031    (4)   :  0.215 0.175 0.161 0.449 
 98 UA00048280    (4)   :  0.215 0.176 0.496 0.112 
 99 UA00048589    (0)   :  0.128 0.282 0.356 0.234 
100 UA00034417    (0)   :  0.298 0.303 0.134 0.265 
101 UA00050411    (4)   :  0.116 0.073 0.188 0.623 
102  Puco029    (4)   :  0.056 0.136 0.462 0.346 
103   F03403    (4)   :  0.122 0.078 0.661 0.139 
104 UA00049904    (0)   :  0.136 0.407 0.359 0.097 
105 UA00035335    (0)   :  0.048 0.107 0.357 0.488 
106 UA00012611    (0)   :  0.120 0.179 0.340 0.361 
107 UA00050319    (0)   :  0.077 0.080 0.717 0.127 
108 UA00032068    (4)   :  0.092 0.363 0.227 0.318 
109 UA00032026    (4)   :  0.132 0.316 0.248 0.304 
110 UA00030476    (4)   :  0.065 0.235 0.612 0.089 
111 UA00046853    (0)   :  0.098 0.215 0.565 0.122 
112 UA00040156    (4)   :  0.068 0.835 0.052 0.046 
113 UA00030528    (4)   :  0.106 0.498 0.086 0.309 
114  Puco025    (4)   :  0.090 0.108 0.244 0.558 
115    pc016    (0)   :  0.073 0.834 0.046 0.047 
116 UA00030617    (4)   :  0.073 0.075 0.272 0.580 
117 UA00030585    (4)   :  0.100 0.737 0.106 0.058 
118 UA00032060    (4)   :  0.097 0.478 0.257 0.168 
119    pc007    (0)   :  0.121 0.170 0.543 0.166 
120 UA00030798    (4)   :  0.071 0.762 0.085 0.081 
121 UA00030778    (4)   :  0.096 0.082 0.166 0.656 
122 UA00039674    (4)   :  0.070 0.822 0.052 0.056 
123 UA00032241    (4)   :  0.080 0.078 0.575 0.267 
124 UA00011624    (0)   :  0.124 0.135 0.254 0.487 
125 UA00033779    (4)   :  0.102 0.094 0.697 0.107 
126 UA00049402    (4)   :  0.444 0.129 0.100 0.326 
127 UA00033653    (0)   :  0.093 0.086 0.738 0.082 
128 UA00047738    (0)   :  0.222 0.284 0.301 0.193 
129 UA00047502    (4)   :  0.486 0.183 0.121 0.211 
130 UA00012014    (4)   :  0.189 0.202 0.157 0.452 
131 UA00040729    (0)   :  0.103 0.198 0.476 0.224 
132 UA00030392    (4)   :  0.100 0.121 0.299 0.480 
133 UA00050033    (0)   :  0.126 0.181 0.394 0.299 
134 UA00012152    (0)   :  0.590 0.073 0.091 0.247 
135 UA00050406    (0)   :  0.175 0.213 0.317 0.296 
136 UA00047973    (0)   :  0.136 0.133 0.462 0.269 
137 UA00008051    (0)   :  0.233 0.333 0.233 0.201 
138 UA00047337    (4)   :  0.123 0.409 0.254 0.215 
139 UA00041604    (4)   :  0.219 0.299 0.250 0.232 
140 UA00031704    (4)   :  0.073 0.085 0.228 0.614 
141 UA00040423    (4)   :  0.123 0.315 0.164 0.399 
142 UA00049433    (0)   :  0.307 0.232 0.116 0.345 
143 UA00034816    (0)   :  0.247 0.103 0.152 0.498 
144 UA00050214    (0)   :  0.078 0.096 0.136 0.690 
145 UA00041073    (0)   :  0.251 0.171 0.280 0.298 
146 UA00030318    (4)   :  0.197 0.103 0.233 0.467 
147 UA00046845    (0)   :  0.355 0.129 0.127 0.390 
148 UA00063946    (0)   :  0.087 0.158 0.675 0.080 
149 UA00031374    (4)   :  0.212 0.153 0.272 0.363 
150    M1136    (4)   :  0.121 0.475 0.119 0.285 
151 UA00034299    (0)   :  0.120 0.113 0.116 0.651 
152 UA00002387    (4)   :  0.227 0.079 0.101 0.593 
153 UA00021855    (0)   :  0.162 0.197 0.455 0.185 
154 UA00014500    (0)   :  0.125 0.202 0.219 0.454 
155 UA00050419    (4)   :  0.109 0.074 0.192 0.625 
156 UA00031854    (4)   :  0.253 0.124 0.336 0.287 
157    pc011    (4)   :  0.142 0.083 0.107 0.668 
158 UA00033004    (0)   :  0.161 0.225 0.119 0.495 
159 UA00046510    (0)   :  0.366 0.115 0.159 0.360 
160 UA00048747    (0)   :  0.205 0.114 0.118 0.563 
161 UA00014293    (0)   :  0.146 0.086 0.087 0.680 
162 UA00047686    (0)   :  0.370 0.246 0.111 0.273 
163 UA00033783    (4)   :  0.215 0.446 0.238 0.100 
164 UA00042609    (4)   :  0.426 0.189 0.097 0.288 
165 UA00031169    (4)   :  0.093 0.097 0.098 0.712 
166 UA00035181    (0)   :  0.099 0.066 0.458 0.377 
167 UA00050133    (0)   :  0.197 0.153 0.215 0.434 
168  Puco011    (4)   :  0.169 0.125 0.087 0.619 
169 UA00041476    (0)   :  0.264 0.175 0.146 0.415 
170 UA00046702    (0)   :  0.114 0.084 0.155 0.648 
171 UA00019940    (0)   :  0.193 0.236 0.227 0.344 
172 UA00049813    (0)   :  0.119 0.189 0.479 0.213 
173 UA00064165    (0)   :  0.549 0.174 0.142 0.136 
174 UA00064421    (0)   :  0.528 0.074 0.153 0.245 
175 UA00064569    (4)   :  0.113 0.076 0.325 0.485 
176 UA00003996    (0)   :  0.431 0.112 0.129 0.327 
177 UA00064491    (4)   :  0.207 0.087 0.277 0.429 
178 UA00011899    (0)   :  0.128 0.188 0.297 0.387 
179  Puco015    (4)   :  0.157 0.318 0.162 0.363 
180 UA00047929    (4)   :  0.067 0.127 0.562 0.244 
181 UA00056669    (0)   :  0.256 0.132 0.242 0.370 
182 UA00050176    (0)   :  0.284 0.206 0.201 0.309 
183  Puco014    (4)   :  0.224 0.189 0.395 0.193 
184 UA00019608    (0)   :  0.242 0.122 0.125 0.511 
185 UA00064333    (0)   :  0.167 0.144 0.117 0.572 
186  Puco013    (4)   :  0.383 0.144 0.157 0.316 
187 UA00016092    (0)   :  0.084 0.072 0.220 0.624 
188 UA00019060    (0)   :  0.543 0.228 0.101 0.128 
189 UA00063532    (0)   :  0.231 0.183 0.288 0.298 
190 UA00064117    (0)   :  0.374 0.361 0.105 0.160 
191 UA00011969    (0)   :  0.239 0.208 0.335 0.218 
192 UA00034586    (4)   :  0.110 0.127 0.441 0.322 
193 UA00030736    (4)   :  0.146 0.178 0.222 0.455 
194 UA00048493    (0)   :  0.158 0.221 0.239 0.381 
195 UA00040466    (0)   :  0.734 0.092 0.088 0.086 
196 UA00047659    (0)   :  0.192 0.141 0.341 0.325 
197 UA00042002    (4)   :  0.151 0.461 0.224 0.163 
198 UA00062606    (0)   :  0.349 0.190 0.155 0.305 
199 UA00030615    (4)   :  0.717 0.078 0.107 0.098 
200 UA00048899    (0)   :  0.199 0.174 0.300 0.328 
201 UA00047725    (0)   :  0.822 0.076 0.055 0.047 
202 UA00030866    (4)   :  0.322 0.184 0.201 0.293 
203 UA00034564    (0)   :  0.252 0.194 0.138 0.416 
204 UA00046520    (0)   :  0.086 0.082 0.721 0.111 
205 UA00035027    (0)   :  0.281 0.253 0.286 0.180 
206 UA00035421    (0)   :  0.567 0.089 0.093 0.251 
207 UA00062740    (4)   :  0.360 0.339 0.167 0.134 
208 UA00012360    (0)   :  0.718 0.092 0.093 0.096 
209 UA00050203    (0)   :  0.150 0.162 0.372 0.315 
210 UA00040534    (4)   :  0.421 0.364 0.100 0.114 
211 UA00031261    (4)   :  0.589 0.249 0.070 0.092 
212 UA00031917    (4)   :  0.428 0.397 0.067 0.108 
213 UA00040798    (4)   :  0.492 0.171 0.205 0.132 
214 UA00030598    (4)   :  0.510 0.157 0.183 0.149 
215 UA00050385    (0)   :  0.278 0.170 0.135 0.417 
216 UA00058283    (0)   :  0.706 0.142 0.089 0.063 
217 UA00042297    (4)   :  0.250 0.434 0.187 0.130 
218 UA00015415    (4)   :  0.774 0.081 0.059 0.086 
219 UA00035531    (0)   :  0.629 0.195 0.069 0.106 
220 UA00048683    (0)   :  0.666 0.099 0.092 0.143 
221 UA00046734    (4)   :  0.721 0.115 0.077 0.088 
222   pcRF01    (0)   :  0.095 0.054 0.083 0.768 
223 UA00007223    (0)   :  0.435 0.213 0.101 0.250 
224 UA00013841    (0)   :  0.098 0.460 0.182 0.261 
225 UA00014196    (0)   :  0.675 0.142 0.066 0.117 
226 UA00034635    (0)   :  0.185 0.132 0.298 0.385 
227 UA00047371    (0)   :  0.132 0.486 0.263 0.119 
228 UA00063544    (0)   :  0.146 0.437 0.259 0.158 
229 UA00064246    (0)   :  0.329 0.220 0.263 0.188 
230 UA00064328    (0)   :  0.342 0.296 0.154 0.208 
231 UA00002952    (0)   :  0.395 0.337 0.123 0.145 
232 UA00064079    (0)   :  0.181 0.373 0.217 0.228 
233 UA00046793    (0)   :  0.458 0.262 0.092 0.189 
234 UA00034769    (0)   :  0.195 0.521 0.196 0.087 
235 UA00034949    (0)   :  0.508 0.180 0.075 0.237 
236 UA00063753    (0)   :  0.194 0.268 0.453 0.086 
237 UA00015713    (0)   :  0.121 0.398 0.341 0.140 
238 UA00003494    (0)   :  0.336 0.176 0.077 0.411 
239 UA00056767    (0)   :  0.077 0.054 0.754 0.116 
240 UA00014461    (0)   :  0.449 0.180 0.152 0.218 
241 UA00034669    (0)   :  0.430 0.311 0.157 0.103 
242 UA00048164    (0)   :  0.402 0.113 0.208 0.277 
243 UA00007974    (0)   :  0.130 0.304 0.470 0.095 
244 UA00016166    (0)   :  0.125 0.520 0.090 0.265 
245 UA00015653    (0)   :  0.291 0.492 0.116 0.101 
246 UA00063882    (0)   :  0.539 0.214 0.106 0.141 
247 UA00049027    (0)   :  0.168 0.512 0.193 0.126 
248 UA00018878    (0)   :  0.091 0.543 0.270 0.097 
249 UA00038796    (0)   :  0.530 0.183 0.173 0.115 
250 UA00013465    (0)   :  0.651 0.137 0.118 0.094 
251 UA00014604    (0)   :  0.353 0.284 0.262 0.101 
252 UA00041913    (0)   :  0.134 0.414 0.358 0.094 
253 UA00021632    (0)   :  0.139 0.660 0.104 0.097 
254 UA00064027    (0)   :  0.268 0.386 0.164 0.181 
255 UA00015023    (0)   :  0.363 0.118 0.149 0.370 
256 UA00050243    (0)   :  0.173 0.504 0.125 0.198 
257 UA00048298    (0)   :  0.194 0.205 0.239 0.362 
258 UA00050437    (0)   :  0.450 0.189 0.151 0.210 
259 UA00014262    (0)   :  0.187 0.399 0.163 0.250 
260 UA00049129    (0)   :  0.126 0.246 0.398 0.231 
261 UA00014740    (0)   :  0.218 0.228 0.409 0.145 
262 UA00049612    (0)   :  0.156 0.645 0.118 0.081 
263 UA00014635    (0)   :  0.084 0.073 0.728 0.116 
264 UA00014673    (0)   :  0.290 0.414 0.172 0.124 
265 UA00033608    (0)   :  0.162 0.546 0.195 0.097 
266 UA00064540    (0)   :  0.184 0.144 0.558 0.113 
267 UA00050256    (0)   :  0.335 0.392 0.125 0.148 
268 UA00015274    (0)   :  0.229 0.167 0.193 0.412 
269 UA00062993    (0)   :  0.218 0.099 0.552 0.130 
270 UA00038364    (0)   :  0.186 0.340 0.308 0.165 
271 UA00014446    (0)   :  0.154 0.133 0.386 0.326 
272 UA00063545    (0)   :  0.237 0.577 0.088 0.098 
273 UA00040054    (0)   :  0.104 0.270 0.171 0.455 
274 UA00058447    (0)   :  0.136 0.206 0.457 0.201 
275 UA00046835    (0)   :  0.139 0.139 0.530 0.192 
276 UA00014608    (0)   :  0.203 0.158 0.434 0.205 
277    pc012    (0)   :  0.274 0.235 0.315 0.175 
278    pc002    (0)   :  0.157 0.567 0.150 0.125 
279 UA00033690    (0)   :  0.096 0.446 0.389 0.068 
280 UA00013688    (0)   :  0.262 0.196 0.309 0.234 
281 UA00063666    (0)   :  0.058 0.265 0.597 0.080 
282 UA00063292    (0)   :  0.084 0.102 0.699 0.116 
283    pc001    (0)   :  0.246 0.193 0.291 0.271 
284    pc008    (0)   :  0.159 0.203 0.430 0.209 
285 UA00034316    (0)   :  0.312 0.332 0.109 0.247 
286 UA00013046    (0)   :  0.075 0.121 0.472 0.332 
287 UA00050241    (0)   :  0.059 0.134 0.648 0.159 
288 UA00048599    (0)   :  0.100 0.099 0.643 0.159 
289 UA00046649    (0)   :  0.092 0.598 0.158 0.152 
290 UA00015674    (0)   :  0.134 0.586 0.209 0.072 
291 UA00013177    (0)   :  0.216 0.262 0.396 0.125 
292 UA00012814    (0)   :  0.204 0.161 0.214 0.421 
293 UA00034654    (0)   :  0.116 0.139 0.371 0.375 
294 UA00046743    (0)   :  0.108 0.116 0.546 0.229 
295 UA00014854    (0)   :  0.056 0.403 0.395 0.147 
296 UA00013729    (0)   :  0.155 0.173 0.192 0.480 
297 UA00063483    (0)   :  0.099 0.149 0.609 0.143 
298 UA00039326    (0)   :  0.121 0.364 0.303 0.212 
299 UA00014742    (0)   :  0.083 0.130 0.638 0.149 
300 UA00049597    (0)   :  0.050 0.677 0.171 0.102 
301 UA00048067    (0)   :  0.154 0.350 0.397 0.099 
302 UA00012918    (0)   :  0.059 0.457 0.403 0.081 
303 UA00013487    (0)   :  0.062 0.068 0.073 0.796 
304 UA00046759    (0)   :  0.306 0.339 0.207 0.148 
305 UA00050164    (0)   :  0.112 0.662 0.075 0.150 
306 UA00049839    (0)   :  0.123 0.111 0.607 0.159 
307 UA00048444    (0)   :  0.080 0.219 0.640 0.062 
308 UA00063857    (0)   :  0.068 0.180 0.513 0.239 
309 UA00014921    (0)   :  0.061 0.641 0.191 0.107 
310 UA00048895    (0)   :  0.114 0.545 0.221 0.120 
311 UA00014556    (0)   :  0.351 0.213 0.240 0.195 
312    pc009    (0)   :  0.052 0.104 0.734 0.109 
313 UA00014959    (0)   :  0.078 0.634 0.179 0.110 
314 UA00020709    (0)   :  0.139 0.360 0.237 0.264 
315 UA00013126    (0)   :  0.081 0.777 0.083 0.059 
316 UA00013695    (0)   :  0.085 0.750 0.088 0.077 
317 UA00049344    (0)   :  0.108 0.682 0.119 0.092 
318 UA00047614    (0)   :  0.165 0.695 0.081 0.059 
319 UA00014221    (0)   :  0.068 0.061 0.723 0.148 
320 UA00014346    (0)   :  0.140 0.163 0.597 0.099 
321 UA00014245    (0)   :  0.082 0.475 0.294 0.149 
322 UA00014696    (0)   :  0.139 0.724 0.053 0.084 
323 UA00006991    (0)   :  0.252 0.148 0.193 0.407 
324 UA00048948    (0)   :  0.208 0.162 0.320 0.309 
325 UA00002239    (0)   :  0.249 0.193 0.123 0.435 
326 UA00063459    (0)   :  0.059 0.160 0.685 0.096 
327 UA00048356    (0)   :  0.235 0.189 0.457 0.119 
328 UA00063940    (0)   :  0.294 0.167 0.246 0.292 
329 UA00048130    (0)   :  0.122 0.114 0.656 0.109 
330 UA00048903    (0)   :  0.081 0.068 0.422 0.429 
331 UA00064643    (0)   :  0.200 0.199 0.284 0.317 
332 UA00050233    (0)   :  0.244 0.113 0.322 0.321 
333 UA00012507    (0)   :  0.440 0.102 0.159 0.299 
334 UA00064416    (0)   :  0.118 0.100 0.136 0.647 
335 UA00034724    (0)   :  0.163 0.111 0.385 0.342 
336 UA00002621    (0)   :  0.102 0.103 0.493 0.302 
337 UA00033203    (0)   :  0.113 0.127 0.093 0.667 
338 UA00011996    (0)   :  0.107 0.278 0.354 0.261 
339 UA00014408    (0)   :  0.494 0.138 0.124 0.243 
340 UA00049502    (0)   :  0.282 0.125 0.451 0.142 
341 UA00062695    (0)   :  0.172 0.243 0.443 0.142 
342 UA00014072    (0)   :  0.117 0.143 0.578 0.162 
343 UA00003334    (0)   :  0.086 0.107 0.588 0.220 
344 UA00013835    (0)   :  0.154 0.275 0.375 0.196 
345 UA00046760    (0)   :  0.101 0.386 0.360 0.152 
346 UA00014241    (0)   :  0.161 0.102 0.363 0.375 
347 UA00049585    (0)   :  0.070 0.133 0.599 0.198 
348 UA00013409    (0)   :  0.277 0.146 0.471 0.106 
349 UA00047548    (0)   :  0.088 0.159 0.310 0.443 
350 UA00049038    (0)   :  0.187 0.486 0.212 0.114 
351 UA00047612    (0)   :  0.202 0.138 0.404 0.256 
352 UA00014822    (0)   :  0.252 0.504 0.142 0.101 
353 UA00035299    (0)   :  0.168 0.163 0.249 0.419 
354 UA00012804    (0)   :  0.132 0.552 0.175 0.141 
355 UA00049578    (0)   :  0.329 0.138 0.316 0.217 
356 UA00047672    (0)   :  0.136 0.095 0.065 0.704 
357 UA00043961    (0)   :  0.138 0.634 0.145 0.084 
358 UA00064575    (0)   :  0.359 0.135 0.392 0.114 
359 UA00014732    (0)   :  0.191 0.102 0.253 0.454 
360 UA00050181    (0)   :  0.223 0.094 0.192 0.491 
361 UA00033369    (0)   :  0.190 0.460 0.115 0.235 
362 UA00011982    (0)   :  0.063 0.068 0.148 0.722 
363 UA00014590    (0)   :  0.193 0.267 0.128 0.413 
364 UA00047743    (0)   :  0.095 0.126 0.137 0.642 
365 UA00046621    (0)   :  0.070 0.093 0.178 0.660 
366 UA00050422    (0)   :  0.342 0.135 0.234 0.289 
367 UA00002760    (0)   :  0.116 0.239 0.363 0.281 
368 UA00012999    (0)   :  0.107 0.337 0.187 0.369 
369 UA00063838    (0)   :  0.136 0.110 0.418 0.336 
370 UA00003729    (0)   :  0.288 0.362 0.247 0.103 
371 UA00015348    (0)   :  0.145 0.183 0.557 0.115 
372 UA00019058    (0)   :  0.190 0.126 0.565 0.119 
373 UA00049549    (0)   :  0.058 0.273 0.595 0.073 
374 UA00014334    (0)   :  0.304 0.167 0.140 0.389 
375 UA00014350    (0)   :  0.051 0.052 0.103 0.794 
376 UA00049227    (0)   :  0.246 0.454 0.133 0.167 
377 UA00014051    (0)   :  0.366 0.067 0.113 0.453 
378 UA00034381    (0)   :  0.234 0.120 0.347 0.298 
379 UA00002354    (0)   :  0.084 0.074 0.127 0.715 
380 UA00049892    (0)   :  0.075 0.241 0.427 0.257 
381 UA00021989    (0)   :  0.168 0.079 0.334 0.419 
382 UA00048968    (0)   :  0.183 0.107 0.220 0.490 
383 UA00013174    (0)   :  0.196 0.130 0.163 0.510 
384 UA00033992    (0)   :  0.110 0.389 0.132 0.369 
385 UA00015801    (0)   :  0.061 0.058 0.213 0.668 
386 UA00063303    (0)   :  0.135 0.467 0.249 0.149 
387 UA00050206    (0)   :  0.084 0.062 0.755 0.099 
388 UA00014458    (0)   :  0.181 0.210 0.327 0.282 
389 UA00007204    (0)   :  0.092 0.188 0.533 0.187 
390 UA00063212    (0)   :  0.242 0.319 0.332 0.107 
391 UA00013340    (0)   :  0.112 0.303 0.329 0.256 
392 UA00062743    (0)   :  0.334 0.087 0.090 0.488 
393 UA00063189    (0)   :  0.614 0.130 0.108 0.148 
394 UA00035432    (0)   :  0.091 0.101 0.544 0.264 
395 UA00007958    (0)   :  0.120 0.105 0.303 0.472 
396 UA00013634    (0)   :  0.192 0.088 0.112 0.608 
397 UA00048175    (0)   :  0.111 0.047 0.094 0.748 
398 UA00003202    (0)   :  0.139 0.129 0.428 0.304 
399 UA00035090    (0)   :  0.229 0.152 0.380 0.239 
400 UA00064679    (0)   :  0.506 0.132 0.146 0.216 
401 UA00039518    (0)   :  0.113 0.117 0.277 0.493 
402 UA00058268    (0)   :  0.170 0.159 0.308 0.364 
403 UA00049456    (0)   :  0.133 0.418 0.284 0.164 
404 UA00049550    (0)   :  0.235 0.096 0.491 0.178 
405 UA00048342    (0)   :  0.140 0.382 0.296 0.182 
406 UA00063493    (0)   :  0.098 0.091 0.423 0.387 
407 UA00058261    (0)   :  0.327 0.088 0.122 0.464 
408 UA00014663    (0)   :  0.223 0.175 0.185 0.417 
409 UA00048817    (0)   :  0.179 0.364 0.121 0.336 
410 UA00049381    (0)   :  0.196 0.083 0.137 0.583 
411 UA00035901    (0)   :  0.446 0.174 0.194 0.186 
412 UA00013301    (0)   :  0.190 0.151 0.558 0.102 
413 UA00047926    (0)   :  0.238 0.192 0.109 0.461 
414 UA00007272    (0)   :  0.429 0.155 0.087 0.330 
415 UA00016041    (0)   :  0.116 0.245 0.434 0.205 
416 UA00013502    (0)   :  0.190 0.072 0.337 0.401 
417 UA00002390    (0)   :  0.149 0.337 0.182 0.332 
418 UA00034907    (0)   :  0.255 0.134 0.380 0.231 
419 UA00048821    (0)   :  0.256 0.327 0.172 0.244 
420 UA00002136    (0)   :  0.167 0.357 0.359 0.117 
421 UA00011790    (0)   :  0.224 0.144 0.151 0.482 
422 UA00021586    (0)   :  0.193 0.357 0.216 0.235 
423 UA00033270    (0)   :  0.228 0.151 0.330 0.291 
424 UA00048073    (0)   :  0.147 0.159 0.409 0.285 
425 UA00048856    (0)   :  0.337 0.140 0.263 0.260 
426 UA00049713    (0)   :  0.173 0.143 0.160 0.525 
427 UA00046885    (0)   :  0.136 0.151 0.437 0.276 
428 UA00034893    (0)   :  0.098 0.131 0.362 0.409 
429 UA00048011    (0)   :  0.238 0.069 0.267 0.425 
430 UA00015786    (0)   :  0.359 0.204 0.184 0.253 
431 UA00013162    (0)   :  0.309 0.157 0.066 0.468 
432 UA00049512    (0)   :  0.203 0.204 0.409 0.184 
433 UA00004046    (0)   :  0.163 0.072 0.123 0.641 
434 UA00048881    (0)   :  0.388 0.292 0.168 0.152 
435 UA00046610    (0)   :  0.292 0.286 0.151 0.271 
436 UA00033282    (0)   :  0.242 0.237 0.297 0.223 
437 UA00047561    (0)   :  0.161 0.111 0.132 0.595 
438 UA00013777    (0)   :  0.429 0.098 0.140 0.333 
439 UA00062849    (0)   :  0.116 0.114 0.638 0.132 
440 UA00049786    (0)   :  0.199 0.062 0.088 0.651 
441 UA00033246    (0)   :  0.061 0.093 0.745 0.102 
442 UA00045302    (0)   :  0.132 0.245 0.304 0.318 
443 UA00048637    (0)   :  0.189 0.088 0.130 0.593 
444 UA00049832    (0)   :  0.095 0.367 0.360 0.178 
445 UA00022023    (0)   :  0.174 0.358 0.150 0.319 
446 UA00050192    (0)   :  0.138 0.473 0.146 0.243 
447 UA00050413    (0)   :  0.182 0.157 0.328 0.333 
448 UA00013445    (0)   :  0.113 0.081 0.230 0.576 
449 UA00035496    (0)   :  0.412 0.156 0.239 0.192 
450 UA00003333    (0)   :  0.419 0.239 0.132 0.210 
451 UA00064008    (0)   :  0.486 0.102 0.158 0.253 
452 UA00003427    (0)   :  0.221 0.374 0.190 0.215 
453 UA00028092    (0)   :  0.265 0.373 0.208 0.154 
454    pc003    (0)   :  0.632 0.179 0.095 0.094 
455 UA00034440    (0)   :  0.186 0.102 0.546 0.166 
456 UA00026062    (0)   :  0.131 0.139 0.071 0.659 
457 UA00014347    (0)   :  0.278 0.255 0.292 0.175 
458 UA00021516    (0)   :  0.126 0.102 0.167 0.606 
459 UA00049347    (0)   :  0.529 0.106 0.142 0.224 
460 UA00063436    (0)   :  0.492 0.126 0.273 0.109 
461 UA00047790    (0)   :  0.207 0.141 0.147 0.505 
462 UA00045714    (0)   :  0.447 0.215 0.146 0.192 
463 UA00038979    (0)   :  0.132 0.280 0.460 0.127 
464 UA00016123    (0)   :  0.346 0.204 0.143 0.306 
465 UA00034765    (0)   :  0.763 0.065 0.068 0.105 
466 UA00063815    (0)   :  0.567 0.225 0.130 0.078 
467 UA00034795    (0)   :  0.158 0.127 0.554 0.160 
468 UA00004000    (0)   :  0.683 0.109 0.110 0.098 
469 UA00049367    (0)   :  0.234 0.086 0.480 0.200 
470 UA00034457    (0)   :  0.127 0.173 0.254 0.446 
471 UA00050015    (0)   :  0.191 0.240 0.429 0.141 
472 UA00021373    (0)   :  0.210 0.169 0.286 0.334 
473 UA00050232    (0)   :  0.621 0.192 0.097 0.089 
474 UA00038724    (0)   :  0.124 0.360 0.345 0.171 
475 UA00007824    (0)   :  0.235 0.261 0.100 0.404 
476 UA00048754    (0)   :  0.458 0.079 0.114 0.349 
477 UA00014271    (0)   :  0.161 0.206 0.310 0.323 
478 UA00013756    (0)   :  0.285 0.265 0.334 0.116 
479 UA00014385    (0)   :  0.457 0.238 0.114 0.191 
480 UA00049609    (0)   :  0.132 0.123 0.541 0.204 
481 UA00003748    (0)   :  0.580 0.096 0.102 0.222 
482 UA00063952    (0)   :  0.524 0.081 0.167 0.228 
483 UA00058348    (0)   :  0.607 0.075 0.188 0.130 
484 UA00014922    (0)   :  0.685 0.112 0.105 0.098 
485 UA00003820    (0)   :  0.374 0.076 0.111 0.439 
486 UA00013693    (0)   :  0.370 0.207 0.178 0.244 
487 UA00047713    (0)   :  0.716 0.074 0.077 0.133 
488 UA00034891    (0)   :  0.526 0.191 0.187 0.096 
489 UA00049223    (0)   :  0.469 0.116 0.217 0.198 
490 UA00064399    (0)   :  0.535 0.346 0.045 0.075 
491 UA00013336    (0)   :  0.676 0.164 0.089 0.071 
492 UA00035291    (0)   :  0.696 0.160 0.054 0.090 
493 UA00003945    (0)   :  0.632 0.132 0.108 0.128 
494 UA00014518    (0)   :  0.607 0.117 0.093 0.183 
495 UA00013583    (0)   :  0.266 0.521 0.124 0.088 
496 UA00011510    (0)   :  0.565 0.163 0.121 0.151 
497 UA00046860    (0)   :  0.470 0.152 0.123 0.255 
498 UA00048853    (0)   :  0.459 0.267 0.118 0.156 
499 UA00012151    (0)   :  0.730 0.099 0.065 0.107 
500 UA00063930    (0)   :  0.207 0.463 0.235 0.095 
501 UA00013453    (0)   :  0.388 0.237 0.172 0.202 
502 UA00039299    (0)   :  0.741 0.107 0.076 0.076 
503 UA00014280    (0)   :  0.791 0.062 0.083 0.063 
504 UA00014200    (0)   :  0.663 0.089 0.068 0.180 
505 UA00040612    (0)   :  0.655 0.200 0.063 0.081 
506 UA00062679    (0)   :  0.690 0.152 0.080 0.078 
507 UA00034481    (0)   :  0.692 0.094 0.105 0.109 
508 UA00011880    (0)   :  0.158 0.416 0.337 0.089 
509 UA00013421    (0)   :  0.622 0.252 0.050 0.076 
510 UA00048051    (0)   :  0.788 0.091 0.059 0.063 
511 UA00063370    (0)   :  0.655 0.220 0.065 0.060 
512 UA00014716    (0)   :  0.684 0.160 0.083 0.073 
513 UA00033426    (0)   :  0.491 0.241 0.069 0.199 
514 UA00015190    (0)   :  0.505 0.346 0.065 0.083 
515 UA00013730    (0)   :  0.120 0.202 0.340 0.338 
516 UA00047644    (4)   :  0.506 0.284 0.097 0.113 
517 UA00031933    (9)   :  0.283 0.131 0.181 0.405 
518 UA00031541    (9)   :  0.463 0.192 0.173 0.171 
519   PCO-60    (4)   :  0.324 0.140 0.268 0.269 
520 UA00030495    (4)   :  0.279 0.261 0.264 0.196 
521 UA00031133    (4)   :  0.070 0.129 0.707 0.093 
522 UA00032049    (4)   :  0.193 0.501 0.164 0.142 
523 UA00030599    (4)   :  0.135 0.223 0.556 0.086 
524 UA00030250    (4)   :  0.121 0.106 0.161 0.613 
525 UA00049385    (4)   :  0.182 0.300 0.408 0.110 
526 UA00031816    (4)   :  0.078 0.126 0.721 0.075 
527 UA00030275    (4)   :  0.237 0.257 0.168 0.339 
528 UA00041861    (4)   :  0.267 0.219 0.198 0.316 
529 UA00041433    (4)   :  0.134 0.091 0.349 0.426 
530  PCO-114    (4)   :  0.297 0.093 0.113 0.496 
531 UA00031529    (4)   :  0.215 0.130 0.371 0.284 
532 UA00039719    (4)   :  0.224 0.100 0.299 0.377 
533  PCO-442    (4)   :  0.100 0.073 0.145 0.682 
534   PCO-58    (0)   :  0.194 0.133 0.071 0.602 
535 UA00048673    (4)   :  0.308 0.164 0.327 0.201 
536   PCO-63    (4)   :  0.157 0.086 0.426 0.331 


Estimated Allele Frequencies in each cluster
First column gives estimated ancestral frequencies


Locus 1 : PP01 
2 alleles
0.0% missing data
   1   (0.597) 0.358 0.818 0.521 0.666 
   2   (0.403) 0.642 0.182 0.479 0.334 

Locus 2 : PP02 
2 alleles
0.0% missing data
   1   (0.885) 0.961 0.985 0.873 0.909 
   2   (0.115) 0.039 0.015 0.127 0.091 

Locus 3 : PP03 
2 alleles
18.3% missing data
   1   (0.796) 0.954 0.887 0.654 0.855 
   2   (0.204) 0.046 0.113 0.346 0.145 

Locus 4 : PP04 
2 alleles
0.4% missing data
   1   (0.694) 0.943 0.649 0.473 0.782 
   2   (0.306) 0.057 0.351 0.527 0.218 

Locus 5 : PP06 
2 alleles
0.0% missing data
   1   (0.634) 0.594 0.655 0.784 0.572 
   2   (0.366) 0.406 0.345 0.216 0.428 

Locus 6 : PP07 
2 alleles
0.0% missing data
   1   (0.705) 0.922 0.822 0.552 0.704 
   2   (0.295) 0.078 0.178 0.448 0.296 

Locus 7 : PP09 
2 alleles
0.0% missing data
   1   (0.467) 0.090 0.637 0.765 0.330 
   2   (0.533) 0.910 0.363 0.235 0.670 

Locus 8 : PP10 
2 alleles
0.0% missing data
   1   (0.188) 0.365 0.389 0.059 0.081 
   2   (0.812) 0.635 0.611 0.941 0.919 

Locus 9 : PP11 
2 alleles
0.0% missing data
   1   (0.694) 0.812 0.770 0.849 0.519 
   2   (0.306) 0.188 0.230 0.151 0.481 

Locus 10 : PP12 
2 alleles
0.2% missing data
   1   (0.403) 0.166 0.307 0.506 0.456 
   2   (0.597) 0.834 0.693 0.494 0.544 

Locus 11 : PP13 
2 alleles
0.0% missing data
   1   (0.195) 0.124 0.449 0.053 0.159 
   2   (0.805) 0.876 0.551 0.947 0.841 

Locus 12 : PP14 
2 alleles
0.2% missing data
   1   (0.847) 0.908 0.949 0.941 0.790 
   2   (0.153) 0.092 0.051 0.059 0.210 

Locus 13 : PP15 
2 alleles
0.0% missing data
   1   (0.871) 0.943 0.477 0.927 0.975 
   2   (0.129) 0.057 0.523 0.073 0.025 

Locus 14 : PP16 
2 alleles
0.0% missing data
   1   (0.527) 0.390 0.445 0.701 0.494 
   2   (0.473) 0.610 0.555 0.299 0.506 

Locus 15 : PP17 
2 alleles
0.2% missing data
   1   (0.634) 0.533 0.805 0.583 0.683 
   2   (0.366) 0.467 0.195 0.417 0.317 

Locus 16 : PP18 
2 alleles
0.7% missing data
   1   (0.749) 0.908 0.881 0.772 0.667 
   2   (0.251) 0.092 0.119 0.228 0.333 

Locus 17 : PP20 
2 alleles
0.0% missing data
   1   (0.613) 0.515 0.647 0.617 0.694 
   2   (0.387) 0.485 0.353 0.383 0.306 

Locus 18 : PP21 
2 alleles
14.9% missing data
   1   (0.853) 0.982 0.957 0.773 0.850 
   2   (0.147) 0.018 0.043 0.227 0.150 

Locus 19 : PP22 
2 alleles
1.3% missing data
   1   (0.372) 0.213 0.100 0.232 0.736 
   2   (0.628) 0.787 0.900 0.768 0.264 

Locus 20 : PP23 
2 alleles
0.7% missing data
   1   (0.635) 0.782 0.738 0.633 0.578 
   2   (0.365) 0.218 0.262 0.367 0.422 

Locus 21 : PP24 
2 alleles
0.2% missing data
   1   (0.791) 0.608 0.831 0.847 0.907 
   2   (0.209) 0.392 0.169 0.153 0.093 

Locus 22 : PP25 
2 alleles
0.6% missing data
   1   (0.402) 0.453 0.645 0.380 0.229 
   2   (0.598) 0.547 0.355 0.620 0.771 

Values of parameters used in structure:
DATAFILE=Puma_SNP_genotypes_cut_AZ_final_HWEonly.str,	OUTFILE=outputfile_K4_1,	NUMINDS=536,	NUMLOCI=22,	MISSING=-9,	LABEL=1,	POPDATA=0,	POPFLAG=0,	PHENOTYPE=0,	EXTRACOLS=0,	MAXPOPS=4,	BURNIN=100000,	NUMREPS=500000,	USEPOPINFO=0,	INFERALPHA=1,	INFERLAMBDA=0,	POPSPECIFICLAMBDA=0,	POPALPHAS=0,	COMPUTEPROB=1,	NOADMIX=0,	ADMBURNIN=2500,	UPDATEFREQ=200,	PRINTLIKES=0,	INTERMEDSAVE=0,	PRINTKLD=0,	PRINTNET=0,	PRINTLAMBDA=0,	ANCESTDIST=0,	NUMBOXES=1000,	ANCESTPINT=0.90000,	GENSBACK=2,	MIGRPRIOR=0.05000,	PRINTQHAT=0,	PRINTQSUM=0,	ALPHA=1.0000,	FREQSCORR=1,	FPRIORMEAN=0.0100,	FPRIORSD=0.0500,	ONEFST=0,	LAMBDA=1.0000,	UNIFPRIORALPHA=1,	ALPHAMAX=10.0000,	ALPHAPRIORA=1.0000,	ALPHAPRIORB=2.0000,	ALPHAPROPSD=0.0250,	STARTATPOPINFO=0,	RANDOMIZE=1,	LINKAGE=0,	METROFREQ=20,	REPORTHITRATE=0,	MARKOVPHASE=0,	PHASED=0,	PLOIDY=2,	PHASEINFO=0	LOCPRIOR=0, 	LOCPRIORINIT=1.000000, 	LOCDATA=0, 	LOCISPOP=0, 	LOCPRIORSTEP=0.100000, 	MAXLOCPRIOR=20.000000, 	SEED=1716612368,	
[STRAT parameters]:    NUMSIMSTATS=1000,	PHENOTYPECOL=-9,	POOLFREQ=10,	LOCUSxONLY=0,	EMERROR=0.00100,	MISSINGPHENO=-9,	