

----------------------------------------------------
STRUCTURE by Pritchard, Stephens and Donnelly (2000)
     and Falush, Stephens and Pritchard (2003)
       Code by Pritchard, Falush and Hubisz
             Version 2.3.4 (Jul 2012)
----------------------------------------------------



Command line arguments:   structure -K 8 -o outputfile_K8_7 
Input File:    Puma_SNP_genotypes_cut_AZ_final_HWEonly.str

Run parameters:
   536 individuals
   22 loci
   8 populations assumed
   100000 Burn-in period
   500000 Reps


--------------------------------------------
Overall proportion of membership of the
sample in each of the 8 clusters

Inferred Clusters
  1      2      3      4      5      6      7      8    
0.127  0.107  0.127  0.128  0.128  0.128  0.128  0.127  

--------------------------------------------

Allele-freq. divergence among pops (Net nucleotide distance),
computed using point estimates of P.

      1       2       3       4       5       6       7       8      
 1      -    0.0623  0.0002  0.0004  0.0406  0.0018  0.0007  0.0002  
 2   0.0623     -    0.0653  0.0678  0.0839  0.0684  0.0692  0.0649  
 3   0.0002  0.0653     -    0.0001  0.0441  0.0011  0.0002  0.0000  
 4   0.0004  0.0678  0.0001     -    0.0459  0.0012  0.0001  0.0001  
 5   0.0406  0.0839  0.0441  0.0459     -    0.0522  0.0466  0.0443  
 6   0.0018  0.0684  0.0011  0.0012  0.0522     -    0.0015  0.0010  
 7   0.0007  0.0692  0.0002  0.0001  0.0466  0.0015     -    0.0003  
 8   0.0002  0.0649  0.0000  0.0001  0.0443  0.0010  0.0003     -    

Average distances (expected heterozygosity) between individuals in same cluster:
cluster  1  : 0.3789 
cluster  2  : 0.2660 
cluster  3  : 0.3781 
cluster  4  : 0.3777 
cluster  5  : 0.2630 
cluster  6  : 0.3746 
cluster  7  : 0.3759 
cluster  8  : 0.3792 

--------------------------------------------
Estimated Ln Prob of Data   = -13770.7
Mean value of ln likelihood = -12289.4
Variance of ln likelihood   = 2962.7
Mean value of alpha         = 0.1282

Mean value of Fst_1         = 0.0236
Mean value of Fst_2         = 0.3419
Mean value of Fst_3         = 0.0559
Mean value of Fst_4         = 0.0727
Mean value of Fst_5         = 0.2880
Mean value of Fst_6         = 0.0989
Mean value of Fst_7         = 0.0697
Mean value of Fst_8         = 0.0464


Inferred ancestry of individuals:
        Label (%Miss) :  Inferred clusters
  1 UA00063336   (13)   :  0.110 0.342 0.103 0.103 0.046 0.095 0.096 0.106 
  2 UA00048914    (9)   :  0.148 0.070 0.142 0.130 0.149 0.104 0.126 0.131 
  3 UA00014769   (13)   :  0.101 0.031 0.146 0.179 0.014 0.183 0.202 0.144 
  4 UA00008132   (13)   :  0.158 0.085 0.147 0.140 0.058 0.125 0.144 0.143 
  5 UA00030462   (13)   :  0.137 0.061 0.125 0.120 0.213 0.104 0.115 0.125 
  6 UA00034866   (13)   :  0.171 0.021 0.151 0.137 0.125 0.110 0.137 0.147 
  7 UA00034800    (9)   :  0.059 0.597 0.058 0.056 0.060 0.053 0.056 0.059 
  8  Puco006    (9)   :  0.049 0.042 0.043 0.044 0.700 0.037 0.041 0.044 
  9 UA00048874    (4)   :  0.098 0.426 0.084 0.082 0.074 0.070 0.078 0.088 
 10 UA00049060    (9)   :  0.142 0.062 0.151 0.153 0.030 0.152 0.161 0.148 
 11 UA00033413    (9)   :  0.120 0.024 0.149 0.142 0.045 0.239 0.131 0.149 
 12  Puco021    (9)   :  0.113 0.093 0.141 0.135 0.023 0.234 0.121 0.140 
 13  Puco026    (9)   :  0.149 0.069 0.146 0.146 0.024 0.169 0.143 0.155 
 14  Puco008    (9)   :  0.130 0.173 0.113 0.101 0.180 0.088 0.101 0.114 
 15   M01301    (9)   :  0.124 0.019 0.139 0.139 0.094 0.202 0.133 0.148 
 16   M06306    (9)   :  0.102 0.371 0.100 0.104 0.023 0.106 0.095 0.098 
 17 UA00032185    (9)   :  0.152 0.067 0.142 0.134 0.081 0.132 0.141 0.150 
 18 UA00030792    (9)   :  0.015 0.893 0.015 0.015 0.018 0.014 0.015 0.015 
 19 UA00031647    (9)   :  0.144 0.178 0.121 0.126 0.094 0.101 0.113 0.122 
 20 UA00031979    (9)   :  0.162 0.045 0.148 0.143 0.073 0.137 0.136 0.155 
 21  Puco016    (9)   :  0.139 0.028 0.133 0.136 0.205 0.106 0.124 0.128 
 22  Puco010    (9)   :  0.158 0.044 0.157 0.145 0.044 0.147 0.148 0.157 
 23    M1035    (9)   :  0.177 0.094 0.144 0.134 0.025 0.116 0.147 0.162 
 24 UA00034601    (9)   :  0.143 0.076 0.137 0.140 0.103 0.140 0.123 0.136 
 25 UA00050388    (9)   :  0.170 0.073 0.146 0.133 0.074 0.126 0.130 0.148 
 26 UA00048699    (9)   :  0.111 0.030 0.107 0.107 0.351 0.089 0.105 0.099 
 27 UA00064058    (9)   :  0.151 0.060 0.156 0.157 0.026 0.140 0.160 0.150 
 28 UA00033981    (9)   :  0.120 0.052 0.146 0.142 0.052 0.221 0.128 0.139 
 29   F05033    (9)   :  0.143 0.033 0.150 0.156 0.031 0.179 0.156 0.152 
 30 UA00048520    (4)   :  0.123 0.165 0.123 0.119 0.087 0.142 0.114 0.126 
 31 UA00048422    (4)   :  0.030 0.796 0.030 0.029 0.024 0.031 0.030 0.030 
 32    PucoB    (4)   :  0.139 0.047 0.148 0.153 0.017 0.213 0.134 0.149 
 33 UA00047393    (4)   :  0.132 0.149 0.135 0.135 0.035 0.121 0.154 0.139 
 34 UA00064521    (4)   :  0.147 0.040 0.137 0.130 0.186 0.114 0.117 0.128 
 35 UA00003043    (4)   :  0.147 0.022 0.141 0.138 0.143 0.116 0.153 0.140 
 36 UA00063025    (4)   :  0.133 0.185 0.117 0.106 0.133 0.105 0.105 0.115 
 37 UA00063826    (4)   :  0.158 0.046 0.157 0.145 0.031 0.172 0.135 0.156 
 38   F07407    (4)   :  0.119 0.206 0.123 0.119 0.029 0.171 0.101 0.131 
 39 UA00021658    (4)   :  0.164 0.044 0.157 0.150 0.042 0.140 0.151 0.151 
 40 UA00003794    (4)   :  0.118 0.178 0.125 0.124 0.036 0.171 0.116 0.131 
 41 UA00041322    (4)   :  0.179 0.071 0.147 0.141 0.071 0.110 0.130 0.152 
 42 UA00063316    (4)   :  0.157 0.096 0.138 0.128 0.100 0.115 0.126 0.140 
 43 UA00047705    (4)   :  0.158 0.053 0.146 0.143 0.065 0.151 0.130 0.153 
 44 UA00033904    (4)   :  0.107 0.360 0.102 0.102 0.045 0.090 0.089 0.105 
 45 UA00048100    (4)   :  0.144 0.026 0.147 0.151 0.054 0.177 0.141 0.160 
 46 UA00032212    (4)   :  0.129 0.218 0.118 0.108 0.098 0.103 0.109 0.116 
 47 UA00031574    (4)   :  0.031 0.778 0.031 0.029 0.041 0.030 0.029 0.030 
 48 UA00031228    (4)   :  0.021 0.852 0.020 0.020 0.028 0.019 0.020 0.020 
 49 UA00047707    (4)   :  0.141 0.015 0.157 0.169 0.031 0.150 0.183 0.153 
 50 UA00030906    (4)   :  0.015 0.888 0.015 0.014 0.025 0.014 0.014 0.015 
 51 UA00041567    (4)   :  0.149 0.054 0.147 0.131 0.063 0.173 0.126 0.157 
 52 UA00007624    (4)   :  0.146 0.020 0.146 0.154 0.033 0.187 0.162 0.153 
 53 UA00034514    (4)   :  0.160 0.037 0.156 0.157 0.050 0.131 0.160 0.150 
 54 UA00030480    (4)   :  0.151 0.134 0.146 0.148 0.031 0.113 0.134 0.143 
 55  Puco012    (4)   :  0.167 0.035 0.155 0.149 0.062 0.125 0.151 0.155 
 56 UA00038677    (9)   :  0.148 0.107 0.132 0.117 0.128 0.118 0.116 0.134 
 57 UA00048275    (4)   :  0.152 0.030 0.158 0.150 0.041 0.182 0.140 0.148 
 58 UA00064055    (4)   :  0.153 0.039 0.150 0.164 0.059 0.123 0.160 0.152 
 59  Puco009    (4)   :  0.142 0.022 0.130 0.126 0.208 0.108 0.130 0.135 
 60 UA00064561    (4)   :  0.112 0.022 0.138 0.169 0.065 0.147 0.214 0.132 
 61 UA00003479    (4)   :  0.157 0.032 0.151 0.153 0.072 0.127 0.162 0.147 
 62 UA00063747    (4)   :  0.141 0.016 0.145 0.159 0.053 0.168 0.164 0.154 
 63 UA00002558    (4)   :  0.148 0.026 0.134 0.122 0.195 0.117 0.124 0.134 
 64 UA00048410    (4)   :  0.125 0.018 0.127 0.141 0.188 0.125 0.150 0.126 
 65 UA00012249    (4)   :  0.134 0.021 0.143 0.170 0.088 0.136 0.176 0.132 
 66 UA00033818    (4)   :  0.068 0.547 0.068 0.064 0.058 0.065 0.063 0.067 
 67  Puco020    (4)   :  0.145 0.128 0.134 0.128 0.070 0.113 0.145 0.137 
 68 UA00002545    (9)   :  0.121 0.073 0.145 0.172 0.035 0.140 0.173 0.141 
 69 UA00048508    (4)   :  0.166 0.029 0.154 0.156 0.039 0.135 0.166 0.155 
 70 UA00064100    (4)   :  0.183 0.046 0.156 0.146 0.046 0.124 0.143 0.156 
 71 UA00014585    (4)   :  0.158 0.040 0.160 0.154 0.061 0.128 0.153 0.146 
 72 UA00063698    (4)   :  0.107 0.100 0.092 0.085 0.354 0.084 0.083 0.095 
 73 UA00049753    (4)   :  0.117 0.370 0.104 0.101 0.022 0.086 0.091 0.109 
 74 UA00049037    (4)   :  0.153 0.055 0.150 0.155 0.030 0.139 0.164 0.154 
 75 UA00034941    (4)   :  0.155 0.070 0.143 0.148 0.075 0.135 0.134 0.140 
 76 UA00008083    (4)   :  0.068 0.045 0.065 0.063 0.568 0.060 0.065 0.066 
 77 UA00015084    (4)   :  0.111 0.138 0.095 0.086 0.305 0.085 0.082 0.098 
 78 UA00041010    (9)   :  0.061 0.291 0.054 0.050 0.394 0.044 0.051 0.055 
 79 UA00035261    (4)   :  0.130 0.202 0.118 0.112 0.104 0.108 0.107 0.120 
 80 UA00035431    (4)   :  0.164 0.017 0.156 0.143 0.065 0.150 0.145 0.160 
 81 UA00045274    (0)   :  0.156 0.075 0.136 0.133 0.089 0.146 0.120 0.145 
 82 UA00028200    (4)   :  0.105 0.349 0.088 0.084 0.117 0.080 0.079 0.096 
 83 UA00064559    (0)   :  0.023 0.843 0.023 0.022 0.021 0.023 0.022 0.023 
 84 UA00040808    (0)   :  0.100 0.326 0.095 0.094 0.120 0.080 0.091 0.095 
 85 UA00049156    (0)   :  0.100 0.341 0.089 0.091 0.120 0.079 0.088 0.091 
 86 UA00003952    (4)   :  0.076 0.030 0.076 0.073 0.547 0.061 0.070 0.068 
 87 UA00063954    (0)   :  0.161 0.130 0.142 0.137 0.031 0.121 0.128 0.149 
 88 UA00062934    (0)   :  0.155 0.165 0.133 0.122 0.058 0.112 0.114 0.140 
 89 UA00033829    (0)   :  0.051 0.544 0.048 0.044 0.185 0.039 0.044 0.047 
 90 UA00064351    (4)   :  0.123 0.035 0.140 0.135 0.088 0.213 0.123 0.143 
 91 UA00003697    (4)   :  0.083 0.067 0.077 0.070 0.497 0.061 0.071 0.073 
 92 UA00063438    (4)   :  0.147 0.195 0.126 0.113 0.084 0.097 0.109 0.129 
 93 UA00007608    (0)   :  0.126 0.197 0.110 0.105 0.162 0.096 0.098 0.106 
 94 UA00019683    (4)   :  0.078 0.415 0.086 0.086 0.029 0.132 0.084 0.090 
 95 UA00007781    (0)   :  0.163 0.038 0.151 0.145 0.055 0.158 0.133 0.157 
 96 UA00002915    (0)   :  0.127 0.296 0.106 0.104 0.072 0.081 0.104 0.111 
 97  Puco031    (4)   :  0.147 0.042 0.157 0.160 0.056 0.132 0.157 0.149 
 98 UA00048280    (4)   :  0.157 0.032 0.153 0.144 0.072 0.165 0.131 0.146 
 99 UA00048589    (0)   :  0.135 0.071 0.141 0.140 0.043 0.191 0.129 0.151 
100 UA00034417    (0)   :  0.141 0.103 0.129 0.122 0.143 0.111 0.127 0.125 
101 UA00050411    (4)   :  0.133 0.017 0.151 0.182 0.030 0.158 0.179 0.150 
102  Puco029    (4)   :  0.144 0.028 0.151 0.164 0.015 0.185 0.151 0.162 
103   F03403    (4)   :  0.120 0.019 0.146 0.146 0.040 0.256 0.122 0.153 
104 UA00049904    (0)   :  0.151 0.146 0.138 0.131 0.046 0.135 0.120 0.133 
105 UA00035335    (0)   :  0.127 0.023 0.148 0.172 0.012 0.186 0.172 0.159 
106 UA00012611    (0)   :  0.188 0.034 0.159 0.150 0.027 0.131 0.145 0.167 
107 UA00050319    (0)   :  0.111 0.019 0.143 0.145 0.023 0.278 0.128 0.153 
108 UA00032068    (4)   :  0.162 0.104 0.147 0.148 0.023 0.123 0.135 0.158 
109 UA00032026    (4)   :  0.151 0.074 0.153 0.157 0.033 0.135 0.146 0.151 
110 UA00030476    (4)   :  0.115 0.065 0.140 0.137 0.020 0.257 0.118 0.149 
111 UA00046853    (0)   :  0.129 0.058 0.147 0.137 0.034 0.210 0.128 0.157 
112 UA00040156    (4)   :  0.015 0.896 0.015 0.014 0.017 0.014 0.014 0.014 
113 UA00030528    (4)   :  0.140 0.189 0.141 0.134 0.030 0.107 0.128 0.132 
114  Puco025    (4)   :  0.120 0.025 0.146 0.173 0.024 0.166 0.204 0.143 
115    pc016    (0)   :  0.014 0.899 0.014 0.014 0.018 0.013 0.014 0.014 
116 UA00030617    (4)   :  0.123 0.018 0.148 0.172 0.021 0.166 0.207 0.146 
117 UA00030585    (4)   :  0.027 0.811 0.027 0.025 0.029 0.028 0.026 0.027 
118 UA00032060    (4)   :  0.139 0.203 0.127 0.126 0.032 0.124 0.120 0.130 
119    pc007    (0)   :  0.127 0.056 0.146 0.139 0.040 0.199 0.136 0.157 
120 UA00030798    (4)   :  0.036 0.779 0.034 0.032 0.020 0.031 0.034 0.034 
121 UA00030778    (4)   :  0.154 0.016 0.162 0.170 0.022 0.145 0.175 0.156 
122 UA00039674    (4)   :  0.021 0.863 0.020 0.020 0.018 0.018 0.020 0.021 
123 UA00032241    (4)   :  0.143 0.018 0.146 0.153 0.022 0.193 0.165 0.161 
124 UA00011624    (0)   :  0.146 0.027 0.153 0.166 0.035 0.146 0.167 0.160 
125 UA00033779    (4)   :  0.117 0.026 0.146 0.144 0.034 0.245 0.130 0.159 
126 UA00049402    (4)   :  0.138 0.042 0.135 0.150 0.141 0.118 0.143 0.133 
127 UA00033653    (0)   :  0.106 0.021 0.149 0.145 0.030 0.262 0.128 0.160 
128 UA00047738    (0)   :  0.158 0.055 0.146 0.138 0.083 0.133 0.134 0.154 
129 UA00047502    (4)   :  0.144 0.057 0.131 0.129 0.184 0.102 0.123 0.130 
130 UA00012014    (4)   :  0.158 0.040 0.149 0.162 0.052 0.126 0.159 0.155 
131 UA00040729    (0)   :  0.128 0.044 0.148 0.155 0.028 0.195 0.146 0.155 
132 UA00030392    (4)   :  0.139 0.035 0.148 0.167 0.024 0.154 0.187 0.146 
133 UA00050033    (0)   :  0.143 0.058 0.159 0.152 0.034 0.150 0.163 0.141 
134 UA00012152    (0)   :  0.082 0.018 0.088 0.090 0.460 0.084 0.098 0.081 
135 UA00050406    (0)   :  0.175 0.045 0.156 0.152 0.043 0.127 0.151 0.151 
136 UA00047973    (0)   :  0.167 0.031 0.155 0.148 0.041 0.156 0.144 0.158 
137 UA00008051    (0)   :  0.137 0.092 0.138 0.132 0.102 0.119 0.142 0.137 
138 UA00047337    (4)   :  0.132 0.179 0.127 0.130 0.039 0.131 0.134 0.128 
139 UA00041604    (4)   :  0.155 0.079 0.140 0.132 0.098 0.116 0.135 0.143 
140 UA00031704    (4)   :  0.148 0.023 0.154 0.173 0.018 0.145 0.182 0.157 
141 UA00040423    (4)   :  0.155 0.083 0.153 0.154 0.032 0.131 0.139 0.154 
142 UA00049433    (0)   :  0.151 0.062 0.142 0.145 0.100 0.115 0.144 0.140 
143 UA00034816    (0)   :  0.120 0.032 0.132 0.155 0.092 0.141 0.200 0.128 
144 UA00050214    (0)   :  0.104 0.023 0.152 0.180 0.022 0.163 0.222 0.133 
145 UA00041073    (0)   :  0.146 0.062 0.150 0.142 0.086 0.124 0.153 0.137 
146 UA00030318    (4)   :  0.138 0.026 0.148 0.164 0.061 0.143 0.179 0.142 
147 UA00046845    (0)   :  0.132 0.046 0.137 0.154 0.110 0.131 0.167 0.123 
148 UA00063946    (0)   :  0.098 0.038 0.142 0.139 0.027 0.281 0.130 0.145 
149 UA00031374    (4)   :  0.160 0.038 0.150 0.148 0.065 0.132 0.152 0.154 
150    M1136    (4)   :  0.100 0.335 0.109 0.111 0.034 0.096 0.116 0.100 
151 UA00034299    (0)   :  0.102 0.031 0.150 0.173 0.032 0.165 0.213 0.135 
152 UA00002387    (4)   :  0.143 0.019 0.154 0.161 0.068 0.131 0.169 0.155 
153 UA00021855    (0)   :  0.167 0.044 0.162 0.143 0.051 0.134 0.141 0.157 
154 UA00014500    (0)   :  0.160 0.052 0.153 0.162 0.029 0.126 0.164 0.154 
155 UA00050419    (4)   :  0.097 0.019 0.142 0.183 0.031 0.169 0.234 0.124 
156 UA00031854    (4)   :  0.158 0.040 0.144 0.141 0.091 0.132 0.141 0.152 
157    pc011    (4)   :  0.128 0.021 0.144 0.179 0.041 0.144 0.200 0.143 
158 UA00033004    (0)   :  0.155 0.064 0.147 0.153 0.046 0.125 0.161 0.149 
159 UA00046510    (0)   :  0.147 0.027 0.139 0.140 0.140 0.123 0.149 0.136 
160 UA00048747    (0)   :  0.144 0.028 0.152 0.159 0.065 0.137 0.171 0.144 
161 UA00014293    (0)   :  0.124 0.025 0.147 0.178 0.043 0.148 0.184 0.152 
162 UA00047686    (0)   :  0.145 0.048 0.135 0.128 0.180 0.106 0.126 0.132 
163 UA00033783    (4)   :  0.093 0.323 0.090 0.087 0.113 0.116 0.083 0.095 
164 UA00042609    (4)   :  0.112 0.053 0.118 0.120 0.264 0.099 0.117 0.117 
165 UA00031169    (4)   :  0.102 0.030 0.151 0.178 0.026 0.155 0.219 0.140 
166 UA00035181    (0)   :  0.155 0.014 0.157 0.166 0.026 0.178 0.152 0.154 
167 UA00050133    (0)   :  0.154 0.040 0.155 0.153 0.052 0.138 0.161 0.147 
168  Puco011    (4)   :  0.127 0.038 0.145 0.177 0.051 0.146 0.178 0.139 
169 UA00041476    (0)   :  0.146 0.063 0.142 0.139 0.091 0.122 0.162 0.133 
170 UA00046702    (0)   :  0.132 0.025 0.143 0.174 0.029 0.153 0.206 0.139 
171 UA00019940    (0)   :  0.143 0.042 0.154 0.144 0.066 0.135 0.163 0.152 
172 UA00049813    (0)   :  0.149 0.048 0.154 0.146 0.038 0.152 0.147 0.165 
173 UA00064165    (0)   :  0.116 0.046 0.102 0.092 0.373 0.082 0.090 0.098 
174 UA00064421    (0)   :  0.133 0.018 0.120 0.116 0.278 0.097 0.119 0.119 
175 UA00064569    (4)   :  0.132 0.016 0.146 0.169 0.032 0.167 0.191 0.147 
176 UA00003996    (0)   :  0.135 0.043 0.133 0.144 0.154 0.119 0.148 0.123 
177 UA00064491    (4)   :  0.121 0.023 0.145 0.165 0.063 0.159 0.195 0.130 
178 UA00011899    (0)   :  0.180 0.047 0.162 0.148 0.031 0.125 0.148 0.159 
179  Puco015    (4)   :  0.143 0.112 0.139 0.140 0.047 0.131 0.146 0.142 
180 UA00047929    (4)   :  0.136 0.029 0.151 0.152 0.020 0.200 0.156 0.157 
181 UA00056669    (0)   :  0.176 0.026 0.152 0.145 0.070 0.121 0.154 0.157 
182 UA00050176    (0)   :  0.172 0.059 0.152 0.136 0.082 0.110 0.139 0.151 
183  Puco014    (4)   :  0.161 0.041 0.150 0.143 0.069 0.143 0.137 0.156 
184 UA00019608    (0)   :  0.151 0.031 0.149 0.160 0.079 0.121 0.161 0.150 
185 UA00064333    (0)   :  0.147 0.031 0.150 0.161 0.048 0.132 0.168 0.163 
186  Puco013    (4)   :  0.148 0.035 0.134 0.135 0.163 0.114 0.131 0.141 
187 UA00016092    (0)   :  0.124 0.017 0.149 0.179 0.022 0.163 0.205 0.142 
188 UA00019060    (0)   :  0.072 0.123 0.065 0.059 0.495 0.056 0.064 0.068 
189 UA00063532    (0)   :  0.152 0.064 0.144 0.145 0.065 0.138 0.142 0.150 
190 UA00064117    (0)   :  0.100 0.207 0.090 0.084 0.264 0.076 0.087 0.092 
191 UA00011969    (0)   :  0.164 0.055 0.147 0.142 0.075 0.125 0.143 0.150 
192 UA00034586    (4)   :  0.153 0.024 0.154 0.153 0.028 0.167 0.158 0.162 
193 UA00030736    (4)   :  0.167 0.043 0.159 0.154 0.034 0.126 0.161 0.157 
194 UA00048493    (0)   :  0.159 0.069 0.146 0.146 0.042 0.132 0.156 0.149 
195 UA00040466    (0)   :  0.055 0.025 0.050 0.053 0.671 0.046 0.049 0.050 
196 UA00047659    (0)   :  0.182 0.023 0.160 0.156 0.045 0.133 0.143 0.158 
197 UA00042002    (4)   :  0.141 0.191 0.126 0.120 0.051 0.122 0.116 0.132 
198 UA00062606    (0)   :  0.141 0.043 0.141 0.142 0.140 0.122 0.133 0.137 
199 UA00030615    (4)   :  0.052 0.020 0.047 0.044 0.702 0.041 0.046 0.047 
200 UA00048899    (0)   :  0.179 0.036 0.162 0.150 0.046 0.123 0.145 0.158 
201 UA00047725    (0)   :  0.018 0.019 0.018 0.018 0.876 0.016 0.017 0.018 
202 UA00030866    (4)   :  0.162 0.030 0.155 0.167 0.073 0.122 0.146 0.145 
203 UA00034564    (0)   :  0.151 0.034 0.157 0.180 0.053 0.126 0.153 0.147 
204 UA00046520    (0)   :  0.121 0.022 0.145 0.146 0.031 0.245 0.131 0.159 
205 UA00035027    (0)   :  0.154 0.053 0.149 0.147 0.092 0.131 0.134 0.142 
206 UA00035421    (0)   :  0.120 0.028 0.115 0.117 0.288 0.098 0.119 0.114 
207 UA00062740    (4)   :  0.144 0.070 0.139 0.149 0.124 0.114 0.128 0.132 
208 UA00012360    (0)   :  0.041 0.021 0.040 0.040 0.746 0.035 0.039 0.038 
209 UA00050203    (0)   :  0.157 0.042 0.149 0.152 0.036 0.155 0.155 0.153 
210 UA00040534    (4)   :  0.103 0.178 0.086 0.081 0.321 0.066 0.079 0.087 
211 UA00031261    (4)   :  0.075 0.104 0.065 0.067 0.503 0.055 0.061 0.068 
212 UA00031917    (4)   :  0.095 0.168 0.089 0.095 0.314 0.070 0.083 0.086 
213 UA00040798    (4)   :  0.099 0.072 0.095 0.089 0.375 0.087 0.087 0.096 
214 UA00030598    (4)   :  0.119 0.074 0.105 0.096 0.306 0.089 0.102 0.107 
215 UA00050385    (0)   :  0.164 0.038 0.151 0.151 0.083 0.116 0.146 0.150 
216 UA00058283    (0)   :  0.035 0.047 0.032 0.030 0.764 0.029 0.030 0.033 
217 UA00042297    (4)   :  0.089 0.394 0.085 0.072 0.123 0.075 0.080 0.083 
218 UA00015415    (4)   :  0.034 0.021 0.032 0.033 0.789 0.030 0.032 0.031 
219 UA00035531    (0)   :  0.055 0.085 0.054 0.054 0.596 0.048 0.053 0.054 
220 UA00048683    (0)   :  0.072 0.026 0.069 0.068 0.566 0.061 0.069 0.067 
221 UA00046734    (4)   :  0.039 0.026 0.037 0.037 0.758 0.033 0.035 0.035 
222   pcRF01    (0)   :  0.101 0.013 0.146 0.184 0.029 0.159 0.223 0.145 
223 UA00007223    (0)   :  0.138 0.063 0.132 0.140 0.171 0.106 0.124 0.127 
224 UA00013841    (0)   :  0.144 0.108 0.148 0.146 0.030 0.139 0.136 0.148 
225 UA00014196    (0)   :  0.069 0.055 0.064 0.065 0.567 0.055 0.062 0.064 
226 UA00034635    (0)   :  0.170 0.026 0.162 0.152 0.043 0.125 0.161 0.160 
227 UA00047371    (0)   :  0.152 0.192 0.132 0.114 0.055 0.112 0.112 0.132 
228 UA00063544    (0)   :  0.137 0.184 0.128 0.122 0.050 0.124 0.120 0.134 
229 UA00064246    (0)   :  0.134 0.090 0.127 0.116 0.160 0.126 0.116 0.131 
230 UA00064328    (0)   :  0.154 0.075 0.128 0.121 0.175 0.100 0.117 0.131 
231 UA00002952    (0)   :  0.122 0.126 0.117 0.122 0.188 0.098 0.109 0.118 
232 UA00064079    (0)   :  0.151 0.128 0.140 0.126 0.069 0.115 0.136 0.135 
233 UA00046793    (0)   :  0.122 0.148 0.112 0.112 0.196 0.091 0.105 0.114 
234 UA00034769    (0)   :  0.087 0.409 0.085 0.083 0.084 0.088 0.078 0.086 
235 UA00034949    (0)   :  0.134 0.055 0.126 0.133 0.204 0.101 0.124 0.124 
236 UA00063753    (0)   :  0.122 0.073 0.145 0.130 0.089 0.183 0.120 0.139 
237 UA00015713    (0)   :  0.151 0.130 0.141 0.130 0.037 0.144 0.126 0.142 
238 UA00003494    (0)   :  0.137 0.088 0.130 0.141 0.116 0.110 0.149 0.129 
239 UA00056767    (0)   :  0.119 0.014 0.149 0.147 0.027 0.255 0.126 0.163 
240 UA00014461    (0)   :  0.133 0.081 0.123 0.131 0.176 0.111 0.123 0.121 
241 UA00034669    (0)   :  0.112 0.108 0.098 0.089 0.330 0.083 0.087 0.093 
242 UA00048164    (0)   :  0.137 0.025 0.133 0.132 0.195 0.120 0.130 0.130 
243 UA00007974    (0)   :  0.142 0.062 0.144 0.140 0.044 0.206 0.121 0.141 
244 UA00016166    (0)   :  0.121 0.240 0.122 0.120 0.046 0.101 0.125 0.126 
245 UA00015653    (0)   :  0.127 0.209 0.109 0.109 0.152 0.085 0.097 0.111 
246 UA00063882    (0)   :  0.110 0.099 0.101 0.096 0.316 0.087 0.094 0.096 
247 UA00049027    (0)   :  0.134 0.213 0.115 0.106 0.091 0.112 0.105 0.124 
248 UA00018878    (0)   :  0.128 0.227 0.121 0.117 0.035 0.144 0.102 0.124 
249 UA00038796    (0)   :  0.128 0.035 0.122 0.117 0.271 0.105 0.105 0.118 
250 UA00013465    (0)   :  0.073 0.039 0.065 0.059 0.593 0.052 0.056 0.064 
251 UA00014604    (0)   :  0.147 0.074 0.129 0.116 0.199 0.106 0.108 0.122 
252 UA00041913    (0)   :  0.108 0.242 0.120 0.110 0.056 0.138 0.107 0.118 
253 UA00021632    (0)   :  0.089 0.441 0.082 0.079 0.075 0.070 0.080 0.084 
254 UA00064027    (0)   :  0.164 0.106 0.136 0.122 0.107 0.104 0.120 0.142 
255 UA00015023    (0)   :  0.140 0.037 0.142 0.145 0.111 0.127 0.161 0.136 
256 UA00050243    (0)   :  0.151 0.211 0.129 0.116 0.052 0.093 0.115 0.133 
257 UA00048298    (0)   :  0.152 0.061 0.148 0.143 0.064 0.128 0.161 0.142 
258 UA00050437    (0)   :  0.155 0.043 0.134 0.118 0.193 0.103 0.122 0.133 
259 UA00014262    (0)   :  0.150 0.116 0.139 0.137 0.061 0.120 0.133 0.144 
260 UA00049129    (0)   :  0.138 0.073 0.149 0.142 0.039 0.164 0.150 0.145 
261 UA00014740    (0)   :  0.137 0.073 0.139 0.139 0.072 0.165 0.138 0.137 
262 UA00049612    (0)   :  0.049 0.635 0.049 0.047 0.076 0.049 0.047 0.048 
263 UA00014635    (0)   :  0.126 0.020 0.141 0.147 0.029 0.248 0.127 0.163 
264 UA00014673    (0)   :  0.136 0.117 0.123 0.109 0.183 0.103 0.104 0.124 
265 UA00033608    (0)   :  0.095 0.384 0.097 0.085 0.071 0.094 0.084 0.090 
266 UA00064540    (0)   :  0.126 0.038 0.139 0.134 0.081 0.212 0.123 0.147 
267 UA00050256    (0)   :  0.151 0.148 0.129 0.116 0.126 0.094 0.111 0.126 
268 UA00015274    (0)   :  0.147 0.033 0.154 0.153 0.072 0.138 0.157 0.145 
269 UA00062993    (0)   :  0.165 0.018 0.158 0.152 0.070 0.156 0.134 0.146 
270 UA00038364    (0)   :  0.158 0.091 0.140 0.133 0.069 0.140 0.125 0.142 
271 UA00014446    (0)   :  0.182 0.021 0.163 0.157 0.036 0.133 0.154 0.156 
272 UA00063545    (0)   :  0.082 0.435 0.074 0.067 0.142 0.060 0.066 0.074 
273 UA00040054    (0)   :  0.137 0.049 0.154 0.169 0.026 0.147 0.165 0.154 
274 UA00058447    (0)   :  0.160 0.043 0.154 0.146 0.036 0.180 0.134 0.148 
275 UA00046835    (0)   :  0.145 0.038 0.152 0.150 0.038 0.182 0.143 0.152 
276 UA00014608    (0)   :  0.177 0.030 0.160 0.143 0.054 0.139 0.139 0.157 
277    pc012    (0)   :  0.162 0.055 0.149 0.139 0.092 0.122 0.137 0.144 
278    pc002    (0)   :  0.111 0.347 0.100 0.092 0.069 0.086 0.090 0.104 
279 UA00033690    (0)   :  0.111 0.156 0.126 0.121 0.039 0.207 0.109 0.131 
280 UA00013688    (0)   :  0.160 0.049 0.142 0.142 0.088 0.135 0.136 0.148 
281 UA00063666    (0)   :  0.111 0.080 0.140 0.136 0.017 0.253 0.117 0.147 
282 UA00063292    (0)   :  0.104 0.022 0.144 0.144 0.023 0.281 0.132 0.151 
283    pc001    (0)   :  0.164 0.036 0.146 0.144 0.074 0.143 0.140 0.154 
284    pc008    (0)   :  0.156 0.039 0.150 0.143 0.048 0.165 0.139 0.159 
285 UA00034316    (0)   :  0.111 0.183 0.105 0.101 0.191 0.095 0.112 0.102 
286 UA00013046    (0)   :  0.121 0.030 0.151 0.163 0.020 0.179 0.181 0.154 
287 UA00050241    (0)   :  0.129 0.027 0.152 0.150 0.017 0.228 0.136 0.161 
288 UA00048599    (0)   :  0.159 0.022 0.150 0.152 0.027 0.194 0.139 0.156 
289 UA00046649    (0)   :  0.116 0.308 0.110 0.105 0.037 0.106 0.104 0.115 
290 UA00015674    (0)   :  0.082 0.445 0.083 0.076 0.057 0.099 0.073 0.084 
291 UA00013177    (0)   :  0.128 0.099 0.135 0.124 0.098 0.153 0.124 0.140 
292 UA00012814    (0)   :  0.155 0.037 0.154 0.148 0.062 0.130 0.153 0.161 
293 UA00034654    (0)   :  0.163 0.024 0.158 0.159 0.029 0.152 0.156 0.160 
294 UA00046743    (0)   :  0.115 0.028 0.139 0.156 0.035 0.234 0.143 0.151 
295 UA00014854    (0)   :  0.119 0.110 0.131 0.136 0.018 0.223 0.120 0.145 
296 UA00013729    (0)   :  0.136 0.040 0.150 0.160 0.045 0.147 0.176 0.146 
297 UA00063483    (0)   :  0.166 0.030 0.175 0.158 0.023 0.149 0.139 0.160 
298 UA00039326    (0)   :  0.140 0.111 0.140 0.140 0.034 0.159 0.131 0.144 
299 UA00014742    (0)   :  0.151 0.032 0.157 0.146 0.022 0.191 0.136 0.164 
300 UA00049597    (0)   :  0.097 0.363 0.099 0.101 0.016 0.132 0.090 0.100 
301 UA00048067    (0)   :  0.149 0.082 0.147 0.135 0.064 0.159 0.127 0.138 
302 UA00012918    (0)   :  0.095 0.169 0.122 0.124 0.017 0.235 0.110 0.126 
303 UA00013487    (0)   :  0.096 0.020 0.147 0.191 0.019 0.164 0.220 0.143 
304 UA00046759    (0)   :  0.139 0.093 0.130 0.119 0.165 0.112 0.116 0.126 
305 UA00050164    (0)   :  0.067 0.575 0.064 0.066 0.037 0.059 0.066 0.066 
306 UA00049839    (0)   :  0.144 0.029 0.160 0.151 0.045 0.172 0.144 0.155 
307 UA00048444    (0)   :  0.098 0.074 0.141 0.133 0.028 0.266 0.117 0.143 
308 UA00063857    (0)   :  0.139 0.042 0.153 0.159 0.018 0.184 0.153 0.153 
309 UA00014921    (0)   :  0.105 0.396 0.100 0.095 0.020 0.095 0.093 0.096 
310 UA00048895    (0)   :  0.102 0.389 0.096 0.090 0.044 0.095 0.088 0.097 
311 UA00014556    (0)   :  0.162 0.033 0.142 0.135 0.138 0.120 0.127 0.143 
312    pc009    (0)   :  0.104 0.024 0.147 0.148 0.016 0.276 0.136 0.148 
313 UA00014959    (0)   :  0.093 0.384 0.095 0.096 0.028 0.116 0.089 0.099 
314 UA00020709    (0)   :  0.147 0.085 0.142 0.142 0.043 0.153 0.133 0.155 
315 UA00013126    (0)   :  0.021 0.853 0.021 0.020 0.022 0.022 0.021 0.020 
316 UA00013695    (0)   :  0.033 0.789 0.032 0.031 0.023 0.031 0.030 0.032 
317 UA00049344    (0)   :  0.111 0.399 0.096 0.091 0.047 0.078 0.083 0.094 
318 UA00047614    (0)   :  0.046 0.647 0.041 0.040 0.105 0.040 0.040 0.041 
319 UA00014221    (0)   :  0.134 0.013 0.148 0.150 0.021 0.242 0.134 0.158 
320 UA00014346    (0)   :  0.137 0.050 0.139 0.140 0.048 0.214 0.121 0.150 
321 UA00014245    (0)   :  0.108 0.231 0.118 0.121 0.026 0.167 0.106 0.124 
322 UA00014696    (0)   :  0.025 0.823 0.025 0.024 0.033 0.022 0.024 0.024 
323 UA00006991    (0)   :  0.164 0.026 0.153 0.158 0.068 0.124 0.151 0.157 
324 UA00048948    (0)   :  0.180 0.035 0.153 0.140 0.059 0.126 0.149 0.158 
325 UA00002239    (0)   :  0.158 0.037 0.150 0.155 0.074 0.123 0.153 0.150 
326 UA00063459    (0)   :  0.119 0.032 0.146 0.142 0.017 0.269 0.124 0.151 
327 UA00048356    (0)   :  0.159 0.046 0.148 0.131 0.108 0.138 0.123 0.147 
328 UA00063940    (0)   :  0.152 0.044 0.150 0.146 0.098 0.124 0.151 0.136 
329 UA00048130    (0)   :  0.151 0.026 0.157 0.143 0.038 0.191 0.139 0.155 
330 UA00048903    (0)   :  0.119 0.017 0.155 0.175 0.021 0.172 0.196 0.145 
331 UA00064643    (0)   :  0.146 0.053 0.150 0.149 0.055 0.143 0.150 0.155 
332 UA00050233    (0)   :  0.148 0.028 0.147 0.142 0.080 0.147 0.154 0.153 
333 UA00012507    (0)   :  0.157 0.022 0.143 0.141 0.145 0.116 0.136 0.142 
334 UA00064416    (0)   :  0.125 0.024 0.152 0.171 0.035 0.150 0.191 0.152 
335 UA00034724    (0)   :  0.161 0.027 0.152 0.145 0.050 0.144 0.161 0.159 
336 UA00002621    (0)   :  0.149 0.023 0.159 0.155 0.029 0.168 0.166 0.150 
337 UA00033203    (0)   :  0.116 0.041 0.147 0.170 0.033 0.146 0.199 0.149 
338 UA00011996    (0)   :  0.179 0.047 0.156 0.155 0.025 0.133 0.143 0.163 
339 UA00014408    (0)   :  0.130 0.032 0.121 0.120 0.259 0.102 0.116 0.119 
340 UA00049502    (0)   :  0.171 0.025 0.154 0.140 0.103 0.126 0.135 0.146 
341 UA00062695    (0)   :  0.144 0.077 0.141 0.136 0.063 0.171 0.123 0.144 
342 UA00014072    (0)   :  0.148 0.045 0.157 0.139 0.040 0.178 0.133 0.159 
343 UA00003334    (0)   :  0.123 0.032 0.148 0.156 0.022 0.203 0.162 0.155 
344 UA00013835    (0)   :  0.163 0.052 0.151 0.152 0.043 0.154 0.133 0.153 
345 UA00046760    (0)   :  0.146 0.170 0.139 0.123 0.033 0.127 0.127 0.135 
346 UA00014241    (0)   :  0.154 0.024 0.152 0.158 0.042 0.151 0.171 0.149 
347 UA00049585    (0)   :  0.171 0.027 0.167 0.148 0.019 0.163 0.144 0.160 
348 UA00013409    (0)   :  0.117 0.043 0.134 0.123 0.152 0.181 0.115 0.135 
349 UA00047548    (0)   :  0.172 0.037 0.161 0.159 0.020 0.135 0.153 0.162 
350 UA00049038    (0)   :  0.116 0.295 0.106 0.097 0.090 0.095 0.094 0.107 
351 UA00047612    (0)   :  0.168 0.026 0.159 0.156 0.052 0.139 0.148 0.151 
352 UA00014822    (0)   :  0.124 0.238 0.111 0.101 0.127 0.090 0.100 0.109 
353 UA00035299    (0)   :  0.139 0.042 0.157 0.157 0.040 0.139 0.179 0.146 
354 UA00012804    (0)   :  0.122 0.306 0.110 0.099 0.055 0.097 0.100 0.112 
355 UA00049578    (0)   :  0.161 0.031 0.146 0.134 0.119 0.128 0.133 0.147 
356 UA00047672    (0)   :  0.115 0.022 0.152 0.174 0.041 0.155 0.195 0.147 
357 UA00043961    (0)   :  0.052 0.619 0.054 0.050 0.065 0.054 0.054 0.053 
358 UA00064575    (0)   :  0.143 0.037 0.140 0.121 0.175 0.127 0.121 0.135 
359 UA00014732    (0)   :  0.169 0.022 0.143 0.147 0.062 0.137 0.162 0.159 
360 UA00050181    (0)   :  0.167 0.015 0.154 0.171 0.052 0.127 0.148 0.166 
361 UA00033369    (0)   :  0.135 0.201 0.128 0.124 0.064 0.104 0.117 0.127 
362 UA00011982    (0)   :  0.093 0.017 0.146 0.185 0.016 0.178 0.234 0.131 
363 UA00014590    (0)   :  0.155 0.086 0.148 0.140 0.057 0.120 0.153 0.141 
364 UA00047743    (0)   :  0.134 0.023 0.160 0.175 0.024 0.146 0.174 0.165 
365 UA00046621    (0)   :  0.135 0.022 0.158 0.178 0.018 0.148 0.187 0.153 
366 UA00050422    (0)   :  0.159 0.027 0.148 0.141 0.107 0.126 0.146 0.145 
367 UA00002760    (0)   :  0.154 0.072 0.157 0.143 0.033 0.137 0.151 0.154 
368 UA00012999    (0)   :  0.150 0.096 0.153 0.146 0.031 0.128 0.148 0.147 
369 UA00063838    (0)   :  0.133 0.023 0.153 0.159 0.036 0.171 0.175 0.150 
370 UA00003729    (0)   :  0.126 0.150 0.116 0.107 0.159 0.122 0.103 0.118 
371 UA00015348    (0)   :  0.131 0.060 0.152 0.134 0.054 0.192 0.128 0.150 
372 UA00019058    (0)   :  0.125 0.040 0.135 0.133 0.088 0.216 0.116 0.147 
373 UA00049549    (0)   :  0.093 0.095 0.132 0.131 0.018 0.275 0.117 0.138 
374 UA00014334    (0)   :  0.149 0.039 0.151 0.159 0.083 0.126 0.148 0.146 
375 UA00014350    (0)   :  0.069 0.013 0.144 0.192 0.013 0.183 0.256 0.129 
376 UA00049227    (0)   :  0.144 0.148 0.133 0.137 0.085 0.102 0.121 0.128 
377 UA00014051    (0)   :  0.133 0.020 0.140 0.154 0.134 0.126 0.157 0.138 
378 UA00034381    (0)   :  0.154 0.032 0.149 0.144 0.086 0.134 0.158 0.144 
379 UA00002354    (0)   :  0.110 0.020 0.151 0.178 0.024 0.155 0.209 0.153 
380 UA00049892    (0)   :  0.120 0.074 0.146 0.152 0.021 0.177 0.164 0.146 
381 UA00021989    (0)   :  0.148 0.020 0.155 0.155 0.048 0.146 0.179 0.149 
382 UA00048968    (0)   :  0.161 0.025 0.152 0.159 0.049 0.133 0.157 0.164 
383 UA00013174    (0)   :  0.133 0.041 0.145 0.161 0.052 0.147 0.179 0.142 
384 UA00033992    (0)   :  0.158 0.161 0.134 0.135 0.029 0.105 0.136 0.142 
385 UA00015801    (0)   :  0.098 0.013 0.149 0.181 0.015 0.173 0.236 0.134 
386 UA00063303    (0)   :  0.112 0.208 0.117 0.116 0.059 0.154 0.113 0.121 
387 UA00050206    (0)   :  0.130 0.015 0.155 0.148 0.030 0.230 0.134 0.159 
388 UA00014458    (0)   :  0.144 0.081 0.136 0.142 0.060 0.139 0.151 0.146 
389 UA00007204    (0)   :  0.123 0.044 0.144 0.149 0.025 0.223 0.141 0.151 
390 UA00063212    (0)   :  0.119 0.181 0.121 0.104 0.129 0.124 0.101 0.121 
391 UA00013340    (0)   :  0.174 0.082 0.152 0.137 0.030 0.129 0.140 0.155 
392 UA00062743    (0)   :  0.147 0.021 0.153 0.174 0.081 0.131 0.156 0.137 
393 UA00063189    (0)   :  0.085 0.061 0.081 0.080 0.460 0.071 0.083 0.079 
394 UA00035432    (0)   :  0.146 0.026 0.161 0.156 0.027 0.166 0.162 0.155 
395 UA00007958    (0)   :  0.157 0.024 0.158 0.169 0.029 0.135 0.172 0.155 
396 UA00013634    (0)   :  0.138 0.019 0.157 0.180 0.048 0.142 0.176 0.141 
397 UA00048175    (0)   :  0.089 0.012 0.144 0.185 0.031 0.176 0.236 0.127 
398 UA00003202    (0)   :  0.175 0.033 0.164 0.153 0.034 0.132 0.154 0.156 
399 UA00035090    (0)   :  0.141 0.037 0.147 0.141 0.088 0.143 0.150 0.153 
400 UA00064679    (0)   :  0.114 0.047 0.110 0.111 0.293 0.101 0.115 0.110 
401 UA00039518    (0)   :  0.139 0.037 0.150 0.164 0.031 0.154 0.176 0.150 
402 UA00058268    (0)   :  0.159 0.036 0.163 0.151 0.045 0.130 0.164 0.152 
403 UA00049456    (0)   :  0.127 0.179 0.136 0.121 0.048 0.135 0.125 0.129 
404 UA00049550    (0)   :  0.144 0.023 0.150 0.130 0.107 0.162 0.130 0.154 
405 UA00048342    (0)   :  0.157 0.096 0.146 0.134 0.052 0.125 0.138 0.151 
406 UA00063493    (0)   :  0.154 0.019 0.164 0.157 0.026 0.149 0.169 0.162 
407 UA00058261    (0)   :  0.129 0.026 0.141 0.156 0.119 0.125 0.174 0.129 
408 UA00014663    (0)   :  0.173 0.036 0.151 0.146 0.061 0.121 0.154 0.157 
409 UA00048817    (0)   :  0.129 0.188 0.130 0.134 0.050 0.108 0.134 0.126 
410 UA00049381    (0)   :  0.129 0.023 0.140 0.171 0.060 0.141 0.198 0.138 
411 UA00035901    (0)   :  0.142 0.037 0.123 0.118 0.242 0.099 0.113 0.125 
412 UA00013301    (0)   :  0.124 0.044 0.148 0.138 0.080 0.198 0.123 0.146 
413 UA00047926    (0)   :  0.125 0.066 0.139 0.148 0.092 0.127 0.164 0.139 
414 UA00007272    (0)   :  0.136 0.041 0.140 0.148 0.148 0.113 0.137 0.138 
415 UA00016041    (0)   :  0.148 0.056 0.158 0.146 0.037 0.159 0.142 0.155 
416 UA00013502    (0)   :  0.135 0.018 0.146 0.158 0.062 0.155 0.183 0.144 
417 UA00002390    (0)   :  0.176 0.088 0.148 0.139 0.039 0.117 0.137 0.155 
418 UA00034907    (0)   :  0.183 0.023 0.162 0.147 0.065 0.126 0.140 0.154 
419 UA00048821    (0)   :  0.145 0.100 0.130 0.125 0.116 0.115 0.130 0.139 
420 UA00002136    (0)   :  0.148 0.099 0.151 0.133 0.061 0.131 0.134 0.143 
421 UA00011790    (0)   :  0.151 0.041 0.148 0.165 0.058 0.131 0.166 0.141 
422 UA00021586    (0)   :  0.131 0.181 0.125 0.121 0.065 0.115 0.132 0.128 
423 UA00033270    (0)   :  0.168 0.038 0.149 0.148 0.062 0.132 0.152 0.153 
424 UA00048073    (0)   :  0.159 0.040 0.156 0.146 0.049 0.145 0.151 0.155 
425 UA00048856    (0)   :  0.144 0.034 0.147 0.153 0.100 0.137 0.144 0.141 
426 UA00049713    (0)   :  0.118 0.033 0.148 0.164 0.052 0.149 0.190 0.144 
427 UA00046885    (0)   :  0.171 0.040 0.160 0.149 0.034 0.143 0.145 0.157 
428 UA00034893    (0)   :  0.128 0.027 0.150 0.161 0.030 0.165 0.185 0.154 
429 UA00048011    (0)   :  0.156 0.016 0.147 0.150 0.075 0.133 0.176 0.146 
430 UA00015786    (0)   :  0.133 0.065 0.124 0.120 0.206 0.102 0.125 0.124 
431 UA00013162    (0)   :  0.140 0.031 0.151 0.174 0.083 0.129 0.151 0.142 
432 UA00049512    (0)   :  0.156 0.049 0.149 0.143 0.069 0.148 0.137 0.149 
433 UA00004046    (0)   :  0.130 0.019 0.152 0.182 0.037 0.149 0.189 0.141 
434 UA00048881    (0)   :  0.137 0.132 0.125 0.112 0.170 0.092 0.113 0.119 
435 UA00046610    (0)   :  0.154 0.124 0.134 0.131 0.087 0.109 0.130 0.131 
436 UA00033282    (0)   :  0.154 0.044 0.144 0.144 0.091 0.135 0.141 0.147 
437 UA00047561    (0)   :  0.158 0.027 0.150 0.169 0.038 0.131 0.172 0.156 
438 UA00013777    (0)   :  0.141 0.023 0.142 0.151 0.147 0.124 0.137 0.134 
439 UA00062849    (0)   :  0.148 0.036 0.151 0.142 0.035 0.200 0.121 0.166 
440 UA00049786    (0)   :  0.108 0.019 0.133 0.180 0.065 0.154 0.216 0.125 
441 UA00033246    (0)   :  0.115 0.021 0.153 0.150 0.018 0.256 0.131 0.156 
442 UA00045302    (0)   :  0.166 0.041 0.162 0.159 0.031 0.129 0.156 0.157 
443 UA00048637    (0)   :  0.121 0.026 0.142 0.171 0.059 0.148 0.200 0.135 
444 UA00049832    (0)   :  0.129 0.120 0.136 0.130 0.033 0.177 0.129 0.147 
445 UA00022023    (0)   :  0.162 0.084 0.149 0.153 0.043 0.121 0.135 0.152 
446 UA00050192    (0)   :  0.158 0.142 0.142 0.136 0.040 0.112 0.129 0.140 
447 UA00050413    (0)   :  0.159 0.030 0.145 0.150 0.060 0.149 0.149 0.158 
448 UA00013445    (0)   :  0.165 0.017 0.154 0.169 0.025 0.141 0.168 0.160 
449 UA00035496    (0)   :  0.142 0.034 0.131 0.125 0.203 0.116 0.120 0.131 
450 UA00003333    (0)   :  0.129 0.075 0.113 0.108 0.264 0.090 0.108 0.112 
451 UA00064008    (0)   :  0.136 0.024 0.131 0.118 0.237 0.104 0.128 0.122 
452 UA00003427    (0)   :  0.144 0.152 0.134 0.124 0.073 0.116 0.124 0.133 
453 UA00028092    (0)   :  0.118 0.232 0.106 0.099 0.136 0.097 0.103 0.109 
454    pc003    (0)   :  0.055 0.089 0.052 0.045 0.620 0.043 0.047 0.049 
455 UA00034440    (0)   :  0.150 0.031 0.150 0.142 0.064 0.169 0.135 0.159 
456 UA00026062    (0)   :  0.125 0.039 0.151 0.183 0.035 0.143 0.182 0.142 
457 UA00014347    (0)   :  0.159 0.056 0.145 0.139 0.099 0.128 0.129 0.145 
458 UA00021516    (0)   :  0.126 0.029 0.143 0.167 0.033 0.155 0.212 0.136 
459 UA00049347    (0)   :  0.122 0.031 0.116 0.109 0.300 0.093 0.115 0.114 
460 UA00063436    (0)   :  0.096 0.037 0.100 0.091 0.365 0.115 0.094 0.102 
461 UA00047790    (0)   :  0.165 0.031 0.160 0.166 0.047 0.120 0.158 0.153 
462 UA00045714    (0)   :  0.130 0.095 0.123 0.110 0.216 0.089 0.118 0.120 
463 UA00038979    (0)   :  0.123 0.118 0.133 0.136 0.044 0.183 0.126 0.137 
464 UA00016123    (0)   :  0.145 0.068 0.145 0.148 0.103 0.117 0.140 0.134 
465 UA00034765    (0)   :  0.050 0.018 0.049 0.048 0.697 0.042 0.049 0.047 
466 UA00063815    (0)   :  0.081 0.095 0.074 0.071 0.468 0.068 0.067 0.075 
467 UA00034795    (0)   :  0.152 0.038 0.153 0.143 0.052 0.177 0.127 0.157 
468 UA00004000    (0)   :  0.064 0.028 0.058 0.057 0.631 0.051 0.054 0.057 
469 UA00049367    (0)   :  0.151 0.021 0.147 0.134 0.104 0.152 0.138 0.153 
470 UA00034457    (0)   :  0.156 0.041 0.161 0.163 0.029 0.130 0.168 0.151 
471 UA00050015    (0)   :  0.153 0.066 0.147 0.139 0.069 0.149 0.131 0.146 
472 UA00021373    (0)   :  0.168 0.042 0.151 0.152 0.053 0.129 0.152 0.154 
473 UA00050232    (0)   :  0.073 0.093 0.070 0.064 0.512 0.058 0.063 0.067 
474 UA00038724    (0)   :  0.154 0.100 0.150 0.138 0.035 0.139 0.135 0.149 
475 UA00007824    (0)   :  0.138 0.084 0.138 0.151 0.089 0.120 0.139 0.141 
476 UA00048754    (0)   :  0.148 0.017 0.149 0.169 0.111 0.121 0.147 0.137 
477 UA00014271    (0)   :  0.149 0.069 0.146 0.154 0.046 0.137 0.159 0.140 
478 UA00013756    (0)   :  0.117 0.089 0.126 0.118 0.163 0.149 0.112 0.127 
479 UA00014385    (0)   :  0.122 0.105 0.113 0.108 0.244 0.090 0.108 0.110 
480 UA00049609    (0)   :  0.146 0.035 0.151 0.143 0.045 0.179 0.141 0.161 
481 UA00003748    (0)   :  0.114 0.025 0.117 0.127 0.291 0.103 0.114 0.110 
482 UA00063952    (0)   :  0.125 0.020 0.130 0.128 0.241 0.114 0.121 0.120 
483 UA00058348    (0)   :  0.086 0.018 0.078 0.077 0.515 0.073 0.075 0.078 
484 UA00014922    (0)   :  0.042 0.039 0.043 0.043 0.706 0.041 0.043 0.042 
485 UA00003820    (0)   :  0.146 0.017 0.152 0.171 0.094 0.128 0.156 0.137 
486 UA00013693    (0)   :  0.151 0.074 0.135 0.133 0.129 0.111 0.134 0.132 
487 UA00047713    (0)   :  0.064 0.022 0.065 0.063 0.606 0.055 0.064 0.061 
488 UA00034891    (0)   :  0.117 0.034 0.111 0.117 0.316 0.097 0.104 0.104 
489 UA00049223    (0)   :  0.120 0.032 0.114 0.111 0.293 0.102 0.118 0.110 
490 UA00064399    (0)   :  0.047 0.197 0.041 0.041 0.562 0.032 0.038 0.043 
491 UA00013336    (0)   :  0.049 0.065 0.042 0.038 0.690 0.036 0.038 0.043 
492 UA00035291    (0)   :  0.057 0.040 0.056 0.058 0.636 0.047 0.051 0.055 
493 UA00003945    (0)   :  0.069 0.050 0.062 0.060 0.586 0.051 0.061 0.061 
494 UA00014518    (0)   :  0.094 0.043 0.089 0.088 0.434 0.074 0.090 0.087 
495 UA00013583    (0)   :  0.092 0.365 0.080 0.073 0.162 0.072 0.075 0.081 
