

----------------------------------------------------
STRUCTURE by Pritchard, Stephens and Donnelly (2000)
     and Falush, Stephens and Pritchard (2003)
       Code by Pritchard, Falush and Hubisz
             Version 2.3.4 (Jul 2012)
----------------------------------------------------



Command line arguments:   structure -K 7 -o outputfile_K7_1 
Input File:    Puma_SNP_genotypes_cut_AZ_final_HWEonly.str

Run parameters:
   536 individuals
   22 loci
   7 populations assumed
   100000 Burn-in period
   500000 Reps


--------------------------------------------
Overall proportion of membership of the
sample in each of the 7 clusters

Inferred Clusters
  1      2      3      4      5      6      7    
0.146  0.127  0.146  0.144  0.146  0.146  0.145  

--------------------------------------------

Allele-freq. divergence among pops (Net nucleotide distance),
computed using point estimates of P.

      1       2       3       4       5       6       7      
 1      -    0.0636  0.0001  0.0510  0.0004  0.0005  0.0011  
 2   0.0636     -    0.0628  0.0801  0.0620  0.0618  0.0641  
 3   0.0001  0.0628     -    0.0481  0.0001  0.0002  0.0007  
 4   0.0510  0.0801  0.0481     -    0.0460  0.0462  0.0468  
 5   0.0004  0.0620  0.0001  0.0460     -    0.0000  0.0003  
 6   0.0005  0.0618  0.0002  0.0462  0.0000     -    0.0002  
 7   0.0011  0.0641  0.0007  0.0468  0.0003  0.0002     -    

Average distances (expected heterozygosity) between individuals in same cluster:
cluster  1  : 0.3769 
cluster  2  : 0.2781 
cluster  3  : 0.3774 
cluster  4  : 0.2624 
cluster  5  : 0.3789 
cluster  6  : 0.3788 
cluster  7  : 0.3779 

--------------------------------------------
Estimated Ln Prob of Data   = -13629.7
Mean value of ln likelihood = -12293.3
Variance of ln likelihood   = 2672.7
Mean value of alpha         = 0.1749

Mean value of Fst_1         = 0.0874
Mean value of Fst_2         = 0.3170
Mean value of Fst_3         = 0.0759
Mean value of Fst_4         = 0.2923
Mean value of Fst_5         = 0.0607
Mean value of Fst_6         = 0.0586
Mean value of Fst_7         = 0.0617


Inferred ancestry of individuals:
        Label (%Miss) :  Inferred clusters
  1 UA00063336   (13)   :  0.104 0.390 0.105 0.057 0.115 0.113 0.117 
  2 UA00048914    (9)   :  0.129 0.099 0.132 0.184 0.147 0.153 0.155 
  3 UA00014769   (13)   :  0.203 0.044 0.184 0.019 0.169 0.176 0.206 
  4 UA00008132   (13)   :  0.155 0.111 0.155 0.073 0.170 0.166 0.168 
  5 UA00030462   (13)   :  0.122 0.083 0.128 0.256 0.135 0.136 0.140 
  6 UA00034866   (13)   :  0.146 0.031 0.160 0.156 0.173 0.166 0.167 
  7 UA00034800    (9)   :  0.061 0.617 0.061 0.070 0.063 0.065 0.063 
  8  Puco006    (9)   :  0.046 0.060 0.049 0.690 0.051 0.053 0.051 
  9 UA00048874    (4)   :  0.078 0.487 0.080 0.084 0.088 0.091 0.092 
 10 UA00049060    (9)   :  0.176 0.090 0.165 0.040 0.167 0.180 0.183 
 11 UA00033413    (9)   :  0.219 0.034 0.211 0.058 0.171 0.170 0.137 
 12  Puco021    (9)   :  0.215 0.130 0.192 0.030 0.152 0.160 0.121 
 13  Puco026    (9)   :  0.180 0.097 0.170 0.032 0.168 0.180 0.172 
 14  Puco008    (9)   :  0.104 0.231 0.111 0.199 0.119 0.118 0.118 
 15   M01301    (9)   :  0.201 0.027 0.191 0.113 0.160 0.171 0.138 
 16   M06306    (9)   :  0.108 0.428 0.105 0.030 0.106 0.113 0.109 
 17 UA00032185    (9)   :  0.163 0.089 0.162 0.102 0.167 0.163 0.155 
 18 UA00030792    (9)   :  0.020 0.873 0.020 0.025 0.021 0.021 0.021 
 19 UA00031647    (9)   :  0.117 0.234 0.119 0.113 0.140 0.144 0.133 
 20 UA00031979    (9)   :  0.160 0.066 0.165 0.092 0.166 0.176 0.176 
 21  Puco016    (9)   :  0.128 0.038 0.137 0.246 0.151 0.148 0.152 
 22  Puco010    (9)   :  0.189 0.061 0.184 0.058 0.179 0.170 0.158 
 23    M1035    (9)   :  0.150 0.134 0.161 0.031 0.173 0.176 0.174 
 24 UA00034601    (9)   :  0.147 0.104 0.151 0.129 0.149 0.162 0.158 
 25 UA00050388    (9)   :  0.154 0.108 0.156 0.092 0.164 0.165 0.161 
 26 UA00048699    (9)   :  0.099 0.040 0.109 0.399 0.118 0.114 0.121 
 27 UA00064058    (9)   :  0.162 0.082 0.171 0.035 0.175 0.183 0.192 
 28 UA00033981    (9)   :  0.206 0.073 0.194 0.066 0.169 0.162 0.130 
 29   F05033    (9)   :  0.186 0.047 0.184 0.041 0.176 0.183 0.183 
 30 UA00048520    (4)   :  0.142 0.211 0.137 0.105 0.133 0.139 0.132 
 31 UA00048422    (4)   :  0.037 0.788 0.037 0.030 0.037 0.036 0.035 
 32    PucoB    (4)   :  0.196 0.061 0.185 0.024 0.166 0.195 0.173 
 33 UA00047393    (4)   :  0.143 0.194 0.145 0.046 0.150 0.151 0.172 
 34 UA00064521    (4)   :  0.129 0.055 0.137 0.229 0.147 0.155 0.148 
 35 UA00003043    (4)   :  0.150 0.030 0.152 0.171 0.159 0.159 0.178 
 36 UA00063025    (4)   :  0.119 0.234 0.117 0.160 0.125 0.127 0.119 
 37 UA00063826    (4)   :  0.192 0.066 0.187 0.040 0.180 0.180 0.155 
 38   F07407    (4)   :  0.171 0.253 0.154 0.039 0.128 0.140 0.116 
 39 UA00021658    (4)   :  0.176 0.060 0.175 0.055 0.179 0.182 0.174 
 40 UA00003794    (4)   :  0.164 0.223 0.151 0.048 0.130 0.151 0.134 
 41 UA00041322    (4)   :  0.145 0.106 0.152 0.090 0.172 0.168 0.167 
 42 UA00063316    (4)   :  0.138 0.127 0.145 0.125 0.155 0.160 0.150 
 43 UA00047705    (4)   :  0.166 0.081 0.163 0.091 0.163 0.173 0.163 
 44 UA00033904    (4)   :  0.101 0.422 0.095 0.055 0.106 0.112 0.109 
 45 UA00048100    (4)   :  0.182 0.037 0.178 0.070 0.177 0.179 0.177 
 46 UA00032212    (4)   :  0.118 0.268 0.126 0.116 0.128 0.125 0.118 
 47 UA00031574    (4)   :  0.039 0.758 0.038 0.054 0.037 0.038 0.036 
 48 UA00031228    (4)   :  0.026 0.826 0.026 0.040 0.027 0.027 0.027 
 49 UA00047707    (4)   :  0.185 0.022 0.174 0.039 0.184 0.183 0.213 
 50 UA00030906    (4)   :  0.019 0.868 0.019 0.036 0.020 0.019 0.019 
 51 UA00041567    (4)   :  0.195 0.073 0.191 0.084 0.166 0.161 0.130 
 52 UA00007624    (4)   :  0.195 0.027 0.195 0.043 0.174 0.191 0.174 
 53 UA00034514    (4)   :  0.166 0.048 0.176 0.066 0.184 0.175 0.185 
 54 UA00030480    (4)   :  0.141 0.172 0.146 0.040 0.163 0.167 0.172 
 55  Puco012    (4)   :  0.162 0.048 0.174 0.080 0.179 0.176 0.181 
 56 UA00038677    (9)   :  0.139 0.147 0.137 0.155 0.140 0.145 0.138 
 57 UA00048275    (4)   :  0.190 0.043 0.184 0.054 0.183 0.187 0.160 
 58 UA00064055    (4)   :  0.156 0.053 0.165 0.076 0.176 0.176 0.198 
 59  Puco009    (4)   :  0.136 0.032 0.149 0.231 0.151 0.147 0.155 
 60 UA00064561    (4)   :  0.181 0.030 0.175 0.079 0.169 0.168 0.198 
 61 UA00003479    (4)   :  0.157 0.041 0.171 0.091 0.181 0.170 0.188 
 62 UA00063747    (4)   :  0.183 0.023 0.184 0.069 0.173 0.177 0.191 
 63 UA00002558    (4)   :  0.145 0.036 0.151 0.230 0.151 0.145 0.142 
 64 UA00048410    (4)   :  0.147 0.025 0.146 0.218 0.150 0.149 0.166 
 65 UA00012249    (4)   :  0.155 0.028 0.164 0.116 0.174 0.170 0.194 
 66 UA00033818    (4)   :  0.076 0.560 0.076 0.073 0.071 0.074 0.071 
 67  Puco020    (4)   :  0.138 0.159 0.146 0.090 0.154 0.150 0.163 
 68 UA00002545    (9)   :  0.168 0.090 0.162 0.045 0.169 0.165 0.201 
 69 UA00048508    (4)   :  0.170 0.039 0.177 0.051 0.186 0.184 0.193 
 70 UA00064100    (4)   :  0.156 0.068 0.168 0.062 0.180 0.187 0.179 
 71 UA00014585    (4)   :  0.155 0.053 0.171 0.080 0.186 0.172 0.183 
 72 UA00063698    (4)   :  0.094 0.129 0.099 0.383 0.103 0.098 0.094 
 73 UA00049753    (4)   :  0.099 0.432 0.101 0.029 0.115 0.115 0.109 
 74 UA00049037    (4)   :  0.168 0.074 0.171 0.039 0.183 0.175 0.189 
 75 UA00034941    (4)   :  0.150 0.100 0.154 0.099 0.164 0.175 0.158 
 76 UA00008083    (4)   :  0.072 0.058 0.075 0.573 0.077 0.075 0.071 
 77 UA00015084    (4)   :  0.094 0.178 0.098 0.342 0.096 0.099 0.094 
 78 UA00041010    (9)   :  0.054 0.321 0.058 0.387 0.062 0.060 0.060 
 79 UA00035261    (4)   :  0.120 0.239 0.123 0.124 0.129 0.133 0.133 
 80 UA00035431    (4)   :  0.187 0.024 0.190 0.082 0.177 0.178 0.162 
 81 UA00045274    (0)   :  0.156 0.102 0.157 0.116 0.151 0.165 0.153 
 82 UA00028200    (4)   :  0.088 0.383 0.094 0.135 0.098 0.102 0.099 
 83 UA00064559    (0)   :  0.028 0.830 0.028 0.029 0.028 0.029 0.028 
 84 UA00040808    (0)   :  0.088 0.391 0.090 0.128 0.096 0.100 0.106 
 85 UA00049156    (0)   :  0.085 0.404 0.088 0.139 0.095 0.099 0.091 
 86 UA00003952    (4)   :  0.071 0.040 0.072 0.574 0.078 0.083 0.083 
 87 UA00063954    (0)   :  0.147 0.191 0.140 0.041 0.156 0.164 0.161 
 88 UA00062934    (0)   :  0.127 0.233 0.132 0.075 0.144 0.148 0.141 
 89 UA00033829    (0)   :  0.049 0.551 0.051 0.196 0.052 0.052 0.050 
 90 UA00064351    (4)   :  0.208 0.049 0.195 0.109 0.158 0.163 0.119 
 91 UA00003697    (4)   :  0.074 0.089 0.075 0.523 0.082 0.078 0.079 
 92 UA00063438    (4)   :  0.121 0.252 0.128 0.102 0.136 0.130 0.131 
 93 UA00007608    (0)   :  0.111 0.251 0.108 0.188 0.113 0.119 0.110 
 94 UA00019683    (4)   :  0.123 0.453 0.110 0.035 0.095 0.097 0.086 
 95 UA00007781    (0)   :  0.177 0.053 0.173 0.074 0.169 0.182 0.172 
 96 UA00002915    (0)   :  0.100 0.335 0.108 0.091 0.126 0.119 0.120 
 97  Puco031    (4)   :  0.161 0.056 0.163 0.072 0.180 0.178 0.191 
 98 UA00048280    (4)   :  0.181 0.045 0.175 0.098 0.167 0.179 0.155 
 99 UA00048589    (0)   :  0.181 0.100 0.178 0.053 0.157 0.174 0.157 
100 UA00034417    (0)   :  0.129 0.136 0.133 0.161 0.141 0.147 0.153 
101 UA00050411    (4)   :  0.179 0.023 0.179 0.040 0.191 0.183 0.205 
102  Puco029    (4)   :  0.202 0.042 0.190 0.019 0.176 0.185 0.186 
103   F03403    (4)   :  0.232 0.026 0.202 0.052 0.158 0.183 0.148 
104 UA00049904    (0)   :  0.155 0.191 0.150 0.062 0.152 0.150 0.141 
105 UA00035335    (0)   :  0.203 0.031 0.197 0.017 0.173 0.181 0.198 
106 UA00012611    (0)   :  0.169 0.050 0.171 0.038 0.185 0.197 0.190 
107 UA00050319    (0)   :  0.242 0.026 0.218 0.030 0.165 0.182 0.136 
108 UA00032068    (4)   :  0.153 0.140 0.156 0.030 0.173 0.169 0.179 
109 UA00032026    (4)   :  0.163 0.100 0.163 0.044 0.170 0.175 0.185 
110 UA00030476    (4)   :  0.226 0.091 0.199 0.026 0.148 0.177 0.133 
111 UA00046853    (0)   :  0.214 0.078 0.205 0.045 0.175 0.161 0.122 
112 UA00040156    (4)   :  0.020 0.878 0.020 0.024 0.020 0.020 0.019 
113 UA00030528    (4)   :  0.129 0.242 0.133 0.038 0.147 0.147 0.164 
114  Puco025    (4)   :  0.192 0.035 0.180 0.032 0.182 0.172 0.207 
115    pc016    (0)   :  0.019 0.879 0.019 0.025 0.019 0.019 0.019 
116 UA00030617    (4)   :  0.197 0.025 0.184 0.027 0.181 0.183 0.203 
117 UA00030585    (4)   :  0.036 0.789 0.035 0.040 0.034 0.034 0.032 
118 UA00032060    (4)   :  0.138 0.249 0.138 0.042 0.143 0.147 0.143 
119    pc007    (0)   :  0.205 0.072 0.190 0.053 0.169 0.171 0.140 
120 UA00030798    (4)   :  0.040 0.769 0.041 0.027 0.042 0.041 0.041 
121 UA00030778    (4)   :  0.176 0.022 0.178 0.030 0.187 0.195 0.212 
122 UA00039674    (4)   :  0.024 0.851 0.025 0.025 0.025 0.025 0.026 
123 UA00032241    (4)   :  0.206 0.024 0.194 0.030 0.183 0.188 0.175 
124 UA00011624    (0)   :  0.178 0.039 0.179 0.045 0.187 0.174 0.198 
125 UA00033779    (4)   :  0.239 0.034 0.215 0.045 0.167 0.172 0.128 
126 UA00049402    (4)   :  0.129 0.054 0.148 0.177 0.166 0.156 0.170 
127 UA00033653    (0)   :  0.250 0.029 0.224 0.039 0.169 0.172 0.118 
128 UA00047738    (0)   :  0.167 0.082 0.164 0.105 0.164 0.163 0.155 
129 UA00047502    (4)   :  0.123 0.077 0.136 0.225 0.144 0.144 0.150 
130 UA00012014    (4)   :  0.162 0.059 0.169 0.066 0.180 0.173 0.191 
131 UA00040729    (0)   :  0.203 0.061 0.178 0.038 0.162 0.185 0.172 
132 UA00030392    (4)   :  0.183 0.045 0.180 0.032 0.181 0.182 0.197 
133 UA00050033    (0)   :  0.172 0.076 0.179 0.045 0.181 0.174 0.174 
134 UA00012152    (0)   :  0.093 0.025 0.095 0.485 0.098 0.097 0.108 
135 UA00050406    (0)   :  0.164 0.060 0.164 0.056 0.181 0.184 0.190 
136 UA00047973    (0)   :  0.184 0.043 0.183 0.054 0.181 0.180 0.175 
137 UA00008051    (0)   :  0.149 0.126 0.150 0.124 0.154 0.147 0.150 
138 UA00047337    (4)   :  0.143 0.229 0.140 0.048 0.142 0.149 0.148 
139 UA00041604    (4)   :  0.149 0.112 0.150 0.122 0.160 0.153 0.154 
140 UA00031704    (4)   :  0.175 0.030 0.184 0.023 0.192 0.181 0.215 
141 UA00040423    (4)   :  0.161 0.112 0.160 0.042 0.173 0.171 0.182 
142 UA00049433    (0)   :  0.140 0.085 0.147 0.126 0.164 0.162 0.176 
143 UA00034816    (0)   :  0.163 0.042 0.168 0.116 0.165 0.160 0.186 
144 UA00050214    (0)   :  0.200 0.031 0.179 0.030 0.169 0.173 0.218 
145 UA00041073    (0)   :  0.157 0.076 0.168 0.109 0.168 0.159 0.163 
146 UA00030318    (4)   :  0.171 0.035 0.177 0.080 0.175 0.171 0.191 
147 UA00046845    (0)   :  0.150 0.059 0.152 0.140 0.161 0.160 0.177 
148 UA00063946    (0)   :  0.245 0.051 0.215 0.036 0.164 0.168 0.121 
149 UA00031374    (4)   :  0.169 0.051 0.169 0.083 0.171 0.172 0.185 
150    M1136    (4)   :  0.116 0.350 0.115 0.043 0.122 0.119 0.134 
151 UA00034299    (0)   :  0.187 0.041 0.176 0.042 0.165 0.168 0.219 
152 UA00002387    (4)   :  0.169 0.025 0.173 0.087 0.180 0.168 0.198 
153 UA00021855    (0)   :  0.175 0.062 0.180 0.067 0.182 0.173 0.161 
154 UA00014500    (0)   :  0.163 0.070 0.171 0.038 0.182 0.184 0.192 
155 UA00050419    (4)   :  0.196 0.026 0.182 0.041 0.175 0.170 0.210 
156 UA00031854    (4)   :  0.158 0.051 0.167 0.115 0.174 0.168 0.166 
157    pc011    (4)   :  0.171 0.030 0.176 0.053 0.174 0.179 0.217 
158 UA00033004    (0)   :  0.152 0.088 0.168 0.058 0.170 0.173 0.190 
159 UA00046510    (0)   :  0.150 0.038 0.149 0.172 0.165 0.160 0.167 
160 UA00048747    (0)   :  0.169 0.038 0.171 0.083 0.173 0.169 0.196 
161 UA00014293    (0)   :  0.172 0.034 0.175 0.055 0.180 0.177 0.208 
162 UA00047686    (0)   :  0.133 0.071 0.137 0.210 0.146 0.148 0.155 
163 UA00033783    (4)   :  0.113 0.348 0.109 0.132 0.102 0.108 0.089 
164 UA00042609    (4)   :  0.118 0.073 0.121 0.286 0.132 0.127 0.143 
165 UA00031169    (4)   :  0.193 0.041 0.178 0.034 0.170 0.167 0.218 
166 UA00035181    (0)   :  0.189 0.019 0.189 0.034 0.187 0.195 0.187 
167 UA00050133    (0)   :  0.170 0.053 0.168 0.070 0.177 0.172 0.189 
168  Puco011    (4)   :  0.163 0.051 0.172 0.064 0.175 0.173 0.202 
169 UA00041476    (0)   :  0.153 0.081 0.159 0.111 0.165 0.160 0.171 
170 UA00046702    (0)   :  0.177 0.034 0.185 0.038 0.180 0.184 0.201 
171 UA00019940    (0)   :  0.167 0.061 0.165 0.083 0.176 0.167 0.181 
172 UA00049813    (0)   :  0.191 0.065 0.188 0.050 0.180 0.168 0.157 
173 UA00064165    (0)   :  0.098 0.064 0.102 0.416 0.107 0.107 0.107 
174 UA00064421    (0)   :  0.122 0.024 0.127 0.309 0.141 0.136 0.141 
175 UA00064569    (4)   :  0.188 0.023 0.185 0.041 0.182 0.185 0.197 
176 UA00003996    (0)   :  0.140 0.055 0.146 0.197 0.154 0.151 0.157 
177 UA00064491    (4)   :  0.181 0.031 0.175 0.081 0.172 0.166 0.194 
178 UA00011899    (0)   :  0.168 0.065 0.175 0.043 0.187 0.179 0.184 
179  Puco015    (4)   :  0.148 0.152 0.153 0.060 0.160 0.160 0.168 
180 UA00047929    (4)   :  0.208 0.040 0.195 0.026 0.167 0.187 0.175 
181 UA00056669    (0)   :  0.158 0.039 0.171 0.095 0.180 0.173 0.185 
182 UA00050176    (0)   :  0.143 0.082 0.163 0.108 0.171 0.162 0.170 
183  Puco014    (4)   :  0.170 0.058 0.174 0.092 0.177 0.168 0.162 
184 UA00019608    (0)   :  0.159 0.042 0.163 0.097 0.173 0.173 0.193 
185 UA00064333    (0)   :  0.172 0.044 0.176 0.062 0.176 0.166 0.203 
186  Puco013    (4)   :  0.137 0.048 0.146 0.199 0.160 0.154 0.157 
187 UA00016092    (0)   :  0.190 0.023 0.186 0.028 0.184 0.175 0.214 
188 UA00019060    (0)   :  0.069 0.139 0.071 0.497 0.075 0.075 0.074 
189 UA00063532    (0)   :  0.157 0.081 0.168 0.083 0.175 0.171 0.164 
190 UA00064117    (0)   :  0.088 0.249 0.093 0.285 0.097 0.093 0.095 
191 UA00011969    (0)   :  0.157 0.076 0.164 0.098 0.171 0.167 0.168 
192 UA00034586    (4)   :  0.194 0.035 0.189 0.037 0.188 0.182 0.176 
193 UA00030736    (4)   :  0.158 0.059 0.173 0.045 0.187 0.183 0.196 
194 UA00048493    (0)   :  0.160 0.091 0.165 0.055 0.174 0.181 0.174 
195 UA00040466    (0)   :  0.056 0.033 0.057 0.673 0.060 0.061 0.060 
196 UA00047659    (0)   :  0.166 0.033 0.174 0.063 0.185 0.190 0.190 
197 UA00042002    (4)   :  0.132 0.253 0.132 0.065 0.136 0.144 0.138 
198 UA00062606    (0)   :  0.144 0.060 0.150 0.162 0.162 0.154 0.168 
199 UA00030615    (4)   :  0.052 0.026 0.056 0.700 0.058 0.054 0.053 
200 UA00048899    (0)   :  0.161 0.050 0.168 0.064 0.188 0.185 0.184 
201 UA00047725    (0)   :  0.023 0.026 0.023 0.858 0.023 0.024 0.023 
202 UA00030866    (4)   :  0.144 0.043 0.160 0.099 0.180 0.188 0.186 
203 UA00034564    (0)   :  0.156 0.048 0.161 0.074 0.182 0.187 0.191 
204 UA00046520    (0)   :  0.238 0.030 0.216 0.039 0.165 0.178 0.133 
205 UA00035027    (0)   :  0.148 0.075 0.156 0.119 0.170 0.168 0.164 
206 UA00035421    (0)   :  0.115 0.038 0.121 0.326 0.132 0.128 0.141 
207 UA00062740    (4)   :  0.129 0.102 0.138 0.160 0.156 0.159 0.157 
208 UA00012360    (0)   :  0.045 0.029 0.047 0.735 0.049 0.047 0.048 
209 UA00050203    (0)   :  0.178 0.057 0.175 0.048 0.178 0.183 0.180 
210 UA00040534    (4)   :  0.081 0.220 0.086 0.336 0.092 0.092 0.093 
211 UA00031261    (4)   :  0.067 0.132 0.067 0.508 0.076 0.075 0.074 
212 UA00031917    (4)   :  0.082 0.221 0.083 0.332 0.091 0.096 0.095 
213 UA00040798    (4)   :  0.105 0.089 0.110 0.386 0.109 0.104 0.096 
214 UA00030598    (4)   :  0.109 0.089 0.117 0.326 0.125 0.121 0.113 
215 UA00050385    (0)   :  0.151 0.052 0.160 0.103 0.177 0.175 0.183 
216 UA00058283    (0)   :  0.038 0.063 0.039 0.745 0.040 0.039 0.036 
217 UA00042297    (4)   :  0.089 0.403 0.097 0.143 0.094 0.092 0.082 
218 UA00015415    (4)   :  0.037 0.029 0.037 0.776 0.040 0.039 0.041 
219 UA00035531    (0)   :  0.057 0.107 0.061 0.587 0.061 0.062 0.064 
220 UA00048683    (0)   :  0.072 0.035 0.076 0.580 0.079 0.078 0.080 
221 UA00046734    (4)   :  0.043 0.039 0.044 0.738 0.045 0.046 0.046 
222   pcRF01    (0)   :  0.192 0.018 0.190 0.038 0.172 0.168 0.222 
223 UA00007223    (0)   :  0.123 0.082 0.136 0.209 0.149 0.147 0.154 
224 UA00013841    (0)   :  0.155 0.156 0.152 0.038 0.156 0.170 0.172 
225 UA00014196    (0)   :  0.064 0.070 0.069 0.582 0.070 0.070 0.075 
226 UA00034635    (0)   :  0.163 0.037 0.178 0.057 0.194 0.183 0.188 
227 UA00047371    (0)   :  0.134 0.247 0.134 0.069 0.143 0.143 0.130 
228 UA00063544    (0)   :  0.142 0.233 0.142 0.065 0.143 0.139 0.136 
229 UA00064246    (0)   :  0.144 0.111 0.145 0.190 0.137 0.141 0.132 
230 UA00064328    (0)   :  0.123 0.110 0.132 0.213 0.147 0.135 0.140 
231 UA00002952    (0)   :  0.112 0.158 0.117 0.219 0.130 0.130 0.134 
232 UA00064079    (0)   :  0.145 0.171 0.144 0.085 0.150 0.151 0.154 
233 UA00046793    (0)   :  0.104 0.174 0.113 0.236 0.121 0.126 0.126 
234 UA00034769    (0)   :  0.093 0.442 0.095 0.102 0.094 0.090 0.085 
235 UA00034949    (0)   :  0.117 0.074 0.126 0.237 0.146 0.147 0.152 
236 UA00063753    (0)   :  0.188 0.101 0.179 0.111 0.157 0.150 0.113 
237 UA00015713    (0)   :  0.158 0.179 0.160 0.049 0.154 0.160 0.140 
238 UA00003494    (0)   :  0.134 0.106 0.149 0.140 0.156 0.149 0.165 
239 UA00056767    (0)   :  0.248 0.019 0.224 0.035 0.171 0.178 0.125 
240 UA00014461    (0)   :  0.128 0.098 0.134 0.214 0.142 0.140 0.144 
241 UA00034669    (0)   :  0.094 0.140 0.095 0.360 0.100 0.108 0.103 
242 UA00048164    (0)   :  0.141 0.034 0.141 0.227 0.148 0.151 0.159 
243 UA00007974    (0)   :  0.196 0.094 0.178 0.056 0.154 0.174 0.148 
244 UA00016166    (0)   :  0.126 0.288 0.124 0.058 0.126 0.131 0.147 
245 UA00015653    (0)   :  0.098 0.267 0.107 0.176 0.114 0.122 0.116 
246 UA00063882    (0)   :  0.098 0.122 0.102 0.344 0.109 0.112 0.112 
247 UA00049027    (0)   :  0.120 0.284 0.119 0.106 0.123 0.128 0.120 
248 UA00018878    (0)   :  0.141 0.290 0.132 0.044 0.125 0.144 0.125 
249 UA00038796    (0)   :  0.116 0.053 0.122 0.323 0.128 0.133 0.126 
250 UA00013465    (0)   :  0.065 0.053 0.069 0.603 0.071 0.069 0.070 
251 UA00014604    (0)   :  0.128 0.107 0.132 0.233 0.133 0.137 0.130 
252 UA00041913    (0)   :  0.146 0.284 0.143 0.068 0.133 0.124 0.103 
253 UA00021632    (0)   :  0.079 0.502 0.078 0.088 0.085 0.085 0.084 
254 UA00064027    (0)   :  0.133 0.147 0.136 0.131 0.152 0.154 0.147 
255 UA00015023    (0)   :  0.155 0.049 0.157 0.143 0.160 0.159 0.177 
256 UA00050243    (0)   :  0.116 0.274 0.125 0.067 0.137 0.141 0.140 
257 UA00048298    (0)   :  0.159 0.084 0.168 0.082 0.174 0.161 0.172 
258 UA00050437    (0)   :  0.130 0.063 0.135 0.241 0.141 0.142 0.148 
259 UA00014262    (0)   :  0.142 0.161 0.145 0.079 0.157 0.153 0.163 
260 UA00049129    (0)   :  0.173 0.099 0.171 0.051 0.170 0.171 0.164 
261 UA00014740    (0)   :  0.170 0.093 0.168 0.093 0.160 0.165 0.150 
262 UA00049612    (0)   :  0.057 0.632 0.056 0.086 0.059 0.056 0.054 
263 UA00014635    (0)   :  0.238 0.027 0.209 0.037 0.162 0.184 0.143 
264 UA00014673    (0)   :  0.121 0.169 0.117 0.214 0.122 0.136 0.121 
265 UA00033608    (0)   :  0.102 0.421 0.103 0.087 0.100 0.097 0.090 
266 UA00064540    (0)   :  0.196 0.051 0.191 0.101 0.153 0.173 0.136 
267 UA00050256    (0)   :  0.113 0.194 0.122 0.157 0.137 0.138 0.138 
268 UA00015274    (0)   :  0.162 0.047 0.162 0.091 0.172 0.175 0.191 
269 UA00062993    (0)   :  0.179 0.026 0.179 0.095 0.176 0.181 0.162 
270 UA00038364    (0)   :  0.156 0.128 0.157 0.090 0.164 0.156 0.150 
271 UA00014446    (0)   :  0.173 0.031 0.177 0.049 0.191 0.193 0.186 
272 UA00063545    (0)   :  0.069 0.475 0.071 0.157 0.076 0.077 0.075 
273 UA00040054    (0)   :  0.176 0.070 0.166 0.035 0.174 0.178 0.200 
274 UA00058447    (0)   :  0.181 0.059 0.176 0.048 0.176 0.185 0.175 
275 UA00046835    (0)   :  0.189 0.050 0.188 0.051 0.171 0.185 0.165 
276 UA00014608    (0)   :  0.167 0.044 0.173 0.074 0.180 0.185 0.176 
277    pc012    (0)   :  0.154 0.078 0.155 0.119 0.163 0.171 0.160 
278    pc002    (0)   :  0.100 0.389 0.101 0.083 0.107 0.112 0.107 
279 UA00033690    (0)   :  0.185 0.206 0.165 0.051 0.128 0.149 0.115 
280 UA00013688    (0)   :  0.156 0.066 0.155 0.110 0.167 0.174 0.172 
281 UA00063666    (0)   :  0.227 0.108 0.201 0.023 0.157 0.164 0.120 
282 UA00063292    (0)   :  0.246 0.031 0.218 0.031 0.166 0.178 0.130 
283    pc001    (0)   :  0.162 0.053 0.161 0.095 0.173 0.177 0.178 
284    pc008    (0)   :  0.185 0.059 0.178 0.067 0.168 0.177 0.167 
285 UA00034316    (0)   :  0.112 0.215 0.110 0.204 0.116 0.117 0.125 
286 UA00013046    (0)   :  0.201 0.040 0.190 0.027 0.184 0.179 0.178 
287 UA00050241    (0)   :  0.223 0.037 0.205 0.022 0.176 0.182 0.153 
288 UA00048599    (0)   :  0.201 0.031 0.192 0.037 0.177 0.197 0.165 
289 UA00046649    (0)   :  0.113 0.393 0.109 0.045 0.110 0.114 0.117 
290 UA00015674    (0)   :  0.096 0.485 0.093 0.070 0.087 0.089 0.080 
291 UA00013177    (0)   :  0.169 0.121 0.164 0.121 0.148 0.150 0.126 
292 UA00012814    (0)   :  0.165 0.053 0.172 0.080 0.177 0.168 0.184 
293 UA00034654    (0)   :  0.178 0.035 0.177 0.038 0.183 0.192 0.195 
294 UA00046743    (0)   :  0.212 0.039 0.194 0.045 0.163 0.186 0.160 
295 UA00014854    (0)   :  0.193 0.159 0.175 0.023 0.143 0.167 0.140 
296 UA00013729    (0)   :  0.176 0.055 0.171 0.058 0.175 0.167 0.199 
297 UA00063483    (0)   :  0.199 0.043 0.190 0.032 0.200 0.176 0.160 
298 UA00039326    (0)   :  0.162 0.153 0.162 0.046 0.156 0.162 0.157 
299 UA00014742    (0)   :  0.209 0.045 0.205 0.029 0.191 0.177 0.144 
300 UA00049597    (0)   :  0.120 0.431 0.108 0.020 0.104 0.113 0.105 
301 UA00048067    (0)   :  0.172 0.117 0.163 0.080 0.161 0.163 0.144 
302 UA00012918    (0)   :  0.191 0.213 0.172 0.023 0.132 0.153 0.116 
303 UA00013487    (0)   :  0.198 0.027 0.186 0.025 0.175 0.164 0.224 
304 UA00046759    (0)   :  0.131 0.126 0.133 0.194 0.141 0.136 0.138 
305 UA00050164    (0)   :  0.070 0.587 0.069 0.047 0.073 0.074 0.079 
306 UA00049839    (0)   :  0.205 0.038 0.204 0.059 0.188 0.171 0.136 
307 UA00048444    (0)   :  0.242 0.095 0.211 0.035 0.158 0.157 0.102 
308 UA00063857    (0)   :  0.198 0.060 0.184 0.024 0.184 0.181 0.170 
309 UA00014921    (0)   :  0.105 0.460 0.105 0.026 0.104 0.101 0.099 
310 UA00048895    (0)   :  0.102 0.432 0.106 0.055 0.100 0.104 0.099 
311 UA00014556    (0)   :  0.148 0.049 0.151 0.170 0.165 0.157 0.158 
312    pc009    (0)   :  0.258 0.033 0.220 0.021 0.179 0.168 0.122 
313 UA00014959    (0)   :  0.109 0.447 0.102 0.035 0.097 0.108 0.101 
314 UA00020709    (0)   :  0.166 0.126 0.158 0.054 0.155 0.170 0.172 
315 UA00013126    (0)   :  0.029 0.828 0.029 0.031 0.028 0.028 0.027 
316 UA00013695    (0)   :  0.039 0.772 0.039 0.031 0.038 0.040 0.041 
317 UA00049344    (0)   :  0.092 0.472 0.090 0.056 0.097 0.097 0.097 
318 UA00047614    (0)   :  0.044 0.655 0.045 0.118 0.045 0.047 0.046 
319 UA00014221    (0)   :  0.235 0.018 0.211 0.028 0.171 0.184 0.154 
320 UA00014346    (0)   :  0.209 0.065 0.193 0.063 0.160 0.174 0.136 
321 UA00014245    (0)   :  0.153 0.280 0.141 0.034 0.120 0.146 0.127 
322 UA00014696    (0)   :  0.030 0.797 0.030 0.045 0.031 0.033 0.033 
323 UA00006991    (0)   :  0.161 0.037 0.164 0.091 0.176 0.183 0.188 
324 UA00048948    (0)   :  0.168 0.050 0.172 0.078 0.183 0.173 0.175 
325 UA00002239    (0)   :  0.160 0.054 0.161 0.090 0.172 0.176 0.186 
326 UA00063459    (0)   :  0.240 0.047 0.213 0.023 0.158 0.185 0.135 
327 UA00048356    (0)   :  0.161 0.065 0.167 0.136 0.162 0.162 0.147 
328 UA00063940    (0)   :  0.157 0.058 0.158 0.125 0.168 0.164 0.170 
329 UA00048130    (0)   :  0.214 0.037 0.199 0.050 0.178 0.173 0.149 
330 UA00048903    (0)   :  0.200 0.023 0.191 0.029 0.178 0.183 0.197 
331 UA00064643    (0)   :  0.170 0.070 0.173 0.072 0.172 0.168 0.174 
332 UA00050233    (0)   :  0.171 0.039 0.180 0.099 0.176 0.172 0.164 
333 UA00012507    (0)   :  0.144 0.031 0.152 0.178 0.164 0.163 0.169 
334 UA00064416    (0)   :  0.183 0.033 0.180 0.046 0.175 0.171 0.214 
335 UA00034724    (0)   :  0.179 0.037 0.184 0.065 0.187 0.177 0.170 
336 UA00002621    (0)   :  0.195 0.033 0.189 0.039 0.182 0.186 0.176 
337 UA00033203    (0)   :  0.182 0.052 0.174 0.043 0.173 0.163 0.213 
338 UA00011996    (0)   :  0.163 0.071 0.172 0.034 0.191 0.190 0.179 
339 UA00014408    (0)   :  0.117 0.045 0.122 0.301 0.134 0.137 0.143 
340 UA00049502    (0)   :  0.168 0.037 0.166 0.137 0.172 0.164 0.156 
341 UA00062695    (0)   :  0.183 0.098 0.175 0.082 0.159 0.160 0.142 
342 UA00014072    (0)   :  0.203 0.062 0.203 0.053 0.180 0.169 0.130 
343 UA00003334    (0)   :  0.211 0.040 0.195 0.030 0.169 0.186 0.167 
344 UA00013835    (0)   :  0.176 0.075 0.172 0.058 0.171 0.177 0.173 
345 UA00046760    (0)   :  0.153 0.212 0.155 0.042 0.156 0.148 0.134 
346 UA00014241    (0)   :  0.174 0.033 0.182 0.054 0.182 0.185 0.190 
347 UA00049585    (0)   :  0.203 0.040 0.199 0.025 0.193 0.185 0.155 
348 UA00013409    (0)   :  0.188 0.056 0.180 0.172 0.154 0.139 0.112 
349 UA00047548    (0)   :  0.169 0.049 0.180 0.027 0.193 0.189 0.193 
350 UA00049038    (0)   :  0.112 0.334 0.111 0.108 0.116 0.113 0.107 
351 UA00047612    (0)   :  0.168 0.037 0.170 0.070 0.186 0.186 0.182 
352 UA00014822    (0)   :  0.099 0.296 0.106 0.153 0.116 0.118 0.112 
353 UA00035299    (0)   :  0.172 0.055 0.176 0.053 0.179 0.174 0.192 
354 UA00012804    (0)   :  0.110 0.354 0.110 0.069 0.119 0.122 0.115 
355 UA00049578    (0)   :  0.154 0.043 0.160 0.153 0.172 0.160 0.158 
356 UA00047672    (0)   :  0.186 0.030 0.176 0.052 0.174 0.168 0.214 
357 UA00043961    (0)   :  0.062 0.619 0.062 0.077 0.062 0.061 0.057 
358 UA00064575    (0)   :  0.151 0.052 0.160 0.214 0.154 0.147 0.122 
359 UA00014732    (0)   :  0.170 0.031 0.173 0.078 0.180 0.179 0.188 
360 UA00050181    (0)   :  0.162 0.022 0.171 0.068 0.197 0.187 0.193 
361 UA00033369    (0)   :  0.125 0.250 0.125 0.081 0.139 0.136 0.145 
362 UA00011982    (0)   :  0.205 0.023 0.185 0.022 0.176 0.170 0.219 
363 UA00014590    (0)   :  0.154 0.116 0.156 0.072 0.164 0.160 0.178 
364 UA00047743    (0)   :  0.186 0.033 0.180 0.032 0.175 0.176 0.217 
365 UA00046621    (0)   :  0.186 0.029 0.180 0.024 0.186 0.178 0.217 
366 UA00050422    (0)   :  0.157 0.039 0.159 0.144 0.166 0.166 0.169 
367 UA00002760    (0)   :  0.168 0.095 0.177 0.045 0.182 0.167 0.166 
368 UA00012999    (0)   :  0.159 0.128 0.157 0.040 0.171 0.168 0.177 
369 UA00063838    (0)   :  0.193 0.032 0.188 0.048 0.175 0.177 0.187 
370 UA00003729    (0)   :  0.126 0.193 0.128 0.188 0.123 0.128 0.114 
371 UA00015348    (0)   :  0.206 0.080 0.196 0.068 0.168 0.161 0.120 
372 UA00019058    (0)   :  0.204 0.053 0.192 0.111 0.149 0.166 0.125 
373 UA00049549    (0)   :  0.232 0.119 0.202 0.024 0.151 0.160 0.112 
374 UA00014334    (0)   :  0.154 0.055 0.157 0.109 0.175 0.171 0.179 
375 UA00014350    (0)   :  0.212 0.018 0.186 0.018 0.171 0.168 0.228 
376 UA00049227    (0)   :  0.120 0.192 0.131 0.106 0.149 0.155 0.147 
377 UA00014051    (0)   :  0.153 0.026 0.162 0.158 0.163 0.159 0.180 
378 UA00034381    (0)   :  0.168 0.045 0.176 0.110 0.171 0.165 0.166 
379 UA00002354    (0)   :  0.198 0.028 0.188 0.032 0.177 0.165 0.212 
380 UA00049892    (0)   :  0.187 0.097 0.181 0.028 0.170 0.169 0.168 
381 UA00021989    (0)   :  0.182 0.027 0.188 0.062 0.179 0.175 0.188 
382 UA00048968    (0)   :  0.168 0.034 0.176 0.063 0.178 0.178 0.203 
383 UA00013174    (0)   :  0.171 0.051 0.172 0.068 0.172 0.170 0.195 
384 UA00033992    (0)   :  0.140 0.206 0.145 0.039 0.152 0.153 0.165 
385 UA00015801    (0)   :  0.206 0.018 0.187 0.021 0.177 0.176 0.215 
386 UA00063303    (0)   :  0.143 0.268 0.136 0.070 0.130 0.134 0.120 
387 UA00050206    (0)   :  0.241 0.021 0.220 0.038 0.188 0.166 0.126 
388 UA00014458    (0)   :  0.164 0.102 0.170 0.078 0.166 0.159 0.160 
389 UA00007204    (0)   :  0.206 0.064 0.189 0.036 0.163 0.182 0.161 
390 UA00063212    (0)   :  0.143 0.206 0.149 0.149 0.133 0.122 0.097 
391 UA00013340    (0)   :  0.157 0.117 0.165 0.040 0.176 0.176 0.170 
392 UA00062743    (0)   :  0.154 0.029 0.161 0.106 0.180 0.178 0.191 
393 UA00063189    (0)   :  0.079 0.074 0.087 0.491 0.090 0.090 0.089 
394 UA00035432    (0)   :  0.197 0.035 0.203 0.036 0.189 0.177 0.164 
395 UA00007958    (0)   :  0.173 0.033 0.176 0.038 0.200 0.184 0.197 
396 UA00013634    (0)   :  0.164 0.027 0.173 0.063 0.187 0.185 0.201 
397 UA00048175    (0)   :  0.199 0.016 0.182 0.040 0.175 0.170 0.219 
398 UA00003202    (0)   :  0.168 0.045 0.185 0.047 0.194 0.178 0.184 
399 UA00035090    (0)   :  0.176 0.052 0.177 0.108 0.167 0.163 0.158 
400 UA00064679    (0)   :  0.116 0.062 0.122 0.322 0.123 0.123 0.132 
401 UA00039518    (0)   :  0.181 0.047 0.183 0.040 0.180 0.173 0.197 
402 UA00058268    (0)   :  0.173 0.049 0.175 0.060 0.180 0.175 0.188 
403 UA00049456    (0)   :  0.149 0.223 0.148 0.058 0.146 0.145 0.130 
404 UA00049550    (0)   :  0.189 0.032 0.189 0.128 0.170 0.159 0.134 
405 UA00048342    (0)   :  0.159 0.140 0.156 0.067 0.163 0.159 0.156 
406 UA00063493    (0)   :  0.187 0.027 0.193 0.034 0.195 0.178 0.186 
407 UA00058261    (0)   :  0.156 0.034 0.163 0.148 0.160 0.160 0.180 
408 UA00014663    (0)   :  0.163 0.051 0.166 0.079 0.177 0.175 0.188 
409 UA00048817    (0)   :  0.137 0.210 0.141 0.063 0.147 0.143 0.159 
410 UA00049381    (0)   :  0.164 0.031 0.175 0.076 0.177 0.174 0.202 
411 UA00035901    (0)   :  0.127 0.052 0.129 0.282 0.137 0.134 0.139 
412 UA00013301    (0)   :  0.211 0.055 0.193 0.099 0.170 0.155 0.117 
413 UA00047926    (0)   :  0.158 0.084 0.157 0.112 0.154 0.154 0.180 
414 UA00007272    (0)   :  0.144 0.055 0.147 0.179 0.154 0.149 0.171 
415 UA00016041    (0)   :  0.188 0.080 0.185 0.048 0.176 0.167 0.156 
416 UA00013502    (0)   :  0.178 0.025 0.183 0.081 0.177 0.173 0.184 
417 UA00002390    (0)   :  0.150 0.127 0.157 0.054 0.168 0.170 0.174 
418 UA00034907    (0)   :  0.160 0.034 0.168 0.089 0.188 0.182 0.179 
419 UA00048821    (0)   :  0.134 0.145 0.140 0.142 0.145 0.142 0.153 
420 UA00002136    (0)   :  0.159 0.144 0.164 0.080 0.169 0.151 0.134 
421 UA00011790    (0)   :  0.150 0.055 0.172 0.075 0.177 0.175 0.196 
422 UA00021586    (0)   :  0.136 0.215 0.137 0.081 0.142 0.144 0.146 
423 UA00033270    (0)   :  0.164 0.052 0.175 0.084 0.174 0.176 0.175 
424 UA00048073    (0)   :  0.180 0.056 0.177 0.065 0.174 0.179 0.169 
425 UA00048856    (0)   :  0.154 0.046 0.157 0.129 0.169 0.171 0.173 
426 UA00049713    (0)   :  0.179 0.045 0.171 0.066 0.171 0.165 0.202 
427 UA00046885    (0)   :  0.174 0.054 0.179 0.047 0.185 0.182 0.179 
428 UA00034893    (0)   :  0.192 0.038 0.183 0.037 0.183 0.177 0.190 
429 UA00048011    (0)   :  0.168 0.023 0.180 0.096 0.184 0.169 0.179 
430 UA00015786    (0)   :  0.127 0.092 0.134 0.231 0.144 0.136 0.136 
431 UA00013162    (0)   :  0.153 0.044 0.156 0.105 0.172 0.175 0.195 
432 UA00049512    (0)   :  0.174 0.067 0.171 0.090 0.172 0.170 0.156 
433 UA00004046    (0)   :  0.167 0.026 0.184 0.050 0.182 0.181 0.210 
434 UA00048881    (0)   :  0.113 0.168 0.121 0.213 0.134 0.126 0.125 
435 UA00046610    (0)   :  0.134 0.151 0.140 0.116 0.152 0.150 0.157 
436 UA00033282    (0)   :  0.158 0.063 0.160 0.111 0.170 0.169 0.168 
437 UA00047561    (0)   :  0.165 0.037 0.176 0.050 0.188 0.182 0.201 
438 UA00013777    (0)   :  0.138 0.031 0.148 0.180 0.166 0.165 0.171 
439 UA00062849    (0)   :  0.216 0.047 0.204 0.047 0.180 0.172 0.135 
440 UA00049786    (0)   :  0.174 0.026 0.176 0.081 0.170 0.171 0.202 
441 UA00033246    (0)   :  0.250 0.029 0.223 0.024 0.178 0.172 0.124 
442 UA00045302    (0)   :  0.173 0.058 0.168 0.040 0.189 0.184 0.188 
443 UA00048637    (0)   :  0.173 0.035 0.173 0.077 0.169 0.170 0.202 
444 UA00049832    (0)   :  0.176 0.172 0.166 0.043 0.148 0.157 0.138 
445 UA00022023    (0)   :  0.145 0.114 0.154 0.057 0.174 0.175 0.180 
446 UA00050192    (0)   :  0.135 0.193 0.139 0.052 0.153 0.162 0.165 
447 UA00050413    (0)   :  0.174 0.044 0.174 0.076 0.179 0.177 0.176 
448 UA00013445    (0)   :  0.171 0.024 0.183 0.034 0.195 0.188 0.204 
449 UA00035496    (0)   :  0.139 0.047 0.140 0.233 0.144 0.149 0.148 
450 UA00003333    (0)   :  0.109 0.105 0.118 0.298 0.124 0.119 0.128 
451 UA00064008    (0)   :  0.128 0.033 0.130 0.284 0.141 0.140 0.145 
452 UA00003427    (0)   :  0.136 0.193 0.139 0.092 0.145 0.147 0.149 
453 UA00028092    (0)   :  0.110 0.268 0.117 0.156 0.117 0.116 0.115 
454    pc003    (0)   :  0.053 0.110 0.057 0.612 0.057 0.057 0.055 
455 UA00034440    (0)   :  0.195 0.041 0.194 0.085 0.174 0.169 0.144 
456 UA00026062    (0)   :  0.171 0.053 0.169 0.047 0.180 0.174 0.207 
457 UA00014347    (0)   :  0.152 0.078 0.154 0.125 0.157 0.171 0.164 
458 UA00021516    (0)   :  0.182 0.039 0.174 0.044 0.181 0.180 0.201 
459 UA00049347    (0)   :  0.111 0.042 0.121 0.341 0.133 0.123 0.130 
460 UA00063436    (0)   :  0.118 0.049 0.124 0.394 0.113 0.110 0.092 
461 UA00047790    (0)   :  0.157 0.042 0.167 0.061 0.193 0.185 0.195 
462 UA00045714    (0)   :  0.116 0.118 0.126 0.246 0.134 0.128 0.132 
463 UA00038979    (0)   :  0.181 0.142 0.173 0.057 0.147 0.163 0.137 
464 UA00016123    (0)   :  0.134 0.083 0.149 0.131 0.169 0.164 0.170 
465 UA00034765    (0)   :  0.053 0.024 0.054 0.696 0.055 0.058 0.059 
466 UA00063815    (0)   :  0.075 0.120 0.079 0.494 0.079 0.077 0.076 
467 UA00034795    (0)   :  0.200 0.052 0.196 0.069 0.172 0.172 0.139 
468 UA00004000    (0)   :  0.060 0.039 0.063 0.639 0.066 0.067 0.065 
469 UA00049367    (0)   :  0.175 0.029 0.185 0.128 0.165 0.166 0.153 
470 UA00034457    (0)   :  0.160 0.054 0.173 0.039 0.195 0.187 0.193 
471 UA00050015    (0)   :  0.177 0.087 0.170 0.090 0.164 0.161 0.151 
472 UA00021373    (0)   :  0.161 0.057 0.169 0.071 0.184 0.178 0.180 
473 UA00050232    (0)   :  0.065 0.113 0.068 0.538 0.072 0.072 0.071 
474 UA00038724    (0)   :  0.164 0.134 0.163 0.046 0.173 0.162 0.158 
475 UA00007824    (0)   :  0.146 0.107 0.151 0.104 0.157 0.159 0.177 
476 UA00048754    (0)   :  0.139 0.024 0.161 0.145 0.175 0.176 0.179 
477 UA00014271    (0)   :  0.159 0.088 0.170 0.059 0.174 0.174 0.176 
478 UA00013756    (0)   :  0.150 0.116 0.151 0.190 0.139 0.138 0.115 
479 UA00014385    (0)   :  0.105 0.131 0.113 0.285 0.120 0.120 0.126 
480 UA00049609    (0)   :  0.197 0.047 0.193 0.059 0.174 0.177 0.153 
481 UA00003748    (0)   :  0.111 0.033 0.118 0.339 0.134 0.130 0.135 
482 UA00063952    (0)   :  0.126 0.027 0.134 0.285 0.142 0.138 0.148 
483 UA00058348    (0)   :  0.088 0.026 0.091 0.529 0.091 0.088 0.086 
484 UA00014922    (0)   :  0.052 0.052 0.051 0.685 0.054 0.054 0.052 
485 UA00003820    (0)   :  0.157 0.024 0.162 0.119 0.175 0.179 0.184 
486 UA00013693    (0)   :  0.130 0.096 0.145 0.162 0.159 0.150 0.159 
487 UA00047713    (0)   :  0.066 0.029 0.069 0.612 0.071 0.076 0.077 
488 UA00034891    (0)   :  0.108 0.050 0.114 0.355 0.128 0.125 0.121 
489 UA00049223    (0)   :  0.119 0.044 0.127 0.329 0.126 0.128 0.127 
490 UA00064399    (0)   :  0.040 0.240 0.042 0.538 0.045 0.047 0.048 
491 UA00013336    (0)   :  0.045 0.084 0.047 0.683 0.048 0.049 0.045 
492 UA00035291    (0)   :  0.055 0.058 0.058 0.636 0.064 0.063 0.065 
493 UA00003945    (0)   :  0.067 0.063 0.073 0.578 0.076 0.070 0.071 
494 UA00014518    (0)   :  0.087 0.055 0.098 0.456 0.100 0.097 0.106 
495 UA00013583    (0)   :  0.079 0.409 0.082 0.181 0.086 0.084 0.079 
496 UA00011510    (0)   :  0.099 0.082 0.105 0.383 0.114 0.106 0.111 
497 UA00046860    (0)   :  0.125 0.071 0.127 0.266 0.133 0.131 0.147 
498 UA00048853    (0)   :  0.099 0.158 0.104 0.306 0.112 0.108 0.112 
499 UA00012151    (0)   :  0.053 0.041 0.057 0.668 0.059 0.061 0.062 
500 UA00063930    (0)   :  0.101 0.406 0.101 0.128 0.097 0.091 0.077 
501 UA00013453    (0)   :  0.124 0.126 0.125 0.244 0.129 0.124 0.129 
502 UA00039299    (0)   :  0.040 0.047 0.041 0.743 0.043 0.044 0.042 
503 UA00014280    (0)   :  0.032 0.021 0.032 0.819 0.032 0.032 0.032 
504 UA00014200    (0)   :  0.087 0.038 0.088 0.499 0.092 0.095 0.101 
505 UA00040612    (0)   :  0.043 0.115 0.045 0.656 0.048 0.045 0.047 
506 UA00062679    (0)   :  0.040 0.066 0.042 0.722 0.044 0.044 0.042 
507 UA00034481    (0)   :  0.058 0.035 0.061 0.662 0.062 0.061 0.062 
508 UA00011880    (0)   :  0.148 0.284 0.141 0.080 0.126 0.125 0.096 
509 UA00013421    (0)   :  0.039 0.149 0.042 0.638 0.045 0.044 0.044 
510 UA00048051    (0)   :  0.029 0.033 0.030 0.817 0.031 0.030 0.030 
511 UA00063370    (0)   :  0.033 0.117 0.035 0.708 0.037 0.035 0.035 
512 UA00014716    (0)   :  0.042 0.067 0.043 0.714 0.044 0.045 0.044 
513 UA00033426    (0)   :  0.093 0.153 0.093 0.379 0.091 0.089 0.102 
514 UA00015190    (0)   :  0.045 0.194 0.044 0.573 0.047 0.050 0.047 
515 UA00013730    (0)   :  0.171 0.073 0.175 0.043 0.174 0.182 0.182 
516 UA00047644    (4)   :  0.081 0.126 0.087 0.418 0.097 0.097 0.095 
517 UA00031933    (9)   :  0.155 0.046 0.163 0.084 0.185 0.178 0.189 
518 UA00031541    (9)   :  0.098 0.113 0.104 0.373 0.105 0.103 0.105 
519   PCO-60    (4)   :  0.161 0.037 0.159 0.138 0.158 0.171 0.177 
520 UA00030495    (4)   :  0.143 0.106 0.147 0.134 0.160 0.156 0.154 
521 UA00031133    (4)   :  0.250 0.035 0.212 0.028 0.159 0.180 0.135 
522 UA00032049    (4)   :  0.126 0.242 0.128 0.078 0.140 0.146 0.140 
523 UA00030599    (4)   :  0.217 0.086 0.198 0.073 0.144 0.162 0.118 
524 UA00030250    (4)   :  0.180 0.031 0.178 0.044 0.184 0.179 0.204 
525 UA00049385    (4)   :  0.179 0.097 0.168 0.098 0.150 0.166 0.141 
526 UA00031816    (4)   :  0.246 0.034 0.218 0.034 0.152 0.184 0.133 
527 UA00030275    (4)   :  0.149 0.101 0.160 0.078 0.170 0.163 0.178 
528 UA00041861    (4)   :  0.148 0.077 0.160 0.084 0.174 0.177 0.181 
529 UA00041433    (4)   :  0.175 0.026 0.182 0.040 0.189 0.193 0.195 
530  PCO-114    (4)   :  0.161 0.033 0.169 0.103 0.177 0.166 0.190 
531 UA00031529    (4)   :  0.173 0.041 0.181 0.074 0.178 0.178 0.176 
532 UA00039719    (4)   :  0.174 0.038 0.175 0.094 0.170 0.170 0.179 
533  PCO-442    (4)   :  0.186 0.027 0.178 0.036 0.179 0.177 0.217 
534   PCO-58    (0)   :  0.169 0.056 0.166 0.079 0.166 0.171 0.194 
535 UA00048673    (4)   :  0.153 0.047 0.161 0.125 0.172 0.173 0.167 
536   PCO-63    (4)   :  0.192 0.028 0.189 0.068 0.185 0.172 0.166 


Estimated Allele Frequencies in each cluster
First column gives estimated ancestral frequencies


Locus 1 : PP01 
2 alleles
0.0% missing data
   1   (0.588) 0.581 0.913 0.583 0.325 0.589 0.585 0.596 
   2   (0.412) 0.419 0.087 0.417 0.675 0.411 0.415 0.404 

Locus 2 : PP02 
2 alleles
0.0% missing data
   1   (0.919) 0.907 0.992 0.909 0.967 0.912 0.914 0.920 
