

----------------------------------------------------
STRUCTURE by Pritchard, Stephens and Donnelly (2000)
     and Falush, Stephens and Pritchard (2003)
       Code by Pritchard, Falush and Hubisz
             Version 2.3.4 (Jul 2012)
----------------------------------------------------



Command line arguments:   structure -K 4 -o outputfile_K4_9 
Input File:    Puma_SNP_genotypes_cut_AZ_final_HWEonly.str

Run parameters:
   536 individuals
   22 loci
   4 populations assumed
   100000 Burn-in period
   500000 Reps


--------------------------------------------
Overall proportion of membership of the
sample in each of the 4 clusters

Inferred Clusters
  1      2      3      4    
0.256  0.258  0.241  0.246  

--------------------------------------------

Allele-freq. divergence among pops (Net nucleotide distance),
computed using point estimates of P.

      1       2       3       4      
 1      -    0.0404  0.0465  0.0639  
 2   0.0404     -    0.0608  0.0487  
 3   0.0465  0.0608     -    0.0515  
 4   0.0639  0.0487  0.0515     -    

Average distances (expected heterozygosity) between individuals in same cluster:
cluster  1  : 0.3516 
cluster  2  : 0.3550 
cluster  3  : 0.3381 
cluster  4  : 0.2914 

--------------------------------------------
Estimated Ln Prob of Data   = -12846.1
Mean value of ln likelihood = -12370.3
Variance of ln likelihood   = 951.6
Mean value of alpha         = 0.4277

Mean value of Fst_1         = 0.1229
Mean value of Fst_2         = 0.1087
Mean value of Fst_3         = 0.1726
Mean value of Fst_4         = 0.2096


Inferred ancestry of individuals:
        Label (%Miss) :  Inferred clusters
  1 UA00063336   (13)   :  0.141 0.155 0.575 0.129 
  2 UA00048914    (9)   :  0.135 0.228 0.280 0.358 
  3 UA00014769   (13)   :  0.323 0.489 0.137 0.052 
  4 UA00008132   (13)   :  0.266 0.305 0.253 0.177 
  5 UA00030462   (13)   :  0.166 0.149 0.229 0.455 
  6 UA00034866   (13)   :  0.313 0.210 0.124 0.353 
  7 UA00034800    (9)   :  0.095 0.090 0.686 0.129 
  8  Puco006    (9)   :  0.067 0.092 0.151 0.690 
  9 UA00048874    (4)   :  0.076 0.119 0.655 0.151 
 10 UA00049060    (9)   :  0.277 0.360 0.254 0.109 
 11 UA00033413    (9)   :  0.599 0.166 0.101 0.134 
 12  Puco021    (9)   :  0.549 0.090 0.286 0.075 
 13  Puco026    (9)   :  0.375 0.255 0.282 0.088 
 14  Puco008    (9)   :  0.111 0.150 0.448 0.292 
 15   M01301    (9)   :  0.553 0.162 0.083 0.203 
 16   M06306    (9)   :  0.171 0.095 0.668 0.066 
 17 UA00032185    (9)   :  0.320 0.232 0.207 0.241 
 18 UA00030792    (9)   :  0.050 0.047 0.834 0.069 
 19 UA00031647    (9)   :  0.124 0.145 0.516 0.215 
 20 UA00031979    (9)   :  0.243 0.271 0.265 0.221 
 21  Puco016    (9)   :  0.097 0.251 0.108 0.543 
 22  Puco010    (9)   :  0.469 0.213 0.176 0.142 
 23    M1035    (9)   :  0.189 0.410 0.316 0.085 
 24 UA00034601    (9)   :  0.287 0.136 0.280 0.296 
 25 UA00050388    (9)   :  0.261 0.195 0.358 0.185 
 26 UA00048699    (9)   :  0.096 0.176 0.088 0.641 
 27 UA00064058    (9)   :  0.229 0.451 0.223 0.097 
 28 UA00033981    (9)   :  0.558 0.099 0.207 0.135 
 29   F05033    (9)   :  0.411 0.336 0.143 0.110 
 30 UA00048520    (4)   :  0.267 0.130 0.400 0.203 
 31 UA00048422    (4)   :  0.089 0.059 0.780 0.072 
 32    PucoB    (4)   :  0.505 0.227 0.201 0.067 
 33 UA00047393    (4)   :  0.144 0.316 0.432 0.108 
 34 UA00064521    (4)   :  0.208 0.136 0.189 0.466 
 35 UA00003043    (4)   :  0.154 0.402 0.095 0.349 
 36 UA00063025    (4)   :  0.223 0.096 0.439 0.242 
 37 UA00063826    (4)   :  0.529 0.161 0.208 0.101 
 38   F07407    (4)   :  0.398 0.098 0.415 0.089 
 39 UA00021658    (4)   :  0.391 0.288 0.171 0.149 
 40 UA00003794    (4)   :  0.356 0.131 0.407 0.107 
 41 UA00041322    (4)   :  0.195 0.214 0.380 0.211 
 42 UA00063316    (4)   :  0.239 0.152 0.331 0.278 
 43 UA00047705    (4)   :  0.338 0.155 0.301 0.206 
 44 UA00033904    (4)   :  0.101 0.135 0.647 0.118 
 45 UA00048100    (4)   :  0.374 0.298 0.135 0.193 
 46 UA00032212    (4)   :  0.192 0.160 0.447 0.200 
 47 UA00031574    (4)   :  0.091 0.061 0.735 0.114 
 48 UA00031228    (4)   :  0.058 0.065 0.768 0.109 
 49 UA00047707    (4)   :  0.150 0.661 0.074 0.114 
 50 UA00030906    (4)   :  0.044 0.043 0.815 0.098 
 51 UA00041567    (4)   :  0.528 0.126 0.173 0.173 
 52 UA00007624    (4)   :  0.565 0.251 0.079 0.105 
 53 UA00034514    (4)   :  0.322 0.371 0.128 0.179 
 54 UA00030480    (4)   :  0.113 0.298 0.476 0.113 
 55  Puco012    (4)   :  0.254 0.361 0.137 0.248 
 56 UA00038677    (9)   :  0.243 0.138 0.340 0.280 
 57 UA00048275    (4)   :  0.527 0.157 0.166 0.151 
 58 UA00064055    (4)   :  0.096 0.529 0.157 0.218 
 59  Puco009    (4)   :  0.149 0.295 0.108 0.448 
 60 UA00064561    (4)   :  0.106 0.635 0.080 0.178 
 61 UA00003479    (4)   :  0.209 0.457 0.106 0.228 
 62 UA00063747    (4)   :  0.347 0.435 0.065 0.153 
 63 UA00002558    (4)   :  0.317 0.167 0.113 0.403 
 64 UA00048410    (4)   :  0.121 0.356 0.068 0.454 
 65 UA00012249    (4)   :  0.099 0.515 0.072 0.314 
 66 UA00033818    (4)   :  0.157 0.089 0.624 0.130 
 67  Puco020    (4)   :  0.130 0.359 0.281 0.231 
 68 UA00002545    (9)   :  0.089 0.612 0.186 0.113 
 69 UA00048508    (4)   :  0.280 0.460 0.110 0.150 
 70 UA00064100    (4)   :  0.291 0.265 0.237 0.207 
 71 UA00014585    (4)   :  0.252 0.382 0.142 0.224 
 72 UA00063698    (4)   :  0.162 0.105 0.239 0.494 
 73 UA00049753    (4)   :  0.126 0.123 0.678 0.073 
 74 UA00049037    (4)   :  0.280 0.419 0.197 0.104 
 75 UA00034941    (4)   :  0.304 0.125 0.338 0.233 
 76 UA00008083    (4)   :  0.116 0.111 0.125 0.648 
 77 UA00015084    (4)   :  0.158 0.086 0.322 0.434 
 78 UA00041010    (9)   :  0.061 0.094 0.379 0.466 
 79 UA00035261    (4)   :  0.168 0.159 0.417 0.256 
 80 UA00035431    (4)   :  0.546 0.189 0.076 0.189 
 81 UA00045274    (0)   :  0.343 0.162 0.274 0.220 
 82 UA00028200    (4)   :  0.125 0.105 0.502 0.268 
 83 UA00064559    (0)   :  0.069 0.046 0.814 0.072 
 84 UA00040808    (0)   :  0.069 0.158 0.537 0.236 
 85 UA00049156    (0)   :  0.113 0.104 0.555 0.227 
 86 UA00003952    (4)   :  0.076 0.128 0.092 0.704 
 87 UA00063954    (0)   :  0.177 0.190 0.533 0.100 
 88 UA00062934    (0)   :  0.150 0.157 0.544 0.149 
 89 UA00033829    (0)   :  0.093 0.072 0.568 0.267 
 90 UA00064351    (4)   :  0.562 0.088 0.154 0.196 
 91 UA00003697    (4)   :  0.125 0.090 0.200 0.585 
 92 UA00063438    (4)   :  0.148 0.158 0.504 0.191 
 93 UA00007608    (0)   :  0.154 0.087 0.468 0.291 
 94 UA00019683    (4)   :  0.268 0.074 0.580 0.078 
 95 UA00007781    (0)   :  0.423 0.204 0.185 0.188 
 96 UA00002915    (0)   :  0.115 0.175 0.463 0.247 
 97  Puco031    (4)   :  0.161 0.450 0.178 0.210 
 98 UA00048280    (4)   :  0.508 0.108 0.176 0.208 
 99 UA00048589    (0)   :  0.359 0.231 0.287 0.124 
100 UA00034417    (0)   :  0.130 0.265 0.311 0.294 
101 UA00050411    (4)   :  0.190 0.627 0.071 0.112 
102  Puco029    (4)   :  0.458 0.354 0.135 0.053 
103   F03403    (4)   :  0.666 0.138 0.078 0.118 
104 UA00049904    (0)   :  0.354 0.095 0.419 0.132 
105 UA00035335    (0)   :  0.356 0.495 0.104 0.046 
106 UA00012611    (0)   :  0.345 0.359 0.179 0.117 
107 UA00050319    (0)   :  0.723 0.124 0.078 0.075 
108 UA00032068    (4)   :  0.223 0.319 0.369 0.090 
109 UA00032026    (4)   :  0.246 0.308 0.319 0.128 
110 UA00030476    (4)   :  0.616 0.088 0.233 0.063 
111 UA00046853    (0)   :  0.572 0.119 0.213 0.096 
112 UA00040156    (4)   :  0.050 0.045 0.839 0.067 
113 UA00030528    (4)   :  0.084 0.310 0.503 0.103 
114  Puco025    (4)   :  0.242 0.561 0.108 0.089 
115    pc016    (0)   :  0.045 0.046 0.836 0.073 
116 UA00030617    (4)   :  0.266 0.591 0.072 0.071 
117 UA00030585    (4)   :  0.104 0.056 0.742 0.098 
118 UA00032060    (4)   :  0.249 0.164 0.492 0.095 
119    pc007    (0)   :  0.546 0.168 0.166 0.120 
120 UA00030798    (4)   :  0.083 0.079 0.768 0.070 
121 UA00030778    (4)   :  0.166 0.660 0.081 0.093 
122 UA00039674    (4)   :  0.050 0.054 0.828 0.068 
123 UA00032241    (4)   :  0.585 0.262 0.076 0.078 
124 UA00011624    (0)   :  0.254 0.494 0.132 0.121 
125 UA00033779    (4)   :  0.701 0.105 0.094 0.099 
126 UA00049402    (4)   :  0.100 0.333 0.127 0.440 
127 UA00033653    (0)   :  0.746 0.080 0.084 0.089 
128 UA00047738    (0)   :  0.308 0.193 0.278 0.222 
129 UA00047502    (4)   :  0.118 0.210 0.182 0.491 
130 UA00012014    (4)   :  0.154 0.460 0.198 0.189 
131 UA00040729    (0)   :  0.476 0.223 0.203 0.099 
132 UA00030392    (4)   :  0.298 0.485 0.120 0.098 
133 UA00050033    (0)   :  0.395 0.300 0.184 0.121 
134 UA00012152    (0)   :  0.088 0.246 0.071 0.595 
135 UA00050406    (0)   :  0.313 0.298 0.218 0.170 
136 UA00047973    (0)   :  0.464 0.273 0.131 0.133 
137 UA00008051    (0)   :  0.231 0.203 0.331 0.235 
138 UA00047337    (4)   :  0.254 0.214 0.413 0.120 
139 UA00041604    (4)   :  0.250 0.228 0.301 0.221 
140 UA00031704    (4)   :  0.227 0.619 0.084 0.069 
141 UA00040423    (4)   :  0.165 0.400 0.315 0.121 
142 UA00049433    (0)   :  0.115 0.348 0.229 0.308 
143 UA00034816    (0)   :  0.154 0.504 0.100 0.242 
144 UA00050214    (0)   :  0.133 0.697 0.094 0.076 
145 UA00041073    (0)   :  0.285 0.300 0.166 0.250 
146 UA00030318    (4)   :  0.236 0.470 0.102 0.192 
147 UA00046845    (0)   :  0.125 0.396 0.128 0.350 
148 UA00063946    (0)   :  0.678 0.078 0.160 0.084 
149 UA00031374    (4)   :  0.272 0.371 0.147 0.211 
150    M1136    (4)   :  0.116 0.287 0.479 0.117 
151 UA00034299    (0)   :  0.114 0.658 0.111 0.116 
152 UA00002387    (4)   :  0.100 0.600 0.076 0.224 
153 UA00021855    (0)   :  0.467 0.185 0.193 0.156 
154 UA00014500    (0)   :  0.217 0.462 0.201 0.121 
155 UA00050419    (4)   :  0.190 0.632 0.072 0.106 
156 UA00031854    (4)   :  0.341 0.287 0.122 0.250 
157    pc011    (4)   :  0.104 0.675 0.081 0.140 
158 UA00033004    (0)   :  0.118 0.502 0.222 0.158 
159 UA00046510    (0)   :  0.158 0.362 0.111 0.369 
160 UA00048747    (0)   :  0.118 0.566 0.111 0.205 
161 UA00014293    (0)   :  0.085 0.690 0.084 0.142 
162 UA00047686    (0)   :  0.110 0.274 0.243 0.374 
163 UA00033783    (4)   :  0.241 0.098 0.445 0.217 
164 UA00042609    (4)   :  0.095 0.289 0.189 0.428 
165 UA00031169    (4)   :  0.096 0.718 0.096 0.089 
166 UA00035181    (0)   :  0.454 0.386 0.065 0.095 
167 UA00050133    (0)   :  0.214 0.442 0.151 0.193 
168  Puco011    (4)   :  0.087 0.621 0.126 0.166 
169 UA00041476    (0)   :  0.147 0.417 0.169 0.266 
170 UA00046702    (0)   :  0.150 0.660 0.080 0.109 
171 UA00019940    (0)   :  0.227 0.346 0.233 0.194 
172 UA00049813    (0)   :  0.482 0.212 0.189 0.117 
173 UA00064165    (0)   :  0.138 0.133 0.168 0.561 
174 UA00064421    (0)   :  0.149 0.250 0.072 0.530 
175 UA00064569    (4)   :  0.332 0.481 0.076 0.111 
176 UA00003996    (0)   :  0.128 0.329 0.111 0.433 
177 UA00064491    (4)   :  0.273 0.440 0.086 0.201 
178 UA00011899    (0)   :  0.301 0.389 0.182 0.128 
179  Puco015    (4)   :  0.162 0.364 0.322 0.153 
180 UA00047929    (4)   :  0.572 0.238 0.124 0.066 
181 UA00056669    (0)   :  0.238 0.373 0.132 0.256 
182 UA00050176    (0)   :  0.204 0.312 0.202 0.282 
183  Puco014    (4)   :  0.400 0.192 0.187 0.221 
184 UA00019608    (0)   :  0.126 0.515 0.118 0.241 
185 UA00064333    (0)   :  0.119 0.576 0.137 0.168 
186  Puco013    (4)   :  0.156 0.316 0.145 0.382 
187 UA00016092    (0)   :  0.221 0.627 0.073 0.079 
188 UA00019060    (0)   :  0.097 0.125 0.219 0.559 
189 UA00063532    (0)   :  0.294 0.296 0.183 0.227 
190 UA00064117    (0)   :  0.105 0.159 0.354 0.382 
191 UA00011969    (0)   :  0.332 0.223 0.210 0.235 
192 UA00034586    (4)   :  0.448 0.321 0.124 0.107 
193 UA00030736    (4)   :  0.224 0.459 0.177 0.140 
194 UA00048493    (0)   :  0.236 0.387 0.221 0.156 
195 UA00040466    (0)   :  0.086 0.083 0.090 0.742 
196 UA00047659    (0)   :  0.344 0.324 0.142 0.190 
197 UA00042002    (4)   :  0.223 0.158 0.470 0.150 
198 UA00062606    (0)   :  0.153 0.302 0.189 0.356 
199 UA00030615    (4)   :  0.103 0.096 0.073 0.727 
200 UA00048899    (0)   :  0.305 0.326 0.172 0.198 
201 UA00047725    (0)   :  0.053 0.045 0.073 0.828 
202 UA00030866    (4)   :  0.205 0.293 0.184 0.318 
203 UA00034564    (0)   :  0.137 0.419 0.195 0.248 
204 UA00046520    (0)   :  0.726 0.108 0.082 0.084 
205 UA00035027    (0)   :  0.287 0.178 0.257 0.278 
206 UA00035421    (0)   :  0.090 0.244 0.087 0.579 
207 UA00062740    (4)   :  0.165 0.132 0.348 0.355 
208 UA00012360    (0)   :  0.090 0.093 0.090 0.726 
209 UA00050203    (0)   :  0.377 0.318 0.161 0.144 
210 UA00040534    (4)   :  0.100 0.113 0.363 0.424 
211 UA00031261    (4)   :  0.069 0.089 0.239 0.603 
212 UA00031917    (4)   :  0.066 0.104 0.393 0.437 
213 UA00040798    (4)   :  0.205 0.133 0.170 0.492 
214 UA00030598    (4)   :  0.183 0.148 0.155 0.513 
215 UA00050385    (0)   :  0.135 0.419 0.168 0.278 
216 UA00058283    (0)   :  0.087 0.061 0.136 0.716 
217 UA00042297    (4)   :  0.187 0.127 0.434 0.252 
218 UA00015415    (4)   :  0.058 0.082 0.078 0.782 
219 UA00035531    (0)   :  0.067 0.104 0.188 0.641 
220 UA00048683    (0)   :  0.089 0.141 0.095 0.675 
221 UA00046734    (4)   :  0.076 0.084 0.113 0.728 
222   pcRF01    (0)   :  0.080 0.773 0.052 0.094 
223 UA00007223    (0)   :  0.100 0.248 0.213 0.440 
224 UA00013841    (0)   :  0.178 0.257 0.469 0.096 
225 UA00014196    (0)   :  0.064 0.112 0.136 0.687 
226 UA00034635    (0)   :  0.299 0.390 0.131 0.180 
227 UA00047371    (0)   :  0.264 0.118 0.489 0.130 
228 UA00063544    (0)   :  0.263 0.159 0.434 0.144 
229 UA00064246    (0)   :  0.265 0.187 0.216 0.332 
230 UA00064328    (0)   :  0.150 0.208 0.296 0.346 
231 UA00002952    (0)   :  0.120 0.144 0.338 0.399 
232 UA00064079    (0)   :  0.218 0.229 0.376 0.178 
233 UA00046793    (0)   :  0.091 0.186 0.257 0.466 
234 UA00034769    (0)   :  0.196 0.086 0.524 0.195 
235 UA00034949    (0)   :  0.075 0.238 0.174 0.514 
236 UA00063753    (0)   :  0.459 0.084 0.268 0.188 
237 UA00015713    (0)   :  0.337 0.139 0.406 0.118 
238 UA00003494    (0)   :  0.075 0.414 0.171 0.340 
239 UA00056767    (0)   :  0.758 0.116 0.053 0.074 
240 UA00014461    (0)   :  0.152 0.219 0.181 0.449 
241 UA00034669    (0)   :  0.157 0.101 0.316 0.426 
242 UA00048164    (0)   :  0.207 0.278 0.113 0.401 
243 UA00007974    (0)   :  0.467 0.095 0.310 0.129 
244 UA00016166    (0)   :  0.089 0.263 0.524 0.124 
245 UA00015653    (0)   :  0.113 0.099 0.502 0.286 
246 UA00063882    (0)   :  0.105 0.139 0.213 0.542 
247 UA00049027    (0)   :  0.192 0.124 0.519 0.165 
248 UA00018878    (0)   :  0.265 0.094 0.554 0.087 
249 UA00038796    (0)   :  0.173 0.111 0.185 0.532 
250 UA00013465    (0)   :  0.118 0.091 0.133 0.658 
251 UA00014604    (0)   :  0.262 0.099 0.287 0.352 
252 UA00041913    (0)   :  0.364 0.093 0.413 0.130 
253 UA00021632    (0)   :  0.101 0.095 0.667 0.137 
254 UA00064027    (0)   :  0.165 0.179 0.389 0.267 
255 UA00015023    (0)   :  0.147 0.373 0.117 0.363 
256 UA00050243    (0)   :  0.124 0.195 0.510 0.171 
257 UA00048298    (0)   :  0.243 0.361 0.202 0.194 
258 UA00050437    (0)   :  0.151 0.209 0.187 0.453 
259 UA00014262    (0)   :  0.162 0.250 0.403 0.185 
260 UA00049129    (0)   :  0.401 0.229 0.248 0.123 
261 UA00014740    (0)   :  0.417 0.142 0.228 0.213 
262 UA00049612    (0)   :  0.115 0.080 0.654 0.151 
263 UA00014635    (0)   :  0.734 0.113 0.072 0.081 
264 UA00014673    (0)   :  0.170 0.123 0.410 0.297 
265 UA00033608    (0)   :  0.191 0.097 0.548 0.164 
266 UA00064540    (0)   :  0.569 0.110 0.141 0.180 
267 UA00050256    (0)   :  0.122 0.145 0.398 0.336 
268 UA00015274    (0)   :  0.192 0.417 0.165 0.226 
269 UA00062993    (0)   :  0.559 0.131 0.099 0.211 
270 UA00038364    (0)   :  0.307 0.164 0.347 0.183 
271 UA00014446    (0)   :  0.386 0.332 0.131 0.151 
272 UA00063545    (0)   :  0.089 0.096 0.575 0.240 
273 UA00040054    (0)   :  0.170 0.454 0.275 0.102 
274 UA00058447    (0)   :  0.459 0.202 0.207 0.133 
275 UA00046835    (0)   :  0.531 0.192 0.139 0.138 
276 UA00014608    (0)   :  0.442 0.204 0.157 0.197 
277    pc012    (0)   :  0.316 0.176 0.236 0.272 
278    pc002    (0)   :  0.149 0.124 0.571 0.156 
279 UA00033690    (0)   :  0.386 0.067 0.451 0.096 
280 UA00013688    (0)   :  0.313 0.231 0.199 0.257 
281 UA00063666    (0)   :  0.601 0.080 0.264 0.056 
282 UA00063292    (0)   :  0.708 0.114 0.098 0.080 
283    pc001    (0)   :  0.290 0.274 0.192 0.244 
284    pc008    (0)   :  0.433 0.213 0.199 0.155 
285 UA00034316    (0)   :  0.107 0.243 0.324 0.325 
286 UA00013046    (0)   :  0.478 0.329 0.120 0.074 
287 UA00050241    (0)   :  0.651 0.158 0.134 0.057 
288 UA00048599    (0)   :  0.650 0.156 0.099 0.095 
289 UA00046649    (0)   :  0.153 0.149 0.607 0.091 
290 UA00015674    (0)   :  0.206 0.071 0.593 0.131 
291 UA00013177    (0)   :  0.399 0.127 0.260 0.214 
292 UA00012814    (0)   :  0.216 0.419 0.159 0.206 
293 UA00034654    (0)   :  0.376 0.372 0.138 0.114 
294 UA00046743    (0)   :  0.550 0.230 0.117 0.104 
295 UA00014854    (0)   :  0.395 0.145 0.406 0.054 
296 UA00013729    (0)   :  0.192 0.481 0.172 0.155 
297 UA00063483    (0)   :  0.609 0.145 0.152 0.094 
298 UA00039326    (0)   :  0.300 0.216 0.367 0.117 
299 UA00014742    (0)   :  0.643 0.147 0.130 0.079 
300 UA00049597    (0)   :  0.166 0.097 0.689 0.048 
301 UA00048067    (0)   :  0.400 0.096 0.352 0.152 
302 UA00012918    (0)   :  0.400 0.080 0.463 0.057 
303 UA00013487    (0)   :  0.071 0.804 0.064 0.060 
304 UA00046759    (0)   :  0.201 0.151 0.342 0.306 
305 UA00050164    (0)   :  0.072 0.148 0.671 0.109 
306 UA00049839    (0)   :  0.610 0.159 0.108 0.123 
307 UA00048444    (0)   :  0.652 0.059 0.210 0.079 
308 UA00063857    (0)   :  0.514 0.235 0.186 0.065 
309 UA00014921    (0)   :  0.185 0.104 0.653 0.059 
310 UA00048895    (0)   :  0.215 0.118 0.553 0.114 
311 UA00014556    (0)   :  0.242 0.192 0.214 0.352 
312    pc009    (0)   :  0.737 0.109 0.104 0.050 
313 UA00014959    (0)   :  0.174 0.106 0.645 0.076 
314 UA00020709    (0)   :  0.238 0.261 0.366 0.135 
315 UA00013126    (0)   :  0.081 0.058 0.782 0.079 
316 UA00013695    (0)   :  0.084 0.075 0.758 0.083 
317 UA00049344    (0)   :  0.116 0.088 0.690 0.106 
318 UA00047614    (0)   :  0.079 0.057 0.702 0.162 
319 UA00014221    (0)   :  0.725 0.147 0.062 0.066 
320 UA00014346    (0)   :  0.603 0.097 0.164 0.136 
321 UA00014245    (0)   :  0.288 0.149 0.484 0.079 
322 UA00014696    (0)   :  0.051 0.082 0.728 0.139 
323 UA00006991    (0)   :  0.195 0.412 0.145 0.249 
324 UA00048948    (0)   :  0.322 0.314 0.160 0.204 
325 UA00002239    (0)   :  0.121 0.436 0.191 0.253 
326 UA00063459    (0)   :  0.694 0.092 0.156 0.057 
327 UA00048356    (0)   :  0.463 0.116 0.189 0.232 
328 UA00063940    (0)   :  0.250 0.296 0.164 0.290 
329 UA00048130    (0)   :  0.664 0.108 0.112 0.117 
330 UA00048903    (0)   :  0.423 0.431 0.067 0.079 
331 UA00064643    (0)   :  0.284 0.321 0.193 0.202 
332 UA00050233    (0)   :  0.324 0.322 0.111 0.243 
333 UA00012507    (0)   :  0.158 0.301 0.099 0.442 
334 UA00064416    (0)   :  0.133 0.657 0.094 0.116 
335 UA00034724    (0)   :  0.396 0.338 0.109 0.158 
336 UA00002621    (0)   :  0.497 0.302 0.101 0.099 
337 UA00033203    (0)   :  0.090 0.678 0.123 0.109 
338 UA00011996    (0)   :  0.352 0.265 0.281 0.102 
339 UA00014408    (0)   :  0.123 0.238 0.134 0.505 
340 UA00049502    (0)   :  0.457 0.141 0.125 0.277 
341 UA00062695    (0)   :  0.443 0.142 0.248 0.168 
342 UA00014072    (0)   :  0.591 0.157 0.138 0.114 
343 UA00003334    (0)   :  0.595 0.218 0.105 0.082 
344 UA00013835    (0)   :  0.372 0.192 0.283 0.153 
345 UA00046760    (0)   :  0.360 0.151 0.389 0.100 
346 UA00014241    (0)   :  0.367 0.375 0.100 0.157 
347 UA00049585    (0)   :  0.612 0.192 0.130 0.066 
348 UA00013409    (0)   :  0.476 0.105 0.145 0.274 
349 UA00047548    (0)   :  0.308 0.449 0.157 0.086 
350 UA00049038    (0)   :  0.212 0.112 0.489 0.187 
351 UA00047612    (0)   :  0.405 0.258 0.140 0.197 
352 UA00014822    (0)   :  0.144 0.100 0.507 0.250 
353 UA00035299    (0)   :  0.249 0.424 0.162 0.166 
354 UA00012804    (0)   :  0.171 0.139 0.563 0.128 
355 UA00049578    (0)   :  0.321 0.218 0.136 0.326 
356 UA00047672    (0)   :  0.063 0.710 0.091 0.136 
357 UA00043961    (0)   :  0.142 0.084 0.639 0.135 
358 UA00064575    (0)   :  0.399 0.114 0.134 0.353 
359 UA00014732    (0)   :  0.255 0.453 0.100 0.192 
360 UA00050181    (0)   :  0.194 0.496 0.092 0.218 
361 UA00033369    (0)   :  0.113 0.235 0.465 0.187 
362 UA00011982    (0)   :  0.144 0.730 0.065 0.061 
363 UA00014590    (0)   :  0.129 0.414 0.264 0.193 
364 UA00047743    (0)   :  0.137 0.646 0.124 0.093 
365 UA00046621    (0)   :  0.175 0.666 0.092 0.068 
366 UA00050422    (0)   :  0.237 0.284 0.132 0.347 
367 UA00002760    (0)   :  0.366 0.283 0.234 0.117 
368 UA00012999    (0)   :  0.189 0.371 0.335 0.105 
369 UA00063838    (0)   :  0.418 0.340 0.111 0.132 
370 UA00003729    (0)   :  0.246 0.100 0.364 0.289 
371 UA00015348    (0)   :  0.565 0.113 0.178 0.143 
372 UA00019058    (0)   :  0.564 0.122 0.127 0.187 
373 UA00049549    (0)   :  0.593 0.072 0.280 0.056 
374 UA00014334    (0)   :  0.143 0.382 0.166 0.308 
375 UA00014350    (0)   :  0.099 0.801 0.050 0.049 
376 UA00049227    (0)   :  0.130 0.165 0.463 0.241 
377 UA00014051    (0)   :  0.111 0.458 0.066 0.366 
378 UA00034381    (0)   :  0.348 0.302 0.118 0.233 
379 UA00002354    (0)   :  0.124 0.722 0.072 0.082 
380 UA00049892    (0)   :  0.432 0.256 0.238 0.074 
381 UA00021989    (0)   :  0.338 0.420 0.078 0.165 
382 UA00048968    (0)   :  0.217 0.494 0.106 0.182 
383 UA00013174    (0)   :  0.162 0.515 0.130 0.193 
384 UA00033992    (0)   :  0.130 0.367 0.396 0.107 
385 UA00015801    (0)   :  0.208 0.677 0.055 0.059 
386 UA00063303    (0)   :  0.244 0.144 0.479 0.133 
387 UA00050206    (0)   :  0.765 0.096 0.060 0.079 
388 UA00014458    (0)   :  0.337 0.279 0.206 0.178 
389 UA00007204    (0)   :  0.534 0.185 0.191 0.089 
390 UA00063212    (0)   :  0.340 0.106 0.312 0.242 
391 UA00013340    (0)   :  0.330 0.256 0.307 0.108 
392 UA00062743    (0)   :  0.089 0.494 0.085 0.331 
393 UA00063189    (0)   :  0.106 0.149 0.128 0.617 
394 UA00035432    (0)   :  0.554 0.259 0.099 0.088 
395 UA00007958    (0)   :  0.301 0.484 0.101 0.115 
396 UA00013634    (0)   :  0.108 0.618 0.085 0.189 
397 UA00048175    (0)   :  0.090 0.757 0.046 0.107 
398 UA00003202    (0)   :  0.436 0.301 0.126 0.136 
399 UA00035090    (0)   :  0.384 0.240 0.149 0.228 
400 UA00064679    (0)   :  0.142 0.216 0.128 0.513 
401 UA00039518    (0)   :  0.275 0.497 0.118 0.111 
402 UA00058268    (0)   :  0.309 0.367 0.158 0.166 
403 UA00049456    (0)   :  0.283 0.163 0.421 0.132 
404 UA00049550    (0)   :  0.499 0.173 0.095 0.233 
405 UA00048342    (0)   :  0.296 0.182 0.383 0.139 
406 UA00063493    (0)   :  0.425 0.390 0.089 0.096 
407 UA00058261    (0)   :  0.124 0.466 0.086 0.325 
408 UA00014663    (0)   :  0.185 0.421 0.172 0.222 
409 UA00048817    (0)   :  0.121 0.338 0.362 0.179 
410 UA00049381    (0)   :  0.137 0.589 0.080 0.194 
411 UA00035901    (0)   :  0.190 0.185 0.174 0.451 
412 UA00013301    (0)   :  0.563 0.102 0.148 0.187 
413 UA00047926    (0)   :  0.106 0.470 0.186 0.239 
414 UA00007272    (0)   :  0.085 0.330 0.151 0.434 
415 UA00016041    (0)   :  0.439 0.205 0.244 0.113 
416 UA00013502    (0)   :  0.340 0.404 0.070 0.185 
417 UA00002390    (0)   :  0.184 0.334 0.333 0.148 
418 UA00034907    (0)   :  0.389 0.228 0.134 0.250 
419 UA00048821    (0)   :  0.172 0.244 0.325 0.258 
420 UA00002136    (0)   :  0.362 0.116 0.360 0.163 
421 UA00011790    (0)   :  0.151 0.486 0.140 0.222 
422 UA00021586    (0)   :  0.217 0.229 0.359 0.194 
423 UA00033270    (0)   :  0.332 0.295 0.148 0.225 
424 UA00048073    (0)   :  0.410 0.290 0.156 0.144 
425 UA00048856    (0)   :  0.263 0.258 0.140 0.339 
426 UA00049713    (0)   :  0.157 0.536 0.136 0.171 
427 UA00046885    (0)   :  0.439 0.277 0.151 0.133 
428 UA00034893    (0)   :  0.360 0.416 0.128 0.096 
429 UA00048011    (0)   :  0.268 0.426 0.068 0.238 
430 UA00015786    (0)   :  0.183 0.252 0.199 0.365 
431 UA00013162    (0)   :  0.064 0.477 0.152 0.307 
432 UA00049512    (0)   :  0.412 0.185 0.204 0.200 
433 UA00004046    (0)   :  0.122 0.651 0.070 0.157 
434 UA00048881    (0)   :  0.169 0.147 0.288 0.395 
435 UA00046610    (0)   :  0.151 0.270 0.285 0.294 
436 UA00033282    (0)   :  0.293 0.224 0.246 0.237 
437 UA00047561    (0)   :  0.134 0.600 0.107 0.159 
438 UA00013777    (0)   :  0.139 0.332 0.098 0.431 
439 UA00062849    (0)   :  0.647 0.128 0.112 0.113 
440 UA00049786    (0)   :  0.086 0.659 0.059 0.196 
441 UA00033246    (0)   :  0.752 0.099 0.091 0.058 
442 UA00045302    (0)   :  0.306 0.318 0.249 0.127 
443 UA00048637    (0)   :  0.129 0.599 0.087 0.185 
444 UA00049832    (0)   :  0.368 0.171 0.368 0.093 
445 UA00022023    (0)   :  0.150 0.319 0.359 0.172 
446 UA00050192    (0)   :  0.145 0.238 0.483 0.135 
447 UA00050413    (0)   :  0.334 0.327 0.157 0.182 
448 UA00013445    (0)   :  0.227 0.585 0.079 0.110 
449 UA00035496    (0)   :  0.242 0.193 0.154 0.412 
450 UA00003333    (0)   :  0.131 0.212 0.234 0.424 
451 UA00064008    (0)   :  0.157 0.251 0.100 0.492 
452 UA00003427    (0)   :  0.191 0.213 0.373 0.223 
453 UA00028092    (0)   :  0.201 0.152 0.380 0.266 
454    pc003    (0)   :  0.093 0.093 0.173 0.640 
455 UA00034440    (0)   :  0.555 0.165 0.100 0.180 
456 UA00026062    (0)   :  0.069 0.670 0.134 0.128 
457 UA00014347    (0)   :  0.296 0.172 0.256 0.275 
458 UA00021516    (0)   :  0.166 0.616 0.098 0.120 
459 UA00049347    (0)   :  0.141 0.224 0.104 0.531 
460 UA00063436    (0)   :  0.275 0.107 0.123 0.496 
461 UA00047790    (0)   :  0.147 0.507 0.140 0.207 
462 UA00045714    (0)   :  0.147 0.189 0.213 0.451 
463 UA00038979    (0)   :  0.461 0.124 0.286 0.129 
464 UA00016123    (0)   :  0.142 0.305 0.201 0.352 
465 UA00034765    (0)   :  0.065 0.102 0.062 0.771 
466 UA00063815    (0)   :  0.128 0.076 0.222 0.574 
467 UA00034795    (0)   :  0.563 0.159 0.123 0.156 
468 UA00004000    (0)   :  0.107 0.096 0.108 0.689 
469 UA00049367    (0)   :  0.486 0.197 0.084 0.233 
470 UA00034457    (0)   :  0.256 0.447 0.174 0.123 
471 UA00050015    (0)   :  0.429 0.140 0.244 0.187 
472 UA00021373    (0)   :  0.287 0.339 0.166 0.208 
473 UA00050232    (0)   :  0.095 0.085 0.190 0.630 
474 UA00038724    (0)   :  0.343 0.170 0.365 0.121 
475 UA00007824    (0)   :  0.098 0.407 0.261 0.235 
476 UA00048754    (0)   :  0.114 0.348 0.080 0.458 
477 UA00014271    (0)   :  0.311 0.325 0.209 0.156 
478 UA00013756    (0)   :  0.338 0.115 0.262 0.285 
479 UA00014385    (0)   :  0.114 0.187 0.234 0.464 
480 UA00049609    (0)   :  0.548 0.203 0.119 0.130 
481 UA00003748    (0)   :  0.100 0.220 0.093 0.587 
482 UA00063952    (0)   :  0.165 0.226 0.080 0.530 
483 UA00058348    (0)   :  0.193 0.127 0.074 0.606 
484 UA00014922    (0)   :  0.101 0.098 0.112 0.689 
485 UA00003820    (0)   :  0.110 0.444 0.076 0.371 
486 UA00013693    (0)   :  0.179 0.246 0.203 0.371 
487 UA00047713    (0)   :  0.076 0.132 0.071 0.722 
488 UA00034891    (0)   :  0.187 0.094 0.194 0.525 
489 UA00049223    (0)   :  0.213 0.198 0.115 0.474 
490 UA00064399    (0)   :  0.044 0.072 0.338 0.546 
491 UA00013336    (0)   :  0.086 0.068 0.156 0.689 
492 UA00035291    (0)   :  0.051 0.085 0.155 0.709 
493 UA00003945    (0)   :  0.105 0.126 0.125 0.645 
494 UA00014518    (0)   :  0.093 0.181 0.112 0.614 
495 UA00013583    (0)   :  0.122 0.086 0.522 0.269 
496 UA00011510    (0)   :  0.120 0.146 0.157 0.577 
497 UA00046860    (0)   :  0.120 0.254 0.150 0.475 
498 UA00048853    (0)   :  0.116 0.155 0.262 0.467 
499 UA00012151    (0)   :  0.063 0.103 0.094 0.739 
500 UA00063930    (0)   :  0.232 0.093 0.469 0.206 
501 UA00013453    (0)   :  0.174 0.205 0.231 0.390 
502 UA00039299    (0)   :  0.074 0.073 0.103 0.750 
503 UA00014280    (0)   :  0.081 0.061 0.059 0.799 
504 UA00014200    (0)   :  0.066 0.174 0.085 0.675 
505 UA00040612    (0)   :  0.062 0.077 0.193 0.668 
506 UA00062679    (0)   :  0.079 0.075 0.145 0.702 
507 UA00034481    (0)   :  0.103 0.106 0.092 0.699 
508 UA00011880    (0)   :  0.342 0.086 0.416 0.156 
509 UA00013421    (0)   :  0.048 0.073 0.242 0.637 
510 UA00048051    (0)   :  0.056 0.061 0.086 0.797 
511 UA00063370    (0)   :  0.063 0.058 0.212 0.667 
512 UA00014716    (0)   :  0.082 0.072 0.158 0.688 
513 UA00033426    (0)   :  0.067 0.199 0.229 0.504 
514 UA00015190    (0)   :  0.064 0.080 0.342 0.514 
515 UA00013730    (0)   :  0.342 0.341 0.201 0.116 
516 UA00047644    (4)   :  0.096 0.108 0.280 0.516 
517 UA00031933    (9)   :  0.180 0.412 0.129 0.279 
518 UA00031541    (9)   :  0.171 0.174 0.190 0.465 
519   PCO-60    (4)   :  0.268 0.268 0.141 0.323 
520 UA00030495    (4)   :  0.262 0.198 0.264 0.277 
521 UA00031133    (4)   :  0.709 0.090 0.133 0.068 
522 UA00032049    (4)   :  0.161 0.139 0.506 0.194 
523 UA00030599    (4)   :  0.563 0.083 0.221 0.133 
524 UA00030250    (4)   :  0.160 0.620 0.102 0.118 
525 UA00049385    (4)   :  0.406 0.109 0.308 0.178 
526 UA00031816    (4)   :  0.727 0.072 0.126 0.075 
527 UA00030275    (4)   :  0.167 0.341 0.254 0.238 
528 UA00041861    (4)   :  0.195 0.320 0.221 0.264 
529 UA00041433    (4)   :  0.351 0.431 0.087 0.131 
530  PCO-114    (4)   :  0.112 0.497 0.092 0.300 
531 UA00031529    (4)   :  0.371 0.293 0.127 0.209 
532 UA00039719    (4)   :  0.306 0.372 0.096 0.225 
533  PCO-442    (4)   :  0.141 0.689 0.072 0.098 
534   PCO-58    (0)   :  0.070 0.606 0.129 0.195 
535 UA00048673    (4)   :  0.330 0.201 0.163 0.307 
536   PCO-63    (4)   :  0.424 0.337 0.083 0.156 


Estimated Allele Frequencies in each cluster
First column gives estimated ancestral frequencies


Locus 1 : PP01 
2 alleles
0.0% missing data
   1   (0.598) 0.522 0.664 0.815 0.361 
   2   (0.402) 0.478 0.336 0.185 0.639 

Locus 2 : PP02 
2 alleles
0.0% missing data
   1   (0.887) 0.874 0.909 0.985 0.961 
   2   (0.113) 0.126 0.091 0.015 0.039 

Locus 3 : PP03 
2 alleles
18.3% missing data
   1   (0.796) 0.658 0.855 0.884 0.953 
   2   (0.204) 0.342 0.145 0.116 0.047 

Locus 4 : PP04 
2 alleles
0.4% missing data
   1   (0.693) 0.477 0.781 0.648 0.941 
   2   (0.307) 0.523 0.219 0.352 0.059 

Locus 5 : PP06 
2 alleles
0.0% missing data
   1   (0.636) 0.782 0.573 0.655 0.595 
   2   (0.364) 0.218 0.427 0.345 0.405 

Locus 6 : PP07 
2 alleles
0.0% missing data
   1   (0.705) 0.557 0.705 0.817 0.921 
   2   (0.295) 0.443 0.295 0.183 0.079 

Locus 7 : PP09 
2 alleles
0.0% missing data
   1   (0.469) 0.758 0.333 0.637 0.093 
   2   (0.531) 0.242 0.667 0.363 0.907 

Locus 8 : PP10 
2 alleles
0.0% missing data
   1   (0.187) 0.061 0.084 0.388 0.362 
   2   (0.813) 0.939 0.916 0.612 0.638 

Locus 9 : PP11 
2 alleles
0.0% missing data
   1   (0.696) 0.846 0.524 0.770 0.810 
   2   (0.304) 0.154 0.476 0.230 0.190 

Locus 10 : PP12 
2 alleles
0.2% missing data
   1   (0.402) 0.501 0.453 0.313 0.168 
   2   (0.598) 0.499 0.547 0.687 0.832 

Locus 11 : PP13 
2 alleles
0.0% missing data
   1   (0.195) 0.055 0.160 0.443 0.128 
   2   (0.805) 0.945 0.840 0.557 0.872 

Locus 12 : PP14 
2 alleles
0.2% missing data
   1   (0.849) 0.941 0.792 0.949 0.907 
   2   (0.151) 0.059 0.208 0.051 0.093 

Locus 13 : PP15 
2 alleles
0.0% missing data
   1   (0.870) 0.926 0.974 0.483 0.940 
   2   (0.130) 0.074 0.026 0.517 0.060 

Locus 14 : PP16 
2 alleles
0.0% missing data
   1   (0.527) 0.697 0.494 0.448 0.391 
   2   (0.473) 0.303 0.506 0.552 0.609 

Locus 15 : PP17 
2 alleles
0.2% missing data
   1   (0.635) 0.584 0.683 0.802 0.535 
   2   (0.365) 0.416 0.317 0.198 0.465 

Locus 16 : PP18 
2 alleles
0.7% missing data
   1   (0.750) 0.772 0.670 0.879 0.906 
   2   (0.250) 0.228 0.330 0.121 0.094 

Locus 17 : PP20 
2 alleles
0.0% missing data
   1   (0.614) 0.615 0.693 0.651 0.515 
   2   (0.386) 0.385 0.307 0.349 0.485 

Locus 18 : PP21 
2 alleles
14.9% missing data
   1   (0.854) 0.776 0.851 0.954 0.982 
   2   (0.146) 0.224 0.149 0.046 0.018 

Locus 19 : PP22 
2 alleles
1.3% missing data
   1   (0.371) 0.235 0.729 0.104 0.213 
   2   (0.629) 0.765 0.271 0.896 0.787 

Locus 20 : PP23 
2 alleles
0.7% missing data
   1   (0.637) 0.634 0.580 0.735 0.782 
   2   (0.363) 0.366 0.420 0.265 0.218 

Locus 21 : PP24 
2 alleles
0.2% missing data
   1   (0.792) 0.845 0.906 0.829 0.612 
   2   (0.208) 0.155 0.094 0.171 0.388 

Locus 22 : PP25 
2 alleles
0.6% missing data
   1   (0.402) 0.381 0.233 0.640 0.453 
   2   (0.598) 0.619 0.767 0.360 0.547 

Values of parameters used in structure:
DATAFILE=Puma_SNP_genotypes_cut_AZ_final_HWEonly.str,	OUTFILE=outputfile_K4_9,	NUMINDS=536,	NUMLOCI=22,	MISSING=-9,	LABEL=1,	POPDATA=0,	POPFLAG=0,	PHENOTYPE=0,	EXTRACOLS=0,	MAXPOPS=4,	BURNIN=100000,	NUMREPS=500000,	USEPOPINFO=0,	INFERALPHA=1,	INFERLAMBDA=0,	POPSPECIFICLAMBDA=0,	POPALPHAS=0,	COMPUTEPROB=1,	NOADMIX=0,	ADMBURNIN=2500,	UPDATEFREQ=200,	PRINTLIKES=0,	INTERMEDSAVE=0,	PRINTKLD=0,	PRINTNET=0,	PRINTLAMBDA=0,	ANCESTDIST=0,	NUMBOXES=1000,	ANCESTPINT=0.90000,	GENSBACK=2,	MIGRPRIOR=0.05000,	PRINTQHAT=0,	PRINTQSUM=0,	ALPHA=1.0000,	FREQSCORR=1,	FPRIORMEAN=0.0100,	FPRIORSD=0.0500,	ONEFST=0,	LAMBDA=1.0000,	UNIFPRIORALPHA=1,	ALPHAMAX=10.0000,	ALPHAPRIORA=1.0000,	ALPHAPRIORB=2.0000,	ALPHAPROPSD=0.0250,	STARTATPOPINFO=0,	RANDOMIZE=1,	LINKAGE=0,	METROFREQ=20,	REPORTHITRATE=0,	MARKOVPHASE=0,	PHASED=0,	PLOIDY=2,	PHASEINFO=0	LOCPRIOR=0, 	LOCPRIORINIT=1.000000, 	LOCDATA=0, 	LOCISPOP=0, 	LOCPRIORSTEP=0.100000, 	MAXLOCPRIOR=20.000000, 	SEED=1716616649,	
[STRAT parameters]:    NUMSIMSTATS=1000,	PHENOTYPECOL=-9,	POOLFREQ=10,	LOCUSxONLY=0,	EMERROR=0.00100,	MISSINGPHENO=-9,	