

----------------------------------------------------
STRUCTURE by Pritchard, Stephens and Donnelly (2000)
     and Falush, Stephens and Pritchard (2003)
       Code by Pritchard, Falush and Hubisz
             Version 2.3.4 (Jul 2012)
----------------------------------------------------



Command line arguments:   structure -K 8 -o outputfile_K8_1 
Input File:    Puma_SNP_genotypes_cut_AZ_final_HWEonly.str

Run parameters:
   536 individuals
   22 loci
   8 populations assumed
   100000 Burn-in period
   500000 Reps


--------------------------------------------
Overall proportion of membership of the
sample in each of the 8 clusters

Inferred Clusters
  1      2      3      4      5      6      7      8    
0.128  0.128  0.127  0.128  0.127  0.127  0.107  0.127  

--------------------------------------------

Allele-freq. divergence among pops (Net nucleotide distance),
computed using point estimates of P.

      1       2       3       4       5       6       7       8      
 1      -    0.0498  0.0041  0.0002  0.0034  0.0025  0.0653  0.0015  
 2   0.0498     -    0.0456  0.0542  0.0418  0.0443  0.0850  0.0432  
 3   0.0041  0.0456     -    0.0044  0.0003  0.0003  0.0714  0.0009  
 4   0.0002  0.0542  0.0044     -    0.0040  0.0030  0.0692  0.0021  
 5   0.0034  0.0418  0.0003  0.0040     -    0.0001  0.0669  0.0004  
 6   0.0025  0.0443  0.0003  0.0030  0.0001     -    0.0687  0.0002  
 7   0.0653  0.0850  0.0714  0.0692  0.0669  0.0687     -    0.0660  
 8   0.0015  0.0432  0.0009  0.0021  0.0004  0.0002  0.0660     -    

Average distances (expected heterozygosity) between individuals in same cluster:
cluster  1  : 0.3759 
cluster  2  : 0.2616 
cluster  3  : 0.3758 
cluster  4  : 0.3727 
cluster  5  : 0.3791 
cluster  6  : 0.3774 
cluster  7  : 0.2638 
cluster  8  : 0.3795 

--------------------------------------------
Estimated Ln Prob of Data   = -13739.5
Mean value of ln likelihood = -12275.1
Variance of ln likelihood   = 2928.7
Mean value of alpha         = 0.1317

Mean value of Fst_1         = 0.0848
Mean value of Fst_2         = 0.2910
Mean value of Fst_3         = 0.0575
Mean value of Fst_4         = 0.1077
Mean value of Fst_5         = 0.0336
Mean value of Fst_6         = 0.0602
Mean value of Fst_7         = 0.3487
Mean value of Fst_8         = 0.0550


Inferred ancestry of individuals:
        Label (%Miss) :  Inferred clusters
  1 UA00063336   (13)   :  0.103 0.048 0.104 0.089 0.108 0.103 0.338 0.107 
  2 UA00048914    (9)   :  0.119 0.151 0.135 0.096 0.153 0.138 0.071 0.137 
  3 UA00014769   (13)   :  0.128 0.015 0.202 0.188 0.145 0.170 0.031 0.121 
  4 UA00008132   (13)   :  0.134 0.058 0.149 0.120 0.157 0.148 0.087 0.147 
  5 UA00030462   (13)   :  0.117 0.209 0.123 0.099 0.139 0.122 0.059 0.133 
  6 UA00034866   (13)   :  0.135 0.125 0.138 0.110 0.164 0.150 0.022 0.155 
  7 UA00034800    (9)   :  0.055 0.060 0.060 0.053 0.063 0.058 0.594 0.057 
  8  Puco006    (9)   :  0.041 0.694 0.044 0.035 0.050 0.045 0.043 0.047 
  9 UA00048874    (4)   :  0.078 0.077 0.087 0.069 0.095 0.086 0.424 0.084 
 10 UA00049060    (9)   :  0.138 0.030 0.168 0.155 0.149 0.159 0.063 0.139 
 11 UA00033413    (9)   :  0.216 0.046 0.102 0.249 0.098 0.121 0.025 0.143 
 12  Puco021    (9)   :  0.237 0.023 0.081 0.266 0.071 0.100 0.094 0.127 
 13  Puco026    (9)   :  0.175 0.024 0.142 0.177 0.134 0.135 0.069 0.144 
 14  Puco008    (9)   :  0.102 0.182 0.108 0.082 0.123 0.112 0.175 0.117 
 15   M01301    (9)   :  0.182 0.097 0.118 0.211 0.109 0.124 0.020 0.141 
 16   M06306    (9)   :  0.122 0.023 0.092 0.112 0.098 0.101 0.350 0.103 
 17 UA00032185    (9)   :  0.137 0.081 0.143 0.134 0.148 0.143 0.070 0.145 
 18 UA00030792    (9)   :  0.015 0.018 0.015 0.015 0.016 0.016 0.890 0.016 
 19 UA00031647    (9)   :  0.125 0.096 0.120 0.093 0.140 0.125 0.171 0.131 
 20 UA00031979    (9)   :  0.148 0.076 0.147 0.135 0.156 0.144 0.044 0.150 
 21  Puco016    (9)   :  0.118 0.200 0.137 0.092 0.151 0.137 0.028 0.137 
 22  Puco010    (9)   :  0.162 0.044 0.139 0.164 0.146 0.141 0.045 0.159 
 23    M1035    (9)   :  0.132 0.025 0.160 0.120 0.161 0.152 0.102 0.147 
 24 UA00034601    (9)   :  0.154 0.101 0.126 0.137 0.134 0.131 0.074 0.143 
 25 UA00050388    (9)   :  0.146 0.077 0.138 0.129 0.152 0.136 0.077 0.146 
 26 UA00048699    (9)   :  0.090 0.349 0.114 0.080 0.116 0.109 0.032 0.110 
 27 UA00064058    (9)   :  0.139 0.027 0.162 0.139 0.155 0.162 0.063 0.154 
 28 UA00033981    (9)   :  0.214 0.051 0.089 0.234 0.093 0.123 0.052 0.145 
 29   F05033    (9)   :  0.162 0.031 0.158 0.178 0.144 0.152 0.034 0.143 
 30 UA00048520    (4)   :  0.141 0.085 0.112 0.146 0.117 0.113 0.165 0.121 
 31 UA00048422    (4)   :  0.032 0.024 0.028 0.032 0.029 0.030 0.793 0.031 
 32    PucoB    (4)   :  0.200 0.018 0.126 0.213 0.118 0.131 0.046 0.148 
 33 UA00047393    (4)   :  0.109 0.035 0.160 0.111 0.159 0.147 0.147 0.132 
 34 UA00064521    (4)   :  0.135 0.189 0.124 0.109 0.139 0.127 0.039 0.137 
 35 UA00003043    (4)   :  0.114 0.145 0.161 0.108 0.159 0.152 0.022 0.139 
 36 UA00063025    (4)   :  0.121 0.142 0.105 0.101 0.119 0.109 0.185 0.117 
 37 UA00063826    (4)   :  0.186 0.032 0.121 0.186 0.136 0.133 0.049 0.157 
 38   F07407    (4)   :  0.175 0.031 0.088 0.200 0.086 0.094 0.211 0.115 
 39 UA00021658    (4)   :  0.148 0.043 0.158 0.141 0.159 0.152 0.045 0.154 
 40 UA00003794    (4)   :  0.171 0.037 0.106 0.189 0.094 0.104 0.180 0.119 
 41 UA00041322    (4)   :  0.141 0.071 0.147 0.107 0.171 0.144 0.071 0.149 
 42 UA00063316    (4)   :  0.138 0.099 0.127 0.113 0.151 0.135 0.094 0.143 
 43 UA00047705    (4)   :  0.168 0.069 0.129 0.161 0.140 0.135 0.054 0.143 
 44 UA00033904    (4)   :  0.104 0.044 0.096 0.096 0.106 0.096 0.355 0.104 
 45 UA00048100    (4)   :  0.175 0.054 0.136 0.176 0.138 0.145 0.027 0.150 
 46 UA00032212    (4)   :  0.116 0.100 0.108 0.102 0.120 0.112 0.226 0.116 
 47 UA00031574    (4)   :  0.033 0.043 0.028 0.032 0.031 0.030 0.773 0.031 
 48 UA00031228    (4)   :  0.020 0.028 0.021 0.020 0.021 0.020 0.850 0.021 
 49 UA00047707    (4)   :  0.119 0.031 0.206 0.136 0.175 0.168 0.016 0.150 
 50 UA00030906    (4)   :  0.015 0.026 0.015 0.014 0.015 0.015 0.885 0.015 
 51 UA00041567    (4)   :  0.185 0.065 0.106 0.196 0.116 0.124 0.059 0.149 
 52 UA00007624    (4)   :  0.162 0.033 0.157 0.187 0.138 0.159 0.020 0.144 
 53 UA00034514    (4)   :  0.142 0.051 0.154 0.139 0.160 0.163 0.037 0.154 
 54 UA00030480    (4)   :  0.133 0.031 0.145 0.107 0.161 0.147 0.129 0.147 
 55  Puco012    (4)   :  0.133 0.062 0.159 0.126 0.168 0.156 0.035 0.160 
 56 UA00038677    (9)   :  0.135 0.129 0.117 0.118 0.136 0.124 0.110 0.131 
 57 UA00048275    (4)   :  0.193 0.040 0.122 0.187 0.131 0.138 0.029 0.159 
 58 UA00064055    (4)   :  0.126 0.059 0.166 0.115 0.169 0.165 0.038 0.162 
 59  Puco009    (4)   :  0.115 0.202 0.138 0.104 0.147 0.135 0.022 0.137 
 60 UA00064561    (4)   :  0.087 0.063 0.220 0.141 0.159 0.182 0.022 0.125 
 61 UA00003479    (4)   :  0.125 0.070 0.160 0.121 0.163 0.165 0.032 0.163 
 62 UA00063747    (4)   :  0.147 0.052 0.163 0.166 0.146 0.154 0.017 0.156 
 63 UA00002558    (4)   :  0.134 0.193 0.123 0.120 0.140 0.126 0.027 0.137 
 64 UA00048410    (4)   :  0.101 0.184 0.160 0.111 0.148 0.148 0.019 0.128 
 65 UA00012249    (4)   :  0.114 0.094 0.173 0.119 0.160 0.170 0.021 0.150 
 66 UA00033818    (4)   :  0.073 0.062 0.061 0.071 0.061 0.060 0.546 0.065 
 67  Puco020    (4)   :  0.110 0.071 0.156 0.106 0.149 0.142 0.133 0.134 
 68 UA00002545    (9)   :  0.113 0.036 0.186 0.122 0.161 0.162 0.073 0.147 
 69 UA00048508    (4)   :  0.136 0.041 0.169 0.135 0.170 0.164 0.030 0.155 
 70 UA00064100    (4)   :  0.145 0.046 0.153 0.122 0.169 0.155 0.048 0.161 
 71 UA00014585    (4)   :  0.139 0.061 0.152 0.119 0.171 0.161 0.042 0.154 
 72 UA00063698    (4)   :  0.096 0.360 0.083 0.083 0.095 0.087 0.105 0.091 
 73 UA00049753    (4)   :  0.104 0.023 0.098 0.086 0.114 0.106 0.359 0.110 
 74 UA00049037    (4)   :  0.137 0.030 0.162 0.145 0.164 0.153 0.057 0.152 
 75 UA00034941    (4)   :  0.163 0.074 0.128 0.131 0.144 0.142 0.066 0.152 
 76 UA00008083    (4)   :  0.066 0.545 0.068 0.063 0.071 0.069 0.047 0.071 
 77 UA00015084    (4)   :  0.099 0.319 0.080 0.085 0.091 0.086 0.144 0.094 
 78 UA00041010    (9)   :  0.050 0.380 0.055 0.042 0.061 0.057 0.299 0.056 
 79 UA00035261    (4)   :  0.117 0.103 0.113 0.106 0.122 0.115 0.203 0.121 
 80 UA00035431    (4)   :  0.167 0.068 0.136 0.165 0.145 0.141 0.017 0.160 
 81 UA00045274    (0)   :  0.156 0.090 0.124 0.155 0.134 0.126 0.075 0.140 
 82 UA00028200    (4)   :  0.089 0.112 0.085 0.083 0.094 0.086 0.354 0.096 
 83 UA00064559    (0)   :  0.025 0.022 0.022 0.024 0.022 0.023 0.838 0.024 
 84 UA00040808    (0)   :  0.086 0.119 0.103 0.073 0.109 0.098 0.319 0.093 
 85 UA00049156    (0)   :  0.091 0.123 0.088 0.076 0.099 0.089 0.341 0.093 
 86 UA00003952    (4)   :  0.063 0.549 0.077 0.053 0.077 0.074 0.030 0.077 
 87 UA00063954    (0)   :  0.143 0.032 0.135 0.125 0.154 0.141 0.130 0.140 
 88 UA00062934    (0)   :  0.134 0.060 0.128 0.115 0.139 0.128 0.164 0.133 
 89 UA00033829    (0)   :  0.046 0.183 0.046 0.040 0.049 0.046 0.542 0.048 
 90 UA00064351    (4)   :  0.203 0.089 0.095 0.226 0.096 0.113 0.036 0.142 
 91 UA00003697    (4)   :  0.069 0.516 0.069 0.058 0.075 0.073 0.067 0.072 
 92 UA00063438    (4)   :  0.116 0.084 0.121 0.093 0.142 0.121 0.189 0.134 
 93 UA00007608    (0)   :  0.114 0.161 0.101 0.094 0.112 0.106 0.200 0.112 
 94 UA00019683    (4)   :  0.136 0.028 0.065 0.142 0.062 0.071 0.412 0.083 
 95 UA00007781    (0)   :  0.169 0.058 0.136 0.161 0.143 0.140 0.039 0.154 
 96 UA00002915    (0)   :  0.094 0.071 0.107 0.078 0.119 0.109 0.306 0.115 
 97  Puco031    (4)   :  0.133 0.055 0.170 0.117 0.166 0.161 0.041 0.156 
 98 UA00048280    (4)   :  0.181 0.073 0.124 0.169 0.130 0.137 0.032 0.152 
 99 UA00048589    (0)   :  0.187 0.044 0.122 0.200 0.117 0.121 0.071 0.138 
100 UA00034417    (0)   :  0.112 0.146 0.135 0.100 0.140 0.130 0.105 0.131 
101 UA00050411    (4)   :  0.125 0.031 0.191 0.140 0.168 0.174 0.017 0.153 
102  Puco029    (4)   :  0.177 0.015 0.151 0.195 0.136 0.149 0.029 0.148 
103   F03403    (4)   :  0.231 0.042 0.098 0.277 0.084 0.109 0.019 0.141 
104 UA00049904    (0)   :  0.154 0.047 0.116 0.138 0.133 0.126 0.148 0.138 
105 UA00035335    (0)   :  0.161 0.013 0.169 0.192 0.145 0.156 0.023 0.142 
106 UA00012611    (0)   :  0.151 0.028 0.155 0.135 0.167 0.162 0.036 0.166 
107 UA00050319    (0)   :  0.255 0.023 0.087 0.300 0.073 0.101 0.020 0.141 
108 UA00032068    (4)   :  0.144 0.023 0.145 0.122 0.163 0.148 0.103 0.153 
109 UA00032026    (4)   :  0.139 0.034 0.160 0.131 0.164 0.153 0.070 0.150 
110 UA00030476    (4)   :  0.247 0.020 0.083 0.294 0.067 0.095 0.065 0.128 
111 UA00046853    (0)   :  0.214 0.035 0.095 0.237 0.098 0.123 0.056 0.143 
112 UA00040156    (4)   :  0.015 0.018 0.015 0.015 0.015 0.015 0.892 0.016 
113 UA00030528    (4)   :  0.111 0.030 0.147 0.095 0.156 0.143 0.187 0.130 
114  Puco025    (4)   :  0.116 0.024 0.210 0.154 0.160 0.178 0.025 0.133 
115    pc016    (0)   :  0.014 0.018 0.015 0.014 0.015 0.015 0.895 0.014 
116 UA00030617    (4)   :  0.119 0.020 0.209 0.156 0.162 0.183 0.019 0.131 
117 UA00030585    (4)   :  0.029 0.030 0.024 0.029 0.024 0.025 0.812 0.026 
118 UA00032060    (4)   :  0.136 0.033 0.125 0.126 0.132 0.123 0.201 0.126 
119    pc007    (0)   :  0.192 0.042 0.117 0.220 0.108 0.123 0.056 0.141 
120 UA00030798    (4)   :  0.033 0.020 0.036 0.032 0.036 0.034 0.775 0.034 
121 UA00030778    (4)   :  0.128 0.022 0.195 0.128 0.178 0.173 0.015 0.160 
122 UA00039674    (4)   :  0.019 0.018 0.020 0.019 0.021 0.020 0.861 0.021 
123 UA00032241    (4)   :  0.166 0.023 0.165 0.186 0.140 0.159 0.018 0.144 
124 UA00011624    (0)   :  0.149 0.035 0.163 0.150 0.157 0.163 0.028 0.156 
125 UA00033779    (4)   :  0.230 0.035 0.092 0.273 0.084 0.114 0.027 0.145 
126 UA00049402    (4)   :  0.117 0.136 0.147 0.105 0.149 0.155 0.042 0.149 
127 UA00033653    (0)   :  0.255 0.031 0.076 0.298 0.070 0.103 0.022 0.145 
128 UA00047738    (0)   :  0.150 0.086 0.135 0.139 0.149 0.136 0.056 0.148 
129 UA00047502    (4)   :  0.115 0.176 0.134 0.091 0.150 0.136 0.056 0.142 
130 UA00012014    (4)   :  0.134 0.050 0.161 0.115 0.181 0.162 0.041 0.157 
131 UA00040729    (0)   :  0.189 0.029 0.138 0.208 0.119 0.135 0.042 0.138 
132 UA00030392    (4)   :  0.119 0.024 0.203 0.143 0.159 0.177 0.034 0.140 
133 UA00050033    (0)   :  0.148 0.034 0.157 0.151 0.147 0.158 0.058 0.147 
134 UA00012152    (0)   :  0.066 0.465 0.106 0.069 0.095 0.095 0.018 0.086 
135 UA00050406    (0)   :  0.141 0.043 0.161 0.121 0.164 0.162 0.044 0.164 
136 UA00047973    (0)   :  0.163 0.042 0.144 0.161 0.152 0.145 0.032 0.161 
137 UA00008051    (0)   :  0.127 0.104 0.138 0.119 0.153 0.132 0.092 0.136 
138 UA00047337    (4)   :  0.129 0.040 0.129 0.133 0.125 0.131 0.188 0.125 
139 UA00041604    (4)   :  0.127 0.102 0.144 0.115 0.154 0.139 0.080 0.140 
140 UA00031704    (4)   :  0.138 0.018 0.175 0.140 0.167 0.177 0.023 0.162 
141 UA00040423    (4)   :  0.140 0.033 0.155 0.119 0.168 0.149 0.081 0.155 
142 UA00049433    (0)   :  0.120 0.099 0.150 0.105 0.163 0.152 0.063 0.148 
143 UA00034816    (0)   :  0.095 0.097 0.204 0.130 0.147 0.170 0.032 0.125 
144 UA00050214    (0)   :  0.094 0.023 0.242 0.148 0.162 0.183 0.024 0.124 
145 UA00041073    (0)   :  0.122 0.086 0.156 0.123 0.151 0.157 0.063 0.143 
146 UA00030318    (4)   :  0.125 0.062 0.176 0.140 0.158 0.169 0.026 0.143 
147 UA00046845    (0)   :  0.105 0.113 0.179 0.115 0.151 0.158 0.046 0.134 
148 UA00063946    (0)   :  0.266 0.029 0.068 0.307 0.058 0.099 0.039 0.134 
149 UA00031374    (4)   :  0.131 0.065 0.166 0.131 0.161 0.157 0.039 0.150 
150    M1136    (4)   :  0.083 0.034 0.130 0.087 0.116 0.112 0.336 0.102 
151 UA00034299    (0)   :  0.098 0.032 0.223 0.144 0.163 0.181 0.031 0.128 
152 UA00002387    (4)   :  0.116 0.067 0.178 0.118 0.172 0.166 0.019 0.164 
153 UA00021855    (0)   :  0.158 0.054 0.131 0.143 0.156 0.148 0.042 0.168 
154 UA00014500    (0)   :  0.141 0.029 0.163 0.122 0.170 0.163 0.052 0.160 
155 UA00050419    (4)   :  0.091 0.030 0.242 0.155 0.154 0.189 0.020 0.118 
156 UA00031854    (4)   :  0.137 0.091 0.148 0.133 0.153 0.148 0.040 0.149 
157    pc011    (4)   :  0.113 0.041 0.190 0.133 0.164 0.184 0.022 0.153 
158 UA00033004    (0)   :  0.122 0.047 0.170 0.118 0.160 0.161 0.067 0.154 
159 UA00046510    (0)   :  0.113 0.144 0.159 0.110 0.154 0.150 0.027 0.143 
160 UA00048747    (0)   :  0.110 0.064 0.193 0.122 0.170 0.166 0.029 0.146 
161 UA00014293    (0)   :  0.115 0.043 0.189 0.127 0.171 0.175 0.026 0.154 
162 UA00047686    (0)   :  0.115 0.178 0.142 0.097 0.154 0.134 0.046 0.133 
163 UA00033783    (4)   :  0.114 0.113 0.075 0.123 0.077 0.081 0.327 0.089 
164 UA00042609    (4)   :  0.100 0.262 0.125 0.090 0.129 0.122 0.053 0.119 
165 UA00031169    (4)   :  0.096 0.027 0.226 0.139 0.166 0.181 0.030 0.136 
166 UA00035181    (0)   :  0.173 0.025 0.149 0.180 0.148 0.149 0.014 0.163 
167 UA00050133    (0)   :  0.132 0.053 0.167 0.128 0.164 0.160 0.040 0.156 
168  Puco011    (4)   :  0.116 0.051 0.183 0.122 0.164 0.175 0.038 0.151 
169 UA00041476    (0)   :  0.108 0.089 0.170 0.112 0.164 0.153 0.065 0.139 
170 UA00046702    (0)   :  0.105 0.030 0.218 0.139 0.159 0.184 0.026 0.138 
171 UA00019940    (0)   :  0.134 0.068 0.163 0.128 0.161 0.156 0.043 0.146 
172 UA00049813    (0)   :  0.167 0.038 0.134 0.169 0.138 0.147 0.048 0.159 
173 UA00064165    (0)   :  0.095 0.374 0.098 0.080 0.108 0.097 0.047 0.100 
174 UA00064421    (0)   :  0.098 0.279 0.129 0.090 0.136 0.124 0.018 0.127 
175 UA00064569    (4)   :  0.129 0.034 0.195 0.163 0.154 0.176 0.016 0.133 
176 UA00003996    (0)   :  0.108 0.162 0.162 0.107 0.144 0.143 0.044 0.130 
177 UA00064491    (4)   :  0.111 0.063 0.198 0.152 0.154 0.173 0.023 0.125 
178 UA00011899    (0)   :  0.140 0.033 0.163 0.125 0.169 0.160 0.049 0.162 
179  Puco015    (4)   :  0.123 0.049 0.154 0.124 0.151 0.146 0.117 0.136 
180 UA00047929    (4)   :  0.180 0.021 0.150 0.208 0.126 0.144 0.030 0.141 
181 UA00056669    (0)   :  0.134 0.073 0.158 0.116 0.175 0.161 0.026 0.156 
182 UA00050176    (0)   :  0.127 0.086 0.144 0.112 0.165 0.151 0.061 0.153 
183  Puco014    (4)   :  0.165 0.070 0.124 0.156 0.140 0.144 0.042 0.159 
184 UA00019608    (0)   :  0.112 0.076 0.173 0.117 0.177 0.158 0.031 0.156 
185 UA00064333    (0)   :  0.119 0.047 0.184 0.122 0.176 0.162 0.031 0.159 
186  Puco013    (4)   :  0.117 0.165 0.144 0.103 0.156 0.138 0.035 0.142 
187 UA00016092    (0)   :  0.118 0.022 0.209 0.160 0.162 0.179 0.017 0.134 
188 UA00019060    (0)   :  0.060 0.485 0.066 0.055 0.074 0.067 0.125 0.068 
189 UA00063532    (0)   :  0.141 0.065 0.146 0.139 0.154 0.147 0.064 0.142 
190 UA00064117    (0)   :  0.085 0.259 0.093 0.075 0.097 0.092 0.209 0.089 
191 UA00011969    (0)   :  0.139 0.077 0.143 0.123 0.159 0.152 0.056 0.151 
192 UA00034586    (4)   :  0.160 0.028 0.158 0.169 0.153 0.155 0.025 0.151 
193 UA00030736    (4)   :  0.137 0.033 0.163 0.119 0.177 0.166 0.045 0.159 
194 UA00048493    (0)   :  0.134 0.043 0.159 0.125 0.162 0.158 0.073 0.146 
195 UA00040466    (0)   :  0.051 0.665 0.049 0.045 0.055 0.054 0.025 0.056 
196 UA00047659    (0)   :  0.154 0.046 0.149 0.130 0.170 0.159 0.023 0.170 
197 UA00042002    (4)   :  0.143 0.052 0.114 0.133 0.119 0.117 0.194 0.128 
198 UA00062606    (0)   :  0.126 0.134 0.143 0.112 0.156 0.141 0.043 0.144 
199 UA00030615    (4)   :  0.043 0.705 0.047 0.041 0.050 0.048 0.020 0.047 
200 UA00048899    (0)   :  0.144 0.051 0.152 0.124 0.166 0.155 0.038 0.171 
201 UA00047725    (0)   :  0.019 0.870 0.018 0.017 0.020 0.019 0.019 0.019 
202 UA00030866    (4)   :  0.145 0.069 0.140 0.114 0.170 0.166 0.030 0.167 
203 UA00034564    (0)   :  0.138 0.053 0.161 0.108 0.171 0.170 0.032 0.167 
204 UA00046520    (0)   :  0.233 0.032 0.091 0.276 0.086 0.116 0.023 0.144 
205 UA00035027    (0)   :  0.152 0.092 0.130 0.127 0.147 0.148 0.052 0.153 
206 UA00035421    (0)   :  0.093 0.279 0.121 0.092 0.128 0.131 0.029 0.126 
207 UA00062740    (4)   :  0.141 0.120 0.124 0.107 0.147 0.144 0.067 0.149 
208 UA00012360    (0)   :  0.035 0.748 0.042 0.033 0.041 0.041 0.022 0.039 
209 UA00050203    (0)   :  0.159 0.036 0.154 0.154 0.150 0.153 0.042 0.152 
210 UA00040534    (4)   :  0.078 0.311 0.088 0.063 0.101 0.086 0.181 0.092 
211 UA00031261    (4)   :  0.066 0.485 0.070 0.051 0.079 0.071 0.102 0.077 
212 UA00031917    (4)   :  0.085 0.311 0.085 0.065 0.104 0.092 0.163 0.094 
213 UA00040798    (4)   :  0.094 0.362 0.086 0.093 0.097 0.094 0.073 0.101 
214 UA00030598    (4)   :  0.102 0.293 0.103 0.091 0.115 0.111 0.075 0.110 
215 UA00050385    (0)   :  0.128 0.083 0.153 0.108 0.171 0.156 0.038 0.163 
216 UA00058283    (0)   :  0.031 0.768 0.030 0.029 0.032 0.030 0.048 0.032 
217 UA00042297    (4)   :  0.080 0.119 0.076 0.077 0.080 0.082 0.401 0.084 
218 UA00015415    (4)   :  0.031 0.781 0.034 0.029 0.036 0.035 0.022 0.034 
219 UA00035531    (0)   :  0.048 0.576 0.060 0.046 0.063 0.058 0.090 0.058 
220 UA00048683    (0)   :  0.062 0.556 0.072 0.059 0.079 0.074 0.027 0.071 
221 UA00046734    (4)   :  0.035 0.752 0.038 0.031 0.040 0.038 0.027 0.039 
222   pcRF01    (0)   :  0.095 0.030 0.226 0.141 0.167 0.188 0.013 0.140 
223 UA00007223    (0)   :  0.121 0.165 0.125 0.098 0.147 0.137 0.061 0.146 
224 UA00013841    (0)   :  0.149 0.030 0.146 0.144 0.143 0.142 0.106 0.141 
225 UA00014196    (0)   :  0.059 0.554 0.069 0.052 0.074 0.067 0.057 0.068 
226 UA00034635    (0)   :  0.143 0.043 0.152 0.130 0.172 0.167 0.026 0.167 
227 UA00047371    (0)   :  0.132 0.056 0.112 0.115 0.137 0.123 0.193 0.132 
228 UA00063544    (0)   :  0.139 0.053 0.118 0.133 0.125 0.120 0.186 0.126 
229 UA00064246    (0)   :  0.129 0.163 0.117 0.129 0.125 0.118 0.092 0.127 
230 UA00064328    (0)   :  0.118 0.179 0.125 0.099 0.145 0.127 0.075 0.132 
231 UA00002952    (0)   :  0.113 0.180 0.116 0.090 0.134 0.117 0.122 0.127 
232 UA00064079    (0)   :  0.120 0.070 0.146 0.108 0.151 0.137 0.133 0.135 
233 UA00046793    (0)   :  0.095 0.198 0.119 0.084 0.123 0.116 0.151 0.114 
234 UA00034769    (0)   :  0.100 0.086 0.069 0.097 0.076 0.080 0.405 0.086 
235 UA00034949    (0)   :  0.112 0.194 0.130 0.089 0.146 0.135 0.056 0.138 
236 UA00063753    (0)   :  0.198 0.092 0.085 0.203 0.095 0.116 0.076 0.136 
237 UA00015713    (0)   :  0.169 0.037 0.114 0.159 0.123 0.127 0.131 0.140 
238 UA00003494    (0)   :  0.106 0.112 0.150 0.103 0.150 0.145 0.090 0.143 
239 UA00056767    (0)   :  0.231 0.027 0.091 0.281 0.087 0.117 0.014 0.150 
240 UA00014461    (0)   :  0.116 0.170 0.131 0.108 0.134 0.130 0.082 0.129 
241 UA00034669    (0)   :  0.097 0.337 0.092 0.079 0.100 0.092 0.107 0.096 
242 UA00048164    (0)   :  0.123 0.201 0.132 0.113 0.138 0.136 0.024 0.132 
243 UA00007974    (0)   :  0.210 0.043 0.110 0.220 0.101 0.115 0.063 0.137 
244 UA00016166    (0)   :  0.100 0.048 0.135 0.095 0.140 0.127 0.238 0.117 
245 UA00015653    (0)   :  0.106 0.154 0.105 0.082 0.122 0.109 0.206 0.116 
246 UA00063882    (0)   :  0.091 0.315 0.101 0.079 0.104 0.102 0.102 0.105 
247 UA00049027    (0)   :  0.121 0.093 0.113 0.111 0.116 0.109 0.222 0.114 
248 UA00018878    (0)   :  0.156 0.035 0.105 0.150 0.106 0.103 0.225 0.119 
249 UA00038796    (0)   :  0.126 0.271 0.110 0.101 0.123 0.116 0.035 0.119 
250 UA00013465    (0)   :  0.057 0.593 0.059 0.052 0.066 0.065 0.040 0.067 
251 UA00014604    (0)   :  0.130 0.208 0.113 0.111 0.124 0.114 0.076 0.123 
252 UA00041913    (0)   :  0.157 0.053 0.082 0.158 0.090 0.106 0.238 0.117 
253 UA00021632    (0)   :  0.081 0.078 0.081 0.069 0.091 0.084 0.432 0.084 
254 UA00064027    (0)   :  0.128 0.107 0.132 0.099 0.158 0.129 0.106 0.141 
255 UA00015023    (0)   :  0.109 0.111 0.177 0.119 0.156 0.155 0.037 0.136 
256 UA00050243    (0)   :  0.117 0.052 0.125 0.092 0.141 0.121 0.219 0.133 
257 UA00048298    (0)   :  0.127 0.065 0.158 0.131 0.156 0.156 0.063 0.145 
258 UA00050437    (0)   :  0.117 0.208 0.130 0.100 0.145 0.127 0.044 0.129 
259 UA00014262    (0)   :  0.130 0.063 0.143 0.116 0.156 0.140 0.112 0.140 
260 UA00049129    (0)   :  0.163 0.039 0.133 0.175 0.131 0.141 0.075 0.142 
261 UA00014740    (0)   :  0.165 0.071 0.128 0.164 0.125 0.131 0.072 0.143 
262 UA00049612    (0)   :  0.051 0.074 0.045 0.052 0.047 0.047 0.636 0.048 
263 UA00014635    (0)   :  0.221 0.029 0.107 0.263 0.094 0.122 0.020 0.143 
264 UA00014673    (0)   :  0.120 0.192 0.116 0.108 0.117 0.111 0.121 0.115 
265 UA00033608    (0)   :  0.106 0.071 0.076 0.102 0.087 0.084 0.381 0.094 
266 UA00064540    (0)   :  0.207 0.081 0.098 0.225 0.101 0.111 0.040 0.138 
267 UA00050256    (0)   :  0.116 0.128 0.122 0.090 0.141 0.123 0.150 0.129 
268 UA00015274    (0)   :  0.132 0.072 0.167 0.124 0.161 0.162 0.033 0.148 
269 UA00062993    (0)   :  0.174 0.074 0.137 0.164 0.137 0.139 0.019 0.157 
270 UA00038364    (0)   :  0.152 0.071 0.128 0.143 0.141 0.132 0.092 0.143 
271 UA00014446    (0)   :  0.151 0.037 0.160 0.129 0.177 0.164 0.021 0.161 
272 UA00063545    (0)   :  0.069 0.146 0.069 0.057 0.081 0.073 0.429 0.077 
273 UA00040054    (0)   :  0.142 0.027 0.171 0.141 0.162 0.160 0.049 0.149 
274 UA00058447    (0)   :  0.182 0.036 0.139 0.170 0.138 0.132 0.043 0.160 
275 UA00046835    (0)   :  0.185 0.039 0.126 0.196 0.124 0.138 0.038 0.153 
276 UA00014608    (0)   :  0.163 0.056 0.145 0.140 0.154 0.146 0.031 0.165 
277    pc012    (0)   :  0.141 0.096 0.141 0.124 0.148 0.144 0.055 0.151 
278    pc002    (0)   :  0.099 0.070 0.097 0.083 0.113 0.099 0.339 0.100 
279 UA00033690    (0)   :  0.209 0.041 0.083 0.231 0.073 0.088 0.157 0.117 
280 UA00013688    (0)   :  0.147 0.088 0.143 0.128 0.153 0.144 0.048 0.150 
281 UA00063666    (0)   :  0.240 0.018 0.081 0.279 0.072 0.097 0.080 0.133 
282 UA00063292    (0)   :  0.257 0.024 0.083 0.303 0.069 0.102 0.022 0.139 
283    pc001    (0)   :  0.153 0.075 0.147 0.134 0.157 0.145 0.036 0.152 
284    pc008    (0)   :  0.176 0.051 0.133 0.183 0.132 0.138 0.040 0.147 
285 UA00034316    (0)   :  0.085 0.191 0.125 0.084 0.116 0.110 0.191 0.099 
286 UA00013046    (0)   :  0.153 0.021 0.174 0.185 0.137 0.166 0.029 0.135 
287 UA00050241    (0)   :  0.216 0.017 0.116 0.248 0.111 0.125 0.026 0.140 
288 UA00048599    (0)   :  0.205 0.028 0.122 0.212 0.123 0.134 0.022 0.155 
289 UA00046649    (0)   :  0.116 0.038 0.107 0.112 0.110 0.104 0.308 0.103 
290 UA00015674    (0)   :  0.105 0.059 0.065 0.105 0.067 0.069 0.450 0.080 
291 UA00013177    (0)   :  0.160 0.104 0.109 0.168 0.111 0.119 0.098 0.132 
292 UA00012814    (0)   :  0.135 0.063 0.156 0.127 0.168 0.159 0.038 0.155 
293 UA00034654    (0)   :  0.161 0.029 0.157 0.153 0.157 0.163 0.024 0.157 
294 UA00046743    (0)   :  0.202 0.035 0.129 0.246 0.102 0.127 0.028 0.130 
295 UA00014854    (0)   :  0.216 0.018 0.101 0.240 0.088 0.103 0.111 0.123 
296 UA00013729    (0)   :  0.118 0.046 0.191 0.137 0.170 0.162 0.041 0.135 
297 UA00063483    (0)   :  0.182 0.024 0.122 0.165 0.147 0.161 0.029 0.170 
298 UA00039326    (0)   :  0.165 0.035 0.128 0.169 0.127 0.129 0.111 0.135 
299 UA00014742    (0)   :  0.196 0.022 0.111 0.214 0.128 0.133 0.033 0.163 
300 UA00049597    (0)   :  0.137 0.016 0.087 0.141 0.085 0.087 0.347 0.100 
301 UA00048067    (0)   :  0.176 0.066 0.112 0.166 0.124 0.126 0.081 0.149 
302 UA00012918    (0)   :  0.224 0.018 0.078 0.261 0.061 0.084 0.163 0.112 
303 UA00013487    (0)   :  0.093 0.019 0.236 0.142 0.169 0.180 0.021 0.141 
304 UA00046759    (0)   :  0.122 0.166 0.122 0.106 0.137 0.124 0.093 0.129 
305 UA00050164    (0)   :  0.060 0.037 0.071 0.056 0.073 0.068 0.568 0.066 
306 UA00049839    (0)   :  0.183 0.046 0.118 0.194 0.124 0.148 0.028 0.159 
307 UA00048444    (0)   :  0.250 0.028 0.063 0.296 0.056 0.093 0.079 0.134 
308 UA00063857    (0)   :  0.184 0.019 0.135 0.195 0.132 0.143 0.042 0.150 
309 UA00014921    (0)   :  0.110 0.021 0.086 0.098 0.097 0.092 0.394 0.102 
310 UA00048895    (0)   :  0.102 0.045 0.089 0.097 0.087 0.088 0.403 0.090 
311 UA00014556    (0)   :  0.139 0.142 0.138 0.116 0.150 0.136 0.032 0.146 
312    pc009    (0)   :  0.253 0.016 0.081 0.296 0.071 0.116 0.024 0.142 
313 UA00014959    (0)   :  0.122 0.029 0.088 0.128 0.085 0.090 0.367 0.091 
314 UA00020709    (0)   :  0.158 0.043 0.142 0.158 0.138 0.137 0.087 0.136 
315 UA00013126    (0)   :  0.023 0.023 0.019 0.023 0.020 0.020 0.850 0.021 
316 UA00013695    (0)   :  0.034 0.024 0.032 0.032 0.032 0.032 0.783 0.032 
317 UA00049344    (0)   :  0.094 0.048 0.093 0.079 0.101 0.093 0.393 0.098 
318 UA00047614    (0)   :  0.044 0.107 0.040 0.039 0.045 0.040 0.643 0.042 
319 UA00014221    (0)   :  0.224 0.022 0.108 0.256 0.104 0.122 0.013 0.150 
320 UA00014346    (0)   :  0.205 0.048 0.105 0.230 0.106 0.116 0.049 0.141 
321 UA00014245    (0)   :  0.168 0.026 0.103 0.181 0.089 0.099 0.224 0.109 
322 UA00014696    (0)   :  0.023 0.033 0.025 0.023 0.025 0.025 0.820 0.025 
323 UA00006991    (0)   :  0.138 0.070 0.161 0.115 0.178 0.155 0.026 0.156 
324 UA00048948    (0)   :  0.141 0.063 0.155 0.119 0.177 0.153 0.037 0.154 
325 UA00002239    (0)   :  0.130 0.074 0.163 0.113 0.162 0.160 0.038 0.159 
326 UA00063459    (0)   :  0.254 0.018 0.090 0.301 0.074 0.095 0.034 0.135 
327 UA00048356    (0)   :  0.164 0.111 0.116 0.145 0.133 0.134 0.046 0.151 
328 UA00063940    (0)   :  0.121 0.103 0.161 0.117 0.161 0.148 0.045 0.144 
329 UA00048130    (0)   :  0.204 0.039 0.107 0.217 0.117 0.131 0.026 0.158 
330 UA00048903    (0)   :  0.128 0.021 0.207 0.172 0.145 0.177 0.017 0.132 
331 UA00064643    (0)   :  0.140 0.055 0.159 0.139 0.161 0.145 0.054 0.146 
332 UA00050233    (0)   :  0.141 0.079 0.159 0.147 0.150 0.150 0.028 0.145 
333 UA00012507    (0)   :  0.126 0.145 0.150 0.104 0.164 0.142 0.022 0.148 
334 UA00064416    (0)   :  0.112 0.035 0.203 0.137 0.176 0.168 0.024 0.145 
335 UA00034724    (0)   :  0.148 0.050 0.151 0.151 0.156 0.161 0.028 0.155 
336 UA00002621    (0)   :  0.153 0.031 0.162 0.172 0.149 0.161 0.024 0.149 
337 UA00033203    (0)   :  0.106 0.033 0.207 0.129 0.170 0.167 0.042 0.145 
338 UA00011996    (0)   :  0.157 0.025 0.145 0.128 0.172 0.158 0.048 0.167 
339 UA00014408    (0)   :  0.101 0.274 0.129 0.090 0.132 0.123 0.033 0.118 
340 UA00049502    (0)   :  0.153 0.108 0.129 0.131 0.148 0.144 0.026 0.161 
341 UA00062695    (0)   :  0.179 0.064 0.113 0.182 0.119 0.121 0.077 0.145 
342 UA00014072    (0)   :  0.194 0.040 0.102 0.205 0.119 0.138 0.045 0.157 
343 UA00003334    (0)   :  0.175 0.023 0.150 0.211 0.117 0.155 0.031 0.138 
344 UA00013835    (0)   :  0.169 0.044 0.136 0.153 0.153 0.141 0.052 0.152 
345 UA00046760    (0)   :  0.147 0.033 0.115 0.133 0.127 0.125 0.179 0.140 
346 UA00014241    (0)   :  0.155 0.044 0.158 0.160 0.149 0.158 0.025 0.152 
347 UA00049585    (0)   :  0.184 0.019 0.128 0.180 0.142 0.148 0.029 0.170 
348 UA00013409    (0)   :  0.185 0.144 0.088 0.204 0.091 0.111 0.044 0.132 
349 UA00047548    (0)   :  0.146 0.020 0.162 0.131 0.171 0.162 0.036 0.172 
350 UA00049038    (0)   :  0.107 0.093 0.092 0.101 0.100 0.098 0.303 0.105 
351 UA00047612    (0)   :  0.149 0.054 0.159 0.134 0.158 0.159 0.026 0.161 
352 UA00014822    (0)   :  0.108 0.131 0.100 0.089 0.115 0.110 0.235 0.112 
353 UA00035299    (0)   :  0.128 0.040 0.179 0.132 0.166 0.165 0.042 0.148 
354 UA00012804    (0)   :  0.108 0.055 0.101 0.096 0.120 0.106 0.300 0.114 
355 UA00049578    (0)   :  0.141 0.123 0.135 0.129 0.152 0.143 0.031 0.146 
356 UA00047672    (0)   :  0.108 0.040 0.205 0.133 0.170 0.172 0.022 0.151 
357 UA00043961    (0)   :  0.059 0.067 0.051 0.055 0.052 0.051 0.612 0.053 
358 UA00064575    (0)   :  0.148 0.176 0.105 0.138 0.124 0.127 0.038 0.145 
359 UA00014732    (0)   :  0.130 0.064 0.172 0.130 0.168 0.162 0.022 0.151 
360 UA00050181    (0)   :  0.143 0.051 0.156 0.117 0.179 0.167 0.015 0.172 
361 UA00033369    (0)   :  0.112 0.062 0.128 0.095 0.146 0.129 0.200 0.129 
362 UA00011982    (0)   :  0.088 0.017 0.246 0.159 0.162 0.192 0.017 0.119 
363 UA00014590    (0)   :  0.114 0.057 0.168 0.115 0.162 0.152 0.090 0.142 
364 UA00047743    (0)   :  0.131 0.024 0.186 0.131 0.183 0.164 0.023 0.159 
365 UA00046621    (0)   :  0.125 0.018 0.190 0.137 0.172 0.178 0.022 0.157 
366 UA00050422    (0)   :  0.131 0.112 0.156 0.121 0.161 0.147 0.027 0.145 
367 UA00002760    (0)   :  0.150 0.034 0.141 0.145 0.149 0.153 0.072 0.156 
368 UA00012999    (0)   :  0.127 0.031 0.167 0.121 0.165 0.146 0.099 0.144 
369 UA00063838    (0)   :  0.140 0.037 0.182 0.170 0.147 0.161 0.023 0.140 
370 UA00003729    (0)   :  0.127 0.165 0.100 0.128 0.105 0.104 0.157 0.113 
371 UA00015348    (0)   :  0.196 0.053 0.097 0.217 0.107 0.121 0.060 0.149 
372 UA00019058    (0)   :  0.202 0.091 0.095 0.243 0.089 0.106 0.040 0.133 
373 UA00049549    (0)   :  0.258 0.019 0.066 0.299 0.053 0.086 0.096 0.123 
374 UA00014334    (0)   :  0.132 0.082 0.154 0.116 0.163 0.157 0.040 0.157 
375 UA00014350    (0)   :  0.073 0.013 0.270 0.165 0.158 0.198 0.013 0.109 
376 UA00049227    (0)   :  0.122 0.085 0.129 0.094 0.146 0.139 0.141 0.143 
377 UA00014051    (0)   :  0.107 0.127 0.172 0.113 0.159 0.158 0.020 0.143 
378 UA00034381    (0)   :  0.132 0.088 0.155 0.138 0.150 0.158 0.034 0.145 
379 UA00002354    (0)   :  0.106 0.024 0.216 0.142 0.168 0.180 0.021 0.143 
380 UA00049892    (0)   :  0.156 0.022 0.155 0.183 0.130 0.149 0.075 0.131 
381 UA00021989    (0)   :  0.136 0.049 0.166 0.145 0.159 0.167 0.020 0.159 
382 UA00048968    (0)   :  0.139 0.047 0.166 0.131 0.168 0.162 0.025 0.163 
383 UA00013174    (0)   :  0.119 0.051 0.185 0.134 0.158 0.167 0.038 0.147 
384 UA00033992    (0)   :  0.112 0.030 0.146 0.104 0.155 0.142 0.166 0.145 
385 UA00015801    (0)   :  0.098 0.015 0.238 0.159 0.161 0.191 0.013 0.124 
386 UA00063303    (0)   :  0.148 0.060 0.101 0.160 0.103 0.106 0.209 0.113 
387 UA00050206    (0)   :  0.228 0.030 0.094 0.253 0.094 0.126 0.015 0.160 
388 UA00014458    (0)   :  0.138 0.063 0.144 0.149 0.141 0.147 0.080 0.138 
389 UA00007204    (0)   :  0.206 0.027 0.118 0.243 0.105 0.124 0.044 0.133 
390 UA00063212    (0)   :  0.141 0.126 0.088 0.141 0.098 0.105 0.181 0.120 
391 UA00013340    (0)   :  0.149 0.031 0.144 0.129 0.160 0.146 0.086 0.155 
392 UA00062743    (0)   :  0.129 0.079 0.161 0.109 0.170 0.164 0.022 0.165 
393 UA00063189    (0)   :  0.072 0.460 0.086 0.067 0.085 0.083 0.062 0.084 
394 UA00035432    (0)   :  0.170 0.028 0.139 0.183 0.137 0.159 0.027 0.157 
395 UA00007958    (0)   :  0.138 0.029 0.165 0.136 0.165 0.178 0.024 0.165 
396 UA00013634    (0)   :  0.125 0.048 0.176 0.125 0.170 0.176 0.019 0.161 
397 UA00048175    (0)   :  0.083 0.030 0.248 0.152 0.162 0.188 0.012 0.125 
398 UA00003202    (0)   :  0.154 0.034 0.142 0.140 0.158 0.170 0.033 0.168 
399 UA00035090    (0)   :  0.149 0.087 0.143 0.150 0.142 0.143 0.038 0.148 
400 UA00064679    (0)   :  0.099 0.285 0.122 0.096 0.118 0.117 0.049 0.114 
401 UA00039518    (0)   :  0.134 0.031 0.175 0.148 0.159 0.165 0.038 0.150 
402 UA00058268    (0)   :  0.136 0.047 0.169 0.130 0.166 0.163 0.036 0.152 
403 UA00049456    (0)   :  0.147 0.045 0.118 0.144 0.119 0.121 0.178 0.126 
404 UA00049550    (0)   :  0.172 0.106 0.112 0.181 0.125 0.131 0.024 0.150 
405 UA00048342    (0)   :  0.145 0.056 0.137 0.138 0.151 0.135 0.099 0.140 
406 UA00063493    (0)   :  0.148 0.027 0.166 0.154 0.162 0.164 0.020 0.160 
407 UA00058261    (0)   :  0.105 0.121 0.169 0.119 0.159 0.160 0.027 0.140 
408 UA00014663    (0)   :  0.130 0.061 0.167 0.112 0.181 0.155 0.036 0.158 
409 UA00048817    (0)   :  0.109 0.048 0.149 0.098 0.145 0.136 0.182 0.132 
410 UA00049381    (0)   :  0.104 0.060 0.194 0.135 0.160 0.175 0.024 0.147 
411 UA00035901    (0)   :  0.113 0.245 0.124 0.093 0.134 0.127 0.037 0.127 
412 UA00013301    (0)   :  0.202 0.078 0.090 0.223 0.100 0.120 0.043 0.145 
413 UA00047926    (0)   :  0.102 0.091 0.177 0.115 0.163 0.151 0.066 0.136 
414 UA00007272    (0)   :  0.118 0.138 0.150 0.103 0.155 0.148 0.040 0.148 
415 UA00016041    (0)   :  0.172 0.038 0.130 0.178 0.135 0.142 0.056 0.149 
416 UA00013502    (0)   :  0.134 0.065 0.172 0.157 0.147 0.160 0.018 0.145 
417 UA00002390    (0)   :  0.126 0.041 0.155 0.114 0.167 0.153 0.096 0.147 
418 UA00034907    (0)   :  0.153 0.070 0.147 0.123 0.163 0.154 0.024 0.166 
419 UA00048821    (0)   :  0.121 0.121 0.141 0.112 0.146 0.129 0.104 0.126 
420 UA00002136    (0)   :  0.159 0.061 0.111 0.147 0.133 0.140 0.099 0.149 
421 UA00011790    (0)   :  0.128 0.056 0.159 0.121 0.166 0.170 0.043 0.157 
422 UA00021586    (0)   :  0.122 0.067 0.133 0.115 0.135 0.124 0.181 0.124 
423 UA00033270    (0)   :  0.145 0.067 0.150 0.135 0.158 0.154 0.039 0.152 
424 UA00048073    (0)   :  0.148 0.051 0.154 0.152 0.152 0.151 0.040 0.151 
425 UA00048856    (0)   :  0.142 0.099 0.140 0.137 0.151 0.146 0.035 0.149 
426 UA00049713    (0)   :  0.105 0.055 0.209 0.138 0.162 0.170 0.033 0.128 
427 UA00046885    (0)   :  0.157 0.035 0.145 0.150 0.157 0.154 0.041 0.162 
428 UA00034893    (0)   :  0.135 0.029 0.187 0.158 0.152 0.169 0.028 0.141 
429 UA00048011    (0)   :  0.115 0.082 0.180 0.134 0.162 0.168 0.017 0.143 
430 UA00015786    (0)   :  0.112 0.200 0.125 0.099 0.136 0.132 0.069 0.127 
431 UA00013162    (0)   :  0.129 0.082 0.152 0.111 0.166 0.165 0.030 0.165 
432 UA00049512    (0)   :  0.165 0.073 0.130 0.151 0.140 0.141 0.049 0.152 
433 UA00004046    (0)   :  0.121 0.037 0.195 0.133 0.168 0.175 0.019 0.150 
434 UA00048881    (0)   :  0.109 0.173 0.109 0.095 0.130 0.125 0.134 0.124 
435 UA00046610    (0)   :  0.117 0.089 0.141 0.103 0.150 0.137 0.123 0.139 
436 UA00033282    (0)   :  0.145 0.090 0.144 0.128 0.151 0.148 0.044 0.151 
437 UA00047561    (0)   :  0.124 0.038 0.185 0.127 0.171 0.170 0.028 0.156 
438 UA00013777    (0)   :  0.122 0.145 0.147 0.109 0.155 0.150 0.023 0.149 
439 UA00062849    (0)   :  0.200 0.036 0.106 0.226 0.113 0.131 0.037 0.152 
440 UA00049786    (0)   :  0.088 0.065 0.223 0.137 0.159 0.180 0.019 0.129 
441 UA00033246    (0)   :  0.252 0.018 0.080 0.281 0.083 0.116 0.022 0.148 
442 UA00045302    (0)   :  0.144 0.031 0.162 0.126 0.175 0.163 0.039 0.160 
443 UA00048637    (0)   :  0.099 0.060 0.212 0.135 0.160 0.174 0.027 0.133 
444 UA00049832    (0)   :  0.178 0.035 0.110 0.194 0.108 0.122 0.126 0.127 
445 UA00022023    (0)   :  0.138 0.043 0.149 0.112 0.168 0.153 0.083 0.153 
446 UA00050192    (0)   :  0.130 0.041 0.138 0.106 0.157 0.144 0.144 0.141 
447 UA00050413    (0)   :  0.148 0.060 0.149 0.154 0.157 0.154 0.030 0.148 
448 UA00013445    (0)   :  0.139 0.025 0.177 0.135 0.171 0.172 0.017 0.163 
449 UA00035496    (0)   :  0.124 0.202 0.129 0.113 0.139 0.124 0.033 0.135 
450 UA00003333    (0)   :  0.098 0.274 0.112 0.087 0.126 0.115 0.079 0.109 
451 UA00064008    (0)   :  0.107 0.248 0.130 0.097 0.139 0.128 0.024 0.125 
452 UA00003427    (0)   :  0.125 0.074 0.127 0.111 0.144 0.127 0.158 0.135 
453 UA00028092    (0)   :  0.102 0.139 0.104 0.095 0.108 0.105 0.242 0.105 
454    pc003    (0)   :  0.045 0.613 0.048 0.041 0.053 0.053 0.096 0.051 
455 UA00034440    (0)   :  0.171 0.066 0.119 0.186 0.131 0.141 0.031 0.155 
456 UA00026062    (0)   :  0.125 0.036 0.183 0.124 0.164 0.170 0.039 0.160 
457 UA00014347    (0)   :  0.151 0.098 0.139 0.131 0.147 0.134 0.055 0.145 
458 UA00021516    (0)   :  0.104 0.033 0.217 0.141 0.160 0.180 0.029 0.135 
459 UA00049347    (0)   :  0.093 0.303 0.121 0.089 0.124 0.123 0.032 0.115 
460 UA00063436    (0)   :  0.121 0.357 0.077 0.125 0.084 0.095 0.038 0.104 
461 UA00047790    (0)   :  0.135 0.046 0.160 0.115 0.177 0.165 0.031 0.170 
462 UA00045714    (0)   :  0.106 0.204 0.122 0.088 0.135 0.126 0.095 0.125 
463 UA00038979    (0)   :  0.180 0.047 0.105 0.206 0.098 0.121 0.117 0.127 
464 UA00016123    (0)   :  0.125 0.102 0.138 0.102 0.156 0.155 0.067 0.154 
465 UA00034765    (0)   :  0.043 0.685 0.055 0.041 0.055 0.053 0.019 0.050 
466 UA00063815    (0)   :  0.079 0.467 0.067 0.066 0.076 0.070 0.098 0.077 
467 UA00034795    (0)   :  0.182 0.054 0.117 0.194 0.124 0.132 0.040 0.157 
468 UA00004000    (0)   :  0.056 0.631 0.057 0.049 0.061 0.057 0.029 0.060 
469 UA00049367    (0)   :  0.162 0.107 0.123 0.170 0.130 0.138 0.022 0.147 
470 UA00034457    (0)   :  0.136 0.029 0.155 0.130 0.169 0.172 0.040 0.169 
471 UA00050015    (0)   :  0.162 0.070 0.119 0.155 0.140 0.132 0.067 0.154 
472 UA00021373    (0)   :  0.142 0.054 0.147 0.128 0.168 0.159 0.041 0.161 
473 UA00050232    (0)   :  0.064 0.517 0.063 0.055 0.071 0.064 0.096 0.069 
474 UA00038724    (0)   :  0.159 0.034 0.122 0.137 0.147 0.141 0.102 0.158 
475 UA00007824    (0)   :  0.122 0.085 0.151 0.109 0.159 0.145 0.083 0.146 
476 UA00048754    (0)   :  0.132 0.110 0.147 0.105 0.165 0.162 0.017 0.162 
477 UA00014271    (0)   :  0.141 0.046 0.154 0.138 0.149 0.156 0.070 0.145 
478 UA00013756    (0)   :  0.157 0.162 0.093 0.163 0.107 0.106 0.089 0.124 
479 UA00014385    (0)   :  0.096 0.247 0.113 0.084 0.123 0.117 0.108 0.113 
480 UA00049609    (0)   :  0.183 0.047 0.124 0.194 0.126 0.137 0.036 0.153 
481 UA00003748    (0)   :  0.105 0.282 0.118 0.090 0.129 0.125 0.024 0.127 
482 UA00063952    (0)   :  0.115 0.244 0.129 0.101 0.131 0.131 0.021 0.129 
483 UA00058348    (0)   :  0.077 0.518 0.077 0.071 0.080 0.079 0.019 0.079 
484 UA00014922    (0)   :  0.042 0.698 0.045 0.041 0.046 0.046 0.039 0.043 
485 UA00003820    (0)   :  0.126 0.091 0.164 0.112 0.163 0.163 0.017 0.164 
486 UA00013693    (0)   :  0.118 0.131 0.133 0.107 0.149 0.145 0.077 0.141 
487 UA00047713    (0)   :  0.057 0.593 0.071 0.051 0.071 0.068 0.022 0.067 
488 UA00034891    (0)   :  0.119 0.305 0.096 0.096 0.117 0.112 0.034 0.121 
489 UA00049223    (0)   :  0.099 0.302 0.118 0.097 0.118 0.120 0.033 0.112 
490 UA00064399    (0)   :  0.039 0.547 0.042 0.032 0.048 0.042 0.205 0.045 
491 UA00013336    (0)   :  0.041 0.684 0.041 0.037 0.043 0.042 0.070 0.043 
492 UA00035291    (0)   :  0.053 0.618 0.057 0.043 0.066 0.061 0.040 0.062 
493 UA00003945    (0)   :  0.058 0.565 0.063 0.057 0.067 0.070 0.052 0.068 
494 UA00014518    (0)   :  0.075 0.438 0.094 0.068 0.098 0.093 0.044 0.090 
495 UA00013583    (0)   :  0.085 0.159 0.072 0.074 0.082 0.078 0.369 0.081 
