

----------------------------------------------------
STRUCTURE by Pritchard, Stephens and Donnelly (2000)
     and Falush, Stephens and Pritchard (2003)
       Code by Pritchard, Falush and Hubisz
             Version 2.3.4 (Jul 2012)
----------------------------------------------------



Command line arguments:   structure -K 6 -o outputfile_K6_1 
Input File:    Puma_SNP_genotypes_cut_AZ_final_HWEonly.str

Run parameters:
   536 individuals
   22 loci
   6 populations assumed
   100000 Burn-in period
   500000 Reps


--------------------------------------------
Overall proportion of membership of the
sample in each of the 6 clusters

Inferred Clusters
  1      2      3      4      5      6    
0.171  0.170  0.152  0.171  0.170  0.166  

--------------------------------------------

Allele-freq. divergence among pops (Net nucleotide distance),
computed using point estimates of P.

      1       2       3       4       5       6      
 1      -    0.0027  0.0566  0.0033  0.0023  0.0537  
 2   0.0027     -    0.0551  0.0003  0.0001  0.0450  
 3   0.0566  0.0551     -    0.0609  0.0581  0.0734  
 4   0.0033  0.0003  0.0609     -    0.0002  0.0492  
 5   0.0023  0.0001  0.0581  0.0002     -    0.0483  
 6   0.0537  0.0450  0.0734  0.0492  0.0483     -    

Average distances (expected heterozygosity) between individuals in same cluster:
cluster  1  : 0.3737 
cluster  2  : 0.3802 
cluster  3  : 0.2952 
cluster  4  : 0.3756 
cluster  5  : 0.3774 
cluster  6  : 0.2665 

--------------------------------------------
Estimated Ln Prob of Data   = -13173.0
Mean value of ln likelihood = -12318.9
Variance of ln likelihood   = 1708.2
Mean value of alpha         = 0.2314

Mean value of Fst_1         = 0.0883
Mean value of Fst_2         = 0.0399
Mean value of Fst_3         = 0.2819
Mean value of Fst_4         = 0.0813
Mean value of Fst_5         = 0.0703
Mean value of Fst_6         = 0.2834


Inferred ancestry of individuals:
        Label (%Miss) :  Inferred clusters
  1 UA00063336   (13)   :  0.118 0.129 0.443 0.115 0.123 0.072 
  2 UA00048914    (9)   :  0.134 0.189 0.135 0.152 0.167 0.223 
  3 UA00014769   (13)   :  0.219 0.203 0.065 0.245 0.242 0.026 
  4 UA00008132   (13)   :  0.174 0.207 0.137 0.193 0.196 0.093 
  5 UA00030462   (13)   :  0.135 0.158 0.117 0.132 0.140 0.318 
  6 UA00034866   (13)   :  0.170 0.221 0.045 0.172 0.193 0.199 
  7 UA00034800    (9)   :  0.067 0.076 0.634 0.069 0.072 0.083 
  8  Puco006    (9)   :  0.054 0.065 0.081 0.058 0.059 0.683 
  9 UA00048874    (4)   :  0.079 0.101 0.541 0.088 0.093 0.099 
 10 UA00049060    (9)   :  0.184 0.212 0.124 0.210 0.217 0.053 
 11 UA00033413    (9)   :  0.313 0.172 0.047 0.199 0.195 0.074 
 12  Puco021    (9)   :  0.305 0.149 0.166 0.173 0.167 0.039 
 13  Puco026    (9)   :  0.235 0.201 0.134 0.193 0.195 0.042 
 14  Puco008    (9)   :  0.108 0.140 0.296 0.114 0.119 0.224 
 15   M01301    (9)   :  0.278 0.171 0.037 0.185 0.195 0.134 
 16   M06306    (9)   :  0.127 0.113 0.510 0.104 0.109 0.038 
 17 UA00032185    (9)   :  0.194 0.194 0.116 0.179 0.184 0.132 
 18 UA00030792    (9)   :  0.027 0.027 0.858 0.027 0.027 0.034 
 19 UA00031647    (9)   :  0.123 0.159 0.312 0.129 0.138 0.140 
 20 UA00031979    (9)   :  0.189 0.215 0.101 0.183 0.194 0.119 
 21  Puco016    (9)   :  0.127 0.175 0.054 0.168 0.164 0.312 
 22  Puco010    (9)   :  0.235 0.206 0.082 0.195 0.206 0.076 
 23    M1035    (9)   :  0.163 0.221 0.172 0.198 0.204 0.041 
 24 UA00034601    (9)   :  0.190 0.175 0.145 0.154 0.163 0.173 
 25 UA00050388    (9)   :  0.181 0.209 0.154 0.163 0.182 0.111 
 26 UA00048699    (9)   :  0.104 0.133 0.051 0.127 0.130 0.455 
 27 UA00064058    (9)   :  0.182 0.214 0.109 0.230 0.220 0.045 
 28 UA00033981    (9)   :  0.297 0.159 0.096 0.183 0.180 0.084 
 29   F05033    (9)   :  0.237 0.208 0.065 0.219 0.216 0.054 
 30 UA00048520    (4)   :  0.176 0.146 0.266 0.138 0.146 0.128 
 31 UA00048422    (4)   :  0.048 0.045 0.782 0.043 0.044 0.039 
 32    PucoB    (4)   :  0.280 0.195 0.087 0.205 0.201 0.032 
 33 UA00047393    (4)   :  0.141 0.198 0.242 0.174 0.188 0.058 
 34 UA00064521    (4)   :  0.157 0.179 0.081 0.140 0.154 0.289 
 35 UA00003043    (4)   :  0.153 0.201 0.042 0.201 0.196 0.207 
 36 UA00063025    (4)   :  0.142 0.141 0.288 0.117 0.127 0.185 
 37 UA00063826    (4)   :  0.257 0.212 0.093 0.186 0.201 0.051 
 38   F07407    (4)   :  0.225 0.140 0.297 0.140 0.150 0.048 
 39 UA00021658    (4)   :  0.207 0.224 0.077 0.200 0.220 0.072 
 40 UA00003794    (4)   :  0.216 0.147 0.271 0.150 0.155 0.061 
 41 UA00041322    (4)   :  0.162 0.222 0.155 0.162 0.187 0.111 
 42 UA00063316    (4)   :  0.170 0.178 0.176 0.151 0.160 0.165 
 43 UA00047705    (4)   :  0.216 0.192 0.125 0.167 0.180 0.120 
 44 UA00033904    (4)   :  0.102 0.116 0.499 0.107 0.107 0.070 
 45 UA00048100    (4)   :  0.237 0.201 0.056 0.212 0.200 0.093 
 46 UA00032212    (4)   :  0.135 0.145 0.320 0.129 0.138 0.134 
 47 UA00031574    (4)   :  0.052 0.047 0.743 0.046 0.046 0.066 
 48 UA00031228    (4)   :  0.034 0.036 0.808 0.035 0.035 0.052 
 49 UA00047707    (4)   :  0.170 0.233 0.031 0.269 0.245 0.052 
 50 UA00030906    (4)   :  0.025 0.026 0.852 0.024 0.025 0.048 
 51 UA00041567    (4)   :  0.262 0.184 0.096 0.174 0.182 0.102 
 52 UA00007624    (4)   :  0.253 0.214 0.036 0.217 0.226 0.054 
 53 UA00034514    (4)   :  0.195 0.205 0.064 0.229 0.221 0.086 
 54 UA00030480    (4)   :  0.144 0.205 0.238 0.178 0.182 0.053 
 55  Puco012    (4)   :  0.182 0.226 0.064 0.205 0.215 0.108 
 56 UA00038677    (9)   :  0.169 0.158 0.198 0.140 0.144 0.192 
 57 UA00048275    (4)   :  0.265 0.205 0.065 0.187 0.204 0.075 
 58 UA00064055    (4)   :  0.154 0.216 0.073 0.243 0.210 0.103 
 59  Puco009    (4)   :  0.141 0.183 0.046 0.176 0.172 0.281 
 60 UA00064561    (4)   :  0.153 0.204 0.039 0.266 0.240 0.098 
 61 UA00003479    (4)   :  0.172 0.212 0.054 0.236 0.211 0.115 
 62 UA00063747    (4)   :  0.223 0.192 0.030 0.251 0.217 0.086 
 63 UA00002558    (4)   :  0.175 0.182 0.050 0.155 0.167 0.271 
 64 UA00048410    (4)   :  0.143 0.181 0.033 0.188 0.187 0.268 
 65 UA00012249    (4)   :  0.149 0.197 0.037 0.248 0.219 0.151 
 66 UA00033818    (4)   :  0.093 0.088 0.569 0.079 0.086 0.084 
 67  Puco020    (4)   :  0.140 0.190 0.185 0.187 0.186 0.112 
 68 UA00002545    (9)   :  0.149 0.194 0.114 0.262 0.224 0.057 
 69 UA00048508    (4)   :  0.190 0.235 0.053 0.229 0.224 0.069 
 70 UA00064100    (4)   :  0.186 0.240 0.098 0.181 0.210 0.085 
 71 UA00014585    (4)   :  0.179 0.216 0.069 0.218 0.214 0.105 
 72 UA00063698    (4)   :  0.114 0.108 0.161 0.100 0.103 0.414 
 73 UA00049753    (4)   :  0.107 0.128 0.509 0.105 0.113 0.038 
 74 UA00049037    (4)   :  0.195 0.208 0.096 0.232 0.218 0.051 
 75 UA00034941    (4)   :  0.193 0.193 0.151 0.154 0.174 0.135 
 76 UA00008083    (4)   :  0.081 0.084 0.073 0.080 0.082 0.601 
 77 UA00015084    (4)   :  0.111 0.108 0.216 0.093 0.099 0.373 
 78 UA00041010    (9)   :  0.058 0.072 0.343 0.063 0.064 0.400 
 79 UA00035261    (4)   :  0.137 0.145 0.296 0.132 0.137 0.153 
 80 UA00035431    (4)   :  0.246 0.216 0.033 0.192 0.207 0.105 
 81 UA00045274    (0)   :  0.200 0.183 0.138 0.163 0.175 0.141 
 82 UA00028200    (4)   :  0.102 0.108 0.427 0.094 0.097 0.171 
 83 UA00064559    (0)   :  0.037 0.035 0.825 0.033 0.033 0.037 
 84 UA00040808    (0)   :  0.083 0.109 0.452 0.100 0.103 0.153 
 85 UA00049156    (0)   :  0.093 0.102 0.465 0.089 0.093 0.157 
 86 UA00003952    (4)   :  0.075 0.095 0.051 0.088 0.089 0.601 
 87 UA00063954    (0)   :  0.153 0.199 0.267 0.149 0.179 0.053 
 88 UA00062934    (0)   :  0.140 0.165 0.319 0.135 0.149 0.091 
 89 UA00033829    (0)   :  0.058 0.061 0.557 0.055 0.058 0.211 
 90 UA00064351    (4)   :  0.291 0.161 0.069 0.173 0.172 0.134 
 91 UA00003697    (4)   :  0.084 0.095 0.112 0.078 0.087 0.544 
 92 UA00063438    (4)   :  0.126 0.162 0.320 0.131 0.137 0.124 
 93 UA00007608    (0)   :  0.122 0.127 0.313 0.103 0.113 0.221 
 94 UA00019683    (4)   :  0.161 0.095 0.485 0.107 0.106 0.045 
 95 UA00007781    (0)   :  0.230 0.207 0.079 0.187 0.198 0.098 
 96 UA00002915    (0)   :  0.110 0.144 0.367 0.125 0.130 0.124 
 97  Puco031    (4)   :  0.165 0.229 0.077 0.219 0.213 0.096 
 98 UA00048280    (4)   :  0.250 0.196 0.069 0.174 0.185 0.126 
 99 UA00048589    (0)   :  0.243 0.175 0.142 0.190 0.180 0.069 
100 UA00034417    (0)   :  0.137 0.180 0.172 0.164 0.164 0.183 
101 UA00050411    (4)   :  0.182 0.214 0.032 0.268 0.250 0.054 
102  Puco029    (4)   :  0.255 0.210 0.059 0.224 0.227 0.026 
103   F03403    (4)   :  0.339 0.164 0.035 0.199 0.197 0.066 
104 UA00049904    (0)   :  0.194 0.171 0.248 0.147 0.163 0.077 
105 UA00035335    (0)   :  0.242 0.217 0.045 0.241 0.232 0.022 
106 UA00012611    (0)   :  0.208 0.239 0.071 0.211 0.221 0.051 
107 UA00050319    (0)   :  0.359 0.163 0.037 0.206 0.197 0.039 
108 UA00032068    (4)   :  0.177 0.209 0.188 0.191 0.194 0.041 
109 UA00032026    (4)   :  0.180 0.217 0.140 0.196 0.208 0.059 
110 UA00030476    (4)   :  0.337 0.150 0.121 0.182 0.177 0.034 
111 UA00046853    (0)   :  0.283 0.178 0.109 0.179 0.194 0.056 
112 UA00040156    (4)   :  0.026 0.027 0.863 0.025 0.026 0.033 
113 UA00030528    (4)   :  0.121 0.201 0.291 0.162 0.177 0.049 
114  Puco025    (4)   :  0.192 0.223 0.047 0.245 0.251 0.042 
115    pc016    (0)   :  0.025 0.026 0.864 0.025 0.025 0.035 
116 UA00030617    (4)   :  0.197 0.222 0.034 0.261 0.250 0.036 
117 UA00030585    (4)   :  0.049 0.042 0.772 0.041 0.042 0.054 
118 UA00032060    (4)   :  0.163 0.172 0.313 0.148 0.153 0.051 
119    pc007    (0)   :  0.273 0.182 0.093 0.192 0.194 0.066 
120 UA00030798    (4)   :  0.050 0.053 0.762 0.049 0.051 0.035 
121 UA00030778    (4)   :  0.173 0.242 0.032 0.262 0.250 0.040 
122 UA00039674    (4)   :  0.031 0.033 0.840 0.031 0.032 0.034 
123 UA00032241    (4)   :  0.255 0.226 0.034 0.218 0.230 0.038 
124 UA00011624    (0)   :  0.203 0.214 0.057 0.242 0.226 0.058 
125 UA00033779    (4)   :  0.342 0.163 0.046 0.197 0.195 0.058 
126 UA00049402    (4)   :  0.132 0.179 0.072 0.197 0.185 0.235 
127 UA00033653    (0)   :  0.362 0.156 0.040 0.200 0.191 0.050 
128 UA00047738    (0)   :  0.190 0.198 0.121 0.167 0.190 0.133 
129 UA00047502    (4)   :  0.127 0.179 0.099 0.150 0.157 0.288 
130 UA00012014    (4)   :  0.171 0.220 0.084 0.222 0.214 0.089 
131 UA00040729    (0)   :  0.264 0.194 0.089 0.199 0.205 0.050 
132 UA00030392    (4)   :  0.193 0.229 0.058 0.237 0.241 0.042 
133 UA00050033    (0)   :  0.208 0.209 0.095 0.210 0.220 0.057 
134 UA00012152    (0)   :  0.095 0.119 0.034 0.128 0.123 0.500 
135 UA00050406    (0)   :  0.192 0.230 0.085 0.200 0.215 0.078 
136 UA00047973    (0)   :  0.235 0.217 0.058 0.208 0.213 0.069 
137 UA00008051    (0)   :  0.163 0.186 0.169 0.159 0.175 0.148 
138 UA00047337    (4)   :  0.163 0.172 0.273 0.159 0.172 0.061 
139 UA00041604    (4)   :  0.164 0.199 0.151 0.166 0.182 0.138 
140 UA00031704    (4)   :  0.191 0.223 0.040 0.273 0.241 0.032 
141 UA00040423    (4)   :  0.172 0.208 0.152 0.214 0.198 0.056 
142 UA00049433    (0)   :  0.143 0.191 0.117 0.199 0.185 0.164 
143 UA00034816    (0)   :  0.159 0.201 0.054 0.231 0.220 0.135 
144 UA00050214    (0)   :  0.167 0.215 0.044 0.276 0.260 0.038 
145 UA00041073    (0)   :  0.177 0.195 0.095 0.194 0.203 0.136 
146 UA00030318    (4)   :  0.186 0.207 0.047 0.237 0.223 0.100 
147 UA00046845    (0)   :  0.143 0.190 0.072 0.213 0.208 0.176 
148 UA00063946    (0)   :  0.359 0.148 0.071 0.192 0.182 0.048 
149 UA00031374    (4)   :  0.186 0.217 0.068 0.214 0.210 0.105 
150    M1136    (4)   :  0.115 0.158 0.365 0.150 0.156 0.056 
151 UA00034299    (0)   :  0.158 0.210 0.055 0.276 0.245 0.056 
152 UA00002387    (4)   :  0.163 0.211 0.035 0.265 0.216 0.110 
153 UA00021855    (0)   :  0.226 0.212 0.087 0.187 0.199 0.090 
154 UA00014500    (0)   :  0.180 0.225 0.091 0.232 0.220 0.053 
155 UA00050419    (4)   :  0.173 0.205 0.036 0.276 0.256 0.054 
156 UA00031854    (4)   :  0.197 0.201 0.065 0.196 0.197 0.144 
157    pc011    (4)   :  0.159 0.199 0.040 0.293 0.239 0.069 
158 UA00033004    (0)   :  0.158 0.205 0.120 0.231 0.209 0.077 
159 UA00046510    (0)   :  0.152 0.205 0.052 0.190 0.195 0.206 
160 UA00048747    (0)   :  0.157 0.208 0.052 0.250 0.230 0.103 
161 UA00014293    (0)   :  0.162 0.195 0.043 0.292 0.237 0.071 
162 UA00047686    (0)   :  0.131 0.182 0.107 0.164 0.168 0.248 
163 UA00033783    (4)   :  0.147 0.108 0.374 0.107 0.109 0.155 
164 UA00042609    (4)   :  0.120 0.150 0.098 0.164 0.144 0.324 
165 UA00031169    (4)   :  0.158 0.205 0.052 0.289 0.251 0.045 
166 UA00035181    (0)   :  0.256 0.213 0.027 0.238 0.221 0.045 
167 UA00050133    (0)   :  0.176 0.220 0.071 0.220 0.223 0.090 
168  Puco011    (4)   :  0.150 0.191 0.069 0.281 0.228 0.082 
169 UA00041476    (0)   :  0.149 0.210 0.097 0.200 0.206 0.137 
170 UA00046702    (0)   :  0.166 0.212 0.043 0.273 0.255 0.050 
171 UA00019940    (0)   :  0.174 0.218 0.091 0.202 0.210 0.105 
172 UA00049813    (0)   :  0.244 0.202 0.093 0.198 0.200 0.064 
173 UA00064165    (0)   :  0.109 0.127 0.088 0.107 0.114 0.455 
174 UA00064421    (0)   :  0.129 0.177 0.033 0.157 0.157 0.347 
175 UA00064569    (4)   :  0.205 0.227 0.032 0.234 0.248 0.054 
176 UA00003996    (0)   :  0.138 0.174 0.067 0.193 0.189 0.240 
177 UA00064491    (4)   :  0.189 0.206 0.042 0.229 0.231 0.103 
178 UA00011899    (0)   :  0.192 0.231 0.085 0.218 0.218 0.055 
179  Puco015    (4)   :  0.160 0.188 0.194 0.192 0.191 0.076 
180 UA00047929    (4)   :  0.276 0.203 0.055 0.211 0.221 0.034 
181 UA00056669    (0)   :  0.176 0.233 0.053 0.205 0.210 0.123 
182 UA00050176    (0)   :  0.159 0.210 0.107 0.191 0.190 0.144 
183  Puco014    (4)   :  0.226 0.195 0.086 0.184 0.189 0.121 
184 UA00019608    (0)   :  0.159 0.220 0.057 0.233 0.207 0.124 
185 UA00064333    (0)   :  0.163 0.221 0.062 0.245 0.229 0.081 
186  Puco013    (4)   :  0.147 0.186 0.067 0.185 0.176 0.240 
187 UA00016092    (0)   :  0.186 0.211 0.033 0.275 0.257 0.038 
188 UA00019060    (0)   :  0.078 0.090 0.163 0.084 0.087 0.498 
189 UA00063532    (0)   :  0.192 0.201 0.105 0.192 0.201 0.110 
190 UA00064117    (0)   :  0.094 0.109 0.287 0.103 0.106 0.302 
191 UA00011969    (0)   :  0.189 0.209 0.103 0.182 0.190 0.126 
192 UA00034586    (4)   :  0.237 0.229 0.051 0.209 0.223 0.050 
193 UA00030736    (4)   :  0.175 0.233 0.081 0.224 0.224 0.062 
194 UA00048493    (0)   :  0.177 0.214 0.120 0.200 0.217 0.071 
195 UA00040466    (0)   :  0.062 0.068 0.044 0.063 0.066 0.697 
196 UA00047659    (0)   :  0.205 0.236 0.051 0.202 0.218 0.087 
197 UA00042002    (4)   :  0.163 0.153 0.312 0.141 0.149 0.082 
198 UA00062606    (0)   :  0.156 0.180 0.089 0.192 0.171 0.212 
199 UA00030615    (4)   :  0.065 0.072 0.036 0.065 0.069 0.692 
200 UA00048899    (0)   :  0.198 0.235 0.071 0.200 0.209 0.087 
201 UA00047725    (0)   :  0.029 0.031 0.036 0.028 0.029 0.847 
202 UA00030866    (4)   :  0.173 0.221 0.066 0.200 0.199 0.141 
203 UA00034564    (0)   :  0.160 0.244 0.068 0.212 0.215 0.101 
204 UA00046520    (0)   :  0.352 0.162 0.040 0.201 0.194 0.050 
205 UA00035027    (0)   :  0.189 0.193 0.110 0.170 0.180 0.158 
206 UA00035421    (0)   :  0.116 0.143 0.048 0.159 0.143 0.390 
207 UA00062740    (4)   :  0.147 0.177 0.157 0.145 0.153 0.221 
208 UA00012360    (0)   :  0.056 0.064 0.041 0.059 0.061 0.719 
209 UA00050203    (0)   :  0.221 0.216 0.076 0.207 0.215 0.064 
210 UA00040534    (4)   :  0.085 0.107 0.256 0.089 0.095 0.369 
211 UA00031261    (4)   :  0.065 0.081 0.161 0.068 0.072 0.552 
212 UA00031917    (4)   :  0.080 0.099 0.287 0.086 0.087 0.361 
213 UA00040798    (4)   :  0.125 0.124 0.109 0.111 0.119 0.412 
214 UA00030598    (4)   :  0.126 0.144 0.106 0.123 0.130 0.371 
215 UA00050385    (0)   :  0.160 0.226 0.074 0.209 0.198 0.133 
216 UA00058283    (0)   :  0.050 0.050 0.078 0.045 0.048 0.730 
217 UA00042297    (4)   :  0.112 0.108 0.404 0.100 0.104 0.172 
218 UA00015415    (4)   :  0.043 0.049 0.039 0.046 0.047 0.777 
219 UA00035531    (0)   :  0.062 0.074 0.126 0.072 0.070 0.595 
220 UA00048683    (0)   :  0.080 0.090 0.048 0.089 0.086 0.607 
221 UA00046734    (4)   :  0.052 0.057 0.052 0.053 0.055 0.731 
222   pcRF01    (0)   :  0.160 0.201 0.025 0.325 0.239 0.050 
223 UA00007223    (0)   :  0.128 0.169 0.115 0.164 0.155 0.269 
224 UA00013841    (0)   :  0.171 0.195 0.232 0.177 0.176 0.049 
225 UA00014196    (0)   :  0.066 0.081 0.088 0.077 0.075 0.613 
226 UA00034635    (0)   :  0.191 0.240 0.052 0.212 0.226 0.080 
227 UA00047371    (0)   :  0.166 0.161 0.303 0.133 0.149 0.088 
228 UA00063544    (0)   :  0.168 0.159 0.293 0.143 0.155 0.081 
229 UA00064246    (0)   :  0.175 0.161 0.133 0.156 0.155 0.220 
230 UA00064328    (0)   :  0.135 0.171 0.149 0.147 0.156 0.243 
231 UA00002952    (0)   :  0.122 0.143 0.203 0.128 0.131 0.273 
232 UA00064079    (0)   :  0.151 0.197 0.205 0.161 0.185 0.102 
233 UA00046793    (0)   :  0.108 0.139 0.202 0.134 0.131 0.287 
234 UA00034769    (0)   :  0.118 0.099 0.467 0.093 0.098 0.125 
235 UA00034949    (0)   :  0.117 0.166 0.099 0.156 0.152 0.309 
236 UA00063753    (0)   :  0.255 0.151 0.140 0.158 0.163 0.134 
237 UA00015713    (0)   :  0.206 0.174 0.236 0.156 0.165 0.063 
238 UA00003494    (0)   :  0.130 0.176 0.124 0.209 0.186 0.176 
239 UA00056767    (0)   :  0.351 0.167 0.026 0.205 0.207 0.044 
240 UA00014461    (0)   :  0.136 0.159 0.121 0.160 0.157 0.268 
241 UA00034669    (0)   :  0.111 0.120 0.180 0.098 0.108 0.383 
242 UA00048164    (0)   :  0.161 0.181 0.048 0.173 0.167 0.269 
243 UA00007974    (0)   :  0.274 0.172 0.134 0.172 0.175 0.073 
244 UA00016166    (0)   :  0.114 0.165 0.345 0.148 0.156 0.073 
245 UA00015653    (0)   :  0.103 0.134 0.338 0.102 0.115 0.208 
246 UA00063882    (0)   :  0.102 0.128 0.145 0.113 0.116 0.396 
247 UA00049027    (0)   :  0.134 0.140 0.356 0.118 0.131 0.122 
248 UA00018878    (0)   :  0.174 0.138 0.370 0.124 0.140 0.055 
249 UA00038796    (0)   :  0.135 0.142 0.081 0.118 0.129 0.394 
250 UA00013465    (0)   :  0.076 0.085 0.072 0.073 0.080 0.614 
251 UA00014604    (0)   :  0.149 0.165 0.145 0.129 0.148 0.264 
252 UA00041913    (0)   :  0.192 0.131 0.326 0.135 0.133 0.083 
253 UA00021632    (0)   :  0.082 0.096 0.554 0.078 0.091 0.100 
254 UA00064027    (0)   :  0.143 0.197 0.201 0.139 0.164 0.156 
255 UA00015023    (0)   :  0.154 0.195 0.063 0.207 0.203 0.179 
256 UA00050243    (0)   :  0.125 0.170 0.339 0.138 0.144 0.085 
257 UA00048298    (0)   :  0.175 0.203 0.109 0.207 0.203 0.103 
258 UA00050437    (0)   :  0.135 0.183 0.086 0.148 0.164 0.284 
259 UA00014262    (0)   :  0.151 0.185 0.223 0.165 0.175 0.101 
260 UA00049129    (0)   :  0.228 0.189 0.130 0.189 0.197 0.066 
261 UA00014740    (0)   :  0.232 0.174 0.122 0.172 0.180 0.121 
262 UA00049612    (0)   :  0.070 0.067 0.634 0.062 0.065 0.102 
263 UA00014635    (0)   :  0.342 0.172 0.036 0.203 0.200 0.047 
264 UA00014673    (0)   :  0.131 0.147 0.234 0.118 0.132 0.238 
265 UA00033608    (0)   :  0.123 0.105 0.464 0.099 0.105 0.105 
266 UA00064540    (0)   :  0.295 0.160 0.068 0.179 0.176 0.121 
267 UA00050256    (0)   :  0.121 0.167 0.248 0.126 0.140 0.198 
268 UA00015274    (0)   :  0.169 0.217 0.067 0.219 0.212 0.116 
269 UA00062993    (0)   :  0.246 0.212 0.038 0.186 0.199 0.119 
270 UA00038364    (0)   :  0.199 0.184 0.174 0.161 0.171 0.111 
271 UA00014446    (0)   :  0.206 0.256 0.045 0.198 0.230 0.064 
272 UA00063545    (0)   :  0.071 0.082 0.521 0.074 0.076 0.175 
273 UA00040054    (0)   :  0.179 0.224 0.109 0.221 0.220 0.047 
274 UA00058447    (0)   :  0.255 0.210 0.085 0.190 0.197 0.064 
275 UA00046835    (0)   :  0.269 0.188 0.066 0.205 0.204 0.067 
276 UA00014608    (0)   :  0.219 0.225 0.063 0.186 0.208 0.099 
277    pc012    (0)   :  0.182 0.202 0.110 0.167 0.187 0.153 
278    pc002    (0)   :  0.108 0.135 0.438 0.104 0.118 0.097 
279 UA00033690    (0)   :  0.249 0.128 0.272 0.144 0.145 0.062 
280 UA00013688    (0)   :  0.193 0.203 0.092 0.175 0.193 0.144 
281 UA00063666    (0)   :  0.320 0.155 0.142 0.177 0.176 0.030 
282 UA00063292    (0)   :  0.361 0.161 0.044 0.199 0.194 0.041 
283    pc001    (0)   :  0.200 0.213 0.077 0.192 0.196 0.123 
284    pc008    (0)   :  0.245 0.198 0.087 0.187 0.201 0.082 
285 UA00034316    (0)   :  0.110 0.148 0.242 0.137 0.142 0.221 
286 UA00013046    (0)   :  0.253 0.202 0.055 0.228 0.226 0.036 
287 UA00050241    (0)   :  0.308 0.194 0.055 0.202 0.212 0.029 
288 UA00048599    (0)   :  0.292 0.197 0.043 0.204 0.214 0.049 
289 UA00046649    (0)   :  0.124 0.127 0.458 0.114 0.122 0.055 
290 UA00015674    (0)   :  0.121 0.092 0.522 0.090 0.091 0.084 
291 UA00013177    (0)   :  0.219 0.159 0.156 0.159 0.165 0.142 
292 UA00012814    (0)   :  0.182 0.211 0.074 0.227 0.201 0.105 
293 UA00034654    (0)   :  0.221 0.233 0.052 0.215 0.227 0.052 
294 UA00046743    (0)   :  0.301 0.177 0.054 0.203 0.206 0.059 
295 UA00014854    (0)   :  0.258 0.158 0.219 0.170 0.166 0.029 
296 UA00013729    (0)   :  0.174 0.217 0.077 0.228 0.230 0.074 
297 UA00063483    (0)   :  0.258 0.221 0.063 0.203 0.210 0.046 
298 UA00039326    (0)   :  0.206 0.179 0.209 0.172 0.174 0.061 
299 UA00014742    (0)   :  0.293 0.203 0.061 0.197 0.206 0.040 
300 UA00049597    (0)   :  0.137 0.108 0.520 0.104 0.106 0.026 
301 UA00048067    (0)   :  0.230 0.172 0.171 0.158 0.168 0.102 
302 UA00012918    (0)   :  0.265 0.126 0.286 0.148 0.146 0.030 
303 UA00013487    (0)   :  0.160 0.191 0.036 0.330 0.251 0.033 
304 UA00046759    (0)   :  0.146 0.169 0.174 0.138 0.151 0.222 
305 UA00050164    (0)   :  0.075 0.088 0.609 0.087 0.084 0.058 
306 UA00049839    (0)   :  0.273 0.198 0.053 0.201 0.201 0.073 
307 UA00048444    (0)   :  0.338 0.141 0.122 0.179 0.175 0.045 
308 UA00063857    (0)   :  0.260 0.205 0.082 0.205 0.215 0.032 
309 UA00014921    (0)   :  0.126 0.115 0.515 0.102 0.108 0.033 
310 UA00048895    (0)   :  0.131 0.115 0.461 0.110 0.115 0.068 
311 UA00014556    (0)   :  0.176 0.200 0.075 0.162 0.174 0.213 
312    pc009    (0)   :  0.363 0.161 0.045 0.205 0.197 0.027 
313 UA00014959    (0)   :  0.127 0.103 0.521 0.100 0.104 0.044 
314 UA00020709    (0)   :  0.195 0.190 0.180 0.180 0.183 0.072 
315 UA00013126    (0)   :  0.039 0.038 0.810 0.036 0.037 0.040 
316 UA00013695    (0)   :  0.048 0.051 0.765 0.047 0.048 0.040 
317 UA00049344    (0)   :  0.094 0.108 0.546 0.088 0.096 0.068 
318 UA00047614    (0)   :  0.052 0.054 0.665 0.049 0.052 0.128 
319 UA00014221    (0)   :  0.339 0.182 0.025 0.205 0.212 0.036 
320 UA00014346    (0)   :  0.294 0.172 0.087 0.181 0.186 0.080 
321 UA00014245    (0)   :  0.197 0.138 0.331 0.143 0.148 0.043 
322 UA00014696    (0)   :  0.037 0.041 0.778 0.041 0.041 0.062 
323 UA00006991    (0)   :  0.171 0.238 0.054 0.204 0.215 0.119 
324 UA00048948    (0)   :  0.190 0.240 0.070 0.188 0.216 0.097 
325 UA00002239    (0)   :  0.162 0.225 0.078 0.210 0.205 0.119 
326 UA00063459    (0)   :  0.344 0.168 0.068 0.194 0.196 0.030 
327 UA00048356    (0)   :  0.223 0.182 0.090 0.167 0.173 0.166 
328 UA00063940    (0)   :  0.160 0.218 0.074 0.184 0.211 0.153 
329 UA00048130    (0)   :  0.308 0.186 0.051 0.197 0.192 0.067 
330 UA00048903    (0)   :  0.223 0.214 0.032 0.247 0.246 0.038 
331 UA00064643    (0)   :  0.193 0.212 0.094 0.195 0.212 0.094 
332 UA00050233    (0)   :  0.202 0.206 0.053 0.202 0.208 0.129 
333 UA00012507    (0)   :  0.154 0.208 0.043 0.181 0.183 0.231 
334 UA00064416    (0)   :  0.169 0.226 0.044 0.272 0.231 0.059 
335 UA00034724    (0)   :  0.218 0.216 0.051 0.211 0.221 0.083 
336 UA00002621    (0)   :  0.243 0.213 0.044 0.222 0.226 0.052 
337 UA00033203    (0)   :  0.158 0.209 0.068 0.279 0.231 0.055 
338 UA00011996    (0)   :  0.205 0.237 0.105 0.201 0.206 0.047 
339 UA00014408    (0)   :  0.126 0.166 0.065 0.152 0.153 0.337 
340 UA00049502    (0)   :  0.212 0.204 0.052 0.175 0.184 0.173 
341 UA00062695    (0)   :  0.248 0.172 0.133 0.171 0.175 0.101 
342 UA00014072    (0)   :  0.279 0.185 0.078 0.194 0.197 0.068 
343 UA00003334    (0)   :  0.271 0.202 0.053 0.213 0.220 0.041 
344 UA00013835    (0)   :  0.222 0.211 0.111 0.183 0.198 0.075 
345 UA00046760    (0)   :  0.193 0.172 0.249 0.158 0.172 0.055 
346 UA00014241    (0)   :  0.216 0.210 0.045 0.229 0.226 0.075 
347 UA00049585    (0)   :  0.261 0.225 0.056 0.206 0.219 0.032 
348 UA00013409    (0)   :  0.258 0.146 0.074 0.160 0.158 0.203 
349 UA00047548    (0)   :  0.205 0.237 0.067 0.230 0.223 0.038 
350 UA00049038    (0)   :  0.131 0.130 0.382 0.113 0.122 0.123 
351 UA00047612    (0)   :  0.201 0.235 0.052 0.199 0.220 0.093 
352 UA00014822    (0)   :  0.112 0.121 0.368 0.105 0.107 0.187 
353 UA00035299    (0)   :  0.180 0.229 0.073 0.217 0.228 0.072 
354 UA00012804    (0)   :  0.127 0.138 0.405 0.118 0.129 0.082 
355 UA00049578    (0)   :  0.186 0.199 0.059 0.176 0.188 0.192 
356 UA00047672    (0)   :  0.154 0.208 0.043 0.288 0.241 0.066 
357 UA00043961    (0)   :  0.078 0.072 0.621 0.068 0.073 0.088 
358 UA00064575    (0)   :  0.198 0.165 0.068 0.153 0.162 0.253 
359 UA00014732    (0)   :  0.183 0.230 0.043 0.222 0.225 0.097 
360 UA00050181    (0)   :  0.180 0.236 0.033 0.238 0.218 0.095 
361 UA00033369    (0)   :  0.126 0.163 0.311 0.152 0.146 0.102 
362 UA00011982    (0)   :  0.168 0.216 0.031 0.291 0.263 0.030 
363 UA00014590    (0)   :  0.150 0.205 0.146 0.206 0.200 0.093 
364 UA00047743    (0)   :  0.179 0.237 0.048 0.262 0.232 0.043 
365 UA00046621    (0)   :  0.186 0.224 0.042 0.282 0.235 0.032 
366 UA00050422    (0)   :  0.167 0.212 0.056 0.184 0.201 0.180 
367 UA00002760    (0)   :  0.209 0.204 0.126 0.198 0.205 0.059 
368 UA00012999    (0)   :  0.164 0.218 0.163 0.193 0.211 0.051 
369 UA00063838    (0)   :  0.219 0.220 0.045 0.218 0.234 0.064 
370 UA00003729    (0)   :  0.160 0.137 0.239 0.120 0.128 0.216 
371 UA00015348    (0)   :  0.276 0.174 0.101 0.178 0.185 0.086 
372 UA00019058    (0)   :  0.294 0.152 0.067 0.182 0.180 0.126 
373 UA00049549    (0)   :  0.328 0.134 0.160 0.177 0.170 0.031 
374 UA00014334    (0)   :  0.160 0.207 0.077 0.209 0.198 0.149 
375 UA00014350    (0)   :  0.160 0.197 0.025 0.325 0.268 0.025 
376 UA00049227    (0)   :  0.129 0.177 0.263 0.141 0.156 0.135 
377 UA00014051    (0)   :  0.147 0.197 0.033 0.225 0.200 0.198 
378 UA00034381    (0)   :  0.199 0.200 0.059 0.201 0.205 0.137 
379 UA00002354    (0)   :  0.174 0.202 0.036 0.298 0.248 0.042 
380 UA00049892    (0)   :  0.234 0.192 0.129 0.201 0.207 0.038 
381 UA00021989    (0)   :  0.206 0.210 0.037 0.241 0.225 0.082 
382 UA00048968    (0)   :  0.186 0.220 0.048 0.239 0.222 0.085 
383 UA00013174    (0)   :  0.169 0.200 0.070 0.250 0.223 0.089 
384 UA00033992    (0)   :  0.142 0.192 0.251 0.187 0.179 0.049 
385 UA00015801    (0)   :  0.181 0.221 0.025 0.280 0.267 0.027 
386 UA00063303    (0)   :  0.180 0.137 0.323 0.137 0.138 0.085 
387 UA00050206    (0)   :  0.336 0.185 0.028 0.200 0.204 0.047 
388 UA00014458    (0)   :  0.201 0.192 0.125 0.189 0.194 0.099 
389 UA00007204    (0)   :  0.291 0.179 0.089 0.196 0.199 0.046 
390 UA00063212    (0)   :  0.177 0.144 0.237 0.130 0.141 0.171 
391 UA00013340    (0)   :  0.193 0.222 0.151 0.184 0.197 0.054 
392 UA00062743    (0)   :  0.154 0.210 0.041 0.242 0.207 0.146 
393 UA00063189    (0)   :  0.088 0.106 0.085 0.104 0.103 0.514 
394 UA00035432    (0)   :  0.257 0.212 0.048 0.222 0.214 0.047 
395 UA00007958    (0)   :  0.198 0.217 0.045 0.254 0.232 0.052 
396 UA00013634    (0)   :  0.162 0.221 0.037 0.262 0.233 0.085 
397 UA00048175    (0)   :  0.153 0.195 0.022 0.317 0.261 0.052 
398 UA00003202    (0)   :  0.217 0.224 0.061 0.219 0.215 0.065 
399 UA00035090    (0)   :  0.213 0.193 0.071 0.192 0.196 0.135 
400 UA00064679    (0)   :  0.126 0.139 0.078 0.146 0.141 0.370 
401 UA00039518    (0)   :  0.201 0.209 0.061 0.252 0.224 0.053 
402 UA00058268    (0)   :  0.182 0.236 0.067 0.209 0.228 0.078 
403 UA00049456    (0)   :  0.180 0.166 0.266 0.151 0.163 0.073 
404 UA00049550    (0)   :  0.242 0.190 0.044 0.182 0.190 0.153 
405 UA00048342    (0)   :  0.178 0.207 0.187 0.162 0.184 0.082 
406 UA00063493    (0)   :  0.222 0.232 0.037 0.226 0.237 0.045 
407 UA00058261    (0)   :  0.149 0.181 0.045 0.233 0.206 0.185 
408 UA00014663    (0)   :  0.167 0.246 0.070 0.203 0.215 0.098 
409 UA00048817    (0)   :  0.137 0.182 0.243 0.176 0.177 0.084 
410 UA00049381    (0)   :  0.158 0.198 0.041 0.270 0.235 0.098 
411 UA00035901    (0)   :  0.140 0.174 0.074 0.144 0.150 0.318 
412 UA00013301    (0)   :  0.283 0.164 0.075 0.178 0.179 0.121 
413 UA00047926    (0)   :  0.146 0.185 0.107 0.225 0.201 0.137 
414 UA00007272    (0)   :  0.137 0.180 0.076 0.193 0.175 0.239 
415 UA00016041    (0)   :  0.237 0.203 0.110 0.188 0.201 0.062 
416 UA00013502    (0)   :  0.208 0.197 0.033 0.236 0.225 0.100 
417 UA00002390    (0)   :  0.161 0.214 0.169 0.186 0.199 0.070 
418 UA00034907    (0)   :  0.196 0.236 0.050 0.187 0.212 0.119 
419 UA00048821    (0)   :  0.147 0.172 0.192 0.158 0.164 0.166 
420 UA00002136    (0)   :  0.202 0.179 0.195 0.155 0.167 0.102 
421 UA00011790    (0)   :  0.162 0.206 0.071 0.247 0.212 0.102 
422 UA00021586    (0)   :  0.154 0.171 0.251 0.158 0.164 0.102 
423 UA00033270    (0)   :  0.194 0.212 0.072 0.199 0.211 0.111 
424 UA00048073    (0)   :  0.218 0.208 0.074 0.208 0.210 0.082 
425 UA00048856    (0)   :  0.189 0.192 0.065 0.192 0.191 0.172 
426 UA00049713    (0)   :  0.165 0.209 0.062 0.235 0.243 0.086 
427 UA00046885    (0)   :  0.228 0.212 0.073 0.209 0.215 0.064 
428 UA00034893    (0)   :  0.214 0.219 0.054 0.232 0.232 0.048 
429 UA00048011    (0)   :  0.183 0.217 0.032 0.220 0.224 0.125 
430 UA00015786    (0)   :  0.139 0.165 0.115 0.158 0.161 0.262 
431 UA00013162    (0)   :  0.147 0.209 0.065 0.231 0.201 0.149 
432 UA00049512    (0)   :  0.222 0.199 0.093 0.182 0.189 0.115 
433 UA00004046    (0)   :  0.163 0.203 0.035 0.284 0.246 0.068 
434 UA00048881    (0)   :  0.124 0.152 0.197 0.128 0.136 0.263 
435 UA00046610    (0)   :  0.142 0.181 0.184 0.167 0.178 0.148 
436 UA00033282    (0)   :  0.189 0.208 0.094 0.181 0.189 0.139 
437 UA00047561    (0)   :  0.169 0.229 0.051 0.252 0.231 0.068 
438 UA00013777    (0)   :  0.152 0.186 0.044 0.198 0.181 0.240 
439 UA00062849    (0)   :  0.292 0.195 0.061 0.191 0.200 0.060 
440 UA00049786    (0)   :  0.149 0.191 0.033 0.282 0.242 0.103 
441 UA00033246    (0)   :  0.356 0.169 0.040 0.206 0.197 0.031 
442 UA00045302    (0)   :  0.185 0.248 0.084 0.201 0.228 0.054 
443 UA00048637    (0)   :  0.156 0.198 0.045 0.265 0.240 0.096 
444 UA00049832    (0)   :  0.223 0.165 0.216 0.170 0.171 0.055 
445 UA00022023    (0)   :  0.161 0.212 0.164 0.189 0.194 0.080 
446 UA00050192    (0)   :  0.146 0.189 0.261 0.160 0.175 0.069 
447 UA00050413    (0)   :  0.214 0.202 0.064 0.210 0.209 0.101 
448 UA00013445    (0)   :  0.190 0.236 0.034 0.255 0.238 0.046 
449 UA00035496    (0)   :  0.161 0.180 0.066 0.155 0.159 0.279 
450 UA00003333    (0)   :  0.119 0.147 0.137 0.137 0.138 0.322 
451 UA00064008    (0)   :  0.135 0.173 0.046 0.159 0.167 0.321 
452 UA00003427    (0)   :  0.156 0.180 0.234 0.155 0.159 0.117 
453 UA00028092    (0)   :  0.131 0.133 0.298 0.128 0.131 0.180 
454    pc003    (0)   :  0.062 0.069 0.121 0.064 0.065 0.619 
455 UA00034440    (0)   :  0.267 0.186 0.051 0.195 0.194 0.108 
456 UA00026062    (0)   :  0.154 0.203 0.070 0.284 0.228 0.061 
457 UA00014347    (0)   :  0.195 0.198 0.111 0.163 0.173 0.161 
458 UA00021516    (0)   :  0.168 0.220 0.051 0.252 0.251 0.058 
459 UA00049347    (0)   :  0.118 0.147 0.054 0.146 0.147 0.386 
460 UA00063436    (0)   :  0.161 0.114 0.063 0.118 0.121 0.423 
461 UA00047790    (0)   :  0.171 0.229 0.058 0.238 0.220 0.085 
462 UA00045714    (0)   :  0.120 0.155 0.141 0.135 0.147 0.302 
463 UA00038979    (0)   :  0.254 0.157 0.174 0.170 0.172 0.074 
464 UA00016123    (0)   :  0.147 0.191 0.111 0.195 0.180 0.176 
465 UA00034765    (0)   :  0.057 0.069 0.032 0.068 0.066 0.709 
466 UA00063815    (0)   :  0.087 0.084 0.152 0.075 0.079 0.524 
467 UA00034795    (0)   :  0.265 0.188 0.066 0.194 0.198 0.089 
468 UA00004000    (0)   :  0.072 0.078 0.052 0.073 0.075 0.650 
469 UA00049367    (0)   :  0.242 0.180 0.040 0.194 0.191 0.153 
470 UA00034457    (0)   :  0.188 0.223 0.076 0.242 0.218 0.054 
471 UA00050015    (0)   :  0.237 0.179 0.118 0.178 0.170 0.118 
472 UA00021373    (0)   :  0.190 0.216 0.078 0.212 0.209 0.096 
473 UA00050232    (0)   :  0.074 0.080 0.133 0.070 0.074 0.569 
474 UA00038724    (0)   :  0.210 0.189 0.186 0.174 0.180 0.061 
475 UA00007824    (0)   :  0.147 0.184 0.141 0.213 0.185 0.130 
476 UA00048754    (0)   :  0.151 0.208 0.034 0.210 0.190 0.207 
477 UA00014271    (0)   :  0.188 0.200 0.113 0.207 0.215 0.078 
478 UA00013756    (0)   :  0.200 0.142 0.154 0.141 0.148 0.215 
479 UA00014385    (0)   :  0.111 0.140 0.162 0.131 0.135 0.322 
480 UA00049609    (0)   :  0.270 0.186 0.062 0.205 0.201 0.075 
481 UA00003748    (0)   :  0.118 0.148 0.045 0.150 0.143 0.396 
482 UA00063952    (0)   :  0.141 0.166 0.037 0.161 0.161 0.334 
483 UA00058348    (0)   :  0.107 0.100 0.035 0.100 0.105 0.553 
484 UA00014922    (0)   :  0.062 0.064 0.062 0.065 0.067 0.680 
485 UA00003820    (0)   :  0.155 0.210 0.033 0.226 0.209 0.167 
486 UA00013693    (0)   :  0.148 0.179 0.120 0.170 0.170 0.213 
487 UA00047713    (0)   :  0.072 0.083 0.037 0.085 0.083 0.641 
488 UA00034891    (0)   :  0.131 0.133 0.078 0.114 0.115 0.429 
489 UA00049223    (0)   :  0.139 0.147 0.057 0.148 0.150 0.359 
490 UA00064399    (0)   :  0.041 0.053 0.268 0.047 0.048 0.542 
491 UA00013336    (0)   :  0.056 0.059 0.104 0.053 0.057 0.672 
492 UA00035291    (0)   :  0.056 0.070 0.079 0.062 0.061 0.672 
493 UA00003945    (0)   :  0.073 0.081 0.079 0.082 0.081 0.603 
494 UA00014518    (0)   :  0.094 0.116 0.068 0.118 0.112 0.492 
495 UA00013583    (0)   :  0.090 0.091 0.454 0.081 0.084 0.200 
496 UA00011510    (0)   :  0.106 0.122 0.100 0.113 0.114 0.445 
497 UA00046860    (0)   :  0.127 0.158 0.088 0.157 0.160 0.310 
498 UA00048853    (0)   :  0.105 0.128 0.185 0.113 0.121 0.347 
499 UA00012151    (0)   :  0.058 0.072 0.051 0.065 0.068 0.686 
500 UA00063930    (0)   :  0.132 0.098 0.419 0.100 0.101 0.149 
501 UA00013453    (0)   :  0.137 0.147 0.149 0.141 0.142 0.284 
502 UA00039299    (0)   :  0.047 0.052 0.059 0.049 0.050 0.743 
503 UA00014280    (0)   :  0.042 0.042 0.028 0.039 0.041 0.808 
504 UA00014200    (0)   :  0.084 0.104 0.050 0.111 0.107 0.544 
505 UA00040612    (0)   :  0.048 0.056 0.130 0.050 0.052 0.663 
506 UA00062679    (0)   :  0.051 0.054 0.085 0.049 0.053 0.709 
507 UA00034481    (0)   :  0.069 0.080 0.046 0.072 0.079 0.653 
508 UA00011880    (0)   :  0.192 0.125 0.323 0.127 0.135 0.097 
509 UA00013421    (0)   :  0.042 0.051 0.176 0.047 0.048 0.637 
510 UA00048051    (0)   :  0.035 0.038 0.044 0.037 0.037 0.808 
511 UA00063370    (0)   :  0.040 0.045 0.139 0.039 0.041 0.696 
512 UA00014716    (0)   :  0.051 0.056 0.086 0.049 0.053 0.705 
513 UA00033426    (0)   :  0.086 0.112 0.169 0.112 0.110 0.412 
514 UA00015190    (0)   :  0.050 0.058 0.238 0.052 0.054 0.548 
515 UA00013730    (0)   :  0.210 0.214 0.099 0.208 0.212 0.058 
516 UA00047644    (4)   :  0.087 0.108 0.164 0.090 0.093 0.459 
517 UA00031933    (9)   :  0.173 0.216 0.064 0.220 0.210 0.118 
518 UA00031541    (9)   :  0.112 0.123 0.130 0.119 0.121 0.395 
519   PCO-60    (4)   :  0.188 0.201 0.054 0.187 0.195 0.176 
520 UA00030495    (4)   :  0.176 0.180 0.140 0.166 0.166 0.172 
521 UA00031133    (4)   :  0.365 0.158 0.050 0.197 0.194 0.037 
522 UA00032049    (4)   :  0.138 0.166 0.316 0.130 0.145 0.106 
523 UA00030599    (4)   :  0.308 0.148 0.115 0.172 0.171 0.085 
524 UA00030250    (4)   :  0.176 0.226 0.044 0.258 0.237 0.059 
525 UA00049385    (4)   :  0.241 0.171 0.140 0.159 0.169 0.120 
526 UA00031816    (4)   :  0.368 0.154 0.051 0.193 0.191 0.044 
527 UA00030275    (4)   :  0.163 0.202 0.138 0.202 0.189 0.107 
528 UA00041861    (4)   :  0.170 0.211 0.105 0.199 0.198 0.116 
529 UA00041433    (4)   :  0.199 0.251 0.037 0.221 0.239 0.053 
530  PCO-114    (4)   :  0.155 0.200 0.046 0.244 0.218 0.136 
531 UA00031529    (4)   :  0.220 0.214 0.057 0.204 0.208 0.097 
532 UA00039719    (4)   :  0.189 0.201 0.051 0.214 0.229 0.116 
533  PCO-442    (4)   :  0.177 0.214 0.035 0.286 0.241 0.048 
534   PCO-58    (0)   :  0.146 0.195 0.073 0.262 0.225 0.099 
535 UA00048673    (4)   :  0.179 0.219 0.067 0.174 0.196 0.165 
536   PCO-63    (4)   :  0.226 0.215 0.038 0.217 0.219 0.086 


Estimated Allele Frequencies in each cluster
First column gives estimated ancestral frequencies


Locus 1 : PP01 
2 alleles
0.0% missing data
   1   (0.593) 0.565 0.593 0.892 0.598 0.593 0.326 
   2   (0.407) 0.435 0.407 0.108 0.402 0.407 0.674 

Locus 2 : PP02 
2 alleles
0.0% missing data
   1   (0.912) 0.903 0.909 0.991 0.912 0.907 0.969 
   2   (0.088) 0.097 0.091 0.009 0.088 0.093 0.031 

Locus 3 : PP03 
2 alleles
18.3% missing data
   1   (0.794) 0.748 0.786 0.939 0.796 0.791 0.976 
   2   (0.206) 0.252 0.214 0.061 0.204 0.209 0.024 

Locus 4 : PP04 
2 alleles
0.4% missing data
   1   (0.733) 0.590 0.699 0.647 0.686 0.680 0.965 
   2   (0.267) 0.410 0.301 0.353 0.314 0.320 0.035 

Locus 5 : PP06 
2 alleles
0.0% missing data
   1   (0.641) 0.692 0.655 0.653 0.640 0.661 0.614 
   2   (0.359) 0.308 0.345 0.347 0.360 0.339 0.386 

Locus 6 : PP07 
2 alleles
0.0% missing data
   1   (0.703) 0.624 0.684 0.903 0.672 0.673 0.956 
   2   (0.297) 0.376 0.316 0.097 0.328 0.327 0.044 

Locus 7 : PP09 
2 alleles
0.0% missing data
   1   (0.474) 0.595 0.499 0.617 0.475 0.504 0.055 
   2   (0.526) 0.405 0.501 0.383 0.525 0.496 0.945 

Locus 8 : PP10 
2 alleles
0.0% missing data
   1   (0.185) 0.112 0.156 0.428 0.123 0.132 0.396 
   2   (0.815) 0.888 0.844 0.572 0.877 0.868 0.604 

Locus 9 : PP11 
2 alleles
0.0% missing data
   1   (0.675) 0.745 0.681 0.833 0.665 0.682 0.822 
   2   (0.325) 0.255 0.319 0.167 0.335 0.318 0.178 

Locus 10 : PP12 
2 alleles
0.2% missing data
   1   (0.421) 0.466 0.437 0.257 0.446 0.448 0.094 
   2   (0.579) 0.534 0.563 0.743 0.554 0.552 0.906 

Locus 11 : PP13 
2 alleles
0.0% missing data
   1   (0.175) 0.114 0.153 0.519 0.137 0.141 0.132 
   2   (0.825) 0.886 0.847 0.481 0.863 0.859 0.868 

Locus 12 : PP14 
2 alleles
0.2% missing data
   1   (0.864) 0.901 0.868 0.971 0.861 0.864 0.920 
   2   (0.136) 0.099 0.132 0.029 0.139 0.136 0.080 

Locus 13 : PP15 
2 alleles
0.0% missing data
   1   (0.898) 0.907 0.910 0.353 0.930 0.922 0.932 
   2   (0.102) 0.093 0.090 0.647 0.070 0.078 0.068 

Locus 14 : PP16 
2 alleles
0.0% missing data
   1   (0.500) 0.597 0.530 0.424 0.541 0.548 0.407 
   2   (0.500) 0.403 0.470 0.576 0.459 0.452 0.593 

Locus 15 : PP17 
2 alleles
0.2% missing data
   1   (0.660) 0.622 0.654 0.857 0.651 0.647 0.488 
   2   (0.340) 0.378 0.346 0.143 0.349 0.353 0.512 

Locus 16 : PP18 
2 alleles
0.7% missing data
   1   (0.758) 0.776 0.756 0.900 0.737 0.750 0.924 
   2   (0.242) 0.224 0.244 0.100 0.263 0.250 0.076 

Locus 17 : PP20 
2 alleles
0.0% missing data
   1   (0.630) 0.632 0.636 0.651 0.652 0.646 0.496 
   2   (0.370) 0.368 0.364 0.349 0.348 0.354 0.504 

Locus 18 : PP21 
2 alleles
14.9% missing data
   1   (0.869) 0.821 0.859 0.978 0.846 0.851 0.990 
   2   (0.131) 0.179 0.141 0.022 0.154 0.149 0.010 

Locus 19 : PP22 
2 alleles
1.3% missing data
   1   (0.465) 0.347 0.459 0.048 0.494 0.467 0.108 
   2   (0.535) 0.653 0.541 0.952 0.506 0.533 0.892 

Locus 20 : PP23 
2 alleles
0.7% missing data
   1   (0.644) 0.655 0.641 0.735 0.628 0.630 0.803 
   2   (0.356) 0.345 0.359 0.265 0.372 0.370 0.197 

Locus 21 : PP24 
2 alleles
0.2% missing data
   1   (0.795) 0.841 0.815 0.895 0.853 0.837 0.565 
   2   (0.205) 0.159 0.185 0.105 0.147 0.163 0.435 

Locus 22 : PP25 
2 alleles
0.6% missing data
   1   (0.353) 0.357 0.340 0.755 0.319 0.332 0.475 
   2   (0.647) 0.643 0.660 0.245 0.681 0.668 0.525 

Values of parameters used in structure:
