

----------------------------------------------------
STRUCTURE by Pritchard, Stephens and Donnelly (2000)
     and Falush, Stephens and Pritchard (2003)
       Code by Pritchard, Falush and Hubisz
             Version 2.3.4 (Jul 2012)
----------------------------------------------------



Command line arguments:   structure -K 9 -o outputfile_K9_10 
Input File:    Puma_SNP_genotypes_cut_AZ_final_HWEonly.str

Run parameters:
   536 individuals
   22 loci
   9 populations assumed
   100000 Burn-in period
   500000 Reps


--------------------------------------------
Overall proportion of membership of the
sample in each of the 9 clusters

Inferred Clusters
  1      2      3      4      5      6      7      8      9    
0.113  0.113  0.092  0.114  0.113  0.115  0.114  0.113  0.113  

--------------------------------------------

Allele-freq. divergence among pops (Net nucleotide distance),
computed using point estimates of P.

      1       2       3       4       5       6       7       8       9      
 1      -    0.0003  0.0703  0.0005  0.0005  0.0216  0.0034  0.0002  0.0001  
 2   0.0003     -    0.0719  0.0014  0.0001  0.0213  0.0031  0.0000  0.0005  
 3   0.0703  0.0719     -    0.0710  0.0712  0.0753  0.0689  0.0702  0.0710  
 4   0.0005  0.0014  0.0710     -    0.0020  0.0256  0.0056  0.0011  0.0002  
 5   0.0005  0.0001  0.0712  0.0020     -    0.0199  0.0026  0.0001  0.0008  
 6   0.0216  0.0213  0.0753  0.0256  0.0199     -    0.0084  0.0206  0.0232  
 7   0.0034  0.0031  0.0689  0.0056  0.0026  0.0084     -    0.0029  0.0041  
 8   0.0002  0.0000  0.0702  0.0011  0.0001  0.0206  0.0029     -    0.0004  
 9   0.0001  0.0005  0.0710  0.0002  0.0008  0.0232  0.0041  0.0004     -    

Average distances (expected heterozygosity) between individuals in same cluster:
cluster  1  : 0.3781 
cluster  2  : 0.3781 
cluster  3  : 0.2521 
cluster  4  : 0.3765 
cluster  5  : 0.3789 
cluster  6  : 0.3136 
cluster  7  : 0.3622 
cluster  8  : 0.3779 
cluster  9  : 0.3771 

--------------------------------------------
Estimated Ln Prob of Data   = -13920.4
Mean value of ln likelihood = -12255.7
Variance of ln likelihood   = 3329.3
Mean value of alpha         = 0.1000

Mean value of Fst_1         = 0.0661
Mean value of Fst_2         = 0.0587
Mean value of Fst_3         = 0.3767
Mean value of Fst_4         = 0.0874
Mean value of Fst_5         = 0.0442
Mean value of Fst_6         = 0.2268
Mean value of Fst_7         = 0.1361
Mean value of Fst_8         = 0.0526
Mean value of Fst_9         = 0.0712


Inferred ancestry of individuals:
        Label (%Miss) :  Inferred clusters
  1 UA00063336   (13)   :  0.098 0.095 0.299 0.089 0.099 0.053 0.078 0.096 0.092 
  2 UA00048914    (9)   :  0.118 0.119 0.052 0.101 0.131 0.122 0.117 0.128 0.113 
  3 UA00014769   (13)   :  0.122 0.133 0.022 0.147 0.114 0.049 0.139 0.121 0.153 
  4 UA00008132   (13)   :  0.128 0.131 0.068 0.113 0.139 0.070 0.099 0.130 0.123 
  5 UA00030462   (13)   :  0.116 0.110 0.044 0.106 0.126 0.149 0.121 0.120 0.108 
  6 UA00034866   (13)   :  0.128 0.134 0.016 0.111 0.146 0.109 0.110 0.129 0.117 
  7 UA00034800    (9)   :  0.055 0.055 0.565 0.053 0.055 0.054 0.056 0.055 0.052 
  8  Puco006    (9)   :  0.038 0.037 0.032 0.033 0.040 0.508 0.238 0.039 0.035 
  9 UA00048874    (4)   :  0.079 0.085 0.367 0.074 0.089 0.069 0.076 0.086 0.076 
 10 UA00049060    (9)   :  0.130 0.128 0.045 0.136 0.126 0.053 0.114 0.133 0.135 
 11 UA00033413    (9)   :  0.144 0.120 0.019 0.186 0.101 0.070 0.095 0.113 0.152 
 12  Puco021    (9)   :  0.131 0.113 0.071 0.202 0.077 0.055 0.086 0.110 0.156 
 13  Puco026    (9)   :  0.130 0.127 0.049 0.156 0.116 0.048 0.100 0.135 0.138 
 14  Puco008    (9)   :  0.101 0.103 0.134 0.091 0.113 0.143 0.115 0.106 0.094 
 15   M01301    (9)   :  0.138 0.117 0.014 0.164 0.102 0.102 0.111 0.111 0.141 
 16   M06306    (9)   :  0.098 0.094 0.290 0.109 0.094 0.041 0.074 0.097 0.103 
 17 UA00032185    (9)   :  0.130 0.122 0.052 0.123 0.123 0.086 0.106 0.127 0.130 
 18 UA00030792    (9)   :  0.012 0.012 0.906 0.011 0.012 0.012 0.012 0.012 0.012 
 19 UA00031647    (9)   :  0.114 0.115 0.132 0.099 0.129 0.087 0.098 0.120 0.106 
 20 UA00031979    (9)   :  0.128 0.124 0.032 0.133 0.130 0.074 0.110 0.139 0.129 
 21  Puco016    (9)   :  0.117 0.124 0.021 0.093 0.131 0.149 0.129 0.129 0.107 
 22  Puco010    (9)   :  0.143 0.122 0.035 0.144 0.128 0.067 0.095 0.123 0.144 
 23    M1035    (9)   :  0.128 0.135 0.077 0.119 0.143 0.051 0.096 0.133 0.119 
 24 UA00034601    (9)   :  0.128 0.118 0.055 0.123 0.125 0.088 0.109 0.129 0.125 
 25 UA00050388    (9)   :  0.128 0.122 0.054 0.127 0.133 0.076 0.100 0.135 0.125 
 26 UA00048699    (9)   :  0.092 0.099 0.025 0.076 0.101 0.256 0.160 0.102 0.088 
 27 UA00064058    (9)   :  0.129 0.142 0.049 0.120 0.136 0.052 0.108 0.134 0.130 
 28 UA00033981    (9)   :  0.142 0.116 0.039 0.169 0.109 0.076 0.084 0.113 0.152 
 29   F05033    (9)   :  0.131 0.131 0.024 0.151 0.118 0.057 0.110 0.137 0.140 
 30 UA00048520    (4)   :  0.115 0.107 0.127 0.133 0.105 0.080 0.104 0.111 0.119 
 31 UA00048422    (4)   :  0.027 0.025 0.798 0.028 0.025 0.022 0.023 0.026 0.027 
 32    PucoB    (4)   :  0.133 0.126 0.034 0.180 0.101 0.045 0.103 0.131 0.149 
 33 UA00047393    (4)   :  0.121 0.121 0.112 0.109 0.129 0.056 0.105 0.123 0.124 
 34 UA00064521    (4)   :  0.117 0.117 0.030 0.107 0.130 0.144 0.126 0.121 0.109 
 35 UA00003043    (4)   :  0.120 0.129 0.017 0.106 0.136 0.125 0.130 0.127 0.111 
 36 UA00063025    (4)   :  0.108 0.101 0.145 0.105 0.110 0.117 0.104 0.105 0.105 
 37 UA00063826    (4)   :  0.138 0.129 0.035 0.157 0.130 0.057 0.089 0.131 0.134 
 38   F07407    (4)   :  0.116 0.099 0.167 0.165 0.081 0.049 0.084 0.108 0.132 
 39 UA00021658    (4)   :  0.129 0.133 0.035 0.120 0.137 0.064 0.108 0.137 0.137 
 40 UA00003794    (4)   :  0.118 0.105 0.137 0.163 0.086 0.049 0.096 0.115 0.130 
 41 UA00041322    (4)   :  0.130 0.128 0.049 0.112 0.150 0.071 0.100 0.138 0.122 
 42 UA00063316    (4)   :  0.124 0.121 0.070 0.113 0.137 0.085 0.098 0.130 0.120 
 43 UA00047705    (4)   :  0.133 0.122 0.035 0.144 0.117 0.072 0.109 0.134 0.134 
 44 UA00033904    (4)   :  0.096 0.093 0.293 0.100 0.093 0.050 0.081 0.098 0.095 
 45 UA00048100    (4)   :  0.134 0.130 0.019 0.147 0.121 0.066 0.104 0.140 0.138 
 46 UA00032212    (4)   :  0.110 0.103 0.178 0.101 0.111 0.091 0.092 0.107 0.106 
 47 UA00031574    (4)   :  0.025 0.024 0.790 0.026 0.024 0.032 0.028 0.025 0.026 
 48 UA00031228    (4)   :  0.015 0.016 0.870 0.015 0.016 0.019 0.017 0.016 0.015 
 49 UA00047707    (4)   :  0.125 0.145 0.012 0.121 0.148 0.056 0.124 0.137 0.133 
 50 UA00030906    (4)   :  0.011 0.011 0.901 0.011 0.012 0.016 0.014 0.012 0.011 
 51 UA00041567    (4)   :  0.139 0.117 0.044 0.153 0.116 0.079 0.090 0.116 0.145 
 52 UA00007624    (4)   :  0.130 0.130 0.015 0.148 0.124 0.059 0.120 0.131 0.141 
 53 UA00034514    (4)   :  0.132 0.148 0.029 0.115 0.143 0.071 0.100 0.135 0.126 
 54 UA00030480    (4)   :  0.124 0.133 0.102 0.102 0.144 0.050 0.093 0.133 0.121 
 55  Puco012    (4)   :  0.133 0.140 0.028 0.114 0.148 0.073 0.097 0.140 0.128 
 56 UA00038677    (9)   :  0.121 0.114 0.082 0.117 0.122 0.109 0.106 0.116 0.112 
 57 UA00048275    (4)   :  0.136 0.133 0.022 0.153 0.128 0.063 0.090 0.130 0.147 
 58 UA00064055    (4)   :  0.129 0.152 0.029 0.111 0.145 0.072 0.103 0.142 0.117 
 59  Puco009    (4)   :  0.118 0.119 0.017 0.101 0.124 0.160 0.130 0.122 0.111 
 60 UA00064561    (4)   :  0.118 0.145 0.017 0.117 0.133 0.077 0.146 0.120 0.127 
 61 UA00003479    (4)   :  0.133 0.145 0.026 0.115 0.143 0.082 0.106 0.131 0.118 
 62 UA00063747    (4)   :  0.133 0.138 0.013 0.140 0.129 0.071 0.112 0.133 0.132 
 63 UA00002558    (4)   :  0.117 0.116 0.020 0.116 0.123 0.154 0.121 0.117 0.115 
 64 UA00048410    (4)   :  0.118 0.122 0.014 0.099 0.129 0.145 0.140 0.119 0.114 
 65 UA00012249    (4)   :  0.125 0.147 0.016 0.098 0.143 0.094 0.127 0.139 0.112 
 66 UA00033818    (4)   :  0.061 0.058 0.523 0.066 0.057 0.053 0.059 0.062 0.061 
 67  Puco020    (4)   :  0.116 0.121 0.113 0.103 0.131 0.076 0.106 0.124 0.111 
 68 UA00002545    (9)   :  0.121 0.142 0.061 0.115 0.140 0.060 0.116 0.126 0.119 
 69 UA00048508    (4)   :  0.132 0.140 0.022 0.121 0.146 0.061 0.108 0.143 0.127 
 70 UA00064100    (4)   :  0.129 0.138 0.034 0.120 0.146 0.060 0.103 0.142 0.129 
 71 UA00014585    (4)   :  0.128 0.150 0.032 0.109 0.145 0.076 0.095 0.142 0.122 
 72 UA00063698    (4)   :  0.086 0.085 0.079 0.082 0.089 0.254 0.153 0.089 0.083 
 73 UA00049753    (4)   :  0.099 0.097 0.308 0.089 0.108 0.040 0.066 0.101 0.093 
 74 UA00049037    (4)   :  0.131 0.144 0.045 0.120 0.139 0.057 0.101 0.136 0.127 
 75 UA00034941    (4)   :  0.129 0.128 0.048 0.120 0.140 0.076 0.094 0.131 0.133 
 76 UA00008083    (4)   :  0.064 0.062 0.037 0.057 0.063 0.398 0.199 0.063 0.059 
 77 UA00015084    (4)   :  0.086 0.082 0.109 0.087 0.087 0.232 0.139 0.092 0.085 
 78 UA00041010    (9)   :  0.049 0.051 0.270 0.045 0.055 0.280 0.153 0.053 0.044 
 79 UA00035261    (4)   :  0.108 0.107 0.161 0.102 0.111 0.091 0.101 0.116 0.104 
 80 UA00035431    (4)   :  0.141 0.129 0.013 0.139 0.130 0.078 0.100 0.134 0.136 
 81 UA00045274    (0)   :  0.127 0.120 0.058 0.137 0.111 0.086 0.106 0.127 0.127 
 82 UA00028200    (4)   :  0.083 0.083 0.315 0.085 0.086 0.091 0.084 0.091 0.082 
 83 UA00064559    (0)   :  0.019 0.019 0.847 0.020 0.019 0.018 0.019 0.019 0.020 
 84 UA00040808    (0)   :  0.094 0.093 0.253 0.078 0.101 0.100 0.097 0.099 0.085 
 85 UA00049156    (0)   :  0.087 0.090 0.271 0.083 0.093 0.102 0.089 0.100 0.086 
 86 UA00003952    (4)   :  0.064 0.064 0.024 0.051 0.068 0.402 0.202 0.067 0.059 
 87 UA00063954    (0)   :  0.128 0.125 0.092 0.126 0.131 0.047 0.093 0.132 0.125 
 88 UA00062934    (0)   :  0.116 0.113 0.119 0.120 0.131 0.064 0.093 0.128 0.115 
 89 UA00033829    (0)   :  0.042 0.041 0.537 0.038 0.044 0.136 0.081 0.041 0.041 
 90 UA00064351    (4)   :  0.136 0.113 0.028 0.175 0.099 0.095 0.096 0.113 0.146 
 91 UA00003697    (4)   :  0.067 0.063 0.053 0.062 0.072 0.362 0.188 0.067 0.066 
 92 UA00063438    (4)   :  0.117 0.115 0.146 0.100 0.125 0.077 0.091 0.120 0.110 
 93 UA00007608    (0)   :  0.107 0.098 0.156 0.100 0.102 0.128 0.109 0.102 0.098 
 94 UA00019683    (4)   :  0.088 0.076 0.372 0.124 0.062 0.041 0.067 0.077 0.093 
 95 UA00007781    (0)   :  0.133 0.129 0.029 0.141 0.123 0.065 0.109 0.132 0.139 
 96 UA00002915    (0)   :  0.095 0.103 0.274 0.081 0.108 0.068 0.077 0.107 0.088 
 97  Puco031    (4)   :  0.129 0.142 0.032 0.114 0.145 0.068 0.112 0.139 0.119 
 98 UA00048280    (4)   :  0.136 0.124 0.022 0.143 0.130 0.080 0.100 0.129 0.134 
 99 UA00048589    (0)   :  0.128 0.123 0.051 0.168 0.102 0.059 0.101 0.126 0.142 
100 UA00034417    (0)   :  0.110 0.118 0.084 0.098 0.124 0.122 0.119 0.115 0.109 
101 UA00050411    (4)   :  0.132 0.147 0.012 0.116 0.146 0.059 0.115 0.140 0.132 
102  Puco029    (4)   :  0.136 0.128 0.021 0.171 0.112 0.043 0.109 0.131 0.150 
103   F03403    (4)   :  0.140 0.115 0.014 0.214 0.081 0.062 0.104 0.117 0.153 
104 UA00049904    (0)   :  0.128 0.119 0.111 0.126 0.121 0.061 0.091 0.122 0.122 
105 UA00035335    (0)   :  0.133 0.131 0.017 0.170 0.118 0.043 0.114 0.122 0.152 
106 UA00012611    (0)   :  0.136 0.147 0.026 0.128 0.142 0.052 0.097 0.145 0.128 
107 UA00050319    (0)   :  0.139 0.118 0.015 0.214 0.084 0.055 0.094 0.118 0.164 
108 UA00032068    (4)   :  0.129 0.135 0.076 0.122 0.140 0.048 0.089 0.138 0.123 
109 UA00032026    (4)   :  0.133 0.130 0.051 0.120 0.138 0.053 0.110 0.135 0.130 
110 UA00030476    (4)   :  0.131 0.112 0.048 0.219 0.066 0.048 0.097 0.121 0.158 
111 UA00046853    (0)   :  0.157 0.114 0.041 0.176 0.101 0.072 0.080 0.110 0.149 
112 UA00040156    (4)   :  0.012 0.011 0.907 0.011 0.011 0.013 0.012 0.011 0.011 
113 UA00030528    (4)   :  0.119 0.121 0.148 0.099 0.137 0.049 0.094 0.126 0.106 
114  Puco025    (4)   :  0.122 0.139 0.018 0.131 0.132 0.053 0.137 0.124 0.144 
115    pc016    (0)   :  0.011 0.011 0.910 0.011 0.011 0.013 0.012 0.011 0.011 
116 UA00030617    (4)   :  0.125 0.141 0.015 0.141 0.132 0.049 0.136 0.121 0.140 
117 UA00030585    (4)   :  0.021 0.019 0.829 0.024 0.019 0.023 0.021 0.021 0.022 
118 UA00032060    (4)   :  0.120 0.113 0.158 0.121 0.115 0.051 0.092 0.115 0.116 
119    pc007    (0)   :  0.136 0.122 0.043 0.159 0.112 0.069 0.101 0.117 0.141 
120 UA00030798    (4)   :  0.030 0.029 0.785 0.028 0.030 0.019 0.024 0.029 0.027 
121 UA00030778    (4)   :  0.134 0.151 0.011 0.119 0.152 0.052 0.113 0.140 0.128 
122 UA00039674    (4)   :  0.016 0.016 0.872 0.015 0.017 0.015 0.016 0.017 0.017 
123 UA00032241    (4)   :  0.128 0.129 0.013 0.147 0.131 0.059 0.122 0.124 0.146 
124 UA00011624    (0)   :  0.131 0.139 0.020 0.131 0.134 0.062 0.106 0.140 0.137 
125 UA00033779    (4)   :  0.147 0.113 0.020 0.190 0.098 0.070 0.091 0.112 0.158 
126 UA00049402    (4)   :  0.116 0.138 0.033 0.094 0.140 0.122 0.114 0.138 0.105 
127 UA00033653    (0)   :  0.157 0.109 0.016 0.210 0.085 0.068 0.082 0.109 0.164 
128 UA00047738    (0)   :  0.131 0.117 0.042 0.127 0.124 0.083 0.105 0.134 0.136 
129 UA00047502    (4)   :  0.117 0.119 0.044 0.098 0.136 0.132 0.120 0.125 0.110 
130 UA00012014    (4)   :  0.133 0.144 0.030 0.114 0.148 0.066 0.104 0.139 0.123 
131 UA00040729    (0)   :  0.133 0.118 0.031 0.177 0.101 0.048 0.112 0.131 0.148 
132 UA00030392    (4)   :  0.127 0.138 0.027 0.126 0.139 0.053 0.124 0.133 0.133 
133 UA00050033    (0)   :  0.132 0.134 0.045 0.123 0.133 0.062 0.103 0.129 0.139 
134 UA00012152    (0)   :  0.078 0.081 0.014 0.063 0.080 0.337 0.196 0.078 0.073 
135 UA00050406    (0)   :  0.136 0.139 0.032 0.118 0.146 0.061 0.102 0.141 0.125 
136 UA00047973    (0)   :  0.135 0.137 0.024 0.135 0.136 0.065 0.098 0.135 0.135 
137 UA00008051    (0)   :  0.126 0.112 0.068 0.119 0.130 0.097 0.110 0.114 0.125 
138 UA00047337    (4)   :  0.115 0.113 0.141 0.118 0.116 0.055 0.100 0.122 0.119 
139 UA00041604    (4)   :  0.127 0.117 0.059 0.114 0.129 0.096 0.115 0.121 0.123 
140 UA00031704    (4)   :  0.133 0.154 0.017 0.122 0.143 0.052 0.109 0.143 0.126 
141 UA00040423    (4)   :  0.132 0.135 0.063 0.119 0.138 0.055 0.093 0.141 0.126 
142 UA00049433    (0)   :  0.124 0.134 0.045 0.105 0.141 0.091 0.107 0.136 0.118 
143 UA00034816    (0)   :  0.120 0.129 0.026 0.114 0.127 0.096 0.145 0.116 0.128 
144 UA00050214    (0)   :  0.124 0.142 0.018 0.127 0.131 0.054 0.149 0.115 0.141 
145 UA00041073    (0)   :  0.129 0.124 0.051 0.113 0.132 0.091 0.109 0.124 0.128 
146 UA00030318    (4)   :  0.128 0.138 0.020 0.122 0.129 0.077 0.121 0.129 0.136 
147 UA00046845    (0)   :  0.117 0.133 0.037 0.099 0.136 0.106 0.128 0.126 0.119 
148 UA00063946    (0)   :  0.136 0.112 0.029 0.226 0.073 0.063 0.090 0.106 0.165 
149 UA00031374    (4)   :  0.133 0.132 0.030 0.122 0.139 0.073 0.109 0.132 0.131 
150    M1136    (4)   :  0.086 0.099 0.327 0.081 0.100 0.045 0.082 0.090 0.089 
151 UA00034299    (0)   :  0.121 0.137 0.024 0.126 0.131 0.061 0.147 0.116 0.138 
152 UA00002387    (4)   :  0.132 0.143 0.014 0.118 0.148 0.077 0.112 0.135 0.121 
153 UA00021855    (0)   :  0.148 0.122 0.031 0.136 0.132 0.076 0.091 0.129 0.135 
154 UA00014500    (0)   :  0.123 0.153 0.041 0.115 0.149 0.054 0.100 0.145 0.121 
155 UA00050419    (4)   :  0.119 0.143 0.015 0.126 0.128 0.059 0.154 0.116 0.139 
156 UA00031854    (4)   :  0.127 0.131 0.031 0.115 0.139 0.092 0.112 0.130 0.124 
157    pc011    (4)   :  0.126 0.161 0.017 0.115 0.143 0.064 0.120 0.136 0.117 
158 UA00033004    (0)   :  0.130 0.142 0.051 0.112 0.139 0.062 0.105 0.135 0.124 
159 UA00046510    (0)   :  0.123 0.125 0.021 0.106 0.135 0.121 0.131 0.125 0.114 
160 UA00048747    (0)   :  0.129 0.142 0.021 0.111 0.144 0.077 0.119 0.135 0.122 
161 UA00014293    (0)   :  0.136 0.156 0.020 0.114 0.144 0.065 0.113 0.133 0.118 
162 UA00047686    (0)   :  0.117 0.119 0.031 0.101 0.131 0.139 0.126 0.123 0.113 
163 UA00033783    (4)   :  0.088 0.079 0.298 0.106 0.071 0.095 0.087 0.081 0.096 
164 UA00042609    (4)   :  0.101 0.115 0.039 0.086 0.113 0.192 0.149 0.112 0.095 
165 UA00031169    (4)   :  0.123 0.143 0.024 0.121 0.141 0.056 0.139 0.121 0.134 
166 UA00035181    (0)   :  0.137 0.137 0.010 0.149 0.133 0.053 0.101 0.141 0.138 
167 UA00050133    (0)   :  0.130 0.135 0.031 0.116 0.141 0.069 0.107 0.138 0.131 
168  Puco011    (4)   :  0.120 0.152 0.029 0.103 0.141 0.072 0.120 0.139 0.122 
169 UA00041476    (0)   :  0.123 0.126 0.056 0.111 0.134 0.088 0.115 0.127 0.121 
170 UA00046702    (0)   :  0.124 0.148 0.021 0.117 0.143 0.059 0.132 0.132 0.124 
171 UA00019940    (0)   :  0.135 0.129 0.030 0.120 0.135 0.076 0.110 0.129 0.135 
172 UA00049813    (0)   :  0.151 0.120 0.035 0.147 0.125 0.070 0.088 0.121 0.144 
173 UA00064165    (0)   :  0.090 0.090 0.036 0.082 0.094 0.263 0.163 0.097 0.085 
174 UA00064421    (0)   :  0.104 0.107 0.013 0.090 0.115 0.206 0.155 0.109 0.099 
175 UA00064569    (4)   :  0.127 0.136 0.012 0.131 0.131 0.055 0.135 0.130 0.142 
176 UA00003996    (0)   :  0.119 0.129 0.034 0.098 0.126 0.133 0.126 0.124 0.113 
177 UA00064491    (4)   :  0.128 0.131 0.017 0.118 0.129 0.080 0.137 0.124 0.135 
178 UA00011899    (0)   :  0.139 0.142 0.039 0.123 0.145 0.055 0.094 0.140 0.121 
179  Puco015    (4)   :  0.121 0.129 0.089 0.114 0.129 0.062 0.107 0.129 0.119 
180 UA00047929    (4)   :  0.128 0.128 0.022 0.165 0.115 0.051 0.118 0.128 0.144 
181 UA00056669    (0)   :  0.135 0.136 0.019 0.116 0.146 0.079 0.106 0.139 0.123 
182 UA00050176    (0)   :  0.127 0.140 0.047 0.112 0.135 0.084 0.101 0.138 0.115 
183  Puco014    (4)   :  0.134 0.134 0.030 0.132 0.130 0.079 0.092 0.133 0.135 
184 UA00019608    (0)   :  0.128 0.145 0.024 0.116 0.139 0.084 0.108 0.137 0.118 
185 UA00064333    (0)   :  0.133 0.148 0.022 0.115 0.148 0.068 0.106 0.134 0.126 
186  Puco013    (4)   :  0.118 0.127 0.027 0.101 0.135 0.130 0.119 0.128 0.114 
187 UA00016092    (0)   :  0.127 0.139 0.013 0.128 0.134 0.053 0.135 0.130 0.141 
188 UA00019060    (0)   :  0.056 0.058 0.107 0.053 0.064 0.355 0.189 0.060 0.057 
189 UA00063532    (0)   :  0.127 0.134 0.050 0.118 0.138 0.075 0.102 0.133 0.122 
190 UA00064117    (0)   :  0.084 0.085 0.168 0.074 0.089 0.202 0.129 0.090 0.080 
191 UA00011969    (0)   :  0.134 0.128 0.040 0.116 0.136 0.082 0.102 0.136 0.124 
192 UA00034586    (4)   :  0.137 0.132 0.018 0.143 0.134 0.055 0.101 0.136 0.144 
193 UA00030736    (4)   :  0.133 0.144 0.034 0.115 0.156 0.056 0.099 0.142 0.121 
194 UA00048493    (0)   :  0.129 0.132 0.055 0.112 0.142 0.062 0.107 0.136 0.124 
195 UA00040466    (0)   :  0.047 0.046 0.020 0.041 0.052 0.480 0.224 0.047 0.044 
196 UA00047659    (0)   :  0.132 0.138 0.017 0.130 0.142 0.062 0.100 0.147 0.133 
197 UA00042002    (4)   :  0.114 0.115 0.145 0.126 0.110 0.060 0.092 0.121 0.118 
198 UA00062606    (0)   :  0.123 0.127 0.031 0.106 0.128 0.114 0.120 0.134 0.117 
199 UA00030615    (4)   :  0.039 0.039 0.015 0.037 0.042 0.504 0.242 0.043 0.039 
200 UA00048899    (0)   :  0.130 0.141 0.028 0.122 0.148 0.064 0.100 0.142 0.125 
201 UA00047725    (0)   :  0.015 0.015 0.015 0.014 0.015 0.626 0.271 0.015 0.014 
202 UA00030866    (4)   :  0.131 0.144 0.021 0.112 0.154 0.078 0.095 0.142 0.123 
203 UA00034564    (0)   :  0.134 0.136 0.024 0.109 0.158 0.068 0.107 0.144 0.121 
204 UA00046520    (0)   :  0.144 0.120 0.017 0.195 0.091 0.068 0.091 0.113 0.160 
205 UA00035027    (0)   :  0.125 0.131 0.039 0.118 0.136 0.089 0.098 0.134 0.131 
206 UA00035421    (0)   :  0.106 0.115 0.022 0.084 0.119 0.203 0.149 0.113 0.090 
207 UA00062740    (4)   :  0.125 0.129 0.047 0.104 0.144 0.104 0.097 0.131 0.119 
208 UA00012360    (0)   :  0.032 0.031 0.016 0.027 0.034 0.548 0.248 0.033 0.031 
209 UA00050203    (0)   :  0.133 0.133 0.033 0.138 0.131 0.057 0.104 0.138 0.133 
210 UA00040534    (4)   :  0.081 0.082 0.150 0.071 0.088 0.226 0.143 0.084 0.076 
211 UA00031261    (4)   :  0.066 0.065 0.084 0.060 0.076 0.334 0.181 0.074 0.059 
212 UA00031917    (4)   :  0.087 0.084 0.121 0.076 0.099 0.216 0.137 0.099 0.080 
213 UA00040798    (4)   :  0.092 0.079 0.058 0.085 0.089 0.268 0.157 0.082 0.090 
214 UA00030598    (4)   :  0.097 0.099 0.063 0.085 0.105 0.217 0.144 0.099 0.091 
215 UA00050385    (0)   :  0.124 0.143 0.028 0.107 0.144 0.089 0.106 0.141 0.118 
216 UA00058283    (0)   :  0.027 0.026 0.038 0.026 0.026 0.557 0.249 0.027 0.026 
217 UA00042297    (4)   :  0.077 0.067 0.387 0.071 0.076 0.101 0.077 0.072 0.070 
218 UA00015415    (4)   :  0.027 0.029 0.016 0.025 0.030 0.560 0.257 0.030 0.025 
219 UA00035531    (0)   :  0.047 0.051 0.073 0.043 0.055 0.419 0.211 0.054 0.047 
220 UA00048683    (0)   :  0.062 0.066 0.020 0.058 0.067 0.395 0.207 0.065 0.060 
221 UA00046734    (4)   :  0.030 0.032 0.020 0.029 0.031 0.549 0.247 0.031 0.031 
222   pcRF01    (0)   :  0.128 0.151 0.010 0.131 0.136 0.061 0.132 0.120 0.131 
223 UA00007223    (0)   :  0.108 0.135 0.047 0.095 0.133 0.132 0.116 0.128 0.106 
224 UA00013841    (0)   :  0.129 0.122 0.074 0.143 0.116 0.047 0.103 0.128 0.139 
225 UA00014196    (0)   :  0.064 0.064 0.045 0.053 0.068 0.384 0.195 0.068 0.058 
226 UA00034635    (0)   :  0.135 0.142 0.019 0.122 0.147 0.067 0.091 0.141 0.136 
227 UA00047371    (0)   :  0.112 0.114 0.155 0.114 0.121 0.065 0.088 0.118 0.113 
228 UA00063544    (0)   :  0.118 0.107 0.144 0.123 0.113 0.063 0.090 0.118 0.123 
229 UA00064246    (0)   :  0.110 0.110 0.076 0.116 0.110 0.131 0.117 0.114 0.115 
230 UA00064328    (0)   :  0.118 0.115 0.055 0.104 0.126 0.135 0.116 0.119 0.112 
231 UA00002952    (0)   :  0.109 0.112 0.101 0.092 0.121 0.132 0.110 0.118 0.105 
232 UA00064079    (0)   :  0.119 0.116 0.108 0.110 0.130 0.078 0.102 0.120 0.117 
233 UA00046793    (0)   :  0.102 0.108 0.131 0.082 0.112 0.150 0.116 0.109 0.090 
234 UA00034769    (0)   :  0.080 0.077 0.373 0.085 0.075 0.078 0.068 0.080 0.085 
235 UA00034949    (0)   :  0.113 0.124 0.042 0.089 0.136 0.144 0.121 0.129 0.102 
236 UA00063753    (0)   :  0.138 0.110 0.054 0.162 0.098 0.097 0.090 0.109 0.141 
237 UA00015713    (0)   :  0.131 0.120 0.096 0.143 0.114 0.057 0.084 0.122 0.134 
238 UA00003494    (0)   :  0.116 0.137 0.076 0.098 0.127 0.107 0.109 0.127 0.102 
239 UA00056767    (0)   :  0.151 0.123 0.011 0.195 0.103 0.067 0.088 0.107 0.155 
240 UA00014461    (0)   :  0.114 0.121 0.065 0.096 0.125 0.134 0.118 0.123 0.105 
241 UA00034669    (0)   :  0.087 0.083 0.084 0.081 0.096 0.244 0.151 0.089 0.086 
242 UA00048164    (0)   :  0.115 0.117 0.019 0.111 0.119 0.155 0.129 0.123 0.112 
243 UA00007974    (0)   :  0.131 0.117 0.044 0.180 0.097 0.059 0.102 0.125 0.145 
244 UA00016166    (0)   :  0.108 0.110 0.203 0.101 0.120 0.057 0.092 0.103 0.107 
245 UA00015653    (0)   :  0.102 0.103 0.160 0.089 0.117 0.122 0.105 0.107 0.096 
246 UA00063882    (0)   :  0.093 0.092 0.083 0.079 0.099 0.226 0.146 0.097 0.086 
247 UA00049027    (0)   :  0.109 0.103 0.160 0.109 0.109 0.087 0.102 0.111 0.109 
248 UA00018878    (0)   :  0.115 0.104 0.169 0.146 0.096 0.050 0.090 0.114 0.117 
249 UA00038796    (0)   :  0.111 0.104 0.024 0.101 0.115 0.192 0.135 0.117 0.101 
250 UA00013465    (0)   :  0.055 0.056 0.030 0.049 0.059 0.430 0.210 0.057 0.053 
251 UA00014604    (0)   :  0.112 0.106 0.054 0.108 0.111 0.159 0.128 0.112 0.111 
252 UA00041913    (0)   :  0.127 0.100 0.181 0.131 0.091 0.074 0.072 0.099 0.127 
253 UA00021632    (0)   :  0.082 0.076 0.376 0.077 0.086 0.068 0.075 0.079 0.080 
254 UA00064027    (0)   :  0.121 0.119 0.078 0.101 0.136 0.095 0.107 0.130 0.114 
255 UA00015023    (0)   :  0.122 0.131 0.028 0.107 0.138 0.101 0.125 0.128 0.119 
256 UA00050243    (0)   :  0.111 0.115 0.167 0.098 0.128 0.061 0.087 0.125 0.107 
257 UA00048298    (0)   :  0.131 0.129 0.047 0.120 0.134 0.078 0.106 0.126 0.128 
258 UA00050437    (0)   :  0.111 0.114 0.032 0.104 0.130 0.154 0.127 0.119 0.110 
259 UA00014262    (0)   :  0.123 0.123 0.083 0.113 0.134 0.070 0.099 0.133 0.122 
260 UA00049129    (0)   :  0.129 0.124 0.057 0.138 0.123 0.061 0.098 0.126 0.143 
261 UA00014740    (0)   :  0.129 0.121 0.055 0.139 0.122 0.078 0.099 0.126 0.131 
262 UA00049612    (0)   :  0.046 0.043 0.622 0.046 0.044 0.063 0.049 0.044 0.045 
263 UA00014635    (0)   :  0.137 0.125 0.016 0.190 0.097 0.060 0.105 0.122 0.148 
264 UA00014673    (0)   :  0.105 0.102 0.085 0.114 0.104 0.143 0.125 0.114 0.108 
265 UA00033608    (0)   :  0.090 0.078 0.347 0.091 0.083 0.067 0.069 0.081 0.093 
266 UA00064540    (0)   :  0.131 0.115 0.029 0.172 0.100 0.087 0.104 0.119 0.142 
267 UA00050256    (0)   :  0.109 0.112 0.120 0.096 0.131 0.100 0.101 0.126 0.106 
268 UA00015274    (0)   :  0.127 0.134 0.025 0.117 0.135 0.082 0.117 0.133 0.130 
269 UA00062993    (0)   :  0.133 0.135 0.014 0.136 0.129 0.078 0.107 0.132 0.135 
270 UA00038364    (0)   :  0.128 0.120 0.068 0.132 0.126 0.076 0.100 0.123 0.127 
271 UA00014446    (0)   :  0.138 0.140 0.015 0.120 0.158 0.057 0.103 0.139 0.130 
272 UA00063545    (0)   :  0.070 0.072 0.381 0.066 0.075 0.113 0.084 0.074 0.065 
273 UA00040054    (0)   :  0.126 0.135 0.034 0.134 0.130 0.048 0.117 0.136 0.140 
274 UA00058447    (0)   :  0.135 0.130 0.032 0.150 0.123 0.054 0.102 0.141 0.131 
275 UA00046835    (0)   :  0.129 0.130 0.030 0.155 0.118 0.061 0.101 0.135 0.142 
276 UA00014608    (0)   :  0.138 0.132 0.023 0.134 0.141 0.068 0.101 0.136 0.128 
277    pc012    (0)   :  0.128 0.125 0.042 0.120 0.132 0.093 0.106 0.132 0.122 
278    pc002    (0)   :  0.094 0.087 0.302 0.085 0.099 0.068 0.080 0.094 0.091 
279 UA00033690    (0)   :  0.119 0.103 0.114 0.189 0.072 0.057 0.096 0.106 0.144 
280 UA00013688    (0)   :  0.126 0.130 0.035 0.120 0.134 0.088 0.109 0.131 0.127 
281 UA00063666    (0)   :  0.139 0.112 0.063 0.214 0.078 0.054 0.082 0.110 0.149 
282 UA00063292    (0)   :  0.139 0.116 0.016 0.215 0.082 0.060 0.090 0.114 0.169 
283    pc001    (0)   :  0.128 0.132 0.027 0.122 0.137 0.076 0.112 0.138 0.129 
284    pc008    (0)   :  0.135 0.122 0.029 0.157 0.116 0.064 0.104 0.133 0.140 
285 UA00034316    (0)   :  0.090 0.094 0.168 0.081 0.100 0.154 0.131 0.093 0.089 
286 UA00013046    (0)   :  0.131 0.128 0.022 0.151 0.117 0.054 0.121 0.123 0.152 
287 UA00050241    (0)   :  0.138 0.122 0.019 0.189 0.107 0.054 0.097 0.122 0.153 
288 UA00048599    (0)   :  0.133 0.130 0.017 0.164 0.121 0.054 0.099 0.135 0.146 
289 UA00046649    (0)   :  0.104 0.099 0.231 0.116 0.104 0.051 0.084 0.106 0.105 
290 UA00015674    (0)   :  0.080 0.075 0.391 0.099 0.066 0.058 0.069 0.077 0.086 
291 UA00013177    (0)   :  0.130 0.105 0.077 0.135 0.109 0.098 0.101 0.110 0.136 
292 UA00012814    (0)   :  0.135 0.142 0.027 0.118 0.138 0.073 0.105 0.138 0.125 
293 UA00034654    (0)   :  0.133 0.132 0.017 0.133 0.142 0.054 0.105 0.143 0.140 
294 UA00046743    (0)   :  0.133 0.121 0.020 0.187 0.094 0.056 0.115 0.120 0.154 
295 UA00014854    (0)   :  0.126 0.110 0.077 0.202 0.076 0.042 0.100 0.122 0.145 
296 UA00013729    (0)   :  0.126 0.133 0.029 0.119 0.131 0.063 0.124 0.133 0.141 
297 UA00063483    (0)   :  0.152 0.131 0.021 0.145 0.133 0.062 0.083 0.132 0.141 
298 UA00039326    (0)   :  0.127 0.115 0.082 0.148 0.112 0.053 0.098 0.126 0.139 
299 UA00014742    (0)   :  0.153 0.121 0.025 0.167 0.124 0.061 0.083 0.118 0.147 
300 UA00049597    (0)   :  0.102 0.085 0.284 0.140 0.079 0.033 0.074 0.095 0.107 
301 UA00048067    (0)   :  0.134 0.121 0.060 0.145 0.122 0.075 0.092 0.122 0.129 
302 UA00012918    (0)   :  0.123 0.100 0.118 0.203 0.064 0.042 0.093 0.109 0.148 
303 UA00013487    (0)   :  0.125 0.158 0.016 0.130 0.134 0.054 0.135 0.117 0.131 
304 UA00046759    (0)   :  0.114 0.110 0.070 0.112 0.120 0.127 0.113 0.115 0.121 
305 UA00050164    (0)   :  0.061 0.062 0.553 0.054 0.063 0.039 0.052 0.060 0.056 
306 UA00049839    (0)   :  0.161 0.113 0.020 0.163 0.116 0.085 0.084 0.115 0.144 
307 UA00048444    (0)   :  0.151 0.112 0.062 0.211 0.076 0.069 0.075 0.093 0.151 
308 UA00063857    (0)   :  0.129 0.129 0.031 0.156 0.122 0.050 0.105 0.131 0.146 
309 UA00014921    (0)   :  0.092 0.089 0.338 0.099 0.093 0.040 0.065 0.093 0.091 
310 UA00048895    (0)   :  0.087 0.085 0.356 0.089 0.083 0.053 0.071 0.088 0.087 
311 UA00014556    (0)   :  0.126 0.123 0.022 0.117 0.134 0.117 0.110 0.131 0.120 
312    pc009    (0)   :  0.156 0.117 0.018 0.209 0.089 0.063 0.086 0.103 0.159 
313 UA00014959    (0)   :  0.099 0.086 0.286 0.128 0.077 0.040 0.078 0.098 0.108 
314 UA00020709    (0)   :  0.131 0.120 0.061 0.150 0.115 0.055 0.109 0.128 0.131 
315 UA00013126    (0)   :  0.016 0.016 0.870 0.017 0.016 0.017 0.016 0.016 0.016 
316 UA00013695    (0)   :  0.027 0.027 0.790 0.028 0.027 0.020 0.025 0.028 0.028 
317 UA00049344    (0)   :  0.093 0.091 0.326 0.086 0.097 0.051 0.075 0.094 0.087 
318 UA00047614    (0)   :  0.039 0.038 0.631 0.038 0.040 0.080 0.055 0.040 0.038 
319 UA00014221    (0)   :  0.145 0.126 0.009 0.192 0.101 0.055 0.099 0.122 0.151 
320 UA00014346    (0)   :  0.141 0.119 0.038 0.174 0.105 0.068 0.095 0.119 0.142 
321 UA00014245    (0)   :  0.115 0.100 0.175 0.164 0.079 0.043 0.094 0.104 0.127 
322 UA00014696    (0)   :  0.019 0.020 0.842 0.017 0.020 0.022 0.021 0.020 0.019 
323 UA00006991    (0)   :  0.130 0.134 0.019 0.115 0.148 0.076 0.105 0.143 0.130 
324 UA00048948    (0)   :  0.134 0.131 0.027 0.118 0.148 0.073 0.106 0.136 0.127 
325 UA00002239    (0)   :  0.129 0.135 0.028 0.114 0.143 0.079 0.112 0.139 0.119 
326 UA00063459    (0)   :  0.138 0.115 0.024 0.229 0.075 0.049 0.100 0.116 0.154 
327 UA00048356    (0)   :  0.129 0.125 0.034 0.129 0.124 0.104 0.103 0.124 0.128 
328 UA00063940    (0)   :  0.126 0.125 0.035 0.109 0.141 0.096 0.117 0.127 0.126 
329 UA00048130    (0)   :  0.147 0.126 0.019 0.161 0.119 0.068 0.091 0.129 0.139 
330 UA00048903    (0)   :  0.127 0.137 0.013 0.136 0.126 0.055 0.139 0.124 0.143 
331 UA00064643    (0)   :  0.140 0.122 0.041 0.125 0.136 0.068 0.107 0.125 0.136 
332 UA00050233    (0)   :  0.132 0.129 0.021 0.130 0.134 0.085 0.112 0.125 0.133 
333 UA00012507    (0)   :  0.124 0.131 0.016 0.102 0.146 0.115 0.120 0.133 0.114 
334 UA00064416    (0)   :  0.132 0.139 0.019 0.130 0.142 0.058 0.120 0.127 0.132 
335 UA00034724    (0)   :  0.138 0.130 0.021 0.129 0.142 0.073 0.102 0.126 0.140 
336 UA00002621    (0)   :  0.134 0.133 0.018 0.140 0.130 0.058 0.111 0.133 0.143 
337 UA00033203    (0)   :  0.130 0.145 0.034 0.123 0.135 0.058 0.120 0.122 0.133 
338 UA00011996    (0)   :  0.139 0.139 0.035 0.124 0.145 0.053 0.090 0.145 0.130 
339 UA00014408    (0)   :  0.100 0.106 0.025 0.089 0.111 0.211 0.151 0.113 0.094 
340 UA00049502    (0)   :  0.135 0.127 0.019 0.124 0.135 0.103 0.102 0.134 0.121 
341 UA00062695    (0)   :  0.133 0.118 0.058 0.153 0.113 0.076 0.099 0.117 0.133 
342 UA00014072    (0)   :  0.154 0.123 0.033 0.159 0.120 0.077 0.079 0.115 0.142 
343 UA00003334    (0)   :  0.123 0.128 0.024 0.157 0.113 0.056 0.119 0.128 0.153 
344 UA00013835    (0)   :  0.134 0.125 0.037 0.141 0.130 0.058 0.105 0.133 0.136 
345 UA00046760    (0)   :  0.127 0.112 0.145 0.122 0.118 0.057 0.079 0.118 0.120 
346 UA00014241    (0)   :  0.133 0.142 0.019 0.128 0.135 0.065 0.106 0.139 0.134 
347 UA00049585    (0)   :  0.149 0.137 0.021 0.154 0.131 0.059 0.084 0.127 0.137 
348 UA00013409    (0)   :  0.140 0.102 0.032 0.156 0.098 0.131 0.100 0.104 0.136 
349 UA00047548    (0)   :  0.137 0.148 0.027 0.124 0.151 0.050 0.091 0.145 0.125 
350 UA00049038    (0)   :  0.100 0.093 0.256 0.094 0.094 0.087 0.085 0.096 0.095 
351 UA00047612    (0)   :  0.134 0.138 0.019 0.120 0.137 0.066 0.113 0.137 0.135 
352 UA00014822    (0)   :  0.100 0.101 0.189 0.097 0.106 0.107 0.094 0.107 0.098 
353 UA00035299    (0)   :  0.129 0.133 0.033 0.117 0.147 0.059 0.116 0.131 0.134 
354 UA00012804    (0)   :  0.098 0.099 0.265 0.096 0.108 0.060 0.081 0.098 0.095 
355 UA00049578    (0)   :  0.120 0.122 0.023 0.121 0.135 0.113 0.112 0.128 0.126 
356 UA00047672    (0)   :  0.125 0.141 0.017 0.119 0.143 0.064 0.136 0.122 0.133 
357 UA00043961    (0)   :  0.050 0.045 0.606 0.048 0.048 0.058 0.050 0.046 0.050 
358 UA00064575    (0)   :  0.131 0.110 0.029 0.119 0.117 0.146 0.110 0.113 0.125 
359 UA00014732    (0)   :  0.132 0.139 0.016 0.119 0.146 0.073 0.116 0.134 0.125 
360 UA00050181    (0)   :  0.132 0.146 0.011 0.119 0.155 0.069 0.097 0.146 0.123 
361 UA00033369    (0)   :  0.110 0.117 0.163 0.094 0.128 0.067 0.093 0.122 0.106 
362 UA00011982    (0)   :  0.121 0.142 0.013 0.134 0.132 0.049 0.153 0.112 0.144 
363 UA00014590    (0)   :  0.123 0.132 0.069 0.109 0.136 0.068 0.107 0.132 0.124 
364 UA00047743    (0)   :  0.130 0.141 0.017 0.125 0.152 0.054 0.112 0.133 0.138 
365 UA00046621    (0)   :  0.132 0.147 0.017 0.128 0.150 0.051 0.112 0.134 0.129 
366 UA00050422    (0)   :  0.124 0.128 0.020 0.115 0.140 0.099 0.116 0.132 0.125 
367 UA00002760    (0)   :  0.137 0.128 0.054 0.132 0.131 0.062 0.087 0.132 0.137 
368 UA00012999    (0)   :  0.127 0.131 0.076 0.114 0.138 0.054 0.103 0.130 0.126 
369 UA00063838    (0)   :  0.132 0.125 0.017 0.142 0.128 0.061 0.118 0.124 0.151 
370 UA00003729    (0)   :  0.104 0.103 0.124 0.117 0.100 0.126 0.111 0.105 0.108 
371 UA00015348    (0)   :  0.145 0.110 0.047 0.169 0.109 0.083 0.087 0.109 0.140 
372 UA00019058    (0)   :  0.130 0.113 0.031 0.179 0.093 0.099 0.107 0.106 0.142 
373 UA00049549    (0)   :  0.134 0.109 0.080 0.219 0.067 0.053 0.085 0.100 0.154 
374 UA00014334    (0)   :  0.128 0.140 0.029 0.106 0.145 0.084 0.107 0.141 0.121 
375 UA00014350    (0)   :  0.119 0.146 0.010 0.133 0.126 0.052 0.166 0.107 0.140 
376 UA00049227    (0)   :  0.118 0.123 0.114 0.098 0.138 0.077 0.095 0.129 0.109 
377 UA00014051    (0)   :  0.121 0.134 0.015 0.106 0.139 0.108 0.128 0.131 0.116 
378 UA00034381    (0)   :  0.137 0.129 0.024 0.120 0.130 0.096 0.112 0.127 0.125 
379 UA00002354    (0)   :  0.131 0.149 0.016 0.129 0.139 0.054 0.127 0.119 0.137 
380 UA00049892    (0)   :  0.134 0.125 0.057 0.150 0.112 0.056 0.102 0.118 0.147 
381 UA00021989    (0)   :  0.139 0.138 0.015 0.130 0.133 0.072 0.109 0.132 0.131 
382 UA00048968    (0)   :  0.127 0.140 0.018 0.122 0.150 0.065 0.105 0.141 0.131 
383 UA00013174    (0)   :  0.129 0.141 0.031 0.114 0.138 0.066 0.120 0.135 0.126 
384 UA00033992    (0)   :  0.118 0.133 0.135 0.105 0.133 0.052 0.085 0.132 0.108 
385 UA00015801    (0)   :  0.120 0.139 0.010 0.133 0.131 0.051 0.153 0.119 0.143 
386 UA00063303    (0)   :  0.111 0.103 0.162 0.140 0.095 0.067 0.094 0.109 0.119 
387 UA00050206    (0)   :  0.164 0.118 0.011 0.187 0.108 0.075 0.082 0.108 0.147 
388 UA00014458    (0)   :  0.128 0.125 0.066 0.124 0.125 0.077 0.105 0.125 0.125 
389 UA00007204    (0)   :  0.131 0.116 0.033 0.187 0.094 0.050 0.107 0.129 0.153 
390 UA00063212    (0)   :  0.126 0.089 0.152 0.122 0.098 0.113 0.086 0.094 0.120 
391 UA00013340    (0)   :  0.134 0.134 0.065 0.125 0.138 0.052 0.093 0.137 0.123 
392 UA00062743    (0)   :  0.128 0.148 0.017 0.104 0.146 0.082 0.107 0.148 0.119 
393 UA00063189    (0)   :  0.073 0.078 0.050 0.063 0.077 0.338 0.182 0.072 0.067 
394 UA00035432    (0)   :  0.152 0.132 0.020 0.146 0.127 0.068 0.096 0.121 0.139 
395 UA00007958    (0)   :  0.132 0.158 0.018 0.120 0.145 0.060 0.098 0.139 0.130 
396 UA00013634    (0)   :  0.130 0.148 0.015 0.105 0.153 0.068 0.122 0.140 0.121 
397 UA00048175    (0)   :  0.122 0.147 0.009 0.126 0.130 0.059 0.156 0.116 0.136 
398 UA00003202    (0)   :  0.143 0.142 0.025 0.126 0.139 0.070 0.086 0.135 0.134 
399 UA00035090    (0)   :  0.140 0.114 0.027 0.131 0.123 0.096 0.105 0.122 0.141 
400 UA00064679    (0)   :  0.099 0.102 0.039 0.089 0.105 0.213 0.152 0.107 0.095 
401 UA00039518    (0)   :  0.130 0.140 0.031 0.130 0.134 0.058 0.114 0.129 0.133 
402 UA00058268    (0)   :  0.132 0.140 0.027 0.119 0.136 0.067 0.111 0.134 0.134 
403 UA00049456    (0)   :  0.117 0.113 0.144 0.122 0.111 0.063 0.087 0.114 0.129 
404 UA00049550    (0)   :  0.147 0.111 0.017 0.152 0.119 0.109 0.093 0.112 0.139 
405 UA00048342    (0)   :  0.127 0.124 0.073 0.127 0.127 0.068 0.099 0.125 0.128 
406 UA00063493    (0)   :  0.143 0.131 0.015 0.140 0.141 0.060 0.098 0.130 0.142 
407 UA00058261    (0)   :  0.122 0.135 0.021 0.104 0.134 0.114 0.126 0.128 0.117 
408 UA00014663    (0)   :  0.133 0.133 0.028 0.116 0.149 0.072 0.107 0.135 0.129 
409 UA00048817    (0)   :  0.112 0.115 0.163 0.101 0.128 0.061 0.095 0.115 0.110 
410 UA00049381    (0)   :  0.126 0.151 0.018 0.114 0.138 0.079 0.125 0.133 0.116 
411 UA00035901    (0)   :  0.113 0.108 0.028 0.099 0.115 0.182 0.138 0.113 0.105 
412 UA00013301    (0)   :  0.151 0.109 0.033 0.171 0.105 0.096 0.086 0.107 0.141 
413 UA00047926    (0)   :  0.119 0.133 0.055 0.108 0.129 0.087 0.122 0.124 0.123 
414 UA00007272    (0)   :  0.126 0.131 0.030 0.100 0.143 0.108 0.116 0.135 0.110 
415 UA00016041    (0)   :  0.146 0.126 0.040 0.148 0.118 0.066 0.092 0.121 0.144 
416 UA00013502    (0)   :  0.131 0.135 0.014 0.128 0.133 0.082 0.116 0.130 0.131 
417 UA00002390    (0)   :  0.123 0.131 0.071 0.115 0.144 0.059 0.098 0.140 0.120 
418 UA00034907    (0)   :  0.135 0.134 0.017 0.119 0.146 0.077 0.102 0.140 0.130 
419 UA00048821    (0)   :  0.118 0.113 0.075 0.110 0.124 0.104 0.115 0.124 0.117 
420 UA00002136    (0)   :  0.148 0.119 0.068 0.128 0.121 0.081 0.080 0.119 0.135 
421 UA00011790    (0)   :  0.125 0.157 0.034 0.108 0.142 0.076 0.100 0.141 0.118 
422 UA00021586    (0)   :  0.116 0.111 0.151 0.104 0.120 0.072 0.096 0.119 0.111 
423 UA00033270    (0)   :  0.134 0.134 0.029 0.120 0.139 0.076 0.107 0.133 0.128 
424 UA00048073    (0)   :  0.135 0.130 0.030 0.133 0.126 0.071 0.109 0.132 0.135 
425 UA00048856    (0)   :  0.125 0.127 0.026 0.116 0.131 0.092 0.115 0.144 0.125 
426 UA00049713    (0)   :  0.123 0.137 0.025 0.124 0.128 0.070 0.135 0.118 0.141 
427 UA00046885    (0)   :  0.136 0.142 0.032 0.128 0.140 0.057 0.094 0.140 0.130 
428 UA00034893    (0)   :  0.136 0.128 0.020 0.139 0.131 0.058 0.121 0.118 0.148 
429 UA00048011    (0)   :  0.136 0.126 0.013 0.118 0.132 0.089 0.126 0.130 0.131 
430 UA00015786    (0)   :  0.110 0.109 0.051 0.099 0.116 0.167 0.125 0.118 0.105 
431 UA00013162    (0)   :  0.129 0.150 0.022 0.103 0.150 0.082 0.106 0.148 0.112 
432 UA00049512    (0)   :  0.137 0.125 0.037 0.132 0.128 0.082 0.099 0.125 0.135 
433 UA00004046    (0)   :  0.131 0.159 0.015 0.103 0.146 0.063 0.121 0.142 0.119 
434 UA00048881    (0)   :  0.109 0.109 0.104 0.097 0.117 0.136 0.107 0.114 0.106 
435 UA00046610    (0)   :  0.119 0.125 0.101 0.097 0.132 0.084 0.103 0.128 0.111 
436 UA00033282    (0)   :  0.131 0.128 0.030 0.118 0.135 0.087 0.112 0.133 0.125 
437 UA00047561    (0)   :  0.129 0.146 0.020 0.116 0.151 0.061 0.113 0.138 0.126 
438 UA00013777    (0)   :  0.122 0.139 0.017 0.103 0.135 0.116 0.115 0.142 0.110 
439 UA00062849    (0)   :  0.143 0.124 0.029 0.171 0.116 0.067 0.090 0.118 0.142 
440 UA00049786    (0)   :  0.123 0.141 0.015 0.112 0.132 0.081 0.149 0.122 0.126 
441 UA00033246    (0)   :  0.158 0.119 0.016 0.203 0.095 0.066 0.079 0.108 0.156 
442 UA00045302    (0)   :  0.137 0.137 0.028 0.123 0.146 0.056 0.105 0.135 0.133 
443 UA00048637    (0)   :  0.127 0.147 0.021 0.110 0.134 0.077 0.131 0.129 0.125 
444 UA00049832    (0)   :  0.123 0.120 0.093 0.156 0.101 0.056 0.099 0.115 0.137 
445 UA00022023    (0)   :  0.132 0.135 0.062 0.109 0.151 0.058 0.093 0.139 0.122 
446 UA00050192    (0)   :  0.123 0.127 0.107 0.102 0.140 0.055 0.096 0.132 0.117 
447 UA00050413    (0)   :  0.131 0.133 0.021 0.131 0.134 0.073 0.106 0.135 0.136 
448 UA00013445    (0)   :  0.136 0.152 0.013 0.118 0.149 0.051 0.104 0.150 0.127 
449 UA00035496    (0)   :  0.117 0.115 0.025 0.111 0.123 0.152 0.125 0.121 0.112 
450 UA00003333    (0)   :  0.098 0.103 0.061 0.084 0.106 0.205 0.141 0.107 0.095 
451 UA00064008    (0)   :  0.110 0.111 0.018 0.094 0.117 0.188 0.144 0.115 0.103 
452 UA00003427    (0)   :  0.119 0.114 0.127 0.110 0.124 0.074 0.096 0.122 0.115 
453 UA00028092    (0)   :  0.096 0.097 0.202 0.090 0.100 0.120 0.103 0.096 0.095 
454    pc003    (0)   :  0.044 0.043 0.077 0.039 0.045 0.446 0.215 0.045 0.044 
455 UA00034440    (0)   :  0.145 0.121 0.024 0.150 0.123 0.085 0.091 0.123 0.139 
456 UA00026062    (0)   :  0.131 0.153 0.031 0.109 0.145 0.060 0.114 0.138 0.118 
