

----------------------------------------------------
STRUCTURE by Pritchard, Stephens and Donnelly (2000)
     and Falush, Stephens and Pritchard (2003)
       Code by Pritchard, Falush and Hubisz
             Version 2.3.4 (Jul 2012)
----------------------------------------------------



Command line arguments:   structure -K 7 -o outputfile_K7_3 
Input File:    Puma_SNP_genotypes_cut_AZ_final_HWEonly.str

Run parameters:
   536 individuals
   22 loci
   7 populations assumed
   100000 Burn-in period
   500000 Reps


--------------------------------------------
Overall proportion of membership of the
sample in each of the 7 clusters

Inferred Clusters
  1      2      3      4      5      6      7    
0.146  0.126  0.144  0.146  0.145  0.146  0.146  

--------------------------------------------

Allele-freq. divergence among pops (Net nucleotide distance),
computed using point estimates of P.

      1       2       3       4       5       6       7      
 1      -    0.0608  0.0434  0.0029  0.0002  0.0008  0.0025  
 2   0.0608     -    0.0766  0.0579  0.0634  0.0602  0.0575  
 3   0.0434  0.0766     -    0.0491  0.0439  0.0475  0.0477  
 4   0.0029  0.0579  0.0491     -    0.0047  0.0008  0.0000  
 5   0.0002  0.0634  0.0439  0.0047     -    0.0018  0.0042  
 6   0.0008  0.0602  0.0475  0.0008  0.0018     -    0.0006  
 7   0.0025  0.0575  0.0477  0.0000  0.0042  0.0006     -    

Average distances (expected heterozygosity) between individuals in same cluster:
cluster  1  : 0.3779 
cluster  2  : 0.2828 
cluster  3  : 0.2657 
cluster  4  : 0.3760 
cluster  5  : 0.3756 
cluster  6  : 0.3771 
cluster  7  : 0.3771 

--------------------------------------------
Estimated Ln Prob of Data   = -13503.4
Mean value of ln likelihood = -12297.3
Variance of ln likelihood   = 2412.2
Mean value of alpha         = 0.1599

Mean value of Fst_1         = 0.0523
Mean value of Fst_2         = 0.3008
Mean value of Fst_3         = 0.2790
Mean value of Fst_4         = 0.0765
Mean value of Fst_5         = 0.0494
Mean value of Fst_6         = 0.0717
Mean value of Fst_7         = 0.0751


Inferred ancestry of individuals:
        Label (%Miss) :  Inferred clusters
  1 UA00063336   (13)   :  0.112 0.399 0.056 0.106 0.112 0.108 0.108 
  2 UA00048914    (9)   :  0.160 0.098 0.176 0.126 0.166 0.134 0.140 
  3 UA00014769   (13)   :  0.188 0.043 0.018 0.165 0.220 0.213 0.155 
  4 UA00008132   (13)   :  0.175 0.104 0.071 0.158 0.175 0.161 0.156 
  5 UA00030462   (13)   :  0.139 0.082 0.257 0.123 0.140 0.124 0.135 
  6 UA00034866   (13)   :  0.177 0.030 0.148 0.155 0.169 0.152 0.169 
  7 UA00034800    (9)   :  0.062 0.625 0.070 0.060 0.062 0.062 0.060 
  8  Puco006    (9)   :  0.050 0.055 0.703 0.045 0.054 0.046 0.046 
  9 UA00048874    (4)   :  0.088 0.497 0.084 0.075 0.095 0.082 0.079 
 10 UA00049060    (9)   :  0.177 0.091 0.037 0.161 0.192 0.180 0.162 
 11 UA00033413    (9)   :  0.131 0.032 0.055 0.251 0.102 0.202 0.227 
 12  Puco021    (9)   :  0.101 0.126 0.029 0.254 0.069 0.192 0.229 
 13  Puco026    (9)   :  0.162 0.097 0.031 0.191 0.156 0.179 0.185 
 14  Puco008    (9)   :  0.123 0.234 0.197 0.107 0.124 0.105 0.109 
 15   M01301    (9)   :  0.133 0.026 0.109 0.215 0.115 0.194 0.207 
 16   M06306    (9)   :  0.103 0.444 0.028 0.112 0.094 0.102 0.117 
 17 UA00032185    (9)   :  0.158 0.088 0.104 0.165 0.156 0.164 0.166 
 18 UA00030792    (9)   :  0.019 0.881 0.023 0.019 0.019 0.019 0.019 
 19 UA00031647    (9)   :  0.143 0.234 0.112 0.121 0.142 0.119 0.129 
 20 UA00031979    (9)   :  0.171 0.066 0.091 0.167 0.175 0.162 0.168 
 21  Puco016    (9)   :  0.163 0.037 0.253 0.117 0.169 0.129 0.131 
 22  Puco010    (9)   :  0.164 0.057 0.056 0.194 0.153 0.182 0.194 
 23    M1035    (9)   :  0.173 0.130 0.031 0.157 0.185 0.167 0.158 
 24 UA00034601    (9)   :  0.152 0.105 0.128 0.160 0.145 0.145 0.165 
 25 UA00050388    (9)   :  0.160 0.105 0.088 0.164 0.160 0.157 0.166 
 26 UA00048699    (9)   :  0.123 0.038 0.405 0.101 0.128 0.102 0.102 
 27 UA00064058    (9)   :  0.191 0.079 0.033 0.166 0.203 0.170 0.158 
 28 UA00033981    (9)   :  0.121 0.070 0.062 0.246 0.094 0.182 0.224 
 29   F05033    (9)   :  0.171 0.046 0.039 0.188 0.175 0.196 0.185 
 30 UA00048520    (4)   :  0.123 0.219 0.102 0.155 0.115 0.137 0.150 
 31 UA00048422    (4)   :  0.033 0.801 0.028 0.036 0.031 0.035 0.035 
 32    PucoB    (4)   :  0.153 0.060 0.022 0.220 0.144 0.189 0.211 
 33 UA00047393    (4)   :  0.171 0.190 0.043 0.129 0.177 0.151 0.138 
 34 UA00064521    (4)   :  0.144 0.052 0.222 0.144 0.152 0.132 0.154 
 35 UA00003043    (4)   :  0.178 0.029 0.170 0.138 0.193 0.154 0.139 
 36 UA00063025    (4)   :  0.123 0.230 0.156 0.127 0.110 0.117 0.138 
 37 UA00063826    (4)   :  0.156 0.064 0.038 0.216 0.134 0.186 0.207 
 38   F07407    (4)   :  0.105 0.250 0.036 0.189 0.082 0.158 0.180 
 39 UA00021658    (4)   :  0.181 0.056 0.054 0.180 0.181 0.174 0.175 
 40 UA00003794    (4)   :  0.117 0.229 0.044 0.180 0.102 0.155 0.174 
 41 UA00041322    (4)   :  0.173 0.100 0.085 0.153 0.174 0.150 0.164 
 42 UA00063316    (4)   :  0.153 0.122 0.123 0.147 0.152 0.144 0.159 
 43 UA00047705    (4)   :  0.156 0.082 0.084 0.182 0.147 0.164 0.183 
 44 UA00033904    (4)   :  0.104 0.438 0.055 0.098 0.107 0.097 0.101 
 45 UA00048100    (4)   :  0.165 0.037 0.068 0.194 0.164 0.181 0.191 
 46 UA00032212    (4)   :  0.126 0.272 0.110 0.127 0.117 0.123 0.124 
 47 UA00031574    (4)   :  0.034 0.770 0.051 0.039 0.033 0.037 0.037 
 48 UA00031228    (4)   :  0.025 0.836 0.037 0.025 0.026 0.025 0.024 
 49 UA00047707    (4)   :  0.214 0.021 0.037 0.153 0.231 0.193 0.152 
 50 UA00030906    (4)   :  0.018 0.875 0.034 0.018 0.018 0.018 0.018 
 51 UA00041567    (4)   :  0.134 0.069 0.080 0.215 0.111 0.183 0.208 
 52 UA00007624    (4)   :  0.166 0.025 0.040 0.200 0.170 0.198 0.200 
 53 UA00034514    (4)   :  0.190 0.047 0.063 0.170 0.196 0.170 0.165 
 54 UA00030480    (4)   :  0.178 0.170 0.038 0.140 0.186 0.143 0.144 
 55  Puco012    (4)   :  0.186 0.045 0.078 0.164 0.195 0.167 0.163 
 56 UA00038677    (9)   :  0.136 0.147 0.153 0.150 0.128 0.136 0.149 
 57 UA00048275    (4)   :  0.149 0.041 0.051 0.219 0.141 0.181 0.218 
 58 UA00064055    (4)   :  0.202 0.051 0.074 0.143 0.219 0.165 0.146 
 59  Puco009    (4)   :  0.157 0.030 0.241 0.129 0.165 0.141 0.138 
 60 UA00064561    (4)   :  0.213 0.028 0.077 0.129 0.237 0.188 0.129 
 61 UA00003479    (4)   :  0.194 0.039 0.088 0.151 0.206 0.164 0.157 
 62 UA00063747    (4)   :  0.190 0.021 0.064 0.182 0.181 0.188 0.174 
 63 UA00002558    (4)   :  0.144 0.035 0.229 0.152 0.136 0.146 0.159 
 64 UA00048410    (4)   :  0.168 0.024 0.231 0.125 0.178 0.148 0.126 
 65 UA00012249    (4)   :  0.204 0.025 0.114 0.139 0.220 0.158 0.139 
 66 UA00033818    (4)   :  0.068 0.574 0.068 0.079 0.063 0.072 0.076 
 67  Puco020    (4)   :  0.166 0.153 0.090 0.135 0.174 0.149 0.133 
 68 UA00002545    (9)   :  0.208 0.087 0.044 0.134 0.223 0.169 0.136 
 69 UA00048508    (4)   :  0.192 0.037 0.049 0.164 0.208 0.178 0.172 
 70 UA00064100    (4)   :  0.186 0.067 0.060 0.168 0.188 0.160 0.171 
 71 UA00014585    (4)   :  0.190 0.049 0.076 0.160 0.194 0.165 0.166 
 72 UA00063698    (4)   :  0.096 0.127 0.391 0.100 0.090 0.095 0.101 
 73 UA00049753    (4)   :  0.111 0.438 0.027 0.101 0.112 0.100 0.111 
 74 UA00049037    (4)   :  0.192 0.069 0.037 0.170 0.190 0.173 0.168 
 75 UA00034941    (4)   :  0.167 0.097 0.093 0.166 0.156 0.148 0.173 
 76 UA00008083    (4)   :  0.072 0.056 0.585 0.072 0.072 0.070 0.073 
 77 UA00015084    (4)   :  0.093 0.176 0.344 0.101 0.089 0.093 0.103 
 78 UA00041010    (9)   :  0.061 0.313 0.407 0.051 0.062 0.053 0.053 
 79 UA00035261    (4)   :  0.129 0.245 0.125 0.125 0.128 0.119 0.129 
 80 UA00035431    (4)   :  0.168 0.023 0.078 0.200 0.147 0.183 0.201 
 81 UA00045274    (0)   :  0.149 0.099 0.109 0.172 0.136 0.161 0.174 
 82 UA00028200    (4)   :  0.096 0.387 0.140 0.095 0.095 0.089 0.098 
 83 UA00064559    (0)   :  0.025 0.841 0.027 0.028 0.025 0.027 0.028 
 84 UA00040808    (0)   :  0.105 0.399 0.134 0.080 0.107 0.089 0.085 
 85 UA00049156    (0)   :  0.094 0.417 0.132 0.087 0.093 0.086 0.090 
 86 UA00003952    (4)   :  0.084 0.036 0.580 0.068 0.091 0.072 0.067 
 87 UA00063954    (0)   :  0.161 0.190 0.038 0.153 0.157 0.143 0.159 
 88 UA00062934    (0)   :  0.140 0.240 0.070 0.134 0.143 0.132 0.141 
 89 UA00033829    (0)   :  0.051 0.560 0.192 0.050 0.048 0.048 0.050 
 90 UA00064351    (4)   :  0.118 0.046 0.102 0.236 0.084 0.187 0.229 
 91 UA00003697    (4)   :  0.082 0.084 0.527 0.075 0.078 0.073 0.080 
 92 UA00063438    (4)   :  0.137 0.249 0.098 0.125 0.136 0.120 0.134 
 93 UA00007608    (0)   :  0.117 0.257 0.181 0.116 0.108 0.105 0.115 
 94 UA00019683    (4)   :  0.073 0.464 0.034 0.135 0.060 0.106 0.127 
 95 UA00007781    (0)   :  0.162 0.052 0.070 0.194 0.158 0.177 0.187 
 96 UA00002915    (0)   :  0.123 0.333 0.091 0.106 0.129 0.106 0.113 
 97  Puco031    (4)   :  0.200 0.054 0.067 0.148 0.212 0.162 0.158 
 98 UA00048280    (4)   :  0.152 0.043 0.091 0.200 0.138 0.171 0.205 
 99 UA00048589    (0)   :  0.144 0.101 0.052 0.202 0.130 0.183 0.188 
100 UA00034417    (0)   :  0.158 0.131 0.161 0.126 0.160 0.133 0.132 
101 UA00050411    (4)   :  0.216 0.021 0.038 0.157 0.230 0.187 0.150 
102  Puco029    (4)   :  0.174 0.040 0.018 0.198 0.170 0.204 0.196 
103   F03403    (4)   :  0.119 0.024 0.047 0.264 0.089 0.211 0.246 
104 UA00049904    (0)   :  0.141 0.191 0.057 0.167 0.127 0.145 0.172 
105 UA00035335    (0)   :  0.180 0.030 0.015 0.189 0.196 0.208 0.182 
106 UA00012611    (0)   :  0.196 0.048 0.035 0.177 0.193 0.173 0.178 
107 UA00050319    (0)   :  0.109 0.025 0.028 0.282 0.073 0.225 0.258 
108 UA00032068    (4)   :  0.177 0.137 0.029 0.159 0.181 0.158 0.159 
109 UA00032026    (4)   :  0.180 0.100 0.042 0.155 0.193 0.168 0.162 
110 UA00030476    (4)   :  0.102 0.088 0.024 0.271 0.070 0.205 0.240 
111 UA00046853    (0)   :  0.123 0.076 0.043 0.241 0.090 0.205 0.223 
112 UA00040156    (4)   :  0.019 0.885 0.023 0.018 0.018 0.018 0.019 
113 UA00030528    (4)   :  0.162 0.238 0.037 0.123 0.170 0.140 0.131 
114  Puco025    (4)   :  0.205 0.033 0.030 0.149 0.228 0.203 0.152 
115    pc016    (0)   :  0.019 0.887 0.024 0.018 0.018 0.017 0.018 
116 UA00030617    (4)   :  0.208 0.024 0.025 0.159 0.222 0.207 0.156 
117 UA00030585    (4)   :  0.030 0.803 0.037 0.036 0.027 0.032 0.034 
118 UA00032060    (4)   :  0.139 0.256 0.038 0.145 0.133 0.139 0.151 
119    pc007    (0)   :  0.138 0.071 0.050 0.218 0.113 0.197 0.213 
120 UA00030798    (4)   :  0.040 0.782 0.025 0.038 0.040 0.038 0.037 
121 UA00030778    (4)   :  0.211 0.021 0.028 0.157 0.233 0.189 0.160 
122 UA00039674    (4)   :  0.025 0.860 0.023 0.023 0.024 0.023 0.023 
123 UA00032241    (4)   :  0.165 0.023 0.028 0.203 0.178 0.204 0.200 
124 UA00011624    (0)   :  0.199 0.038 0.042 0.168 0.202 0.190 0.161 
125 UA00033779    (4)   :  0.116 0.033 0.043 0.270 0.080 0.209 0.250 
126 UA00049402    (4)   :  0.174 0.052 0.177 0.131 0.190 0.142 0.134 
127 UA00033653    (0)   :  0.103 0.028 0.037 0.288 0.060 0.218 0.266 
128 UA00047738    (0)   :  0.159 0.080 0.104 0.170 0.150 0.164 0.173 
129 UA00047502    (4)   :  0.152 0.073 0.225 0.123 0.159 0.131 0.136 
130 UA00012014    (4)   :  0.196 0.055 0.065 0.150 0.205 0.167 0.162 
131 UA00040729    (0)   :  0.150 0.060 0.035 0.205 0.151 0.201 0.199 
132 UA00030392    (4)   :  0.199 0.043 0.030 0.161 0.217 0.192 0.158 
133 UA00050033    (0)   :  0.184 0.072 0.042 0.178 0.181 0.177 0.168 
134 UA00012152    (0)   :  0.111 0.024 0.484 0.084 0.117 0.098 0.083 
135 UA00050406    (0)   :  0.188 0.058 0.051 0.162 0.195 0.166 0.179 
136 UA00047973    (0)   :  0.172 0.041 0.050 0.197 0.165 0.183 0.192 
137 UA00008051    (0)   :  0.152 0.123 0.123 0.143 0.155 0.155 0.149 
138 UA00047337    (4)   :  0.143 0.237 0.047 0.146 0.145 0.146 0.136 
139 UA00041604    (4)   :  0.159 0.111 0.114 0.149 0.161 0.152 0.154 
140 UA00031704    (4)   :  0.217 0.028 0.022 0.159 0.226 0.184 0.164 
141 UA00040423    (4)   :  0.181 0.108 0.041 0.159 0.193 0.161 0.157 
142 UA00049433    (0)   :  0.179 0.083 0.122 0.135 0.188 0.147 0.146 
143 UA00034816    (0)   :  0.191 0.040 0.116 0.134 0.213 0.180 0.127 
144 UA00050214    (0)   :  0.220 0.031 0.027 0.134 0.259 0.202 0.128 
145 UA00041073    (0)   :  0.174 0.073 0.108 0.156 0.175 0.163 0.150 
146 UA00030318    (4)   :  0.192 0.034 0.075 0.155 0.211 0.178 0.154 
147 UA00046845    (0)   :  0.187 0.055 0.136 0.133 0.197 0.158 0.134 
148 UA00063946    (0)   :  0.094 0.051 0.033 0.291 0.054 0.215 0.262 
149 UA00031374    (4)   :  0.193 0.049 0.080 0.155 0.192 0.170 0.162 
150    M1136    (4)   :  0.138 0.344 0.043 0.105 0.143 0.123 0.105 
151 UA00034299    (0)   :  0.212 0.039 0.041 0.131 0.250 0.196 0.130 
152 UA00002387    (4)   :  0.210 0.024 0.086 0.140 0.224 0.168 0.148 
153 UA00021855    (0)   :  0.171 0.059 0.064 0.185 0.157 0.174 0.191 
154 UA00014500    (0)   :  0.205 0.065 0.037 0.161 0.207 0.162 0.162 
155 UA00050419    (4)   :  0.215 0.025 0.037 0.138 0.246 0.208 0.131 
156 UA00031854    (4)   :  0.170 0.049 0.110 0.169 0.169 0.168 0.165 
157    pc011    (4)   :  0.217 0.028 0.051 0.143 0.247 0.177 0.137 
158 UA00033004    (0)   :  0.193 0.087 0.060 0.144 0.212 0.164 0.141 
159 UA00046510    (0)   :  0.177 0.036 0.167 0.137 0.192 0.153 0.138 
160 UA00048747    (0)   :  0.207 0.036 0.081 0.138 0.217 0.177 0.144 
161 UA00014293    (0)   :  0.223 0.031 0.053 0.141 0.231 0.175 0.146 
162 UA00047686    (0)   :  0.156 0.069 0.209 0.125 0.170 0.137 0.134 
163 UA00033783    (4)   :  0.086 0.354 0.130 0.125 0.076 0.109 0.120 
164 UA00042609    (4)   :  0.146 0.071 0.288 0.103 0.156 0.121 0.115 
165 UA00031169    (4)   :  0.219 0.037 0.032 0.132 0.249 0.194 0.137 
166 UA00035181    (0)   :  0.177 0.019 0.032 0.206 0.176 0.189 0.201 
167 UA00050133    (0)   :  0.194 0.051 0.066 0.156 0.199 0.175 0.159 
168  Puco011    (4)   :  0.209 0.049 0.062 0.141 0.234 0.172 0.132 
169 UA00041476    (0)   :  0.183 0.075 0.110 0.139 0.194 0.157 0.143 
170 UA00046702    (0)   :  0.212 0.032 0.036 0.148 0.236 0.196 0.140 
171 UA00019940    (0)   :  0.180 0.061 0.082 0.153 0.192 0.173 0.158 
172 UA00049813    (0)   :  0.156 0.066 0.047 0.195 0.150 0.191 0.195 
173 UA00064165    (0)   :  0.106 0.062 0.426 0.098 0.106 0.098 0.104 
174 UA00064421    (0)   :  0.147 0.023 0.308 0.118 0.154 0.126 0.124 
175 UA00064569    (4)   :  0.198 0.022 0.040 0.163 0.214 0.200 0.164 
176 UA00003996    (0)   :  0.167 0.052 0.198 0.130 0.180 0.148 0.125 
177 UA00064491    (4)   :  0.189 0.030 0.077 0.153 0.214 0.190 0.148 
178 UA00011899    (0)   :  0.189 0.063 0.041 0.170 0.192 0.172 0.174 
179  Puco015    (4)   :  0.174 0.152 0.059 0.140 0.180 0.156 0.139 
180 UA00047929    (4)   :  0.158 0.038 0.025 0.217 0.161 0.209 0.193 
181 UA00056669    (0)   :  0.190 0.036 0.091 0.158 0.192 0.168 0.165 
182 UA00050176    (0)   :  0.178 0.077 0.108 0.152 0.179 0.151 0.155 
183  Puco014    (4)   :  0.165 0.056 0.088 0.187 0.149 0.168 0.187 
184 UA00019608    (0)   :  0.199 0.040 0.093 0.141 0.207 0.162 0.158 
185 UA00064333    (0)   :  0.204 0.041 0.062 0.142 0.221 0.180 0.150 
186  Puco013    (4)   :  0.163 0.046 0.190 0.136 0.175 0.144 0.147 
187 UA00016092    (0)   :  0.212 0.022 0.027 0.153 0.241 0.202 0.142 
188 UA00019060    (0)   :  0.074 0.131 0.516 0.068 0.075 0.069 0.067 
189 UA00063532    (0)   :  0.170 0.081 0.081 0.167 0.171 0.165 0.165 
190 UA00064117    (0)   :  0.102 0.248 0.281 0.088 0.100 0.093 0.088 
191 UA00011969    (0)   :  0.171 0.072 0.094 0.164 0.169 0.161 0.169 
192 UA00034586    (4)   :  0.173 0.033 0.035 0.194 0.176 0.196 0.192 
193 UA00030736    (4)   :  0.206 0.056 0.043 0.160 0.205 0.166 0.164 
194 UA00048493    (0)   :  0.184 0.089 0.053 0.163 0.191 0.164 0.156 
195 UA00040466    (0)   :  0.060 0.031 0.685 0.053 0.061 0.053 0.056 
196 UA00047659    (0)   :  0.188 0.032 0.057 0.175 0.194 0.167 0.186 
197 UA00042002    (4)   :  0.130 0.255 0.063 0.144 0.127 0.139 0.142 
198 UA00062606    (0)   :  0.170 0.060 0.167 0.135 0.176 0.146 0.146 
199 UA00030615    (4)   :  0.053 0.025 0.705 0.052 0.058 0.053 0.054 
200 UA00048899    (0)   :  0.188 0.047 0.060 0.172 0.192 0.163 0.178 
201 UA00047725    (0)   :  0.022 0.024 0.867 0.021 0.022 0.021 0.022 
202 UA00030866    (4)   :  0.194 0.042 0.093 0.152 0.200 0.154 0.166 
203 UA00034564    (0)   :  0.203 0.044 0.068 0.146 0.218 0.159 0.163 
204 UA00046520    (0)   :  0.114 0.029 0.038 0.273 0.078 0.215 0.254 
205 UA00035027    (0)   :  0.168 0.073 0.113 0.164 0.163 0.151 0.169 
206 UA00035421    (0)   :  0.144 0.034 0.337 0.106 0.153 0.115 0.111 
207 UA00062740    (4)   :  0.162 0.097 0.155 0.135 0.169 0.134 0.148 
208 UA00012360    (0)   :  0.048 0.028 0.747 0.042 0.047 0.046 0.043 
209 UA00050203    (0)   :  0.181 0.055 0.046 0.182 0.181 0.179 0.177 
210 UA00040534    (4)   :  0.095 0.214 0.340 0.082 0.098 0.083 0.087 
211 UA00031261    (4)   :  0.077 0.126 0.526 0.061 0.076 0.065 0.069 
212 UA00031917    (4)   :  0.098 0.220 0.340 0.078 0.097 0.082 0.085 
213 UA00040798    (4)   :  0.096 0.085 0.402 0.109 0.095 0.104 0.109 
214 UA00030598    (4)   :  0.118 0.083 0.342 0.118 0.117 0.107 0.115 
215 UA00050385    (0)   :  0.191 0.049 0.103 0.143 0.202 0.157 0.154 
216 UA00058283    (0)   :  0.036 0.057 0.763 0.036 0.035 0.036 0.038 
217 UA00042297    (4)   :  0.090 0.397 0.151 0.095 0.082 0.092 0.094 
218 UA00015415    (4)   :  0.039 0.027 0.788 0.033 0.041 0.036 0.035 
219 UA00035531    (0)   :  0.065 0.096 0.608 0.054 0.066 0.057 0.054 
220 UA00048683    (0)   :  0.082 0.035 0.592 0.070 0.082 0.070 0.069 
221 UA00046734    (4)   :  0.044 0.037 0.749 0.041 0.045 0.041 0.043 
222   pcRF01    (0)   :  0.229 0.017 0.036 0.128 0.249 0.204 0.136 
223 UA00007223    (0)   :  0.160 0.081 0.204 0.123 0.169 0.129 0.133 
224 UA00013841    (0)   :  0.163 0.166 0.036 0.153 0.168 0.159 0.154 
225 UA00014196    (0)   :  0.069 0.067 0.606 0.059 0.074 0.064 0.061 
226 UA00034635    (0)   :  0.191 0.035 0.055 0.171 0.194 0.177 0.178 
227 UA00047371    (0)   :  0.137 0.237 0.067 0.152 0.123 0.133 0.151 
228 UA00063544    (0)   :  0.134 0.236 0.064 0.147 0.129 0.143 0.148 
229 UA00064246    (0)   :  0.138 0.107 0.186 0.149 0.128 0.143 0.149 
230 UA00064328    (0)   :  0.144 0.109 0.205 0.127 0.150 0.129 0.136 
231 UA00002952    (0)   :  0.133 0.150 0.219 0.120 0.139 0.115 0.124 
232 UA00064079    (0)   :  0.160 0.163 0.085 0.142 0.162 0.147 0.141 
233 UA00046793    (0)   :  0.128 0.171 0.246 0.103 0.136 0.109 0.106 
234 UA00034769    (0)   :  0.081 0.448 0.098 0.105 0.073 0.092 0.102 
235 UA00034949    (0)   :  0.160 0.071 0.238 0.114 0.172 0.124 0.121 
236 UA00063753    (0)   :  0.114 0.099 0.106 0.212 0.087 0.176 0.206 
237 UA00015713    (0)   :  0.141 0.176 0.046 0.181 0.124 0.158 0.173 
238 UA00003494    (0)   :  0.181 0.098 0.143 0.124 0.190 0.140 0.124 
239 UA00056767    (0)   :  0.116 0.018 0.032 0.274 0.079 0.224 0.257 
240 UA00014461    (0)   :  0.147 0.096 0.218 0.126 0.153 0.132 0.127 
241 UA00034669    (0)   :  0.106 0.135 0.357 0.101 0.104 0.093 0.104 
242 UA00048164    (0)   :  0.153 0.032 0.221 0.137 0.162 0.143 0.152 
243 UA00007974    (0)   :  0.126 0.091 0.052 0.223 0.104 0.184 0.219 
244 UA00016166    (0)   :  0.147 0.292 0.055 0.111 0.155 0.124 0.117 
245 UA00015653    (0)   :  0.121 0.271 0.171 0.102 0.122 0.101 0.113 
246 UA00063882    (0)   :  0.109 0.116 0.361 0.098 0.114 0.098 0.103 
247 UA00049027    (0)   :  0.119 0.294 0.102 0.129 0.110 0.120 0.126 
248 UA00018878    (0)   :  0.117 0.301 0.042 0.152 0.107 0.129 0.152 
249 UA00038796    (0)   :  0.129 0.052 0.319 0.123 0.127 0.118 0.130 
250 UA00013465    (0)   :  0.068 0.051 0.615 0.065 0.069 0.064 0.068 
251 UA00014604    (0)   :  0.129 0.104 0.233 0.142 0.122 0.128 0.141 
252 UA00041913    (0)   :  0.104 0.289 0.064 0.167 0.082 0.133 0.161 
253 UA00021632    (0)   :  0.083 0.515 0.085 0.076 0.081 0.079 0.081 
254 UA00064027    (0)   :  0.155 0.145 0.127 0.138 0.155 0.134 0.146 
255 UA00015023    (0)   :  0.177 0.047 0.141 0.137 0.194 0.163 0.140 
256 UA00050243    (0)   :  0.141 0.276 0.066 0.118 0.146 0.125 0.128 
257 UA00048298    (0)   :  0.181 0.082 0.077 0.157 0.184 0.166 0.154 
258 UA00050437    (0)   :  0.146 0.059 0.246 0.130 0.152 0.134 0.132 
259 UA00014262    (0)   :  0.164 0.160 0.077 0.144 0.165 0.146 0.144 
260 UA00049129    (0)   :  0.154 0.098 0.049 0.191 0.145 0.178 0.185 
261 UA00014740    (0)   :  0.142 0.093 0.088 0.196 0.133 0.163 0.186 
262 UA00049612    (0)   :  0.051 0.650 0.083 0.057 0.049 0.052 0.057 
263 UA00014635    (0)   :  0.125 0.026 0.035 0.255 0.092 0.214 0.252 
264 UA00014673    (0)   :  0.121 0.173 0.212 0.127 0.120 0.120 0.128 
265 UA00033608    (0)   :  0.088 0.426 0.083 0.112 0.082 0.099 0.109 
266 UA00064540    (0)   :  0.121 0.049 0.093 0.235 0.095 0.186 0.220 
267 UA00050256    (0)   :  0.140 0.188 0.156 0.121 0.143 0.121 0.131 
268 UA00015274    (0)   :  0.191 0.046 0.087 0.150 0.205 0.167 0.155 
269 UA00062993    (0)   :  0.162 0.025 0.086 0.203 0.149 0.172 0.201 
270 UA00038364    (0)   :  0.143 0.127 0.085 0.173 0.140 0.156 0.176 
271 UA00014446    (0)   :  0.191 0.029 0.045 0.181 0.194 0.179 0.181 
272 UA00063545    (0)   :  0.075 0.487 0.153 0.068 0.076 0.069 0.073 
273 UA00040054    (0)   :  0.196 0.071 0.033 0.150 0.215 0.176 0.157 
274 UA00058447    (0)   :  0.162 0.056 0.044 0.208 0.154 0.178 0.199 
275 UA00046835    (0)   :  0.155 0.048 0.049 0.212 0.141 0.188 0.207 
276 UA00014608    (0)   :  0.178 0.042 0.069 0.184 0.172 0.165 0.189 
277    pc012    (0)   :  0.163 0.077 0.115 0.161 0.160 0.153 0.171 
278    pc002    (0)   :  0.107 0.391 0.080 0.104 0.108 0.103 0.107 
279 UA00033690    (0)   :  0.098 0.208 0.048 0.215 0.069 0.165 0.197 
280 UA00013688    (0)   :  0.174 0.064 0.107 0.164 0.168 0.154 0.170 
281 UA00063666    (0)   :  0.101 0.103 0.022 0.262 0.064 0.205 0.244 
282 UA00063292    (0)   :  0.104 0.029 0.029 0.292 0.069 0.215 0.261 
283    pc001    (0)   :  0.172 0.050 0.090 0.173 0.172 0.164 0.179 
284    pc008    (0)   :  0.155 0.058 0.061 0.199 0.147 0.184 0.197 
285 UA00034316    (0)   :  0.123 0.211 0.219 0.101 0.130 0.114 0.102 
286 UA00013046    (0)   :  0.178 0.039 0.026 0.189 0.186 0.202 0.180 
287 UA00050241    (0)   :  0.134 0.037 0.021 0.249 0.110 0.209 0.240 
288 UA00048599    (0)   :  0.155 0.029 0.034 0.229 0.136 0.194 0.223 
289 UA00046649    (0)   :  0.107 0.404 0.044 0.111 0.108 0.112 0.113 
290 UA00015674    (0)   :  0.073 0.499 0.066 0.107 0.063 0.089 0.102 
291 UA00013177    (0)   :  0.128 0.121 0.118 0.181 0.113 0.160 0.179 
292 UA00012814    (0)   :  0.189 0.052 0.076 0.161 0.196 0.171 0.156 
293 UA00034654    (0)   :  0.187 0.034 0.036 0.186 0.195 0.180 0.182 
294 UA00046743    (0)   :  0.141 0.037 0.043 0.225 0.129 0.206 0.219 
295 UA00014854    (0)   :  0.117 0.159 0.021 0.225 0.093 0.183 0.202 
296 UA00013729    (0)   :  0.200 0.053 0.056 0.144 0.217 0.184 0.145 
297 UA00063483    (0)   :  0.170 0.040 0.030 0.213 0.151 0.186 0.208 
298 UA00039326    (0)   :  0.148 0.157 0.044 0.177 0.141 0.162 0.170 
299 UA00014742    (0)   :  0.143 0.042 0.028 0.235 0.119 0.202 0.231 
300 UA00049597    (0)   :  0.090 0.449 0.019 0.128 0.081 0.109 0.124 
301 UA00048067    (0)   :  0.140 0.113 0.076 0.196 0.123 0.161 0.191 
302 UA00012918    (0)   :  0.087 0.221 0.022 0.230 0.062 0.172 0.206 
303 UA00013487    (0)   :  0.238 0.025 0.023 0.128 0.258 0.205 0.123 
304 UA00046759    (0)   :  0.139 0.123 0.195 0.138 0.132 0.134 0.140 
305 UA00050164    (0)   :  0.076 0.603 0.044 0.064 0.079 0.069 0.065 
306 UA00049839    (0)   :  0.146 0.037 0.056 0.221 0.124 0.198 0.217 
307 UA00048444    (0)   :  0.089 0.089 0.033 0.277 0.043 0.211 0.258 
308 UA00063857    (0)   :  0.159 0.058 0.023 0.216 0.154 0.190 0.201 
309 UA00014921    (0)   :  0.095 0.469 0.024 0.110 0.087 0.100 0.114 
310 UA00048895    (0)   :  0.097 0.443 0.052 0.109 0.092 0.102 0.104 
311 UA00014556    (0)   :  0.165 0.048 0.165 0.151 0.159 0.148 0.165 
312    pc009    (0)   :  0.109 0.032 0.020 0.286 0.065 0.222 0.266 
313 UA00014959    (0)   :  0.085 0.477 0.033 0.113 0.081 0.101 0.111 
314 UA00020709    (0)   :  0.160 0.133 0.052 0.166 0.158 0.165 0.166 
315 UA00013126    (0)   :  0.026 0.839 0.029 0.028 0.024 0.027 0.028 
316 UA00013695    (0)   :  0.036 0.788 0.028 0.037 0.037 0.037 0.037 
317 UA00049344    (0)   :  0.094 0.488 0.054 0.086 0.095 0.088 0.095 
318 UA00047614    (0)   :  0.045 0.668 0.109 0.046 0.042 0.045 0.045 
319 UA00014221    (0)   :  0.133 0.017 0.026 0.261 0.101 0.214 0.248 
320 UA00014346    (0)   :  0.125 0.062 0.058 0.241 0.095 0.190 0.229 
321 UA00014245    (0)   :  0.112 0.290 0.032 0.165 0.099 0.149 0.154 
322 UA00014696    (0)   :  0.031 0.809 0.043 0.028 0.032 0.029 0.027 
323 UA00006991    (0)   :  0.193 0.034 0.087 0.158 0.196 0.163 0.169 
324 UA00048948    (0)   :  0.183 0.048 0.075 0.169 0.183 0.167 0.175 
325 UA00002239    (0)   :  0.188 0.053 0.092 0.143 0.209 0.158 0.157 
326 UA00063459    (0)   :  0.107 0.044 0.021 0.283 0.070 0.217 0.258 
327 UA00048356    (0)   :  0.148 0.061 0.132 0.188 0.133 0.157 0.180 
328 UA00063940    (0)   :  0.179 0.054 0.120 0.147 0.184 0.164 0.152 
329 UA00048130    (0)   :  0.139 0.035 0.048 0.243 0.111 0.197 0.228 
330 UA00048903    (0)   :  0.196 0.022 0.026 0.169 0.215 0.208 0.164 
331 UA00064643    (0)   :  0.178 0.068 0.072 0.166 0.178 0.173 0.165 
332 UA00050233    (0)   :  0.176 0.038 0.098 0.171 0.174 0.176 0.168 
333 UA00012507    (0)   :  0.171 0.029 0.177 0.142 0.186 0.149 0.146 
334 UA00064416    (0)   :  0.212 0.030 0.042 0.148 0.230 0.184 0.153 
335 UA00034724    (0)   :  0.184 0.036 0.064 0.187 0.171 0.184 0.174 
336 UA00002621    (0)   :  0.174 0.031 0.037 0.196 0.179 0.194 0.189 
337 UA00033203    (0)   :  0.220 0.049 0.039 0.125 0.240 0.185 0.141 
338 UA00011996    (0)   :  0.185 0.065 0.031 0.175 0.189 0.165 0.189 
339 UA00014408    (0)   :  0.141 0.044 0.312 0.115 0.149 0.120 0.119 
340 UA00049502    (0)   :  0.165 0.035 0.128 0.177 0.155 0.161 0.179 
341 UA00062695    (0)   :  0.136 0.097 0.076 0.207 0.113 0.177 0.195 
342 UA00014072    (0)   :  0.142 0.056 0.050 0.228 0.109 0.200 0.215 
343 UA00003334    (0)   :  0.159 0.039 0.028 0.213 0.150 0.207 0.203 
344 UA00013835    (0)   :  0.164 0.073 0.054 0.192 0.154 0.175 0.188 
345 UA00046760    (0)   :  0.138 0.204 0.041 0.170 0.125 0.155 0.166 
346 UA00014241    (0)   :  0.188 0.031 0.053 0.178 0.194 0.183 0.172 
347 UA00049585    (0)   :  0.159 0.037 0.023 0.228 0.143 0.193 0.217 
348 UA00013409    (0)   :  0.111 0.053 0.171 0.210 0.083 0.172 0.200 
349 UA00047548    (0)   :  0.194 0.046 0.025 0.175 0.206 0.173 0.181 
350 UA00049038    (0)   :  0.104 0.346 0.105 0.117 0.099 0.111 0.118 
351 UA00047612    (0)   :  0.184 0.035 0.065 0.173 0.190 0.172 0.181 
352 UA00014822    (0)   :  0.115 0.300 0.150 0.108 0.111 0.103 0.114 
353 UA00035299    (0)   :  0.195 0.053 0.050 0.148 0.214 0.180 0.160 
354 UA00012804    (0)   :  0.120 0.349 0.065 0.118 0.114 0.112 0.121 
355 UA00049578    (0)   :  0.160 0.042 0.150 0.167 0.152 0.159 0.170 
356 UA00047672    (0)   :  0.221 0.029 0.050 0.122 0.257 0.186 0.135 
357 UA00043961    (0)   :  0.055 0.634 0.075 0.061 0.053 0.060 0.062 
358 UA00064575    (0)   :  0.133 0.049 0.206 0.173 0.120 0.149 0.169 
359 UA00014732    (0)   :  0.195 0.029 0.075 0.165 0.201 0.176 0.161 
360 UA00050181    (0)   :  0.204 0.021 0.064 0.156 0.218 0.169 0.169 
361 UA00033369    (0)   :  0.147 0.252 0.078 0.119 0.152 0.124 0.128 
362 UA00011982    (0)   :  0.222 0.022 0.020 0.133 0.263 0.210 0.131 
363 UA00014590    (0)   :  0.182 0.112 0.071 0.141 0.191 0.163 0.140 
364 UA00047743    (0)   :  0.208 0.032 0.029 0.149 0.237 0.189 0.157 
365 UA00046621    (0)   :  0.214 0.028 0.023 0.155 0.237 0.187 0.156 
366 UA00050422    (0)   :  0.173 0.038 0.137 0.154 0.176 0.164 0.158 
367 UA00002760    (0)   :  0.171 0.092 0.041 0.181 0.167 0.174 0.174 
368 UA00012999    (0)   :  0.182 0.124 0.039 0.153 0.189 0.164 0.150 
369 UA00063838    (0)   :  0.181 0.031 0.046 0.174 0.192 0.200 0.176 
370 UA00003729    (0)   :  0.110 0.196 0.187 0.139 0.102 0.125 0.141 
371 UA00015348    (0)   :  0.124 0.076 0.065 0.228 0.091 0.196 0.219 
372 UA00019058    (0)   :  0.118 0.050 0.103 0.231 0.084 0.197 0.217 
373 UA00049549    (0)   :  0.087 0.118 0.023 0.273 0.046 0.204 0.250 
374 UA00014334    (0)   :  0.191 0.052 0.106 0.137 0.211 0.153 0.150 
375 UA00014350    (0)   :  0.232 0.017 0.017 0.118 0.281 0.220 0.116 
376 UA00049227    (0)   :  0.159 0.190 0.099 0.126 0.164 0.128 0.134 
377 UA00014051    (0)   :  0.192 0.024 0.161 0.131 0.198 0.156 0.138 
378 UA00034381    (0)   :  0.176 0.043 0.106 0.163 0.176 0.172 0.164 
379 UA00002354    (0)   :  0.229 0.025 0.030 0.136 0.247 0.194 0.138 
380 UA00049892    (0)   :  0.157 0.098 0.027 0.183 0.157 0.196 0.183 
381 UA00021989    (0)   :  0.191 0.026 0.061 0.170 0.195 0.186 0.171 
382 UA00048968    (0)   :  0.199 0.033 0.061 0.161 0.209 0.173 0.164 
383 UA00013174    (0)   :  0.201 0.051 0.065 0.147 0.215 0.179 0.142 
384 UA00033992    (0)   :  0.169 0.200 0.036 0.137 0.174 0.145 0.140 
385 UA00015801    (0)   :  0.219 0.017 0.019 0.141 0.255 0.212 0.138 
386 UA00063303    (0)   :  0.113 0.276 0.067 0.153 0.103 0.139 0.149 
387 UA00050206    (0)   :  0.123 0.019 0.036 0.267 0.086 0.212 0.257 
388 UA00014458    (0)   :  0.161 0.100 0.074 0.168 0.163 0.168 0.165 
389 UA00007204    (0)   :  0.139 0.061 0.033 0.231 0.121 0.198 0.217 
390 UA00063212    (0)   :  0.107 0.201 0.152 0.156 0.091 0.140 0.153 
391 UA00013340    (0)   :  0.176 0.109 0.038 0.170 0.172 0.164 0.171 
392 UA00062743    (0)   :  0.203 0.028 0.105 0.138 0.217 0.157 0.152 
393 UA00063189    (0)   :  0.092 0.068 0.503 0.079 0.096 0.084 0.079 
394 UA00035432    (0)   :  0.169 0.035 0.034 0.210 0.151 0.194 0.207 
395 UA00007958    (0)   :  0.205 0.031 0.036 0.168 0.214 0.181 0.166 
396 UA00013634    (0)   :  0.214 0.025 0.061 0.142 0.242 0.167 0.148 
397 UA00048175    (0)   :  0.228 0.015 0.038 0.127 0.270 0.204 0.118 
398 UA00003202    (0)   :  0.186 0.042 0.044 0.185 0.183 0.180 0.180 
399 UA00035090    (0)   :  0.164 0.050 0.104 0.171 0.161 0.176 0.174 
400 UA00064679    (0)   :  0.129 0.059 0.333 0.113 0.137 0.118 0.111 
401 UA00039518    (0)   :  0.197 0.044 0.039 0.168 0.210 0.183 0.157 
402 UA00058268    (0)   :  0.190 0.047 0.057 0.167 0.195 0.175 0.169 
403 UA00049456    (0)   :  0.136 0.220 0.058 0.161 0.123 0.146 0.156 
404 UA00049550    (0)   :  0.139 0.030 0.125 0.203 0.120 0.183 0.199 
405 UA00048342    (0)   :  0.152 0.140 0.065 0.162 0.151 0.162 0.168 
406 UA00063493    (0)   :  0.187 0.026 0.033 0.183 0.193 0.194 0.184 
407 UA00058261    (0)   :  0.193 0.033 0.152 0.131 0.202 0.161 0.129 
408 UA00014663    (0)   :  0.193 0.049 0.076 0.158 0.199 0.167 0.158 
409 UA00048817    (0)   :  0.169 0.209 0.063 0.119 0.173 0.140 0.128 
410 UA00049381    (0)   :  0.205 0.030 0.074 0.143 0.233 0.177 0.139 
411 UA00035901    (0)   :  0.142 0.050 0.278 0.128 0.140 0.124 0.138 
412 UA00013301    (0)   :  0.117 0.054 0.093 0.238 0.087 0.187 0.224 
413 UA00047926    (0)   :  0.184 0.080 0.107 0.133 0.197 0.164 0.134 
414 UA00007272    (0)   :  0.172 0.053 0.187 0.122 0.190 0.140 0.134 
415 UA00016041    (0)   :  0.154 0.078 0.046 0.200 0.139 0.185 0.197 
416 UA00013502    (0)   :  0.187 0.023 0.077 0.173 0.195 0.186 0.160 
417 UA00002390    (0)   :  0.174 0.126 0.053 0.152 0.184 0.156 0.155 
418 UA00034907    (0)   :  0.184 0.032 0.082 0.173 0.180 0.165 0.185 
419 UA00048821    (0)   :  0.154 0.145 0.138 0.135 0.152 0.142 0.133 
420 UA00002136    (0)   :  0.144 0.138 0.078 0.180 0.128 0.153 0.180 
421 UA00011790    (0)   :  0.204 0.052 0.074 0.144 0.216 0.163 0.148 
422 UA00021586    (0)   :  0.143 0.220 0.082 0.133 0.148 0.137 0.135 
423 UA00033270    (0)   :  0.179 0.050 0.082 0.167 0.180 0.171 0.171 
424 UA00048073    (0)   :  0.176 0.052 0.063 0.178 0.168 0.186 0.178 
425 UA00048856    (0)   :  0.174 0.046 0.125 0.159 0.180 0.155 0.161 
426 UA00049713    (0)   :  0.200 0.044 0.063 0.135 0.225 0.192 0.140 
427 UA00046885    (0)   :  0.183 0.052 0.044 0.188 0.174 0.173 0.186 
428 UA00034893    (0)   :  0.193 0.037 0.035 0.169 0.201 0.197 0.168 
429 UA00048011    (0)   :  0.190 0.022 0.097 0.156 0.205 0.178 0.153 
430 UA00015786    (0)   :  0.146 0.087 0.233 0.127 0.145 0.134 0.128 
431 UA00013162    (0)   :  0.201 0.042 0.106 0.128 0.220 0.152 0.150 
432 UA00049512    (0)   :  0.159 0.066 0.085 0.186 0.153 0.166 0.186 
433 UA00004046    (0)   :  0.222 0.024 0.046 0.148 0.239 0.177 0.143 
434 UA00048881    (0)   :  0.135 0.158 0.206 0.120 0.133 0.121 0.126 
435 UA00046610    (0)   :  0.164 0.149 0.115 0.133 0.165 0.137 0.138 
436 UA00033282    (0)   :  0.174 0.061 0.106 0.166 0.167 0.160 0.167 
437 UA00047561    (0)   :  0.208 0.035 0.048 0.149 0.228 0.178 0.154 
438 UA00013777    (0)   :  0.175 0.030 0.178 0.137 0.187 0.151 0.142 
439 UA00062849    (0)   :  0.134 0.046 0.044 0.234 0.107 0.203 0.232 
440 UA00049786    (0)   :  0.215 0.024 0.079 0.130 0.246 0.186 0.121 
441 UA00033246    (0)   :  0.112 0.027 0.023 0.281 0.070 0.218 0.269 
442 UA00045302    (0)   :  0.193 0.056 0.038 0.166 0.199 0.169 0.178 
443 UA00048637    (0)   :  0.212 0.033 0.074 0.139 0.228 0.181 0.133 
444 UA00049832    (0)   :  0.131 0.172 0.041 0.193 0.114 0.170 0.179 
445 UA00022023    (0)   :  0.183 0.114 0.054 0.152 0.189 0.152 0.157 
446 UA00050192    (0)   :  0.164 0.190 0.050 0.140 0.168 0.141 0.147 
447 UA00050413    (0)   :  0.174 0.043 0.074 0.179 0.174 0.183 0.172 
448 UA00013445    (0)   :  0.209 0.023 0.032 0.168 0.221 0.179 0.168 
449 UA00035496    (0)   :  0.147 0.044 0.236 0.146 0.142 0.135 0.151 
450 UA00003333    (0)   :  0.128 0.101 0.301 0.111 0.133 0.114 0.111 
451 UA00064008    (0)   :  0.152 0.032 0.280 0.121 0.159 0.130 0.127 
452 UA00003427    (0)   :  0.148 0.187 0.089 0.142 0.149 0.135 0.150 
453 UA00028092    (0)   :  0.117 0.272 0.158 0.115 0.113 0.113 0.111 
454    pc003    (0)   :  0.057 0.101 0.630 0.052 0.055 0.053 0.052 
455 UA00034440    (0)   :  0.153 0.037 0.079 0.212 0.129 0.185 0.206 
456 UA00026062    (0)   :  0.220 0.051 0.043 0.133 0.240 0.173 0.140 
457 UA00014347    (0)   :  0.160 0.076 0.122 0.164 0.152 0.154 0.173 
458 UA00021516    (0)   :  0.210 0.036 0.041 0.143 0.239 0.195 0.136 
459 UA00049347    (0)   :  0.137 0.040 0.343 0.111 0.140 0.117 0.113 
460 UA00063436    (0)   :  0.093 0.048 0.400 0.138 0.080 0.115 0.127 
461 UA00047790    (0)   :  0.209 0.040 0.058 0.150 0.216 0.164 0.162 
462 UA00045714    (0)   :  0.138 0.113 0.248 0.118 0.142 0.122 0.119 
463 UA00038979    (0)   :  0.121 0.144 0.056 0.203 0.104 0.172 0.200 
464 UA00016123    (0)   :  0.179 0.080 0.125 0.135 0.189 0.142 0.149 
465 UA00034765    (0)   :  0.058 0.022 0.713 0.048 0.059 0.052 0.047 
466 UA00063815    (0)   :  0.076 0.119 0.502 0.079 0.070 0.073 0.081 
467 UA00034795    (0)   :  0.145 0.049 0.067 0.218 0.120 0.191 0.210 
468 UA00004000    (0)   :  0.064 0.036 0.649 0.063 0.065 0.058 0.065 
469 UA00049367    (0)   :  0.154 0.028 0.123 0.191 0.140 0.177 0.187 
470 UA00034457    (0)   :  0.201 0.052 0.037 0.163 0.209 0.169 0.169 
471 UA00050015    (0)   :  0.148 0.083 0.085 0.194 0.134 0.166 0.190 
472 UA00021373    (0)   :  0.188 0.053 0.069 0.163 0.187 0.167 0.173 
473 UA00050232    (0)   :  0.073 0.112 0.547 0.064 0.072 0.065 0.068 
474 UA00038724    (0)   :  0.160 0.129 0.044 0.181 0.150 0.159 0.177 
475 UA00007824    (0)   :  0.178 0.104 0.104 0.136 0.193 0.147 0.138 
476 UA00048754    (0)   :  0.188 0.023 0.145 0.139 0.209 0.146 0.151 
477 UA00014271    (0)   :  0.181 0.085 0.057 0.169 0.185 0.165 0.158 
478 UA00013756    (0)   :  0.116 0.116 0.185 0.177 0.096 0.146 0.163 
479 UA00014385    (0)   :  0.126 0.129 0.289 0.105 0.130 0.109 0.111 
480 UA00049609    (0)   :  0.151 0.044 0.056 0.214 0.134 0.195 0.207 
481 UA00003748    (0)   :  0.141 0.032 0.340 0.111 0.151 0.113 0.112 
482 UA00063952    (0)   :  0.150 0.026 0.281 0.126 0.156 0.133 0.130 
483 UA00058348    (0)   :  0.087 0.024 0.540 0.091 0.085 0.086 0.087 
484 UA00014922    (0)   :  0.051 0.046 0.700 0.049 0.051 0.052 0.050 
485 UA00003820    (0)   :  0.202 0.023 0.119 0.133 0.221 0.154 0.149 
486 UA00013693    (0)   :  0.162 0.093 0.159 0.136 0.168 0.140 0.141 
487 UA00047713    (0)   :  0.078 0.027 0.619 0.063 0.081 0.067 0.066 
488 UA00034891    (0)   :  0.127 0.050 0.347 0.116 0.120 0.111 0.128 
489 UA00049223    (0)   :  0.134 0.041 0.324 0.126 0.133 0.123 0.119 
490 UA00064399    (0)   :  0.047 0.231 0.552 0.039 0.049 0.040 0.042 
491 UA00013336    (0)   :  0.046 0.079 0.693 0.045 0.045 0.045 0.047 
492 UA00035291    (0)   :  0.064 0.053 0.652 0.052 0.067 0.052 0.061 
493 UA00003945    (0)   :  0.072 0.059 0.599 0.066 0.069 0.068 0.067 
494 UA00014518    (0)   :  0.110 0.051 0.464 0.084 0.113 0.089 0.088 
495 UA00013583    (0)   :  0.081 0.414 0.178 0.084 0.078 0.080 0.087 
496 UA00011510    (0)   :  0.110 0.078 0.404 0.098 0.110 0.099 0.101 
497 UA00046860    (0)   :  0.147 0.069 0.277 0.116 0.149 0.127 0.116 
498 UA00048853    (0)   :  0.115 0.152 0.317 0.100 0.111 0.101 0.104 
499 UA00012151    (0)   :  0.060 0.040 0.685 0.050 0.062 0.051 0.051 
500 UA00063930    (0)   :  0.080 0.410 0.128 0.115 0.067 0.096 0.105 
501 UA00013453    (0)   :  0.137 0.119 0.246 0.123 0.126 0.125 0.125 
502 UA00039299    (0)   :  0.041 0.044 0.756 0.038 0.042 0.038 0.040 
503 UA00014280    (0)   :  0.031 0.019 0.830 0.030 0.029 0.029 0.031 
504 UA00014200    (0)   :  0.100 0.037 0.526 0.075 0.101 0.083 0.077 
505 UA00040612    (0)   :  0.045 0.104 0.683 0.041 0.047 0.041 0.040 
506 UA00062679    (0)   :  0.041 0.063 0.737 0.040 0.040 0.039 0.040 
507 UA00034481    (0)   :  0.063 0.034 0.672 0.053 0.063 0.057 0.058 
508 UA00011880    (0)   :  0.097 0.275 0.077 0.171 0.078 0.143 0.160 
509 UA00013421    (0)   :  0.045 0.136 0.662 0.036 0.044 0.038 0.039 
510 UA00048051    (0)   :  0.030 0.031 0.825 0.027 0.030 0.028 0.028 
511 UA00063370    (0)   :  0.034 0.106 0.731 0.031 0.034 0.032 0.033 
512 UA00014716    (0)   :  0.042 0.060 0.737 0.040 0.040 0.040 0.041 
513 UA00033426    (0)   :  0.103 0.140 0.412 0.075 0.104 0.088 0.077 
514 UA00015190    (0)   :  0.047 0.190 0.590 0.040 0.046 0.043 0.043 
515 UA00013730    (0)   :  0.182 0.070 0.041 0.173 0.182 0.178 0.174 
516 UA00047644    (4)   :  0.097 0.119 0.424 0.083 0.098 0.085 0.093 
517 UA00031933    (9)   :  0.200 0.045 0.083 0.149 0.206 0.164 0.154 
518 UA00031541    (9)   :  0.103 0.113 0.385 0.101 0.104 0.100 0.095 
519   PCO-60    (4)   :  0.167 0.035 0.139 0.157 0.176 0.165 0.162 
520 UA00030495    (4)   :  0.164 0.100 0.129 0.150 0.155 0.145 0.156 
521 UA00031133    (4)   :  0.103 0.033 0.025 0.288 0.062 0.220 0.270 
522 UA00032049    (4)   :  0.145 0.239 0.074 0.131 0.147 0.123 0.140 
523 UA00030599    (4)   :  0.100 0.083 0.067 0.254 0.067 0.197 0.231 
524 UA00030250    (4)   :  0.214 0.029 0.042 0.152 0.219 0.185 0.160 
525 UA00049385    (4)   :  0.129 0.096 0.095 0.200 0.114 0.169 0.197 
526 UA00031816    (4)   :  0.100 0.032 0.032 0.297 0.060 0.218 0.262 
527 UA00030275    (4)   :  0.185 0.097 0.075 0.148 0.190 0.155 0.149 
528 UA00041861    (4)   :  0.186 0.074 0.080 0.150 0.193 0.157 0.161 
529 UA00041433    (4)   :  0.198 0.025 0.038 0.169 0.221 0.181 0.169 
530  PCO-114    (4)   :  0.199 0.032 0.104 0.135 0.225 0.163 0.142 
531 UA00031529    (4)   :  0.175 0.040 0.069 0.180 0.175 0.175 0.184 
532 UA00039719    (4)   :  0.185 0.037 0.092 0.155 0.200 0.179 0.151 
533  PCO-442    (4)   :  0.220 0.025 0.034 0.148 0.245 0.184 0.144 
534   PCO-58    (0)   :  0.211 0.053 0.076 0.134 0.225 0.166 0.134 
535 UA00048673    (4)   :  0.172 0.044 0.120 0.162 0.171 0.158 0.173 
536   PCO-63    (4)   :  0.175 0.027 0.068 0.185 0.172 0.187 0.186 


Estimated Allele Frequencies in each cluster
First column gives estimated ancestral frequencies


Locus 1 : PP01 
2 alleles
0.0% missing data
   1   (0.587) 0.597 0.907 0.332 0.572 0.603 0.589 0.572 
   2   (0.413) 0.403 0.093 0.668 0.428 0.397 0.411 0.428 

Locus 2 : PP02 
2 alleles
0.0% missing data
   1   (0.921) 0.919 0.992 0.965 0.907 0.920 0.909 0.909 
