

----------------------------------------------------
STRUCTURE by Pritchard, Stephens and Donnelly (2000)
     and Falush, Stephens and Pritchard (2003)
       Code by Pritchard, Falush and Hubisz
             Version 2.3.4 (Jul 2012)
----------------------------------------------------



Command line arguments:   structure -K 7 -o outputfile_K7_6 
Input File:    Puma_SNP_genotypes_cut_AZ_final_HWEonly.str

Run parameters:
   536 individuals
   22 loci
   7 populations assumed
   100000 Burn-in period
   500000 Reps


--------------------------------------------
Overall proportion of membership of the
sample in each of the 7 clusters

Inferred Clusters
  1      2      3      4      5      6      7    
0.145  0.127  0.148  0.145  0.145  0.145  0.145  

--------------------------------------------

Allele-freq. divergence among pops (Net nucleotide distance),
computed using point estimates of P.

      1       2       3       4       5       6       7      
 1      -    0.0581  0.0188  0.0397  0.0008  0.0001  0.0013  
 2   0.0581     -    0.0718  0.0781  0.0649  0.0607  0.0680  
 3   0.0188  0.0718     -    0.0742  0.0183  0.0210  0.0251  
 4   0.0397  0.0781  0.0742     -    0.0477  0.0411  0.0465  
 5   0.0008  0.0649  0.0183  0.0477     -    0.0005  0.0006  
 6   0.0001  0.0607  0.0210  0.0411  0.0005     -    0.0007  
 7   0.0013  0.0680  0.0251  0.0465  0.0006  0.0007     -    

Average distances (expected heterozygosity) between individuals in same cluster:
cluster  1  : 0.3793 
cluster  2  : 0.2808 
cluster  3  : 0.3481 
cluster  4  : 0.2654 
cluster  5  : 0.3756 
cluster  6  : 0.3783 
cluster  7  : 0.3728 

--------------------------------------------
Estimated Ln Prob of Data   = -13347.8
Mean value of ln likelihood = -12319.6
Variance of ln likelihood   = 2056.5
Mean value of alpha         = 0.1659

Mean value of Fst_1         = 0.0008
Mean value of Fst_2         = 0.3109
Mean value of Fst_3         = 0.1559
Mean value of Fst_4         = 0.2827
Mean value of Fst_5         = 0.0627
Mean value of Fst_6         = 0.0161
Mean value of Fst_7         = 0.0523


Inferred ancestry of individuals:
        Label (%Miss) :  Inferred clusters
  1 UA00063336   (13)   :  0.122 0.398 0.086 0.057 0.112 0.119 0.105 
  2 UA00048914    (9)   :  0.181 0.099 0.063 0.180 0.145 0.174 0.158 
  3 UA00014769   (13)   :  0.129 0.043 0.172 0.019 0.249 0.146 0.242 
  4 UA00008132   (13)   :  0.186 0.106 0.115 0.072 0.162 0.187 0.171 
  5 UA00030462   (13)   :  0.156 0.082 0.088 0.265 0.125 0.152 0.131 
  6 UA00034866   (13)   :  0.213 0.030 0.108 0.149 0.151 0.198 0.152 
  7 UA00034800    (9)   :  0.067 0.620 0.052 0.070 0.063 0.066 0.063 
  8  Puco006    (9)   :  0.061 0.057 0.031 0.694 0.048 0.058 0.051 
  9 UA00048874    (4)   :  0.101 0.500 0.046 0.085 0.085 0.096 0.087 
 10 UA00049060    (9)   :  0.165 0.088 0.134 0.039 0.203 0.169 0.202 
 11 UA00033413    (9)   :  0.112 0.032 0.460 0.055 0.138 0.105 0.098 
 12  Puco021    (9)   :  0.080 0.123 0.499 0.029 0.122 0.080 0.067 
 13  Puco026    (9)   :  0.165 0.093 0.228 0.031 0.176 0.156 0.151 
 14  Puco008    (9)   :  0.146 0.236 0.060 0.196 0.109 0.136 0.118 
 15   M01301    (9)   :  0.119 0.026 0.366 0.111 0.155 0.109 0.115 
 16   M06306    (9)   :  0.102 0.446 0.136 0.029 0.099 0.098 0.090 
 17 UA00032185    (9)   :  0.180 0.087 0.159 0.102 0.151 0.166 0.156 
 18 UA00030792    (9)   :  0.020 0.880 0.019 0.023 0.019 0.020 0.019 
 19 UA00031647    (9)   :  0.159 0.241 0.076 0.117 0.130 0.151 0.127 
 20 UA00031979    (9)   :  0.188 0.067 0.126 0.093 0.174 0.182 0.171 
 21  Puco016    (9)   :  0.168 0.037 0.055 0.258 0.147 0.167 0.167 
 22  Puco010    (9)   :  0.172 0.060 0.234 0.056 0.157 0.167 0.154 
 23    M1035    (9)   :  0.202 0.128 0.090 0.031 0.168 0.198 0.182 
 24 UA00034601    (9)   :  0.156 0.108 0.169 0.135 0.150 0.151 0.132 
 25 UA00050388    (9)   :  0.190 0.105 0.141 0.091 0.149 0.177 0.147 
 26 UA00048699    (9)   :  0.122 0.038 0.053 0.416 0.114 0.130 0.127 
 27 UA00064058    (9)   :  0.185 0.079 0.114 0.033 0.200 0.191 0.198 
 28 UA00033981    (9)   :  0.110 0.072 0.454 0.064 0.118 0.103 0.079 
 29   F05033    (9)   :  0.165 0.044 0.215 0.040 0.198 0.157 0.180 
 30 UA00048520    (4)   :  0.130 0.216 0.197 0.103 0.126 0.117 0.111 
 31 UA00048422    (4)   :  0.035 0.794 0.042 0.029 0.034 0.034 0.032 
 32    PucoB    (4)   :  0.132 0.063 0.325 0.023 0.188 0.141 0.129 
 33 UA00047393    (4)   :  0.171 0.187 0.070 0.044 0.174 0.173 0.181 
 34 UA00064521    (4)   :  0.162 0.056 0.113 0.244 0.137 0.157 0.131 
 35 UA00003043    (4)   :  0.186 0.029 0.067 0.166 0.169 0.187 0.195 
 36 UA00063025    (4)   :  0.141 0.231 0.129 0.162 0.107 0.130 0.100 
 37 UA00063826    (4)   :  0.167 0.065 0.321 0.038 0.132 0.155 0.121 
 38   F07407    (4)   :  0.103 0.246 0.326 0.036 0.116 0.093 0.080 
 39 UA00021658    (4)   :  0.197 0.056 0.154 0.053 0.176 0.186 0.179 
 40 UA00003794    (4)   :  0.110 0.221 0.280 0.045 0.144 0.103 0.097 
 41 UA00041322    (4)   :  0.211 0.105 0.090 0.090 0.153 0.200 0.152 
 42 UA00063316    (4)   :  0.181 0.126 0.123 0.127 0.136 0.172 0.135 
 43 UA00047705    (4)   :  0.174 0.080 0.197 0.091 0.158 0.160 0.139 
 44 UA00033904    (4)   :  0.111 0.445 0.075 0.057 0.104 0.108 0.099 
 45 UA00048100    (4)   :  0.162 0.037 0.232 0.068 0.178 0.163 0.160 
 46 UA00032212    (4)   :  0.142 0.270 0.116 0.112 0.117 0.130 0.114 
 47 UA00031574    (4)   :  0.037 0.765 0.042 0.051 0.034 0.036 0.034 
 48 UA00031228    (4)   :  0.027 0.833 0.023 0.038 0.025 0.027 0.027 
 49 UA00047707    (4)   :  0.181 0.021 0.081 0.038 0.220 0.208 0.250 
 50 UA00030906    (4)   :  0.019 0.875 0.017 0.033 0.018 0.019 0.018 
 51 UA00041567    (4)   :  0.141 0.070 0.345 0.081 0.123 0.132 0.108 
 52 UA00007624    (4)   :  0.161 0.026 0.256 0.041 0.201 0.151 0.164 
 53 UA00034514    (4)   :  0.187 0.046 0.129 0.063 0.185 0.197 0.193 
 54 UA00030480    (4)   :  0.184 0.185 0.068 0.041 0.168 0.187 0.167 
 55  Puco012    (4)   :  0.207 0.045 0.101 0.078 0.171 0.206 0.193 
 56 UA00038677    (9)   :  0.157 0.144 0.154 0.158 0.125 0.145 0.117 
 57 UA00048275    (4)   :  0.168 0.041 0.300 0.053 0.156 0.155 0.128 
 58 UA00064055    (4)   :  0.192 0.052 0.058 0.076 0.191 0.210 0.220 
 59  Puco009    (4)   :  0.174 0.031 0.074 0.231 0.153 0.169 0.167 
 60 UA00064561    (4)   :  0.153 0.028 0.063 0.077 0.231 0.179 0.270 
 61 UA00003479    (4)   :  0.197 0.040 0.084 0.086 0.181 0.197 0.216 
 62 UA00063747    (4)   :  0.160 0.022 0.190 0.066 0.197 0.169 0.198 
 63 UA00002558    (4)   :  0.169 0.035 0.153 0.225 0.130 0.159 0.129 
 64 UA00048410    (4)   :  0.151 0.023 0.068 0.232 0.170 0.167 0.188 
 65 UA00012249    (4)   :  0.166 0.027 0.062 0.116 0.199 0.190 0.239 
 66 UA00033818    (4)   :  0.074 0.570 0.091 0.069 0.069 0.067 0.061 
 67  Puco020    (4)   :  0.174 0.151 0.066 0.086 0.157 0.182 0.185 
 68 UA00002545    (9)   :  0.155 0.089 0.064 0.043 0.214 0.182 0.253 
 69 UA00048508    (4)   :  0.206 0.037 0.117 0.050 0.186 0.206 0.198 
 70 UA00064100    (4)   :  0.216 0.066 0.110 0.062 0.171 0.206 0.170 
 71 UA00014585    (4)   :  0.194 0.051 0.105 0.079 0.177 0.201 0.192 
 72 UA00063698    (4)   :  0.109 0.125 0.100 0.384 0.088 0.105 0.088 
 73 UA00049753    (4)   :  0.127 0.440 0.076 0.028 0.101 0.125 0.103 
 74 UA00049037    (4)   :  0.185 0.071 0.133 0.038 0.186 0.190 0.196 
 75 UA00034941    (4)   :  0.177 0.101 0.168 0.100 0.152 0.169 0.133 
 76 UA00008083    (4)   :  0.079 0.056 0.064 0.582 0.069 0.077 0.073 
 77 UA00015084    (4)   :  0.108 0.179 0.103 0.340 0.087 0.102 0.082 
 78 UA00041010    (9)   :  0.071 0.321 0.032 0.397 0.054 0.065 0.059 
 79 UA00035261    (4)   :  0.142 0.251 0.105 0.125 0.122 0.134 0.121 
 80 UA00035431    (4)   :  0.182 0.024 0.247 0.078 0.157 0.169 0.143 
 81 UA00045274    (0)   :  0.159 0.101 0.196 0.113 0.154 0.152 0.124 
 82 UA00028200    (4)   :  0.106 0.399 0.080 0.139 0.087 0.101 0.088 
 83 UA00064559    (0)   :  0.027 0.837 0.032 0.028 0.025 0.026 0.025 
 84 UA00040808    (0)   :  0.107 0.406 0.042 0.135 0.102 0.103 0.105 
 85 UA00049156    (0)   :  0.107 0.413 0.072 0.132 0.087 0.100 0.089 
 86 UA00003952    (4)   :  0.086 0.038 0.036 0.588 0.080 0.088 0.083 
 87 UA00063954    (0)   :  0.183 0.189 0.108 0.040 0.159 0.172 0.150 
 88 UA00062934    (0)   :  0.167 0.240 0.097 0.072 0.135 0.154 0.135 
 89 UA00033829    (0)   :  0.059 0.554 0.043 0.188 0.049 0.057 0.050 
 90 UA00064351    (4)   :  0.108 0.049 0.434 0.108 0.119 0.100 0.082 
 91 UA00003697    (4)   :  0.096 0.083 0.059 0.527 0.072 0.088 0.075 
 92 UA00063438    (4)   :  0.163 0.251 0.081 0.101 0.121 0.154 0.129 
 93 UA00007608    (0)   :  0.127 0.259 0.104 0.191 0.099 0.123 0.096 
 94 UA00019683    (4)   :  0.067 0.458 0.235 0.034 0.087 0.064 0.056 
 95 UA00007781    (0)   :  0.181 0.053 0.211 0.075 0.173 0.165 0.142 
 96 UA00002915    (0)   :  0.146 0.336 0.057 0.091 0.109 0.138 0.123 
 97  Puco031    (4)   :  0.192 0.055 0.077 0.072 0.192 0.202 0.210 
 98 UA00048280    (4)   :  0.166 0.044 0.280 0.093 0.146 0.151 0.121 
 99 UA00048589    (0)   :  0.141 0.099 0.277 0.052 0.163 0.133 0.133 
100 UA00034417    (0)   :  0.164 0.135 0.073 0.163 0.147 0.162 0.156 
101 UA00050411    (4)   :  0.166 0.022 0.100 0.039 0.229 0.194 0.250 
102  Puco029    (4)   :  0.156 0.040 0.238 0.019 0.206 0.156 0.185 
103   F03403    (4)   :  0.090 0.024 0.504 0.049 0.158 0.086 0.089 
104 UA00049904    (0)   :  0.156 0.189 0.212 0.059 0.124 0.143 0.117 
105 UA00035335    (0)   :  0.144 0.031 0.205 0.016 0.215 0.161 0.229 
106 UA00012611    (0)   :  0.216 0.047 0.125 0.035 0.191 0.205 0.181 
107 UA00050319    (0)   :  0.079 0.025 0.566 0.029 0.151 0.075 0.074 
108 UA00032068    (4)   :  0.195 0.136 0.105 0.030 0.165 0.190 0.179 
109 UA00032026    (4)   :  0.184 0.098 0.113 0.045 0.185 0.185 0.191 
110 UA00030476    (4)   :  0.073 0.086 0.544 0.025 0.137 0.071 0.064 
111 UA00046853    (0)   :  0.116 0.077 0.448 0.044 0.121 0.105 0.091 
112 UA00040156    (4)   :  0.019 0.883 0.018 0.024 0.018 0.019 0.019 
113 UA00030528    (4)   :  0.176 0.235 0.050 0.037 0.153 0.180 0.169 
114  Puco025    (4)   :  0.160 0.033 0.112 0.031 0.229 0.179 0.256 
115    pc016    (0)   :  0.019 0.886 0.017 0.024 0.018 0.018 0.018 
116 UA00030617    (4)   :  0.157 0.024 0.128 0.026 0.232 0.182 0.251 
117 UA00030585    (4)   :  0.031 0.798 0.044 0.038 0.031 0.030 0.028 
118 UA00032060    (4)   :  0.154 0.251 0.143 0.039 0.136 0.144 0.133 
119    pc007    (0)   :  0.128 0.071 0.372 0.051 0.147 0.117 0.113 
120 UA00030798    (4)   :  0.042 0.778 0.035 0.025 0.038 0.041 0.041 
121 UA00030778    (4)   :  0.198 0.021 0.083 0.028 0.217 0.216 0.237 
122 UA00039674    (4)   :  0.026 0.856 0.020 0.024 0.024 0.026 0.024 
123 UA00032241    (4)   :  0.154 0.023 0.274 0.029 0.199 0.149 0.172 
124 UA00011624    (0)   :  0.178 0.038 0.135 0.043 0.205 0.180 0.219 
125 UA00033779    (4)   :  0.090 0.033 0.525 0.043 0.145 0.086 0.080 
126 UA00049402    (4)   :  0.165 0.053 0.058 0.188 0.171 0.179 0.187 
127 UA00033653    (0)   :  0.073 0.028 0.599 0.038 0.127 0.071 0.064 
128 UA00047738    (0)   :  0.176 0.080 0.169 0.105 0.153 0.164 0.152 
129 UA00047502    (4)   :  0.175 0.075 0.058 0.230 0.135 0.174 0.154 
130 UA00012014    (4)   :  0.201 0.056 0.077 0.067 0.191 0.211 0.197 
131 UA00040729    (0)   :  0.137 0.060 0.287 0.037 0.196 0.130 0.153 
132 UA00030392    (4)   :  0.180 0.043 0.121 0.030 0.210 0.186 0.231 
133 UA00050033    (0)   :  0.176 0.070 0.170 0.042 0.185 0.172 0.185 
134 UA00012152    (0)   :  0.098 0.024 0.046 0.485 0.115 0.108 0.123 
135 UA00050406    (0)   :  0.213 0.060 0.115 0.055 0.175 0.203 0.180 
136 UA00047973    (0)   :  0.186 0.042 0.226 0.052 0.165 0.179 0.150 
137 UA00008051    (0)   :  0.164 0.122 0.120 0.121 0.151 0.164 0.158 
138 UA00047337    (4)   :  0.147 0.230 0.136 0.047 0.151 0.145 0.145 
139 UA00041604    (4)   :  0.185 0.107 0.112 0.113 0.152 0.169 0.162 
140 UA00031704    (4)   :  0.180 0.028 0.109 0.022 0.218 0.198 0.244 
141 UA00040423    (4)   :  0.186 0.113 0.094 0.042 0.178 0.190 0.198 
142 UA00049433    (0)   :  0.186 0.085 0.060 0.127 0.164 0.190 0.186 
143 UA00034816    (0)   :  0.157 0.041 0.076 0.114 0.203 0.167 0.243 
144 UA00050214    (0)   :  0.144 0.032 0.074 0.028 0.252 0.182 0.289 
145 UA00041073    (0)   :  0.179 0.074 0.124 0.103 0.170 0.177 0.174 
146 UA00030318    (4)   :  0.173 0.033 0.109 0.076 0.203 0.182 0.225 
147 UA00046845    (0)   :  0.165 0.055 0.068 0.140 0.184 0.176 0.212 
148 UA00063946    (0)   :  0.059 0.049 0.622 0.034 0.131 0.056 0.049 
149 UA00031374    (4)   :  0.194 0.050 0.113 0.083 0.173 0.189 0.198 
150    M1136    (4)   :  0.126 0.349 0.059 0.043 0.135 0.138 0.151 
151 UA00034299    (0)   :  0.134 0.040 0.072 0.042 0.249 0.175 0.288 
152 UA00002387    (4)   :  0.184 0.025 0.057 0.087 0.192 0.207 0.248 
153 UA00021855    (0)   :  0.196 0.058 0.199 0.065 0.149 0.180 0.153 
154 UA00014500    (0)   :  0.200 0.068 0.092 0.038 0.197 0.203 0.202 
155 UA00050419    (4)   :  0.136 0.025 0.087 0.040 0.244 0.176 0.292 
156 UA00031854    (4)   :  0.189 0.049 0.139 0.110 0.164 0.183 0.166 
157    pc011    (4)   :  0.164 0.028 0.067 0.052 0.232 0.194 0.263 
158 UA00033004    (0)   :  0.183 0.086 0.069 0.057 0.193 0.195 0.217 
159 UA00046510    (0)   :  0.183 0.036 0.074 0.174 0.171 0.181 0.181 
160 UA00048747    (0)   :  0.180 0.038 0.065 0.082 0.198 0.195 0.242 
161 UA00014293    (0)   :  0.155 0.032 0.064 0.054 0.219 0.205 0.270 
162 UA00047686    (0)   :  0.176 0.069 0.058 0.215 0.151 0.168 0.162 
163 UA00033783    (4)   :  0.090 0.350 0.182 0.128 0.092 0.083 0.076 
164 UA00042609    (4)   :  0.142 0.073 0.050 0.292 0.136 0.148 0.160 
165 UA00031169    (4)   :  0.151 0.038 0.065 0.033 0.230 0.199 0.285 
166 UA00035181    (0)   :  0.169 0.019 0.231 0.033 0.200 0.171 0.177 
167 UA00050133    (0)   :  0.186 0.053 0.107 0.067 0.193 0.192 0.202 
168  Puco011    (4)   :  0.158 0.050 0.063 0.064 0.214 0.193 0.257 
169 UA00041476    (0)   :  0.185 0.077 0.070 0.110 0.171 0.191 0.197 
170 UA00046702    (0)   :  0.169 0.032 0.081 0.037 0.227 0.195 0.259 
171 UA00019940    (0)   :  0.182 0.060 0.101 0.081 0.192 0.185 0.200 
172 UA00049813    (0)   :  0.171 0.065 0.252 0.046 0.156 0.158 0.152 
173 UA00064165    (0)   :  0.122 0.064 0.072 0.421 0.098 0.117 0.105 
174 UA00064421    (0)   :  0.165 0.023 0.063 0.315 0.134 0.156 0.145 
175 UA00064569    (4)   :  0.169 0.022 0.144 0.040 0.227 0.172 0.226 
176 UA00003996    (0)   :  0.155 0.053 0.072 0.196 0.166 0.171 0.186 
177 UA00064491    (4)   :  0.153 0.030 0.123 0.081 0.215 0.169 0.230 
178 UA00011899    (0)   :  0.216 0.062 0.119 0.041 0.168 0.205 0.190 
179  Puco015    (4)   :  0.170 0.149 0.092 0.059 0.171 0.170 0.189 
180 UA00047929    (4)   :  0.138 0.038 0.302 0.025 0.205 0.132 0.159 
181 UA00056669    (0)   :  0.215 0.035 0.089 0.090 0.172 0.210 0.188 
182 UA00050176    (0)   :  0.205 0.077 0.087 0.105 0.154 0.199 0.173 
183  Puco014    (4)   :  0.181 0.057 0.211 0.086 0.152 0.168 0.143 
184 UA00019608    (0)   :  0.186 0.040 0.061 0.099 0.184 0.207 0.223 
185 UA00064333    (0)   :  0.193 0.042 0.061 0.061 0.197 0.205 0.241 
186  Puco013    (4)   :  0.180 0.047 0.074 0.197 0.154 0.181 0.166 
187 UA00016092    (0)   :  0.155 0.022 0.106 0.027 0.237 0.182 0.270 
188 UA00019060    (0)   :  0.083 0.137 0.052 0.510 0.069 0.077 0.073 
189 UA00063532    (0)   :  0.175 0.082 0.149 0.082 0.170 0.181 0.162 
190 UA00064117    (0)   :  0.109 0.250 0.060 0.282 0.093 0.107 0.099 
191 UA00011969    (0)   :  0.198 0.072 0.134 0.093 0.155 0.188 0.160 
192 UA00034586    (4)   :  0.183 0.033 0.215 0.036 0.182 0.176 0.175 
193 UA00030736    (4)   :  0.216 0.057 0.085 0.043 0.182 0.215 0.203 
194 UA00048493    (0)   :  0.198 0.091 0.112 0.053 0.181 0.192 0.174 
195 UA00040466    (0)   :  0.061 0.032 0.043 0.691 0.055 0.061 0.057 
196 UA00047659    (0)   :  0.216 0.032 0.126 0.060 0.187 0.201 0.177 
197 UA00042002    (4)   :  0.145 0.250 0.152 0.063 0.131 0.139 0.120 
198 UA00062606    (0)   :  0.169 0.062 0.084 0.172 0.164 0.170 0.179 
199 UA00030615    (4)   :  0.063 0.026 0.043 0.697 0.055 0.061 0.055 
200 UA00048899    (0)   :  0.215 0.048 0.112 0.062 0.174 0.210 0.179 
201 UA00047725    (0)   :  0.024 0.025 0.021 0.864 0.022 0.023 0.022 
202 UA00030866    (4)   :  0.203 0.042 0.085 0.099 0.180 0.209 0.183 
203 UA00034564    (0)   :  0.209 0.045 0.063 0.073 0.187 0.216 0.207 
204 UA00046520    (0)   :  0.087 0.029 0.530 0.038 0.152 0.083 0.081 
205 UA00035027    (0)   :  0.183 0.073 0.150 0.116 0.159 0.176 0.142 
206 UA00035421    (0)   :  0.139 0.036 0.049 0.339 0.131 0.144 0.161 
207 UA00062740    (4)   :  0.173 0.105 0.090 0.165 0.154 0.176 0.137 
208 UA00012360    (0)   :  0.052 0.029 0.035 0.733 0.051 0.050 0.051 
209 UA00050203    (0)   :  0.179 0.055 0.187 0.047 0.182 0.181 0.169 
210 UA00040534    (4)   :  0.112 0.219 0.049 0.343 0.083 0.104 0.089 
211 UA00031261    (4)   :  0.081 0.132 0.036 0.534 0.064 0.081 0.071 
212 UA00031917    (4)   :  0.103 0.227 0.039 0.351 0.088 0.101 0.090 
213 UA00040798    (4)   :  0.113 0.086 0.113 0.392 0.094 0.105 0.096 
214 UA00030598    (4)   :  0.139 0.084 0.094 0.333 0.104 0.134 0.111 
215 UA00050385    (0)   :  0.207 0.050 0.064 0.100 0.172 0.210 0.196 
216 UA00058283    (0)   :  0.044 0.061 0.037 0.745 0.037 0.040 0.036 
217 UA00042297    (4)   :  0.101 0.396 0.100 0.145 0.080 0.095 0.083 
218 UA00015415    (4)   :  0.042 0.028 0.025 0.783 0.041 0.042 0.040 
219 UA00035531    (0)   :  0.065 0.104 0.036 0.608 0.060 0.067 0.062 
220 UA00048683    (0)   :  0.086 0.035 0.048 0.589 0.076 0.084 0.082 
221 UA00046734    (4)   :  0.049 0.037 0.033 0.748 0.044 0.046 0.044 
222   pcRF01    (0)   :  0.145 0.018 0.059 0.037 0.237 0.201 0.303 
223 UA00007223    (0)   :  0.166 0.084 0.055 0.215 0.150 0.173 0.156 
224 UA00013841    (0)   :  0.163 0.168 0.125 0.038 0.173 0.160 0.172 
225 UA00014196    (0)   :  0.075 0.068 0.036 0.604 0.067 0.079 0.072 
226 UA00034635    (0)   :  0.213 0.035 0.109 0.055 0.183 0.218 0.188 
227 UA00047371    (0)   :  0.160 0.244 0.148 0.068 0.120 0.147 0.112 
228 UA00063544    (0)   :  0.148 0.232 0.153 0.064 0.131 0.140 0.131 
229 UA00064246    (0)   :  0.147 0.107 0.159 0.187 0.133 0.139 0.128 
230 UA00064328    (0)   :  0.173 0.108 0.081 0.205 0.131 0.162 0.141 
231 UA00002952    (0)   :  0.138 0.162 0.074 0.240 0.123 0.146 0.118 
232 UA00064079    (0)   :  0.177 0.163 0.098 0.083 0.155 0.174 0.150 
233 UA00046793    (0)   :  0.136 0.172 0.054 0.249 0.118 0.138 0.133 
234 UA00034769    (0)   :  0.089 0.440 0.137 0.101 0.078 0.085 0.071 
235 UA00034949    (0)   :  0.159 0.072 0.044 0.252 0.142 0.172 0.159 
236 UA00063753    (0)   :  0.115 0.100 0.383 0.107 0.112 0.105 0.079 
237 UA00015713    (0)   :  0.156 0.171 0.229 0.047 0.135 0.145 0.118 
238 UA00003494    (0)   :  0.158 0.102 0.047 0.140 0.167 0.183 0.203 
239 UA00056767    (0)   :  0.083 0.018 0.564 0.033 0.141 0.083 0.077 
240 UA00014461    (0)   :  0.149 0.097 0.087 0.222 0.141 0.156 0.149 
241 UA00034669    (0)   :  0.124 0.139 0.078 0.362 0.097 0.111 0.089 
242 UA00048164    (0)   :  0.161 0.034 0.100 0.231 0.154 0.162 0.159 
243 UA00007974    (0)   :  0.124 0.091 0.390 0.055 0.137 0.113 0.091 
244 UA00016166    (0)   :  0.142 0.297 0.053 0.058 0.148 0.147 0.156 
245 UA00015653    (0)   :  0.139 0.273 0.066 0.178 0.105 0.131 0.109 
246 UA00063882    (0)   :  0.122 0.122 0.057 0.370 0.102 0.118 0.109 
247 UA00049027    (0)   :  0.138 0.284 0.124 0.101 0.119 0.123 0.111 
248 UA00018878    (0)   :  0.122 0.298 0.203 0.043 0.124 0.115 0.094 
249 UA00038796    (0)   :  0.143 0.052 0.100 0.334 0.119 0.136 0.115 
250 UA00013465    (0)   :  0.083 0.051 0.056 0.599 0.064 0.078 0.070 
251 UA00014604    (0)   :  0.153 0.103 0.143 0.229 0.122 0.140 0.110 
252 UA00041913    (0)   :  0.106 0.277 0.266 0.068 0.100 0.099 0.083 
253 UA00021632    (0)   :  0.096 0.502 0.059 0.086 0.082 0.095 0.080 
254 UA00064027    (0)   :  0.196 0.148 0.081 0.130 0.133 0.173 0.139 
255 UA00015023    (0)   :  0.174 0.046 0.075 0.141 0.179 0.182 0.203 
256 UA00050243    (0)   :  0.168 0.273 0.066 0.066 0.126 0.164 0.137 
257 UA00048298    (0)   :  0.183 0.081 0.108 0.076 0.171 0.189 0.191 
258 UA00050437    (0)   :  0.176 0.061 0.076 0.241 0.136 0.170 0.142 
259 UA00014262    (0)   :  0.180 0.160 0.090 0.079 0.159 0.164 0.167 
260 UA00049129    (0)   :  0.153 0.095 0.240 0.048 0.163 0.154 0.147 
261 UA00014740    (0)   :  0.146 0.093 0.255 0.093 0.145 0.140 0.128 
262 UA00049612    (0)   :  0.056 0.641 0.064 0.083 0.052 0.055 0.049 
263 UA00014635    (0)   :  0.098 0.026 0.485 0.035 0.168 0.091 0.098 
264 UA00014673    (0)   :  0.141 0.173 0.107 0.215 0.122 0.131 0.111 
265 UA00033608    (0)   :  0.096 0.427 0.141 0.086 0.084 0.091 0.074 
266 UA00064540    (0)   :  0.114 0.048 0.412 0.097 0.139 0.101 0.089 
267 UA00050256    (0)   :  0.167 0.192 0.069 0.159 0.122 0.163 0.128 
268 UA00015274    (0)   :  0.187 0.046 0.090 0.089 0.198 0.187 0.204 
269 UA00062993    (0)   :  0.181 0.026 0.255 0.090 0.157 0.162 0.129 
270 UA00038364    (0)   :  0.167 0.127 0.197 0.090 0.136 0.158 0.126 
271 UA00014446    (0)   :  0.228 0.030 0.128 0.046 0.178 0.209 0.181 
272 UA00063545    (0)   :  0.085 0.483 0.048 0.156 0.072 0.081 0.073 
273 UA00040054    (0)   :  0.170 0.073 0.103 0.034 0.215 0.179 0.227 
274 UA00058447    (0)   :  0.172 0.060 0.249 0.047 0.168 0.164 0.141 
275 UA00046835    (0)   :  0.148 0.047 0.309 0.049 0.169 0.144 0.132 
276 UA00014608    (0)   :  0.203 0.042 0.178 0.071 0.163 0.186 0.157 
277    pc012    (0)   :  0.183 0.076 0.137 0.118 0.162 0.176 0.148 
278    pc002    (0)   :  0.129 0.389 0.077 0.081 0.102 0.120 0.102 
279 UA00033690    (0)   :  0.082 0.205 0.411 0.049 0.118 0.073 0.063 
280 UA00013688    (0)   :  0.187 0.063 0.135 0.109 0.164 0.185 0.157 
281 UA00063666    (0)   :  0.084 0.102 0.547 0.022 0.114 0.073 0.058 
282 UA00063292    (0)   :  0.077 0.030 0.588 0.030 0.137 0.073 0.065 
283    pc001    (0)   :  0.194 0.053 0.149 0.095 0.167 0.180 0.163 
284    pc008    (0)   :  0.168 0.057 0.245 0.062 0.167 0.151 0.148 
285 UA00034316    (0)   :  0.130 0.212 0.056 0.214 0.123 0.130 0.135 
286 UA00013046    (0)   :  0.147 0.039 0.226 0.026 0.209 0.150 0.204 
287 UA00050241    (0)   :  0.130 0.037 0.421 0.022 0.157 0.117 0.115 
288 UA00048599    (0)   :  0.155 0.029 0.346 0.035 0.169 0.145 0.120 
289 UA00046649    (0)   :  0.116 0.392 0.108 0.045 0.117 0.113 0.108 
290 UA00015674    (0)   :  0.079 0.488 0.156 0.068 0.076 0.072 0.061 
291 UA00013177    (0)   :  0.127 0.122 0.263 0.122 0.132 0.121 0.114 
292 UA00012814    (0)   :  0.195 0.051 0.104 0.077 0.175 0.197 0.202 
293 UA00034654    (0)   :  0.195 0.033 0.157 0.037 0.201 0.188 0.188 
294 UA00046743    (0)   :  0.108 0.037 0.378 0.043 0.189 0.111 0.133 
295 UA00014854    (0)   :  0.103 0.160 0.376 0.022 0.151 0.095 0.093 
296 UA00013729    (0)   :  0.169 0.053 0.090 0.056 0.210 0.182 0.240 
297 UA00063483    (0)   :  0.184 0.041 0.275 0.031 0.146 0.181 0.142 
298 UA00039326    (0)   :  0.156 0.151 0.210 0.045 0.155 0.143 0.140 
299 UA00014742    (0)   :  0.153 0.044 0.398 0.028 0.124 0.139 0.113 
300 UA00049597    (0)   :  0.086 0.449 0.190 0.020 0.097 0.083 0.075 
301 UA00048067    (0)   :  0.150 0.117 0.285 0.079 0.128 0.140 0.102 
302 UA00012918    (0)   :  0.068 0.215 0.449 0.023 0.118 0.065 0.062 
303 UA00013487    (0)   :  0.134 0.025 0.059 0.024 0.244 0.193 0.319 
304 UA00046759    (0)   :  0.156 0.127 0.120 0.199 0.127 0.148 0.123 
305 UA00050164    (0)   :  0.073 0.602 0.041 0.047 0.078 0.077 0.082 
306 UA00049839    (0)   :  0.154 0.037 0.346 0.056 0.134 0.143 0.130 
307 UA00048444    (0)   :  0.062 0.091 0.606 0.035 0.110 0.055 0.041 
308 UA00063857    (0)   :  0.155 0.056 0.287 0.023 0.180 0.147 0.151 
309 UA00014921    (0)   :  0.104 0.462 0.132 0.025 0.093 0.097 0.086 
310 UA00048895    (0)   :  0.104 0.432 0.121 0.052 0.100 0.099 0.091 
311 UA00014556    (0)   :  0.191 0.048 0.120 0.171 0.145 0.175 0.149 
312    pc009    (0)   :  0.073 0.032 0.593 0.020 0.138 0.073 0.070 
313 UA00014959    (0)   :  0.090 0.458 0.144 0.034 0.104 0.087 0.084 
314 UA00020709    (0)   :  0.164 0.128 0.167 0.054 0.173 0.158 0.157 
315 UA00013126    (0)   :  0.026 0.835 0.032 0.029 0.027 0.026 0.025 
316 UA00013695    (0)   :  0.040 0.777 0.038 0.029 0.038 0.040 0.037 
317 UA00049344    (0)   :  0.108 0.485 0.072 0.054 0.090 0.103 0.089 
318 UA00047614    (0)   :  0.049 0.666 0.042 0.113 0.042 0.048 0.040 
319 UA00014221    (0)   :  0.114 0.017 0.473 0.027 0.161 0.108 0.101 
320 UA00014346    (0)   :  0.121 0.062 0.425 0.060 0.133 0.113 0.086 
321 UA00014245    (0)   :  0.100 0.284 0.237 0.033 0.149 0.095 0.102 
322 UA00014696    (0)   :  0.033 0.808 0.021 0.044 0.030 0.032 0.032 
323 UA00006991    (0)   :  0.214 0.036 0.082 0.089 0.181 0.208 0.191 
324 UA00048948    (0)   :  0.222 0.048 0.118 0.071 0.163 0.206 0.172 
325 UA00002239    (0)   :  0.198 0.054 0.066 0.095 0.184 0.197 0.206 
326 UA00063459    (0)   :  0.083 0.044 0.553 0.022 0.149 0.077 0.072 
327 UA00048356    (0)   :  0.170 0.063 0.227 0.128 0.138 0.157 0.116 
328 UA00063940    (0)   :  0.186 0.055 0.091 0.122 0.173 0.188 0.185 
329 UA00048130    (0)   :  0.135 0.035 0.415 0.049 0.134 0.130 0.102 
330 UA00048903    (0)   :  0.146 0.022 0.170 0.027 0.226 0.161 0.247 
331 UA00064643    (0)   :  0.175 0.069 0.137 0.072 0.178 0.177 0.192 
332 UA00050233    (0)   :  0.179 0.037 0.165 0.099 0.173 0.171 0.176 
333 UA00012507    (0)   :  0.195 0.030 0.077 0.182 0.162 0.184 0.171 
334 UA00064416    (0)   :  0.163 0.032 0.071 0.045 0.215 0.208 0.265 
335 UA00034724    (0)   :  0.187 0.036 0.178 0.063 0.179 0.182 0.176 
336 UA00002621    (0)   :  0.165 0.031 0.217 0.038 0.205 0.166 0.178 
337 UA00033203    (0)   :  0.153 0.052 0.059 0.041 0.220 0.195 0.281 
338 UA00011996    (0)   :  0.215 0.071 0.137 0.033 0.170 0.210 0.165 
339 UA00014408    (0)   :  0.148 0.044 0.064 0.316 0.139 0.145 0.145 
340 UA00049502    (0)   :  0.195 0.035 0.190 0.130 0.141 0.178 0.131 
341 UA00062695    (0)   :  0.142 0.099 0.310 0.078 0.131 0.133 0.108 
342 UA00014072    (0)   :  0.146 0.057 0.369 0.050 0.138 0.131 0.109 
343 UA00003334    (0)   :  0.131 0.039 0.315 0.029 0.199 0.130 0.157 
344 UA00013835    (0)   :  0.185 0.074 0.208 0.056 0.155 0.174 0.148 
345 UA00046760    (0)   :  0.163 0.201 0.201 0.041 0.129 0.146 0.119 
346 UA00014241    (0)   :  0.175 0.032 0.174 0.055 0.193 0.178 0.194 
347 UA00049585    (0)   :  0.182 0.038 0.313 0.024 0.147 0.167 0.129 
348 UA00013409    (0)   :  0.106 0.056 0.384 0.168 0.109 0.098 0.079 
349 UA00047548    (0)   :  0.211 0.049 0.127 0.026 0.183 0.206 0.197 
350 UA00049038    (0)   :  0.121 0.346 0.127 0.103 0.098 0.111 0.094 
351 UA00047612    (0)   :  0.210 0.035 0.139 0.066 0.178 0.192 0.180 
352 UA00014822    (0)   :  0.129 0.302 0.091 0.156 0.100 0.122 0.099 
353 UA00035299    (0)   :  0.177 0.053 0.103 0.052 0.197 0.200 0.218 
354 UA00012804    (0)   :  0.135 0.355 0.101 0.068 0.110 0.127 0.105 
355 UA00049578    (0)   :  0.184 0.041 0.149 0.147 0.154 0.173 0.151 
356 UA00047672    (0)   :  0.146 0.029 0.055 0.051 0.238 0.193 0.288 
357 UA00043961    (0)   :  0.063 0.621 0.073 0.074 0.056 0.060 0.054 
358 UA00064575    (0)   :  0.153 0.050 0.219 0.208 0.116 0.143 0.111 
359 UA00014732    (0)   :  0.201 0.030 0.108 0.076 0.188 0.195 0.203 
360 UA00050181    (0)   :  0.218 0.021 0.075 0.068 0.193 0.213 0.212 
361 UA00033369    (0)   :  0.161 0.255 0.063 0.080 0.134 0.159 0.148 
362 UA00011982    (0)   :  0.131 0.022 0.084 0.021 0.259 0.176 0.307 
363 UA00014590    (0)   :  0.186 0.110 0.067 0.071 0.172 0.190 0.203 
364 UA00047743    (0)   :  0.182 0.032 0.073 0.031 0.218 0.210 0.254 
365 UA00046621    (0)   :  0.180 0.029 0.087 0.023 0.220 0.198 0.262 
366 UA00050422    (0)   :  0.194 0.038 0.099 0.137 0.169 0.188 0.174 
367 UA00002760    (0)   :  0.181 0.091 0.172 0.043 0.165 0.180 0.168 
368 UA00012999    (0)   :  0.187 0.123 0.090 0.038 0.181 0.195 0.186 
369 UA00063838    (0)   :  0.161 0.032 0.188 0.047 0.207 0.165 0.200 
370 UA00003729    (0)   :  0.126 0.193 0.174 0.182 0.111 0.118 0.097 
371 UA00015348    (0)   :  0.122 0.077 0.413 0.067 0.117 0.115 0.090 
372 UA00019058    (0)   :  0.098 0.051 0.426 0.106 0.142 0.093 0.084 
373 UA00049549    (0)   :  0.056 0.116 0.588 0.023 0.118 0.052 0.047 
374 UA00014334    (0)   :  0.186 0.054 0.071 0.109 0.183 0.193 0.204 
375 UA00014350    (0)   :  0.106 0.018 0.068 0.018 0.279 0.175 0.337 
376 UA00049227    (0)   :  0.173 0.197 0.067 0.107 0.139 0.175 0.142 
377 UA00014051    (0)   :  0.164 0.025 0.064 0.163 0.184 0.187 0.213 
378 UA00034381    (0)   :  0.178 0.043 0.140 0.105 0.177 0.178 0.180 
379 UA00002354    (0)   :  0.150 0.026 0.071 0.031 0.236 0.195 0.290 
380 UA00049892    (0)   :  0.136 0.092 0.239 0.028 0.189 0.139 0.176 
381 UA00021989    (0)   :  0.184 0.026 0.151 0.060 0.183 0.190 0.207 
382 UA00048968    (0)   :  0.199 0.033 0.099 0.060 0.189 0.208 0.213 
383 UA00013174    (0)   :  0.165 0.051 0.088 0.068 0.202 0.186 0.241 
384 UA00033992    (0)   :  0.182 0.200 0.065 0.038 0.154 0.185 0.176 
385 UA00015801    (0)   :  0.139 0.017 0.100 0.020 0.249 0.185 0.289 
386 UA00063303    (0)   :  0.116 0.265 0.210 0.070 0.128 0.110 0.102 
387 UA00050206    (0)   :  0.113 0.020 0.516 0.036 0.128 0.103 0.083 
388 UA00014458    (0)   :  0.166 0.096 0.173 0.075 0.165 0.163 0.162 
389 UA00007204    (0)   :  0.123 0.061 0.367 0.034 0.178 0.111 0.126 
390 UA00063212    (0)   :  0.119 0.205 0.236 0.150 0.095 0.109 0.087 
391 UA00013340    (0)   :  0.206 0.110 0.134 0.038 0.159 0.188 0.166 
392 UA00062743    (0)   :  0.185 0.029 0.057 0.110 0.191 0.197 0.231 
393 UA00063189    (0)   :  0.097 0.070 0.056 0.495 0.090 0.098 0.095 
394 UA00035432    (0)   :  0.164 0.034 0.282 0.035 0.166 0.161 0.158 
395 UA00007958    (0)   :  0.191 0.031 0.121 0.036 0.199 0.209 0.213 
396 UA00013634    (0)   :  0.178 0.026 0.067 0.062 0.221 0.198 0.249 
397 UA00048175    (0)   :  0.125 0.016 0.068 0.039 0.255 0.180 0.317 
398 UA00003202    (0)   :  0.201 0.043 0.166 0.044 0.168 0.201 0.177 
399 UA00035090    (0)   :  0.162 0.049 0.194 0.108 0.163 0.160 0.164 
400 UA00064679    (0)   :  0.132 0.062 0.077 0.331 0.126 0.131 0.141 
401 UA00039518    (0)   :  0.168 0.045 0.135 0.039 0.203 0.187 0.223 
402 UA00058268    (0)   :  0.204 0.047 0.112 0.058 0.183 0.204 0.192 
403 UA00049456    (0)   :  0.143 0.215 0.194 0.057 0.134 0.138 0.120 
404 UA00049550    (0)   :  0.150 0.030 0.309 0.126 0.130 0.136 0.119 
405 UA00048342    (0)   :  0.179 0.134 0.153 0.065 0.155 0.166 0.148 
406 UA00063493    (0)   :  0.190 0.026 0.172 0.034 0.187 0.190 0.202 
407 UA00058261    (0)   :  0.160 0.033 0.063 0.147 0.190 0.180 0.227 
408 UA00014663    (0)   :  0.214 0.050 0.079 0.076 0.175 0.213 0.193 
409 UA00048817    (0)   :  0.163 0.206 0.061 0.062 0.159 0.165 0.184 
410 UA00049381    (0)   :  0.163 0.030 0.072 0.077 0.212 0.199 0.247 
411 UA00035901    (0)   :  0.168 0.051 0.090 0.275 0.126 0.156 0.134 
412 UA00013301    (0)   :  0.113 0.055 0.440 0.095 0.112 0.104 0.082 
413 UA00047926    (0)   :  0.159 0.082 0.061 0.108 0.184 0.185 0.220 
414 UA00007272    (0)   :  0.160 0.056 0.053 0.199 0.163 0.177 0.191 
415 UA00016041    (0)   :  0.163 0.077 0.259 0.047 0.158 0.154 0.142 
416 UA00013502    (0)   :  0.159 0.024 0.165 0.078 0.193 0.174 0.208 
417 UA00002390    (0)   :  0.204 0.123 0.084 0.052 0.163 0.191 0.183 
418 UA00034907    (0)   :  0.218 0.033 0.131 0.084 0.159 0.207 0.169 
419 UA00048821    (0)   :  0.163 0.142 0.095 0.137 0.149 0.159 0.156 
420 UA00002136    (0)   :  0.171 0.135 0.224 0.077 0.123 0.153 0.117 
421 UA00011790    (0)   :  0.176 0.053 0.076 0.074 0.196 0.205 0.220 
422 UA00021586    (0)   :  0.152 0.214 0.112 0.080 0.143 0.149 0.150 
423 UA00033270    (0)   :  0.197 0.049 0.133 0.080 0.176 0.192 0.173 
424 UA00048073    (0)   :  0.185 0.054 0.173 0.060 0.184 0.171 0.174 
425 UA00048856    (0)   :  0.173 0.045 0.128 0.134 0.171 0.173 0.177 
426 UA00049713    (0)   :  0.157 0.045 0.079 0.063 0.219 0.181 0.255 
427 UA00046885    (0)   :  0.189 0.053 0.186 0.045 0.172 0.187 0.168 
428 UA00034893    (0)   :  0.163 0.036 0.163 0.036 0.213 0.173 0.217 
429 UA00048011    (0)   :  0.192 0.022 0.108 0.095 0.187 0.185 0.211 
430 UA00015786    (0)   :  0.160 0.087 0.088 0.223 0.138 0.156 0.148 
431 UA00013162    (0)   :  0.178 0.044 0.049 0.115 0.195 0.197 0.222 
432 UA00049512    (0)   :  0.178 0.065 0.223 0.086 0.147 0.162 0.140 
433 UA00004046    (0)   :  0.163 0.026 0.074 0.049 0.224 0.207 0.257 
434 UA00048881    (0)   :  0.161 0.158 0.077 0.206 0.116 0.153 0.128 
435 UA00046610    (0)   :  0.180 0.147 0.072 0.113 0.147 0.176 0.164 
436 UA00033282    (0)   :  0.190 0.062 0.144 0.108 0.160 0.181 0.154 
437 UA00047561    (0)   :  0.199 0.036 0.066 0.049 0.200 0.207 0.245 
438 UA00013777    (0)   :  0.172 0.031 0.075 0.190 0.169 0.187 0.176 
439 UA00062849    (0)   :  0.136 0.045 0.415 0.045 0.131 0.127 0.100 
440 UA00049786    (0)   :  0.145 0.024 0.060 0.079 0.230 0.176 0.287 
441 UA00033246    (0)   :  0.093 0.029 0.582 0.023 0.122 0.085 0.067 
442 UA00045302    (0)   :  0.217 0.055 0.109 0.040 0.184 0.208 0.187 
443 UA00048637    (0)   :  0.159 0.034 0.072 0.074 0.215 0.183 0.264 
444 UA00049832    (0)   :  0.127 0.165 0.281 0.041 0.151 0.118 0.118 
445 UA00022023    (0)   :  0.200 0.115 0.077 0.057 0.174 0.196 0.181 
446 UA00050192    (0)   :  0.184 0.197 0.079 0.052 0.155 0.178 0.155 
447 UA00050413    (0)   :  0.183 0.042 0.168 0.075 0.181 0.176 0.176 
448 UA00013445    (0)   :  0.206 0.023 0.105 0.034 0.205 0.209 0.219 
449 UA00035496    (0)   :  0.164 0.046 0.119 0.244 0.139 0.153 0.134 
450 UA00003333    (0)   :  0.144 0.102 0.065 0.294 0.124 0.140 0.131 
451 UA00064008    (0)   :  0.163 0.032 0.069 0.282 0.144 0.152 0.158 
452 UA00003427    (0)   :  0.169 0.191 0.113 0.093 0.134 0.160 0.140 
453 UA00028092    (0)   :  0.133 0.261 0.105 0.153 0.109 0.126 0.113 
454    pc003    (0)   :  0.064 0.106 0.042 0.612 0.055 0.063 0.058 
455 UA00034440    (0)   :  0.150 0.039 0.319 0.082 0.142 0.147 0.122 
456 UA00026062    (0)   :  0.152 0.053 0.060 0.047 0.222 0.197 0.269 
457 UA00014347    (0)   :  0.180 0.077 0.153 0.128 0.155 0.165 0.142 
458 UA00021516    (0)   :  0.169 0.037 0.083 0.043 0.230 0.185 0.253 
459 UA00049347    (0)   :  0.144 0.040 0.065 0.336 0.128 0.143 0.143 
460 UA00063436    (0)   :  0.097 0.047 0.199 0.396 0.088 0.094 0.078 
461 UA00047790    (0)   :  0.214 0.041 0.067 0.061 0.184 0.226 0.207 
462 UA00045714    (0)   :  0.159 0.111 0.069 0.248 0.123 0.155 0.135 
463 UA00038979    (0)   :  0.111 0.141 0.339 0.056 0.145 0.108 0.101 
464 UA00016123    (0)   :  0.181 0.085 0.069 0.133 0.165 0.189 0.177 
465 UA00034765    (0)   :  0.059 0.023 0.031 0.711 0.055 0.061 0.060 
466 UA00063815    (0)   :  0.084 0.119 0.077 0.502 0.068 0.083 0.067 
467 UA00034795    (0)   :  0.146 0.049 0.338 0.066 0.142 0.139 0.119 
468 UA00004000    (0)   :  0.069 0.037 0.053 0.656 0.061 0.066 0.058 
469 UA00049367    (0)   :  0.156 0.028 0.251 0.123 0.157 0.152 0.132 
470 UA00034457    (0)   :  0.204 0.052 0.099 0.037 0.189 0.210 0.208 
471 UA00050015    (0)   :  0.165 0.086 0.259 0.089 0.135 0.150 0.116 
472 UA00021373    (0)   :  0.201 0.054 0.118 0.071 0.177 0.200 0.180 
473 UA00050232    (0)   :  0.078 0.114 0.052 0.550 0.066 0.075 0.066 
474 UA00038724    (0)   :  0.173 0.135 0.197 0.046 0.143 0.171 0.135 
475 UA00007824    (0)   :  0.162 0.110 0.061 0.107 0.178 0.181 0.201 
476 UA00048754    (0)   :  0.187 0.023 0.061 0.156 0.183 0.200 0.190 
477 UA00014271    (0)   :  0.176 0.085 0.142 0.057 0.185 0.179 0.177 
478 UA00013756    (0)   :  0.120 0.115 0.272 0.183 0.110 0.110 0.090 
479 UA00014385    (0)   :  0.139 0.130 0.061 0.284 0.119 0.138 0.130 
480 UA00049609    (0)   :  0.152 0.044 0.309 0.056 0.165 0.144 0.130 
481 UA00003748    (0)   :  0.135 0.032 0.058 0.356 0.133 0.147 0.139 
482 UA00063952    (0)   :  0.151 0.027 0.084 0.292 0.147 0.149 0.150 
483 UA00058348    (0)   :  0.095 0.025 0.088 0.534 0.085 0.093 0.081 
484 UA00014922    (0)   :  0.055 0.048 0.046 0.694 0.051 0.052 0.053 
485 UA00003820    (0)   :  0.182 0.023 0.064 0.124 0.191 0.200 0.214 
486 UA00013693    (0)   :  0.179 0.092 0.081 0.162 0.148 0.181 0.156 
487 UA00047713    (0)   :  0.078 0.027 0.035 0.631 0.074 0.077 0.079 
488 UA00034891    (0)   :  0.128 0.051 0.111 0.374 0.111 0.127 0.099 
489 UA00049223    (0)   :  0.142 0.041 0.097 0.325 0.132 0.133 0.130 
490 UA00064399    (0)   :  0.053 0.239 0.021 0.548 0.042 0.050 0.046 
491 UA00013336    (0)   :  0.055 0.081 0.043 0.687 0.042 0.049 0.042 
492 UA00035291    (0)   :  0.065 0.058 0.026 0.670 0.055 0.067 0.060 
493 UA00003945    (0)   :  0.080 0.061 0.053 0.589 0.065 0.080 0.072 
494 UA00014518    (0)   :  0.112 0.053 0.046 0.460 0.102 0.117 0.111 
495 UA00013583    (0)   :  0.094 0.417 0.082 0.173 0.076 0.089 0.071 
496 UA00011510    (0)   :  0.122 0.077 0.065 0.400 0.099 0.123 0.113 
497 UA00046860    (0)   :  0.150 0.067 0.061 0.269 0.141 0.152 0.159 
498 UA00048853    (0)   :  0.132 0.152 0.064 0.310 0.105 0.123 0.114 
499 UA00012151    (0)   :  0.064 0.039 0.029 0.684 0.056 0.066 0.062 
500 UA00063930    (0)   :  0.082 0.411 0.159 0.126 0.075 0.080 0.066 
501 UA00013453    (0)   :  0.139 0.122 0.095 0.244 0.122 0.142 0.135 
502 UA00039299    (0)   :  0.047 0.045 0.032 0.749 0.039 0.045 0.042 
503 UA00014280    (0)   :  0.034 0.020 0.030 0.822 0.031 0.033 0.031 
504 UA00014200    (0)   :  0.093 0.037 0.037 0.529 0.096 0.101 0.107 
505 UA00040612    (0)   :  0.049 0.114 0.031 0.668 0.043 0.049 0.046 
506 UA00062679    (0)   :  0.047 0.065 0.034 0.730 0.040 0.043 0.040 
507 UA00034481    (0)   :  0.074 0.034 0.041 0.654 0.063 0.068 0.067 
508 UA00011880    (0)   :  0.102 0.273 0.292 0.078 0.090 0.093 0.071 
509 UA00013421    (0)   :  0.048 0.147 0.022 0.656 0.039 0.046 0.044 
510 UA00048051    (0)   :  0.032 0.032 0.023 0.822 0.029 0.032 0.030 
511 UA00063370    (0)   :  0.039 0.113 0.028 0.720 0.032 0.037 0.032 
512 UA00014716    (0)   :  0.049 0.067 0.034 0.722 0.041 0.045 0.042 
513 UA00033426    (0)   :  0.097 0.149 0.036 0.399 0.098 0.105 0.115 
514 UA00015190    (0)   :  0.053 0.198 0.031 0.578 0.045 0.049 0.045 
515 UA00013730    (0)   :  0.183 0.069 0.149 0.042 0.191 0.179 0.188 
516 UA00047644    (4)   :  0.115 0.125 0.051 0.421 0.084 0.111 0.093 
517 UA00031933    (9)   :  0.199 0.044 0.076 0.083 0.184 0.203 0.211 
518 UA00031541    (9)   :  0.112 0.112 0.086 0.376 0.100 0.109 0.104 
519   PCO-60    (4)   :  0.165 0.036 0.142 0.142 0.179 0.166 0.172 
520 UA00030495    (4)   :  0.179 0.103 0.132 0.131 0.145 0.173 0.138 
521 UA00031133    (4)   :  0.069 0.033 0.594 0.027 0.147 0.064 0.065 
522 UA00032049    (4)   :  0.163 0.256 0.094 0.080 0.128 0.150 0.129 
523 UA00030599    (4)   :  0.079 0.083 0.505 0.069 0.128 0.074 0.062 
524 UA00030250    (4)   :  0.187 0.030 0.081 0.043 0.207 0.211 0.241 
525 UA00049385    (4)   :  0.135 0.097 0.309 0.097 0.138 0.123 0.101 
526 UA00031816    (4)   :  0.062 0.032 0.618 0.032 0.147 0.057 0.053 
527 UA00030275    (4)   :  0.187 0.105 0.086 0.080 0.171 0.189 0.183 
528 UA00041861    (4)   :  0.191 0.078 0.091 0.087 0.176 0.192 0.186 
529 UA00041433    (4)   :  0.209 0.025 0.118 0.038 0.198 0.199 0.213 
530  PCO-114    (4)   :  0.181 0.032 0.061 0.103 0.189 0.196 0.239 
531 UA00031529    (4)   :  0.186 0.039 0.182 0.071 0.172 0.185 0.165 
532 UA00039719    (4)   :  0.163 0.037 0.127 0.091 0.196 0.167 0.220 
533  PCO-442    (4)   :  0.158 0.025 0.084 0.035 0.228 0.199 0.271 
534   PCO-58    (0)   :  0.162 0.052 0.055 0.077 0.210 0.190 0.253 
535 UA00048673    (4)   :  0.213 0.043 0.122 0.118 0.149 0.198 0.157 
536   PCO-63    (4)   :  0.175 0.027 0.201 0.069 0.169 0.179 0.180 


Estimated Allele Frequencies in each cluster
First column gives estimated ancestral frequencies


Locus 1 : PP01 
2 alleles
0.0% missing data
   1   (0.594) 0.593 0.908 0.536 0.324 0.603 0.600 0.612 
   2   (0.406) 0.407 0.092 0.464 0.676 0.397 0.400 0.388 

Locus 2 : PP02 
2 alleles
0.0% missing data
   1   (0.918) 0.918 0.992 0.885 0.967 0.917 0.922 0.921 
