

----------------------------------------------------
STRUCTURE by Pritchard, Stephens and Donnelly (2000)
     and Falush, Stephens and Pritchard (2003)
       Code by Pritchard, Falush and Hubisz
             Version 2.3.4 (Jul 2012)
----------------------------------------------------



Command line arguments:   structure -K 4 -o outputfile_K4_8 
Input File:    Puma_SNP_genotypes_cut_AZ_final_HWEonly.str

Run parameters:
   536 individuals
   22 loci
   4 populations assumed
   100000 Burn-in period
   500000 Reps


--------------------------------------------
Overall proportion of membership of the
sample in each of the 4 clusters

Inferred Clusters
  1      2      3      4    
0.257  0.241  0.246  0.256  

--------------------------------------------

Allele-freq. divergence among pops (Net nucleotide distance),
computed using point estimates of P.

      1       2       3       4      
 1      -    0.0627  0.0501  0.0419  
 2   0.0627     -    0.0529  0.0483  
 3   0.0501  0.0529     -    0.0660  
 4   0.0419  0.0483  0.0660     -    

Average distances (expected heterozygosity) between individuals in same cluster:
cluster  1  : 0.3545 
cluster  2  : 0.3368 
cluster  3  : 0.2895 
cluster  4  : 0.3502 

--------------------------------------------
Estimated Ln Prob of Data   = -12850.4
Mean value of ln likelihood = -12369.0
Variance of ln likelihood   = 962.8
Mean value of alpha         = 0.4466

Mean value of Fst_1         = 0.1103
Mean value of Fst_2         = 0.1779
Mean value of Fst_3         = 0.2155
Mean value of Fst_4         = 0.1285


Inferred ancestry of individuals:
        Label (%Miss) :  Inferred clusters
  1 UA00063336   (13)   :  0.158 0.568 0.131 0.143 
  2 UA00048914    (9)   :  0.231 0.281 0.353 0.135 
  3 UA00014769   (13)   :  0.481 0.141 0.053 0.324 
  4 UA00008132   (13)   :  0.305 0.254 0.180 0.261 
  5 UA00030462   (13)   :  0.151 0.232 0.450 0.167 
  6 UA00034866   (13)   :  0.206 0.122 0.354 0.317 
  7 UA00034800    (9)   :  0.093 0.676 0.133 0.098 
  8  Puco006    (9)   :  0.094 0.152 0.685 0.069 
  9 UA00048874    (4)   :  0.122 0.647 0.153 0.078 
 10 UA00049060    (9)   :  0.355 0.254 0.111 0.280 
 11 UA00033413    (9)   :  0.163 0.105 0.136 0.596 
 12  Puco021    (9)   :  0.092 0.286 0.077 0.545 
 13  Puco026    (9)   :  0.255 0.285 0.090 0.370 
 14  Puco008    (9)   :  0.151 0.443 0.294 0.112 
 15   M01301    (9)   :  0.160 0.083 0.202 0.554 
 16   M06306    (9)   :  0.098 0.658 0.068 0.176 
 17 UA00032185    (9)   :  0.230 0.209 0.244 0.317 
 18 UA00030792    (9)   :  0.049 0.828 0.072 0.051 
 19 UA00031647    (9)   :  0.149 0.508 0.217 0.126 
 20 UA00031979    (9)   :  0.271 0.263 0.225 0.241 
 21  Puco016    (9)   :  0.256 0.111 0.535 0.098 
 22  Puco010    (9)   :  0.210 0.181 0.142 0.468 
 23    M1035    (9)   :  0.407 0.324 0.085 0.185 
 24 UA00034601    (9)   :  0.138 0.280 0.296 0.285 
 25 UA00050388    (9)   :  0.194 0.353 0.191 0.262 
 26 UA00048699    (9)   :  0.177 0.088 0.637 0.098 
 27 UA00064058    (9)   :  0.450 0.224 0.100 0.225 
 28 UA00033981    (9)   :  0.102 0.207 0.136 0.556 
 29   F05033    (9)   :  0.330 0.143 0.113 0.413 
 30 UA00048520    (4)   :  0.130 0.396 0.207 0.267 
 31 UA00048422    (4)   :  0.062 0.771 0.075 0.093 
 32    PucoB    (4)   :  0.231 0.201 0.069 0.498 
 33 UA00047393    (4)   :  0.315 0.428 0.110 0.146 
 34 UA00064521    (4)   :  0.140 0.193 0.459 0.208 
 35 UA00003043    (4)   :  0.400 0.097 0.344 0.159 
 36 UA00063025    (4)   :  0.097 0.428 0.248 0.227 
 37 UA00063826    (4)   :  0.164 0.212 0.104 0.520 
 38   F07407    (4)   :  0.100 0.411 0.091 0.398 
 39 UA00021658    (4)   :  0.287 0.172 0.152 0.389 
 40 UA00003794    (4)   :  0.131 0.404 0.111 0.354 
 41 UA00041322    (4)   :  0.218 0.379 0.212 0.191 
 42 UA00063316    (4)   :  0.152 0.334 0.277 0.237 
 43 UA00047705    (4)   :  0.155 0.300 0.209 0.336 
 44 UA00033904    (4)   :  0.139 0.640 0.120 0.101 
 45 UA00048100    (4)   :  0.296 0.140 0.194 0.370 
 46 UA00032212    (4)   :  0.162 0.440 0.202 0.196 
 47 UA00031574    (4)   :  0.063 0.728 0.117 0.092 
 48 UA00031228    (4)   :  0.068 0.759 0.113 0.060 
 49 UA00047707    (4)   :  0.653 0.077 0.118 0.153 
 50 UA00030906    (4)   :  0.044 0.809 0.101 0.046 
 51 UA00041567    (4)   :  0.128 0.176 0.177 0.519 
 52 UA00007624    (4)   :  0.250 0.082 0.109 0.560 
 53 UA00034514    (4)   :  0.370 0.132 0.180 0.317 
 54 UA00030480    (4)   :  0.305 0.468 0.113 0.114 
 55  Puco012    (4)   :  0.360 0.140 0.245 0.255 
 56 UA00038677    (9)   :  0.140 0.336 0.281 0.244 
 57 UA00048275    (4)   :  0.158 0.167 0.151 0.523 
 58 UA00064055    (4)   :  0.527 0.156 0.216 0.100 
 59  Puco009    (4)   :  0.295 0.110 0.444 0.151 
 60 UA00064561    (4)   :  0.627 0.081 0.180 0.111 
 61 UA00003479    (4)   :  0.453 0.105 0.234 0.208 
 62 UA00063747    (4)   :  0.429 0.066 0.156 0.350 
 63 UA00002558    (4)   :  0.167 0.115 0.398 0.319 
 64 UA00048410    (4)   :  0.356 0.071 0.450 0.123 
 65 UA00012249    (4)   :  0.516 0.075 0.309 0.100 
 66 UA00033818    (4)   :  0.091 0.619 0.133 0.158 
 67  Puco020    (4)   :  0.360 0.279 0.230 0.130 
 68 UA00002545    (9)   :  0.610 0.186 0.114 0.091 
 69 UA00048508    (4)   :  0.452 0.111 0.156 0.281 
 70 UA00064100    (4)   :  0.267 0.241 0.206 0.286 
 71 UA00014585    (4)   :  0.375 0.143 0.226 0.256 
 72 UA00063698    (4)   :  0.108 0.241 0.491 0.160 
 73 UA00049753    (4)   :  0.128 0.669 0.075 0.128 
 74 UA00049037    (4)   :  0.417 0.200 0.108 0.275 
 75 UA00034941    (4)   :  0.128 0.337 0.234 0.301 
 76 UA00008083    (4)   :  0.114 0.128 0.639 0.119 
 77 UA00015084    (4)   :  0.088 0.321 0.436 0.155 
 78 UA00041010    (9)   :  0.097 0.376 0.464 0.063 
 79 UA00035261    (4)   :  0.159 0.413 0.260 0.168 
 80 UA00035431    (4)   :  0.186 0.077 0.194 0.543 
 81 UA00045274    (0)   :  0.169 0.268 0.228 0.335 
 82 UA00028200    (4)   :  0.109 0.494 0.270 0.126 
 83 UA00064559    (0)   :  0.047 0.808 0.075 0.070 
 84 UA00040808    (0)   :  0.163 0.529 0.238 0.070 
 85 UA00049156    (0)   :  0.106 0.540 0.237 0.118 
 86 UA00003952    (4)   :  0.134 0.094 0.695 0.077 
 87 UA00063954    (0)   :  0.198 0.522 0.103 0.178 
 88 UA00062934    (0)   :  0.161 0.538 0.151 0.150 
 89 UA00033829    (0)   :  0.073 0.559 0.272 0.096 
 90 UA00064351    (4)   :  0.091 0.159 0.202 0.548 
 91 UA00003697    (4)   :  0.095 0.200 0.578 0.128 
 92 UA00063438    (4)   :  0.162 0.497 0.191 0.150 
 93 UA00007608    (0)   :  0.089 0.457 0.294 0.159 
 94 UA00019683    (4)   :  0.077 0.570 0.081 0.273 
 95 UA00007781    (0)   :  0.206 0.186 0.192 0.416 
 96 UA00002915    (0)   :  0.182 0.452 0.249 0.117 
 97  Puco031    (4)   :  0.450 0.178 0.209 0.163 
 98 UA00048280    (4)   :  0.111 0.178 0.214 0.497 
 99 UA00048589    (0)   :  0.235 0.287 0.129 0.349 
100 UA00034417    (0)   :  0.269 0.308 0.292 0.131 
101 UA00050411    (4)   :  0.622 0.072 0.116 0.190 
102  Puco029    (4)   :  0.352 0.137 0.055 0.456 
103   F03403    (4)   :  0.140 0.081 0.122 0.657 
104 UA00049904    (0)   :  0.097 0.416 0.135 0.351 
105 UA00035335    (0)   :  0.487 0.106 0.048 0.360 
106 UA00012611    (0)   :  0.367 0.179 0.121 0.333 
107 UA00050319    (0)   :  0.126 0.080 0.077 0.717 
108 UA00032068    (4)   :  0.320 0.367 0.093 0.220 
109 UA00032026    (4)   :  0.305 0.320 0.130 0.245 
110 UA00030476    (4)   :  0.091 0.239 0.066 0.604 
111 UA00046853    (0)   :  0.120 0.213 0.101 0.567 
112 UA00040156    (4)   :  0.046 0.833 0.070 0.051 
113 UA00030528    (4)   :  0.310 0.499 0.104 0.087 
114  Puco025    (4)   :  0.554 0.108 0.092 0.245 
115    pc016    (0)   :  0.048 0.832 0.074 0.046 
116 UA00030617    (4)   :  0.583 0.073 0.073 0.271 
117 UA00030585    (4)   :  0.058 0.734 0.103 0.105 
118 UA00032060    (4)   :  0.166 0.480 0.097 0.256 
119    pc007    (0)   :  0.166 0.169 0.125 0.540 
120 UA00030798    (4)   :  0.083 0.760 0.072 0.085 
121 UA00030778    (4)   :  0.656 0.082 0.095 0.166 
122 UA00039674    (4)   :  0.056 0.821 0.071 0.052 
123 UA00032241    (4)   :  0.260 0.077 0.080 0.583 
124 UA00011624    (0)   :  0.486 0.134 0.123 0.257 
125 UA00033779    (4)   :  0.109 0.096 0.102 0.694 
126 UA00049402    (4)   :  0.333 0.129 0.437 0.101 
127 UA00033653    (0)   :  0.083 0.087 0.093 0.737 
128 UA00047738    (0)   :  0.191 0.279 0.223 0.307 
129 UA00047502    (4)   :  0.214 0.182 0.482 0.121 
130 UA00012014    (4)   :  0.451 0.202 0.190 0.158 
131 UA00040729    (0)   :  0.222 0.203 0.100 0.475 
132 UA00030392    (4)   :  0.476 0.122 0.100 0.302 
133 UA00050033    (0)   :  0.297 0.184 0.123 0.396 
134 UA00012152    (0)   :  0.247 0.073 0.589 0.091 
135 UA00050406    (0)   :  0.299 0.217 0.169 0.315 
136 UA00047973    (0)   :  0.271 0.135 0.137 0.457 
137 UA00008051    (0)   :  0.203 0.333 0.235 0.228 
138 UA00047337    (4)   :  0.215 0.414 0.122 0.248 
139 UA00041604    (4)   :  0.228 0.298 0.224 0.250 
140 UA00031704    (4)   :  0.613 0.085 0.071 0.231 
141 UA00040423    (4)   :  0.401 0.315 0.120 0.164 
142 UA00049433    (0)   :  0.346 0.235 0.304 0.115 
143 UA00034816    (0)   :  0.493 0.102 0.247 0.158 
144 UA00050214    (0)   :  0.681 0.100 0.077 0.142 
145 UA00041073    (0)   :  0.297 0.167 0.251 0.285 
146 UA00030318    (4)   :  0.466 0.102 0.194 0.238 
147 UA00046845    (0)   :  0.395 0.128 0.348 0.129 
148 UA00063946    (0)   :  0.079 0.162 0.086 0.672 
149 UA00031374    (4)   :  0.360 0.153 0.217 0.271 
150    M1136    (4)   :  0.289 0.474 0.118 0.119 
151 UA00034299    (0)   :  0.650 0.114 0.119 0.117 
152 UA00002387    (4)   :  0.594 0.078 0.227 0.102 
153 UA00021855    (0)   :  0.185 0.193 0.159 0.463 
154 UA00014500    (0)   :  0.461 0.202 0.122 0.215 
155 UA00050419    (4)   :  0.621 0.074 0.110 0.195 
156 UA00031854    (4)   :  0.285 0.123 0.253 0.339 
157    pc011    (4)   :  0.673 0.082 0.141 0.104 
158 UA00033004    (0)   :  0.499 0.223 0.159 0.118 
159 UA00046510    (0)   :  0.363 0.115 0.363 0.159 
160 UA00048747    (0)   :  0.562 0.113 0.205 0.119 
161 UA00014293    (0)   :  0.688 0.086 0.142 0.084 
162 UA00047686    (0)   :  0.274 0.245 0.371 0.110 
163 UA00033783    (4)   :  0.099 0.447 0.218 0.236 
164 UA00042609    (4)   :  0.292 0.185 0.428 0.095 
165 UA00031169    (4)   :  0.709 0.099 0.093 0.099 
166 UA00035181    (0)   :  0.380 0.067 0.099 0.453 
167 UA00050133    (0)   :  0.431 0.155 0.195 0.219 
168  Puco011    (4)   :  0.620 0.126 0.165 0.088 
169 UA00041476    (0)   :  0.414 0.171 0.267 0.148 
170 UA00046702    (0)   :  0.650 0.084 0.111 0.156 
171 UA00019940    (0)   :  0.346 0.233 0.195 0.227 
172 UA00049813    (0)   :  0.211 0.186 0.120 0.483 
173 UA00064165    (0)   :  0.136 0.174 0.550 0.140 
174 UA00064421    (0)   :  0.246 0.074 0.524 0.155 
175 UA00064569    (4)   :  0.473 0.078 0.117 0.333 
176 UA00003996    (0)   :  0.329 0.115 0.425 0.131 
177 UA00064491    (4)   :  0.429 0.088 0.204 0.279 
178 UA00011899    (0)   :  0.384 0.186 0.128 0.302 
179  Puco015    (4)   :  0.360 0.323 0.156 0.161 
180 UA00047929    (4)   :  0.237 0.127 0.067 0.569 
181 UA00056669    (0)   :  0.368 0.132 0.258 0.242 
182 UA00050176    (0)   :  0.313 0.202 0.283 0.202 
183  Puco014    (4)   :  0.193 0.187 0.223 0.396 
184 UA00019608    (0)   :  0.511 0.121 0.241 0.128 
185 UA00064333    (0)   :  0.572 0.140 0.170 0.118 
186  Puco013    (4)   :  0.316 0.143 0.383 0.159 
187 UA00016092    (0)   :  0.619 0.074 0.082 0.225 
188 UA00019060    (0)   :  0.129 0.220 0.551 0.099 
189 UA00063532    (0)   :  0.295 0.185 0.228 0.291 
190 UA00064117    (0)   :  0.156 0.352 0.386 0.106 
191 UA00011969    (0)   :  0.222 0.214 0.234 0.329 
192 UA00034586    (4)   :  0.320 0.128 0.109 0.443 
193 UA00030736    (4)   :  0.456 0.178 0.144 0.222 
194 UA00048493    (0)   :  0.382 0.222 0.157 0.239 
195 UA00040466    (0)   :  0.087 0.092 0.733 0.087 
196 UA00047659    (0)   :  0.327 0.143 0.193 0.338 
197 UA00042002    (4)   :  0.162 0.463 0.152 0.224 
198 UA00062606    (0)   :  0.304 0.189 0.352 0.154 
199 UA00030615    (4)   :  0.096 0.076 0.720 0.108 
200 UA00048899    (0)   :  0.328 0.175 0.199 0.298 
201 UA00047725    (0)   :  0.047 0.075 0.823 0.055 
202 UA00030866    (4)   :  0.293 0.185 0.314 0.207 
203 UA00034564    (0)   :  0.422 0.192 0.248 0.138 
204 UA00046520    (0)   :  0.109 0.082 0.087 0.722 
205 UA00035027    (0)   :  0.180 0.250 0.280 0.289 
206 UA00035421    (0)   :  0.254 0.089 0.566 0.091 
207 UA00062740    (4)   :  0.137 0.340 0.354 0.169 
208 UA00012360    (0)   :  0.094 0.091 0.724 0.091 
209 UA00050203    (0)   :  0.317 0.163 0.147 0.373 
210 UA00040534    (4)   :  0.116 0.359 0.424 0.101 
211 UA00031261    (4)   :  0.092 0.247 0.589 0.071 
212 UA00031917    (4)   :  0.109 0.392 0.433 0.066 
213 UA00040798    (4)   :  0.132 0.168 0.492 0.209 
214 UA00030598    (4)   :  0.151 0.156 0.508 0.184 
215 UA00050385    (0)   :  0.416 0.168 0.280 0.136 
216 UA00058283    (0)   :  0.062 0.139 0.711 0.087 
217 UA00042297    (4)   :  0.129 0.432 0.254 0.185 
218 UA00015415    (4)   :  0.084 0.080 0.777 0.059 
219 UA00035531    (0)   :  0.108 0.193 0.630 0.069 
220 UA00048683    (0)   :  0.144 0.097 0.667 0.092 
221 UA00046734    (4)   :  0.086 0.115 0.721 0.078 
222   pcRF01    (0)   :  0.766 0.054 0.096 0.084 
223 UA00007223    (0)   :  0.257 0.214 0.428 0.101 
224 UA00013841    (0)   :  0.256 0.467 0.097 0.179 
225 UA00014196    (0)   :  0.118 0.142 0.675 0.066 
226 UA00034635    (0)   :  0.383 0.131 0.185 0.301 
227 UA00047371    (0)   :  0.121 0.488 0.133 0.258 
228 UA00063544    (0)   :  0.161 0.434 0.146 0.260 
229 UA00064246    (0)   :  0.187 0.217 0.332 0.263 
230 UA00064328    (0)   :  0.208 0.296 0.342 0.154 
231 UA00002952    (0)   :  0.151 0.338 0.391 0.120 
232 UA00064079    (0)   :  0.228 0.376 0.177 0.219 
233 UA00046793    (0)   :  0.191 0.260 0.457 0.091 
234 UA00034769    (0)   :  0.088 0.512 0.198 0.202 
235 UA00034949    (0)   :  0.241 0.179 0.505 0.076 
236 UA00063753    (0)   :  0.086 0.265 0.193 0.457 
237 UA00015713    (0)   :  0.140 0.401 0.119 0.340 
238 UA00003494    (0)   :  0.417 0.172 0.334 0.076 
239 UA00056767    (0)   :  0.112 0.054 0.077 0.757 
240 UA00014461    (0)   :  0.222 0.182 0.443 0.152 
241 UA00034669    (0)   :  0.104 0.310 0.430 0.156 
242 UA00048164    (0)   :  0.279 0.113 0.401 0.207 
243 UA00007974    (0)   :  0.096 0.312 0.131 0.460 
244 UA00016166    (0)   :  0.267 0.518 0.125 0.090 
245 UA00015653    (0)   :  0.102 0.491 0.292 0.115 
246 UA00063882    (0)   :  0.141 0.211 0.543 0.105 
247 UA00049027    (0)   :  0.123 0.514 0.168 0.194 
248 UA00018878    (0)   :  0.098 0.547 0.090 0.264 
249 UA00038796    (0)   :  0.113 0.190 0.525 0.172 
250 UA00013465    (0)   :  0.093 0.135 0.652 0.119 
251 UA00014604    (0)   :  0.101 0.286 0.351 0.261 
252 UA00041913    (0)   :  0.093 0.415 0.132 0.360 
253 UA00021632    (0)   :  0.097 0.655 0.143 0.105 
254 UA00064027    (0)   :  0.182 0.389 0.265 0.164 
255 UA00015023    (0)   :  0.373 0.120 0.356 0.151 
256 UA00050243    (0)   :  0.200 0.502 0.174 0.124 
257 UA00048298    (0)   :  0.361 0.200 0.193 0.246 
258 UA00050437    (0)   :  0.211 0.189 0.449 0.151 
259 UA00014262    (0)   :  0.253 0.400 0.187 0.161 
260 UA00049129    (0)   :  0.232 0.245 0.124 0.398 
261 UA00014740    (0)   :  0.144 0.227 0.216 0.412 
262 UA00049612    (0)   :  0.081 0.649 0.155 0.116 
263 UA00014635    (0)   :  0.116 0.074 0.085 0.725 
264 UA00014673    (0)   :  0.124 0.416 0.292 0.168 
265 UA00033608    (0)   :  0.098 0.546 0.164 0.192 
266 UA00064540    (0)   :  0.111 0.146 0.187 0.556 
267 UA00050256    (0)   :  0.150 0.392 0.334 0.124 
268 UA00015274    (0)   :  0.418 0.166 0.225 0.191 
269 UA00062993    (0)   :  0.130 0.099 0.216 0.554 
270 UA00038364    (0)   :  0.166 0.341 0.186 0.307 
271 UA00014446    (0)   :  0.327 0.135 0.154 0.384 
272 UA00063545    (0)   :  0.098 0.568 0.244 0.090 
273 UA00040054    (0)   :  0.455 0.271 0.102 0.172 
274 UA00058447    (0)   :  0.204 0.209 0.136 0.451 
275 UA00046835    (0)   :  0.189 0.141 0.137 0.533 
276 UA00014608    (0)   :  0.205 0.159 0.203 0.433 
277    pc012    (0)   :  0.176 0.237 0.269 0.318 
278    pc002    (0)   :  0.125 0.572 0.155 0.149 
279 UA00033690    (0)   :  0.068 0.455 0.099 0.379 
280 UA00013688    (0)   :  0.233 0.198 0.262 0.307 
281 UA00063666    (0)   :  0.082 0.272 0.057 0.589 
282 UA00063292    (0)   :  0.118 0.102 0.084 0.696 
283    pc001    (0)   :  0.272 0.195 0.244 0.288 
284    pc008    (0)   :  0.212 0.202 0.159 0.426 
285 UA00034316    (0)   :  0.247 0.326 0.320 0.107 
286 UA00013046    (0)   :  0.326 0.121 0.075 0.478 
287 UA00050241    (0)   :  0.157 0.133 0.059 0.650 
288 UA00048599    (0)   :  0.161 0.101 0.097 0.640 
289 UA00046649    (0)   :  0.150 0.599 0.093 0.158 
290 UA00015674    (0)   :  0.072 0.588 0.134 0.207 
291 UA00013177    (0)   :  0.127 0.261 0.219 0.393 
292 UA00012814    (0)   :  0.412 0.162 0.206 0.220 
293 UA00034654    (0)   :  0.370 0.140 0.115 0.375 
294 UA00046743    (0)   :  0.229 0.120 0.109 0.542 
295 UA00014854    (0)   :  0.146 0.412 0.055 0.386 
296 UA00013729    (0)   :  0.477 0.174 0.157 0.192 
297 UA00063483    (0)   :  0.144 0.150 0.099 0.608 
298 UA00039326    (0)   :  0.212 0.369 0.120 0.299 
299 UA00014742    (0)   :  0.149 0.132 0.081 0.638 
300 UA00049597    (0)   :  0.099 0.682 0.049 0.170 
301 UA00048067    (0)   :  0.097 0.354 0.155 0.394 
302 UA00012918    (0)   :  0.081 0.460 0.060 0.400 
303 UA00013487    (0)   :  0.800 0.066 0.062 0.071 
304 UA00046759    (0)   :  0.151 0.339 0.305 0.206 
305 UA00050164    (0)   :  0.151 0.661 0.113 0.075 
306 UA00049839    (0)   :  0.156 0.108 0.126 0.610 
307 UA00048444    (0)   :  0.061 0.216 0.081 0.642 
308 UA00063857    (0)   :  0.234 0.183 0.067 0.516 
309 UA00014921    (0)   :  0.106 0.645 0.060 0.189 
310 UA00048895    (0)   :  0.121 0.548 0.116 0.215 
311 UA00014556    (0)   :  0.194 0.216 0.352 0.238 
312    pc009    (0)   :  0.110 0.103 0.051 0.736 
313 UA00014959    (0)   :  0.108 0.638 0.079 0.176 
314 UA00020709    (0)   :  0.261 0.361 0.137 0.240 
315 UA00013126    (0)   :  0.060 0.776 0.082 0.082 
316 UA00013695    (0)   :  0.077 0.753 0.084 0.086 
317 UA00049344    (0)   :  0.091 0.681 0.109 0.120 
318 UA00047614    (0)   :  0.060 0.692 0.168 0.080 
319 UA00014221    (0)   :  0.146 0.062 0.068 0.724 
320 UA00014346    (0)   :  0.101 0.167 0.140 0.593 
321 UA00014245    (0)   :  0.150 0.481 0.082 0.288 
322 UA00014696    (0)   :  0.084 0.723 0.140 0.053 
323 UA00006991    (0)   :  0.409 0.147 0.252 0.192 
324 UA00048948    (0)   :  0.308 0.164 0.210 0.318 
325 UA00002239    (0)   :  0.438 0.190 0.249 0.122 
326 UA00063459    (0)   :  0.097 0.163 0.059 0.681 
327 UA00048356    (0)   :  0.118 0.191 0.235 0.456 
328 UA00063940    (0)   :  0.297 0.167 0.288 0.248 
329 UA00048130    (0)   :  0.109 0.111 0.121 0.659 
330 UA00048903    (0)   :  0.422 0.068 0.082 0.428 
331 UA00064643    (0)   :  0.316 0.194 0.202 0.288 
332 UA00050233    (0)   :  0.315 0.114 0.246 0.325 
333 UA00012507    (0)   :  0.301 0.101 0.438 0.160 
334 UA00064416    (0)   :  0.648 0.098 0.118 0.136 
335 UA00034724    (0)   :  0.333 0.111 0.162 0.394 
336 UA00002621    (0)   :  0.303 0.103 0.103 0.491 
337 UA00033203    (0)   :  0.670 0.126 0.111 0.093 
338 UA00011996    (0)   :  0.269 0.280 0.106 0.345 
339 UA00014408    (0)   :  0.240 0.137 0.498 0.125 
340 UA00049502    (0)   :  0.143 0.124 0.280 0.454 
341 UA00062695    (0)   :  0.145 0.248 0.174 0.433 
342 UA00014072    (0)   :  0.158 0.140 0.119 0.583 
343 UA00003334    (0)   :  0.215 0.105 0.083 0.596 
344 UA00013835    (0)   :  0.195 0.281 0.155 0.369 
345 UA00046760    (0)   :  0.153 0.386 0.102 0.358 
346 UA00014241    (0)   :  0.369 0.100 0.162 0.369 
347 UA00049585    (0)   :  0.192 0.133 0.069 0.606 
348 UA00013409    (0)   :  0.105 0.146 0.277 0.472 
349 UA00047548    (0)   :  0.446 0.157 0.086 0.310 
350 UA00049038    (0)   :  0.114 0.479 0.190 0.216 
351 UA00047612    (0)   :  0.256 0.138 0.197 0.409 
352 UA00014822    (0)   :  0.101 0.508 0.249 0.142 
353 UA00035299    (0)   :  0.417 0.163 0.166 0.253 
354 UA00012804    (0)   :  0.141 0.555 0.131 0.173 
355 UA00049578    (0)   :  0.219 0.138 0.327 0.316 
356 UA00047672    (0)   :  0.706 0.094 0.134 0.066 
357 UA00043961    (0)   :  0.084 0.635 0.137 0.144 
358 UA00064575    (0)   :  0.114 0.134 0.352 0.400 
359 UA00014732    (0)   :  0.453 0.103 0.193 0.251 
360 UA00050181    (0)   :  0.493 0.093 0.221 0.193 
361 UA00033369    (0)   :  0.237 0.458 0.190 0.114 
362 UA00011982    (0)   :  0.721 0.068 0.062 0.149 
363 UA00014590    (0)   :  0.413 0.265 0.192 0.130 
364 UA00047743    (0)   :  0.642 0.126 0.095 0.137 
365 UA00046621    (0)   :  0.660 0.094 0.069 0.177 
366 UA00050422    (0)   :  0.288 0.135 0.339 0.238 
367 UA00002760    (0)   :  0.280 0.237 0.118 0.365 
368 UA00012999    (0)   :  0.368 0.336 0.106 0.190 
369 UA00063838    (0)   :  0.334 0.111 0.132 0.423 
370 UA00003729    (0)   :  0.103 0.363 0.290 0.243 
371 UA00015348    (0)   :  0.114 0.181 0.142 0.563 
372 UA00019058    (0)   :  0.122 0.128 0.193 0.557 
373 UA00049549    (0)   :  0.073 0.281 0.058 0.588 
374 UA00014334    (0)   :  0.388 0.167 0.302 0.143 
375 UA00014350    (0)   :  0.794 0.052 0.051 0.104 
376 UA00049227    (0)   :  0.170 0.451 0.246 0.133 
377 UA00014051    (0)   :  0.458 0.068 0.360 0.114 
378 UA00034381    (0)   :  0.293 0.120 0.237 0.350 
379 UA00002354    (0)   :  0.711 0.076 0.084 0.129 
380 UA00049892    (0)   :  0.256 0.238 0.074 0.432 
381 UA00021989    (0)   :  0.412 0.079 0.168 0.342 
382 UA00048968    (0)   :  0.492 0.107 0.182 0.219 
383 UA00013174    (0)   :  0.507 0.133 0.194 0.165 
384 UA00033992    (0)   :  0.368 0.391 0.109 0.132 
385 UA00015801    (0)   :  0.664 0.058 0.061 0.217 
386 UA00063303    (0)   :  0.148 0.471 0.137 0.244 
387 UA00050206    (0)   :  0.097 0.063 0.083 0.757 
388 UA00014458    (0)   :  0.281 0.207 0.180 0.333 
389 UA00007204    (0)   :  0.188 0.193 0.092 0.528 
390 UA00063212    (0)   :  0.106 0.312 0.245 0.337 
391 UA00013340    (0)   :  0.259 0.303 0.112 0.326 
392 UA00062743    (0)   :  0.494 0.088 0.327 0.091 
393 UA00063189    (0)   :  0.151 0.128 0.612 0.108 
394 UA00035432    (0)   :  0.257 0.100 0.091 0.552 
395 UA00007958    (0)   :  0.478 0.102 0.117 0.302 
396 UA00013634    (0)   :  0.614 0.088 0.188 0.110 
397 UA00048175    (0)   :  0.749 0.047 0.109 0.096 
398 UA00003202    (0)   :  0.299 0.126 0.138 0.437 
399 UA00035090    (0)   :  0.237 0.150 0.227 0.386 
400 UA00064679    (0)   :  0.218 0.128 0.510 0.144 
401 UA00039518    (0)   :  0.492 0.116 0.114 0.278 
402 UA00058268    (0)   :  0.362 0.159 0.168 0.310 
403 UA00049456    (0)   :  0.165 0.412 0.135 0.287 
404 UA00049550    (0)   :  0.174 0.096 0.236 0.494 
405 UA00048342    (0)   :  0.182 0.378 0.142 0.299 
406 UA00063493    (0)   :  0.379 0.091 0.098 0.432 
407 UA00058261    (0)   :  0.465 0.088 0.323 0.124 
408 UA00014663    (0)   :  0.416 0.177 0.221 0.186 
409 UA00048817    (0)   :  0.335 0.362 0.180 0.122 
410 UA00049381    (0)   :  0.580 0.084 0.197 0.139 
411 UA00035901    (0)   :  0.186 0.173 0.449 0.192 
412 UA00013301    (0)   :  0.103 0.149 0.192 0.556 
413 UA00047926    (0)   :  0.466 0.187 0.238 0.109 
414 UA00007272    (0)   :  0.331 0.152 0.430 0.088 
415 UA00016041    (0)   :  0.206 0.246 0.113 0.436 
416 UA00013502    (0)   :  0.397 0.072 0.190 0.341 
417 UA00002390    (0)   :  0.332 0.335 0.152 0.182 
418 UA00034907    (0)   :  0.230 0.131 0.250 0.389 
419 UA00048821    (0)   :  0.245 0.325 0.258 0.172 
420 UA00002136    (0)   :  0.116 0.353 0.166 0.365 
421 UA00011790    (0)   :  0.483 0.143 0.221 0.153 
422 UA00021586    (0)   :  0.230 0.358 0.196 0.215 
423 UA00033270    (0)   :  0.290 0.150 0.230 0.329 
424 UA00048073    (0)   :  0.287 0.156 0.146 0.412 
425 UA00048856    (0)   :  0.258 0.141 0.338 0.262 
426 UA00049713    (0)   :  0.526 0.139 0.172 0.163 
427 UA00046885    (0)   :  0.280 0.153 0.135 0.432 
428 UA00034893    (0)   :  0.404 0.131 0.098 0.367 
429 UA00048011    (0)   :  0.414 0.069 0.240 0.276 
430 UA00015786    (0)   :  0.251 0.202 0.364 0.183 
431 UA00013162    (0)   :  0.478 0.157 0.298 0.067 
432 UA00049512    (0)   :  0.184 0.203 0.204 0.410 
433 UA00004046    (0)   :  0.647 0.072 0.159 0.121 
434 UA00048881    (0)   :  0.151 0.285 0.393 0.171 
435 UA00046610    (0)   :  0.273 0.282 0.292 0.152 
436 UA00033282    (0)   :  0.226 0.238 0.238 0.297 
437 UA00047561    (0)   :  0.595 0.111 0.160 0.135 
438 UA00013777    (0)   :  0.337 0.099 0.426 0.138 
439 UA00062849    (0)   :  0.131 0.114 0.118 0.636 
440 UA00049786    (0)   :  0.654 0.061 0.196 0.089 
441 UA00033246    (0)   :  0.101 0.092 0.060 0.747 
442 UA00045302    (0)   :  0.317 0.245 0.130 0.307 
443 UA00048637    (0)   :  0.592 0.089 0.185 0.134 
444 UA00049832    (0)   :  0.175 0.370 0.095 0.360 
445 UA00022023    (0)   :  0.321 0.360 0.170 0.149 
446 UA00050192    (0)   :  0.243 0.479 0.135 0.143 
447 UA00050413    (0)   :  0.333 0.159 0.181 0.327 
448 UA00013445    (0)   :  0.578 0.081 0.112 0.229 
449 UA00035496    (0)   :  0.194 0.156 0.412 0.237 
450 UA00003333    (0)   :  0.210 0.235 0.424 0.131 
451 UA00064008    (0)   :  0.252 0.100 0.488 0.160 
452 UA00003427    (0)   :  0.213 0.376 0.222 0.188 
453 UA00028092    (0)   :  0.154 0.372 0.269 0.205 
454    pc003    (0)   :  0.095 0.174 0.636 0.094 
455 UA00034440    (0)   :  0.165 0.100 0.182 0.553 
456 UA00026062    (0)   :  0.663 0.136 0.131 0.070 
457 UA00014347    (0)   :  0.178 0.258 0.277 0.288 
458 UA00021516    (0)   :  0.609 0.100 0.124 0.167 
459 UA00049347    (0)   :  0.226 0.104 0.525 0.145 
460 UA00063436    (0)   :  0.108 0.124 0.492 0.277 
461 UA00047790    (0)   :  0.504 0.140 0.207 0.149 
462 UA00045714    (0)   :  0.191 0.213 0.450 0.146 
463 UA00038979    (0)   :  0.126 0.284 0.130 0.461 
464 UA00016123    (0)   :  0.310 0.202 0.342 0.146 
465 UA00034765    (0)   :  0.106 0.065 0.761 0.068 
466 UA00063815    (0)   :  0.078 0.227 0.566 0.129 
467 UA00034795    (0)   :  0.155 0.124 0.156 0.564 
468 UA00004000    (0)   :  0.099 0.111 0.681 0.109 
469 UA00049367    (0)   :  0.199 0.086 0.236 0.479 
470 UA00034457    (0)   :  0.440 0.171 0.126 0.262 
471 UA00050015    (0)   :  0.142 0.244 0.189 0.425 
472 UA00021373    (0)   :  0.338 0.169 0.208 0.285 
473 UA00050232    (0)   :  0.089 0.193 0.621 0.096 
474 UA00038724    (0)   :  0.172 0.362 0.122 0.344 
475 UA00007824    (0)   :  0.408 0.260 0.233 0.099 
476 UA00048754    (0)   :  0.357 0.081 0.447 0.116 
477 UA00014271    (0)   :  0.319 0.207 0.161 0.314 
478 UA00013756    (0)   :  0.116 0.267 0.285 0.333 
479 UA00014385    (0)   :  0.191 0.234 0.459 0.115 
480 UA00049609    (0)   :  0.202 0.122 0.134 0.541 
481 UA00003748    (0)   :  0.224 0.096 0.578 0.102 
482 UA00063952    (0)   :  0.231 0.081 0.520 0.168 
483 UA00058348    (0)   :  0.130 0.076 0.604 0.190 
484 UA00014922    (0)   :  0.100 0.114 0.681 0.105 
485 UA00003820    (0)   :  0.445 0.078 0.366 0.111 
486 UA00013693    (0)   :  0.246 0.207 0.369 0.178 
487 UA00047713    (0)   :  0.134 0.074 0.713 0.080 
488 UA00034891    (0)   :  0.094 0.192 0.525 0.188 
489 UA00049223    (0)   :  0.199 0.116 0.469 0.216 
490 UA00064399    (0)   :  0.075 0.342 0.538 0.045 
491 UA00013336    (0)   :  0.071 0.160 0.681 0.088 
492 UA00035291    (0)   :  0.091 0.155 0.701 0.053 
493 UA00003945    (0)   :  0.124 0.129 0.638 0.109 
494 UA00014518    (0)   :  0.183 0.114 0.608 0.094 
495 UA00013583    (0)   :  0.089 0.519 0.269 0.124 
496 UA00011510    (0)   :  0.150 0.159 0.570 0.121 
497 UA00046860    (0)   :  0.255 0.154 0.469 0.123 
498 UA00048853    (0)   :  0.157 0.265 0.461 0.117 
499 UA00012151    (0)   :  0.107 0.100 0.729 0.065 
500 UA00063930    (0)   :  0.094 0.462 0.209 0.234 
501 UA00013453    (0)   :  0.206 0.233 0.388 0.173 
502 UA00039299    (0)   :  0.075 0.105 0.745 0.075 
503 UA00014280    (0)   :  0.063 0.060 0.794 0.084 
504 UA00014200    (0)   :  0.185 0.090 0.657 0.069 
505 UA00040612    (0)   :  0.080 0.196 0.659 0.064 
506 UA00062679    (0)   :  0.078 0.149 0.694 0.080 
507 UA00034481    (0)   :  0.107 0.093 0.696 0.105 
508 UA00011880    (0)   :  0.088 0.423 0.158 0.330 
509 UA00013421    (0)   :  0.075 0.247 0.629 0.049 
510 UA00048051    (0)   :  0.062 0.089 0.791 0.058 
511 UA00063370    (0)   :  0.060 0.211 0.664 0.065 
512 UA00014716    (0)   :  0.073 0.160 0.684 0.083 
513 UA00033426    (0)   :  0.202 0.233 0.498 0.068 
514 UA00015190    (0)   :  0.083 0.341 0.510 0.065 
515 UA00013730    (0)   :  0.336 0.208 0.119 0.337 
516 UA00047644    (4)   :  0.113 0.279 0.511 0.097 
517 UA00031933    (9)   :  0.404 0.133 0.280 0.183 
518 UA00031541    (9)   :  0.173 0.190 0.463 0.174 
519   PCO-60    (4)   :  0.270 0.141 0.322 0.268 
520 UA00030495    (4)   :  0.200 0.260 0.278 0.262 
521 UA00031133    (4)   :  0.094 0.136 0.070 0.700 
522 UA00032049    (4)   :  0.142 0.506 0.193 0.159 
523 UA00030599    (4)   :  0.085 0.229 0.138 0.548 
524 UA00030250    (4)   :  0.616 0.103 0.119 0.161 
525 UA00049385    (4)   :  0.110 0.308 0.181 0.401 
526 UA00031816    (4)   :  0.075 0.131 0.079 0.716 
527 UA00030275    (4)   :  0.342 0.258 0.233 0.167 
528 UA00041861    (4)   :  0.322 0.220 0.261 0.197 
529 UA00041433    (4)   :  0.429 0.090 0.133 0.348 
530  PCO-114    (4)   :  0.493 0.093 0.301 0.114 
531 UA00031529    (4)   :  0.288 0.130 0.211 0.371 
532 UA00039719    (4)   :  0.368 0.099 0.226 0.308 
533  PCO-442    (4)   :  0.681 0.074 0.100 0.146 
534   PCO-58    (0)   :  0.599 0.133 0.195 0.072 
535 UA00048673    (4)   :  0.201 0.164 0.308 0.327 
536   PCO-63    (4)   :  0.332 0.085 0.157 0.426 


Estimated Allele Frequencies in each cluster
First column gives estimated ancestral frequencies


Locus 1 : PP01 
2 alleles
0.0% missing data
   1   (0.598) 0.665 0.817 0.359 0.523 
   2   (0.402) 0.335 0.183 0.641 0.477 

Locus 2 : PP02 
2 alleles
0.0% missing data
   1   (0.885) 0.909 0.985 0.961 0.873 
   2   (0.115) 0.091 0.015 0.039 0.127 

Locus 3 : PP03 
2 alleles
18.3% missing data
   1   (0.797) 0.855 0.887 0.955 0.654 
   2   (0.203) 0.145 0.113 0.045 0.346 

Locus 4 : PP04 
2 alleles
0.4% missing data
   1   (0.695) 0.783 0.647 0.944 0.473 
   2   (0.305) 0.217 0.353 0.056 0.527 

Locus 5 : PP06 
2 alleles
0.0% missing data
   1   (0.634) 0.570 0.654 0.597 0.785 
   2   (0.366) 0.430 0.346 0.403 0.215 

Locus 6 : PP07 
2 alleles
0.0% missing data
   1   (0.706) 0.703 0.819 0.925 0.554 
   2   (0.294) 0.297 0.181 0.075 0.446 

Locus 7 : PP09 
2 alleles
0.0% missing data
   1   (0.465) 0.329 0.640 0.089 0.764 
   2   (0.535) 0.671 0.360 0.911 0.236 

Locus 8 : PP10 
2 alleles
0.0% missing data
   1   (0.188) 0.083 0.389 0.365 0.058 
   2   (0.812) 0.917 0.611 0.635 0.942 

Locus 9 : PP11 
2 alleles
0.0% missing data
   1   (0.693) 0.520 0.770 0.811 0.848 
   2   (0.307) 0.480 0.230 0.189 0.152 

Locus 10 : PP12 
2 alleles
0.2% missing data
   1   (0.403) 0.454 0.312 0.164 0.504 
   2   (0.597) 0.546 0.688 0.836 0.496 

Locus 11 : PP13 
2 alleles
0.0% missing data
   1   (0.195) 0.160 0.448 0.126 0.051 
   2   (0.805) 0.840 0.552 0.874 0.949 

Locus 12 : PP14 
2 alleles
0.2% missing data
   1   (0.847) 0.791 0.950 0.908 0.940 
   2   (0.153) 0.209 0.050 0.092 0.060 

Locus 13 : PP15 
2 alleles
0.0% missing data
   1   (0.871) 0.975 0.476 0.942 0.930 
   2   (0.129) 0.025 0.524 0.058 0.070 

Locus 14 : PP16 
2 alleles
0.0% missing data
   1   (0.527) 0.490 0.446 0.391 0.703 
   2   (0.473) 0.510 0.554 0.609 0.297 

Locus 15 : PP17 
2 alleles
0.2% missing data
   1   (0.635) 0.685 0.804 0.533 0.583 
   2   (0.365) 0.315 0.196 0.467 0.417 

Locus 16 : PP18 
2 alleles
0.7% missing data
   1   (0.749) 0.668 0.881 0.908 0.771 
   2   (0.251) 0.332 0.119 0.092 0.229 

Locus 17 : PP20 
2 alleles
0.0% missing data
   1   (0.614) 0.695 0.651 0.513 0.615 
   2   (0.386) 0.305 0.349 0.487 0.385 

Locus 18 : PP21 
2 alleles
14.9% missing data
   1   (0.853) 0.849 0.956 0.982 0.775 
   2   (0.147) 0.151 0.044 0.018 0.225 

Locus 19 : PP22 
2 alleles
1.3% missing data
   1   (0.374) 0.736 0.100 0.208 0.235 
   2   (0.626) 0.264 0.900 0.792 0.765 

Locus 20 : PP23 
2 alleles
0.7% missing data
   1   (0.635) 0.579 0.736 0.783 0.632 
   2   (0.365) 0.421 0.264 0.217 0.368 

Locus 21 : PP24 
2 alleles
0.2% missing data
   1   (0.791) 0.906 0.830 0.609 0.848 
   2   (0.209) 0.094 0.170 0.391 0.152 

Locus 22 : PP25 
2 alleles
0.6% missing data
   1   (0.401) 0.231 0.644 0.453 0.380 
   2   (0.599) 0.769 0.356 0.547 0.620 

Values of parameters used in structure:
DATAFILE=Puma_SNP_genotypes_cut_AZ_final_HWEonly.str,	OUTFILE=outputfile_K4_8,	NUMINDS=536,	NUMLOCI=22,	MISSING=-9,	LABEL=1,	POPDATA=0,	POPFLAG=0,	PHENOTYPE=0,	EXTRACOLS=0,	MAXPOPS=4,	BURNIN=100000,	NUMREPS=500000,	USEPOPINFO=0,	INFERALPHA=1,	INFERLAMBDA=0,	POPSPECIFICLAMBDA=0,	POPALPHAS=0,	COMPUTEPROB=1,	NOADMIX=0,	ADMBURNIN=2500,	UPDATEFREQ=200,	PRINTLIKES=0,	INTERMEDSAVE=0,	PRINTKLD=0,	PRINTNET=0,	PRINTLAMBDA=0,	ANCESTDIST=0,	NUMBOXES=1000,	ANCESTPINT=0.90000,	GENSBACK=2,	MIGRPRIOR=0.05000,	PRINTQHAT=0,	PRINTQSUM=0,	ALPHA=1.0000,	FREQSCORR=1,	FPRIORMEAN=0.0100,	FPRIORSD=0.0500,	ONEFST=0,	LAMBDA=1.0000,	UNIFPRIORALPHA=1,	ALPHAMAX=10.0000,	ALPHAPRIORA=1.0000,	ALPHAPRIORB=2.0000,	ALPHAPROPSD=0.0250,	STARTATPOPINFO=0,	RANDOMIZE=1,	LINKAGE=0,	METROFREQ=20,	REPORTHITRATE=0,	MARKOVPHASE=0,	PHASED=0,	PLOIDY=2,	PHASEINFO=0	LOCPRIOR=0, 	LOCPRIORINIT=1.000000, 	LOCDATA=0, 	LOCISPOP=0, 	LOCPRIORSTEP=0.100000, 	MAXLOCPRIOR=20.000000, 	SEED=1716616113,	
[STRAT parameters]:    NUMSIMSTATS=1000,	PHENOTYPECOL=-9,	POOLFREQ=10,	LOCUSxONLY=0,	EMERROR=0.00100,	MISSINGPHENO=-9,	