

----------------------------------------------------
STRUCTURE by Pritchard, Stephens and Donnelly (2000)
     and Falush, Stephens and Pritchard (2003)
       Code by Pritchard, Falush and Hubisz
             Version 2.3.4 (Jul 2012)
----------------------------------------------------



Command line arguments:   structure -K 5 -o outputfile_K5_2 
Input File:    Puma_SNP_genotypes_cut_AZ_final_HWEonly.str

Run parameters:
   536 individuals
   22 loci
   5 populations assumed
   100000 Burn-in period
   500000 Reps


--------------------------------------------
Overall proportion of membership of the
sample in each of the 5 clusters

Inferred Clusters
  1      2      3      4      5    
0.197  0.205  0.188  0.205  0.205  

--------------------------------------------

Allele-freq. divergence among pops (Net nucleotide distance),
computed using point estimates of P.

      1       2       3       4       5      
 1      -    0.0450  0.0636  0.0620  0.0437  
 2   0.0450     -    0.0551  0.0154  0.0004  
 3   0.0636  0.0551     -    0.0534  0.0506  
 4   0.0620  0.0154  0.0534     -    0.0112  
 5   0.0437  0.0004  0.0506  0.0112     -    

Average distances (expected heterozygosity) between individuals in same cluster:
cluster  1  : 0.2757 
cluster  2  : 0.3740 
cluster  3  : 0.3158 
cluster  4  : 0.3607 
cluster  5  : 0.3788 

--------------------------------------------
Estimated Ln Prob of Data   = -13059.3
Mean value of ln likelihood = -12326.8
Variance of ln likelihood   = 1465.0
Mean value of alpha         = 0.3071

Mean value of Fst_1         = 0.2562
Mean value of Fst_2         = 0.0714
Mean value of Fst_3         = 0.2350
Mean value of Fst_4         = 0.1308
Mean value of Fst_5         = 0.0600


Inferred ancestry of individuals:
        Label (%Miss) :  Inferred clusters
  1 UA00063336   (13)   :  0.093 0.141 0.505 0.119 0.142 
  2 UA00048914    (9)   :  0.275 0.200 0.198 0.121 0.207 
  3 UA00014769   (13)   :  0.035 0.299 0.092 0.279 0.296 
  4 UA00008132   (13)   :  0.126 0.245 0.184 0.198 0.246 
  5 UA00030462   (13)   :  0.377 0.153 0.163 0.137 0.170 
  6 UA00034866   (13)   :  0.254 0.225 0.070 0.206 0.245 
  7 UA00034800    (9)   :  0.100 0.078 0.662 0.076 0.084 
  8  Puco006    (9)   :  0.683 0.077 0.109 0.054 0.077 
  9 UA00048874    (4)   :  0.118 0.104 0.606 0.067 0.104 
 10 UA00049060    (9)   :  0.073 0.259 0.178 0.228 0.263 
 11 UA00033413    (9)   :  0.096 0.180 0.065 0.455 0.202 
 12  Puco021    (9)   :  0.052 0.134 0.220 0.437 0.157 
 13  Puco026    (9)   :  0.058 0.222 0.194 0.294 0.232 
 14  Puco008    (9)   :  0.252 0.142 0.369 0.097 0.140 
 15   M01301    (9)   :  0.161 0.173 0.053 0.420 0.194 
 16   M06306    (9)   :  0.048 0.107 0.589 0.143 0.114 
 17 UA00032185    (9)   :  0.176 0.205 0.156 0.237 0.225 
 18 UA00030792    (9)   :  0.047 0.036 0.845 0.035 0.037 
 19 UA00031647    (9)   :  0.168 0.157 0.403 0.108 0.165 
 20 UA00031979    (9)   :  0.159 0.230 0.163 0.201 0.247 
 21  Puco016    (9)   :  0.415 0.211 0.075 0.102 0.198 
 22  Puco010    (9)   :  0.100 0.210 0.116 0.334 0.240 
 23    M1035    (9)   :  0.056 0.283 0.233 0.163 0.266 
 24 UA00034601    (9)   :  0.226 0.168 0.201 0.221 0.183 
 25 UA00050388    (9)   :  0.143 0.199 0.242 0.203 0.214 
 26 UA00048699    (9)   :  0.545 0.155 0.064 0.089 0.147 
 27 UA00064058    (9)   :  0.064 0.312 0.151 0.193 0.280 
 28 UA00033981    (9)   :  0.102 0.156 0.136 0.424 0.181 
 29   F05033    (9)   :  0.075 0.254 0.096 0.320 0.256 
 30 UA00048520    (4)   :  0.159 0.140 0.328 0.216 0.156 
 31 UA00048422    (4)   :  0.051 0.051 0.781 0.064 0.054 
 32    PucoB    (4)   :  0.044 0.228 0.125 0.362 0.242 
 33 UA00047393    (4)   :  0.076 0.223 0.330 0.134 0.237 
 34 UA00064521    (4)   :  0.356 0.171 0.122 0.159 0.191 
 35 UA00003043    (4)   :  0.264 0.270 0.061 0.146 0.259 
 36 UA00063025    (4)   :  0.215 0.123 0.358 0.169 0.136 
 37 UA00063826    (4)   :  0.070 0.204 0.136 0.361 0.229 
 38   F07407    (4)   :  0.064 0.128 0.347 0.319 0.143 
 39 UA00021658    (4)   :  0.102 0.252 0.110 0.269 0.267 
 40 UA00003794    (4)   :  0.077 0.142 0.328 0.291 0.161 
 41 UA00041322    (4)   :  0.149 0.223 0.242 0.149 0.237 
 42 UA00063316    (4)   :  0.209 0.180 0.235 0.182 0.194 
 43 UA00047705    (4)   :  0.155 0.181 0.202 0.262 0.201 
 44 UA00033904    (4)   :  0.089 0.122 0.571 0.093 0.124 
 45 UA00048100    (4)   :  0.128 0.248 0.084 0.295 0.244 
 46 UA00032212    (4)   :  0.163 0.148 0.380 0.155 0.155 
 47 UA00031574    (4)   :  0.086 0.053 0.738 0.066 0.057 
 48 UA00031228    (4)   :  0.073 0.049 0.787 0.043 0.048 
 49 UA00047707    (4)   :  0.075 0.374 0.047 0.166 0.340 
 50 UA00030906    (4)   :  0.069 0.033 0.832 0.032 0.034 
 51 UA00041567    (4)   :  0.132 0.163 0.125 0.391 0.189 
 52 UA00007624    (4)   :  0.074 0.232 0.052 0.393 0.249 
 53 UA00034514    (4)   :  0.121 0.289 0.087 0.235 0.268 
 54 UA00030480    (4)   :  0.072 0.246 0.330 0.114 0.238 
 55  Puco012    (4)   :  0.159 0.281 0.092 0.200 0.268 
 56 UA00038677    (9)   :  0.230 0.152 0.258 0.193 0.168 
 57 UA00048275    (4)   :  0.100 0.212 0.096 0.358 0.235 
 58 UA00064055    (4)   :  0.141 0.341 0.104 0.125 0.289 
 59  Puco009    (4)   :  0.358 0.220 0.068 0.140 0.214 
 60 UA00064561    (4)   :  0.128 0.363 0.055 0.144 0.310 
 61 UA00003479    (4)   :  0.159 0.312 0.072 0.180 0.277 
 62 UA00063747    (4)   :  0.113 0.298 0.043 0.281 0.265 
 63 UA00002558    (4)   :  0.332 0.173 0.073 0.227 0.194 
 64 UA00048410    (4)   :  0.353 0.245 0.046 0.126 0.230 
 65 UA00012249    (4)   :  0.214 0.335 0.050 0.124 0.277 
 66 UA00033818    (4)   :  0.103 0.087 0.600 0.116 0.094 
 67  Puco020    (4)   :  0.161 0.249 0.226 0.131 0.232 
 68 UA00002545    (9)   :  0.077 0.356 0.145 0.132 0.289 
 69 UA00048508    (4)   :  0.099 0.313 0.072 0.217 0.298 
 70 UA00064100    (4)   :  0.125 0.257 0.147 0.199 0.272 
 71 UA00014585    (4)   :  0.145 0.292 0.091 0.190 0.282 
 72 UA00063698    (4)   :  0.458 0.110 0.192 0.126 0.115 
 73 UA00049753    (4)   :  0.050 0.126 0.586 0.103 0.134 
 74 UA00049037    (4)   :  0.070 0.301 0.133 0.219 0.277 
 75 UA00034941    (4)   :  0.168 0.182 0.223 0.227 0.200 
 76 UA00008083    (4)   :  0.616 0.096 0.094 0.095 0.099 
 77 UA00015084    (4)   :  0.402 0.100 0.267 0.123 0.108 
 78 UA00041010    (9)   :  0.427 0.081 0.358 0.054 0.081 
 79 UA00035261    (4)   :  0.196 0.154 0.351 0.143 0.156 
 80 UA00035431    (4)   :  0.139 0.210 0.048 0.374 0.228 
 81 UA00045274    (0)   :  0.176 0.181 0.195 0.256 0.193 
 82 UA00028200    (4)   :  0.210 0.113 0.457 0.106 0.114 
 83 UA00064559    (0)   :  0.051 0.040 0.820 0.047 0.041 
 84 UA00040808    (0)   :  0.183 0.121 0.506 0.071 0.119 
 85 UA00049156    (0)   :  0.183 0.101 0.516 0.095 0.105 
 86 UA00003952    (4)   :  0.654 0.108 0.067 0.067 0.105 
 87 UA00063954    (0)   :  0.070 0.182 0.391 0.154 0.203 
 88 UA00062934    (0)   :  0.116 0.151 0.440 0.133 0.160 
 89 UA00033829    (0)   :  0.227 0.067 0.564 0.069 0.073 
 90 UA00064351    (4)   :  0.156 0.139 0.099 0.436 0.170 
 91 UA00003697    (4)   :  0.564 0.093 0.149 0.094 0.100 
 92 UA00063438    (4)   :  0.149 0.153 0.408 0.124 0.167 
 93 UA00007608    (0)   :  0.247 0.112 0.391 0.129 0.121 
 94 UA00019683    (4)   :  0.057 0.091 0.531 0.216 0.105 
 95 UA00007781    (0)   :  0.133 0.218 0.118 0.301 0.231 
 96 UA00002915    (0)   :  0.163 0.165 0.409 0.100 0.163 
 97  Puco031    (4)   :  0.132 0.304 0.111 0.152 0.301 
 98 UA00048280    (4)   :  0.157 0.179 0.106 0.357 0.200 
 99 UA00048589    (0)   :  0.090 0.208 0.200 0.294 0.208 
100 UA00034417    (0)   :  0.230 0.211 0.234 0.124 0.201 
101 UA00050411    (4)   :  0.075 0.374 0.046 0.188 0.318 
102  Puco029    (4)   :  0.036 0.260 0.087 0.353 0.264 
103   F03403    (4)   :  0.087 0.169 0.050 0.497 0.197 
104 UA00049904    (0)   :  0.099 0.145 0.322 0.260 0.173 
105 UA00035335    (0)   :  0.031 0.310 0.066 0.293 0.301 
106 UA00012611    (0)   :  0.071 0.291 0.109 0.235 0.293 
107 UA00050319    (0)   :  0.052 0.158 0.051 0.551 0.188 
108 UA00032068    (4)   :  0.058 0.251 0.261 0.181 0.248 
109 UA00032026    (4)   :  0.085 0.247 0.207 0.196 0.265 
110 UA00030476    (4)   :  0.045 0.141 0.168 0.484 0.162 
111 UA00046853    (0)   :  0.073 0.150 0.151 0.436 0.191 
112 UA00040156    (4)   :  0.045 0.034 0.849 0.036 0.036 
113 UA00030528    (4)   :  0.067 0.218 0.389 0.097 0.229 
114  Puco025    (4)   :  0.059 0.330 0.070 0.221 0.320 
115    pc016    (0)   :  0.047 0.034 0.851 0.032 0.035 
116 UA00030617    (4)   :  0.048 0.348 0.047 0.236 0.321 
117 UA00030585    (4)   :  0.071 0.050 0.755 0.071 0.053 
118 UA00032060    (4)   :  0.067 0.161 0.396 0.193 0.183 
119    pc007    (0)   :  0.088 0.178 0.121 0.414 0.199 
120 UA00030798    (4)   :  0.047 0.063 0.765 0.060 0.064 
121 UA00030778    (4)   :  0.058 0.385 0.049 0.169 0.339 
122 UA00039674    (4)   :  0.046 0.041 0.835 0.036 0.042 
123 UA00032241    (4)   :  0.052 0.236 0.048 0.398 0.266 
124 UA00011624    (0)   :  0.081 0.316 0.085 0.229 0.289 
125 UA00033779    (4)   :  0.074 0.152 0.062 0.531 0.181 
126 UA00049402    (4)   :  0.318 0.257 0.094 0.109 0.222 
127 UA00033653    (0)   :  0.067 0.138 0.055 0.570 0.170 
128 UA00047738    (0)   :  0.170 0.188 0.186 0.244 0.211 
129 UA00047502    (4)   :  0.365 0.193 0.131 0.111 0.199 
130 UA00012014    (4)   :  0.126 0.307 0.124 0.153 0.290 
131 UA00040729    (0)   :  0.068 0.204 0.130 0.368 0.229 
132 UA00030392    (4)   :  0.061 0.313 0.081 0.233 0.312 
133 UA00050033    (0)   :  0.080 0.252 0.127 0.285 0.256 
134 UA00012152    (0)   :  0.556 0.162 0.047 0.089 0.146 
135 UA00050406    (0)   :  0.109 0.266 0.129 0.217 0.278 
136 UA00047973    (0)   :  0.093 0.248 0.085 0.320 0.254 
137 UA00008051    (0)   :  0.186 0.185 0.234 0.187 0.208 
138 UA00047337    (4)   :  0.084 0.186 0.339 0.198 0.192 
139 UA00041604    (4)   :  0.175 0.197 0.217 0.195 0.216 
140 UA00031704    (4)   :  0.045 0.376 0.056 0.206 0.317 
141 UA00040423    (4)   :  0.077 0.278 0.212 0.159 0.274 
142 UA00049433    (0)   :  0.221 0.259 0.163 0.120 0.237 
143 UA00034816    (0)   :  0.178 0.309 0.072 0.160 0.280 
144 UA00050214    (0)   :  0.053 0.382 0.064 0.165 0.336 
145 UA00041073    (0)   :  0.183 0.237 0.123 0.217 0.240 
146 UA00030318    (4)   :  0.136 0.308 0.068 0.210 0.278 
147 UA00046845    (0)   :  0.251 0.270 0.095 0.132 0.252 
148 UA00063946    (0)   :  0.061 0.132 0.104 0.540 0.163 
149 UA00031374    (4)   :  0.147 0.267 0.099 0.214 0.272 
150    M1136    (4)   :  0.079 0.198 0.411 0.113 0.200 
151 UA00034299    (0)   :  0.078 0.365 0.076 0.157 0.323 
152 UA00002387    (4)   :  0.154 0.354 0.050 0.136 0.305 
153 UA00021855    (0)   :  0.115 0.203 0.126 0.321 0.235 
154 UA00014500    (0)   :  0.076 0.322 0.128 0.178 0.295 
155 UA00050419    (4)   :  0.073 0.364 0.048 0.191 0.323 
156 UA00031854    (4)   :  0.187 0.240 0.087 0.244 0.241 
157    pc011    (4)   :  0.095 0.393 0.056 0.146 0.310 
158 UA00033004    (0)   :  0.106 0.319 0.160 0.142 0.273 
159 UA00046510    (0)   :  0.271 0.258 0.076 0.146 0.250 
160 UA00048747    (0)   :  0.144 0.343 0.074 0.144 0.295 
161 UA00014293    (0)   :  0.100 0.396 0.059 0.135 0.311 
162 UA00047686    (0)   :  0.303 0.212 0.161 0.114 0.211 
163 UA00033783    (4)   :  0.179 0.106 0.403 0.194 0.118 
164 UA00042609    (4)   :  0.367 0.208 0.133 0.101 0.191 
165 UA00031169    (4)   :  0.061 0.396 0.069 0.147 0.326 
166 UA00035181    (0)   :  0.063 0.293 0.040 0.328 0.276 
167 UA00050133    (0)   :  0.129 0.300 0.099 0.190 0.282 
168  Puco011    (4)   :  0.112 0.373 0.091 0.129 0.295 
169 UA00041476    (0)   :  0.190 0.278 0.126 0.143 0.264 
170 UA00046702    (0)   :  0.071 0.390 0.058 0.165 0.316 
171 UA00019940    (0)   :  0.140 0.254 0.142 0.196 0.269 
172 UA00049813    (0)   :  0.085 0.204 0.125 0.354 0.233 
173 UA00064165    (0)   :  0.504 0.127 0.121 0.113 0.134 
174 UA00064421    (0)   :  0.422 0.201 0.048 0.127 0.203 
175 UA00064569    (4)   :  0.076 0.311 0.048 0.261 0.304 
176 UA00003996    (0)   :  0.328 0.241 0.086 0.128 0.217 
177 UA00064491    (4)   :  0.144 0.292 0.058 0.229 0.278 
178 UA00011899    (0)   :  0.080 0.294 0.121 0.215 0.288 
179  Puco015    (4)   :  0.104 0.255 0.255 0.153 0.232 
180 UA00047929    (4)   :  0.046 0.221 0.081 0.409 0.243 
181 UA00056669    (0)   :  0.173 0.277 0.082 0.189 0.278 
182 UA00050176    (0)   :  0.195 0.257 0.142 0.162 0.245 
183  Puco014    (4)   :  0.158 0.204 0.124 0.295 0.218 
184 UA00019608    (0)   :  0.167 0.324 0.079 0.137 0.292 
185 UA00064333    (0)   :  0.114 0.347 0.093 0.145 0.302 
186  Puco013    (4)   :  0.298 0.242 0.093 0.141 0.226 
187 UA00016092    (0)   :  0.055 0.364 0.046 0.215 0.319 
188 UA00019060    (0)   :  0.532 0.101 0.182 0.081 0.104 
189 UA00063532    (0)   :  0.153 0.245 0.136 0.227 0.239 
190 UA00064117    (0)   :  0.337 0.126 0.323 0.092 0.122 
191 UA00011969    (0)   :  0.172 0.217 0.145 0.241 0.226 
192 UA00034586    (4)   :  0.070 0.254 0.076 0.323 0.276 
193 UA00030736    (4)   :  0.089 0.314 0.114 0.182 0.300 
194 UA00048493    (0)   :  0.102 0.281 0.160 0.190 0.266 
195 UA00040466    (0)   :  0.711 0.081 0.062 0.067 0.080 
196 UA00047659    (0)   :  0.121 0.282 0.081 0.238 0.278 
197 UA00042002    (4)   :  0.107 0.157 0.395 0.181 0.160 
198 UA00062606    (0)   :  0.269 0.237 0.127 0.146 0.222 
199 UA00030615    (4)   :  0.710 0.081 0.050 0.075 0.084 
200 UA00048899    (0)   :  0.120 0.286 0.103 0.210 0.280 
201 UA00047725    (0)   :  0.838 0.037 0.049 0.037 0.038 
202 UA00030866    (4)   :  0.192 0.273 0.101 0.163 0.271 
203 UA00034564    (0)   :  0.143 0.310 0.108 0.133 0.306 
204 UA00046520    (0)   :  0.063 0.153 0.054 0.549 0.180 
205 UA00035027    (0)   :  0.201 0.204 0.164 0.214 0.217 
206 UA00035421    (0)   :  0.470 0.194 0.063 0.098 0.175 
207 UA00062740    (4)   :  0.260 0.179 0.232 0.139 0.190 
208 UA00012360    (0)   :  0.726 0.073 0.058 0.065 0.078 
209 UA00050203    (0)   :  0.091 0.258 0.105 0.274 0.271 
210 UA00040534    (4)   :  0.388 0.109 0.309 0.080 0.113 
211 UA00031261    (4)   :  0.563 0.087 0.201 0.060 0.089 
212 UA00031917    (4)   :  0.392 0.102 0.341 0.063 0.103 
213 UA00040798    (4)   :  0.447 0.125 0.131 0.159 0.137 
214 UA00030598    (4)   :  0.431 0.154 0.123 0.140 0.152 
215 UA00050385    (0)   :  0.180 0.302 0.108 0.137 0.274 
216 UA00058283    (0)   :  0.725 0.054 0.102 0.062 0.057 
217 UA00042297    (4)   :  0.199 0.124 0.408 0.138 0.131 
218 UA00015415    (4)   :  0.776 0.063 0.053 0.046 0.062 
219 UA00035531    (0)   :  0.614 0.087 0.154 0.060 0.086 
220 UA00048683    (0)   :  0.643 0.108 0.066 0.079 0.104 
221 UA00046734    (4)   :  0.729 0.068 0.075 0.058 0.070 
222   pcRF01    (0)   :  0.066 0.416 0.035 0.147 0.336 
223 UA00007223    (0)   :  0.325 0.214 0.157 0.103 0.202 
224 UA00013841    (0)   :  0.066 0.207 0.346 0.167 0.215 
225 UA00014196    (0)   :  0.651 0.092 0.108 0.059 0.090 
226 UA00034635    (0)   :  0.114 0.296 0.080 0.217 0.293 
227 UA00047371    (0)   :  0.104 0.150 0.385 0.195 0.165 
228 UA00063544    (0)   :  0.107 0.155 0.357 0.213 0.168 
229 UA00064246    (0)   :  0.270 0.173 0.166 0.210 0.181 
230 UA00064328    (0)   :  0.289 0.182 0.214 0.134 0.182 
231 UA00002952    (0)   :  0.326 0.149 0.258 0.111 0.155 
232 UA00064079    (0)   :  0.136 0.203 0.277 0.169 0.216 
233 UA00046793    (0)   :  0.370 0.162 0.227 0.091 0.149 
234 UA00034769    (0)   :  0.153 0.096 0.493 0.153 0.105 
235 UA00034949    (0)   :  0.392 0.201 0.133 0.087 0.187 
236 UA00063753    (0)   :  0.158 0.129 0.189 0.367 0.157 
237 UA00015713    (0)   :  0.084 0.165 0.311 0.260 0.180 
238 UA00003494    (0)   :  0.242 0.277 0.144 0.102 0.236 
239 UA00056767    (0)   :  0.056 0.156 0.035 0.560 0.193 
240 UA00014461    (0)   :  0.350 0.192 0.146 0.132 0.180 
241 UA00034669    (0)   :  0.402 0.114 0.239 0.119 0.126 
242 UA00048164    (0)   :  0.324 0.223 0.070 0.169 0.214 
243 UA00007974    (0)   :  0.093 0.151 0.203 0.376 0.177 
244 UA00016166    (0)   :  0.090 0.189 0.430 0.097 0.193 
245 UA00015653    (0)   :  0.235 0.120 0.421 0.094 0.130 
246 UA00063882    (0)   :  0.468 0.132 0.177 0.093 0.130 
247 UA00049027    (0)   :  0.140 0.124 0.441 0.154 0.141 
248 UA00018878    (0)   :  0.066 0.122 0.466 0.210 0.137 
249 UA00038796    (0)   :  0.456 0.135 0.121 0.139 0.148 
250 UA00013465    (0)   :  0.634 0.087 0.098 0.088 0.093 
251 UA00014604    (0)   :  0.303 0.138 0.206 0.194 0.159 
252 UA00041913    (0)   :  0.102 0.120 0.363 0.274 0.141 
253 UA00021632    (0)   :  0.114 0.090 0.616 0.084 0.097 
254 UA00064027    (0)   :  0.198 0.183 0.285 0.132 0.201 
255 UA00015023    (0)   :  0.260 0.265 0.084 0.148 0.242 
256 UA00050243    (0)   :  0.117 0.178 0.421 0.110 0.174 
257 UA00048298    (0)   :  0.138 0.262 0.149 0.200 0.251 
258 UA00050437    (0)   :  0.360 0.184 0.127 0.135 0.194 
259 UA00014262    (0)   :  0.134 0.207 0.308 0.147 0.205 
260 UA00049129    (0)   :  0.088 0.213 0.176 0.305 0.218 
261 UA00014740    (0)   :  0.156 0.175 0.160 0.309 0.199 
262 UA00049612    (0)   :  0.122 0.071 0.642 0.088 0.077 
263 UA00014635    (0)   :  0.061 0.158 0.049 0.537 0.195 
264 UA00014673    (0)   :  0.267 0.127 0.322 0.141 0.143 
265 UA00033608    (0)   :  0.128 0.103 0.504 0.152 0.113 
266 UA00064540    (0)   :  0.148 0.155 0.095 0.424 0.177 
267 UA00050256    (0)   :  0.255 0.157 0.316 0.109 0.162 
268 UA00015274    (0)   :  0.158 0.290 0.103 0.176 0.273 
269 UA00062993    (0)   :  0.156 0.193 0.057 0.371 0.223 
270 UA00038364    (0)   :  0.144 0.176 0.247 0.243 0.191 
271 UA00014446    (0)   :  0.092 0.284 0.072 0.245 0.306 
272 UA00063545    (0)   :  0.198 0.086 0.554 0.073 0.088 
273 UA00040054    (0)   :  0.065 0.301 0.170 0.169 0.295 
274 UA00058447    (0)   :  0.088 0.224 0.125 0.317 0.246 
275 UA00046835    (0)   :  0.093 0.208 0.091 0.385 0.223 
276 UA00014608    (0)   :  0.134 0.231 0.097 0.287 0.251 
277    pc012    (0)   :  0.197 0.195 0.158 0.228 0.222 
278    pc002    (0)   :  0.117 0.123 0.505 0.117 0.138 
279 UA00033690    (0)   :  0.077 0.107 0.356 0.330 0.130 
280 UA00013688    (0)   :  0.188 0.224 0.131 0.224 0.233 
281 UA00063666    (0)   :  0.039 0.131 0.191 0.476 0.163 
282 UA00063292    (0)   :  0.056 0.155 0.062 0.541 0.187 
283    pc001    (0)   :  0.166 0.243 0.118 0.223 0.251 
284    pc008    (0)   :  0.111 0.204 0.128 0.336 0.220 
285 UA00034316    (0)   :  0.271 0.173 0.280 0.103 0.172 
286 UA00013046    (0)   :  0.049 0.252 0.078 0.358 0.263 
287 UA00050241    (0)   :  0.040 0.184 0.081 0.478 0.217 
288 UA00048599    (0)   :  0.066 0.204 0.062 0.444 0.225 
289 UA00046649    (0)   :  0.068 0.128 0.537 0.134 0.133 
290 UA00015674    (0)   :  0.105 0.085 0.552 0.162 0.096 
291 UA00013177    (0)   :  0.175 0.148 0.196 0.312 0.169 
292 UA00012814    (0)   :  0.142 0.293 0.108 0.187 0.269 
293 UA00034654    (0)   :  0.073 0.284 0.081 0.276 0.285 
294 UA00046743    (0)   :  0.077 0.198 0.075 0.427 0.224 
295 UA00014854    (0)   :  0.038 0.152 0.307 0.334 0.170 
296 UA00013729    (0)   :  0.104 0.305 0.113 0.182 0.296 
297 UA00063483    (0)   :  0.062 0.212 0.094 0.391 0.242 
298 UA00039326    (0)   :  0.082 0.195 0.279 0.248 0.197 
299 UA00014742    (0)   :  0.054 0.189 0.086 0.451 0.220 
300 UA00049597    (0)   :  0.034 0.101 0.603 0.153 0.109 
301 UA00048067    (0)   :  0.119 0.152 0.247 0.303 0.179 
302 UA00012918    (0)   :  0.041 0.112 0.367 0.347 0.133 
303 UA00013487    (0)   :  0.042 0.428 0.047 0.147 0.335 
304 UA00046759    (0)   :  0.263 0.152 0.243 0.167 0.175 
305 UA00050164    (0)   :  0.077 0.109 0.638 0.069 0.108 
306 UA00049839    (0)   :  0.092 0.183 0.071 0.440 0.213 
307 UA00048444    (0)   :  0.057 0.117 0.154 0.521 0.150 
308 UA00063857    (0)   :  0.044 0.225 0.119 0.370 0.242 
309 UA00014921    (0)   :  0.042 0.107 0.586 0.150 0.115 
310 UA00048895    (0)   :  0.085 0.121 0.498 0.166 0.130 
311 UA00014556    (0)   :  0.268 0.202 0.125 0.189 0.216 
312    pc009    (0)   :  0.036 0.150 0.065 0.564 0.185 
313 UA00014959    (0)   :  0.055 0.102 0.588 0.147 0.109 
314 UA00020709    (0)   :  0.095 0.214 0.263 0.211 0.217 
315 UA00013126    (0)   :  0.056 0.046 0.796 0.054 0.048 
316 UA00013695    (0)   :  0.056 0.059 0.761 0.061 0.062 
317 UA00049344    (0)   :  0.080 0.094 0.627 0.095 0.104 
318 UA00047614    (0)   :  0.141 0.055 0.685 0.060 0.060 
319 UA00014221    (0)   :  0.047 0.178 0.038 0.532 0.206 
320 UA00014346    (0)   :  0.105 0.153 0.115 0.441 0.186 
321 UA00014245    (0)   :  0.056 0.138 0.408 0.245 0.153 
322 UA00014696    (0)   :  0.090 0.058 0.754 0.041 0.056 
323 UA00006991    (0)   :  0.166 0.297 0.084 0.165 0.288 
324 UA00048948    (0)   :  0.140 0.258 0.102 0.230 0.270 
325 UA00002239    (0)   :  0.170 0.299 0.120 0.134 0.277 
326 UA00063459    (0)   :  0.040 0.147 0.101 0.533 0.179 
327 UA00048356    (0)   :  0.194 0.165 0.128 0.317 0.197 
328 UA00063940    (0)   :  0.208 0.242 0.106 0.183 0.260 
329 UA00048130    (0)   :  0.087 0.174 0.072 0.464 0.203 
330 UA00048903    (0)   :  0.053 0.296 0.044 0.317 0.290 
331 UA00064643    (0)   :  0.134 0.246 0.131 0.230 0.258 
332 UA00050233    (0)   :  0.173 0.250 0.074 0.251 0.252 
333 UA00012507    (0)   :  0.318 0.239 0.065 0.142 0.235 
334 UA00064416    (0)   :  0.079 0.358 0.063 0.163 0.337 
335 UA00034724    (0)   :  0.113 0.262 0.073 0.292 0.259 
336 UA00002621    (0)   :  0.070 0.257 0.065 0.352 0.257 
337 UA00033203    (0)   :  0.075 0.374 0.090 0.141 0.320 
338 UA00011996    (0)   :  0.064 0.258 0.164 0.230 0.284 
339 UA00014408    (0)   :  0.415 0.191 0.094 0.115 0.185 
340 UA00049502    (0)   :  0.215 0.195 0.077 0.289 0.224 
341 UA00062695    (0)   :  0.129 0.169 0.177 0.335 0.190 
342 UA00014072    (0)   :  0.087 0.185 0.102 0.421 0.205 
343 UA00003334    (0)   :  0.056 0.210 0.071 0.427 0.236 
344 UA00013835    (0)   :  0.107 0.208 0.174 0.278 0.233 
345 UA00046760    (0)   :  0.072 0.166 0.310 0.263 0.189 
346 UA00014241    (0)   :  0.104 0.287 0.065 0.281 0.262 
347 UA00049585    (0)   :  0.044 0.225 0.082 0.394 0.255 
348 UA00013409    (0)   :  0.229 0.138 0.097 0.374 0.162 
349 UA00047548    (0)   :  0.053 0.320 0.097 0.225 0.305 
350 UA00049038    (0)   :  0.150 0.123 0.430 0.164 0.134 
351 UA00047612    (0)   :  0.131 0.251 0.081 0.266 0.271 
352 UA00014822    (0)   :  0.206 0.116 0.436 0.117 0.125 
353 UA00035299    (0)   :  0.102 0.298 0.102 0.204 0.294 
354 UA00012804    (0)   :  0.099 0.139 0.476 0.137 0.149 
355 UA00049578    (0)   :  0.252 0.206 0.088 0.234 0.220 
356 UA00047672    (0)   :  0.092 0.382 0.061 0.130 0.335 
357 UA00043961    (0)   :  0.110 0.079 0.622 0.104 0.086 
358 UA00064575    (0)   :  0.293 0.155 0.092 0.287 0.173 
359 UA00014732    (0)   :  0.135 0.300 0.064 0.205 0.297 
360 UA00050181    (0)   :  0.134 0.336 0.052 0.164 0.314 
361 UA00033369    (0)   :  0.135 0.192 0.375 0.112 0.186 
362 UA00011982    (0)   :  0.041 0.392 0.044 0.177 0.347 
363 UA00014590    (0)   :  0.132 0.275 0.197 0.136 0.260 
364 UA00047743    (0)   :  0.060 0.364 0.073 0.160 0.343 
365 UA00046621    (0)   :  0.044 0.375 0.058 0.182 0.340 
366 UA00050422    (0)   :  0.245 0.235 0.085 0.189 0.246 
367 UA00002760    (0)   :  0.080 0.239 0.169 0.274 0.239 
368 UA00012999    (0)   :  0.071 0.266 0.231 0.164 0.270 
369 UA00063838    (0)   :  0.088 0.259 0.069 0.315 0.270 
370 UA00003729    (0)   :  0.245 0.121 0.297 0.199 0.139 
371 UA00015348    (0)   :  0.111 0.154 0.129 0.418 0.187 
372 UA00019058    (0)   :  0.157 0.147 0.088 0.432 0.175 
373 UA00049549    (0)   :  0.040 0.119 0.206 0.487 0.147 
374 UA00014334    (0)   :  0.203 0.281 0.109 0.144 0.263 
375 UA00014350    (0)   :  0.034 0.416 0.035 0.163 0.352 
376 UA00049227    (0)   :  0.176 0.182 0.344 0.110 0.188 
377 UA00014051    (0)   :  0.268 0.295 0.046 0.129 0.262 
378 UA00034381    (0)   :  0.178 0.243 0.082 0.258 0.238 
379 UA00002354    (0)   :  0.056 0.399 0.050 0.166 0.329 
380 UA00049892    (0)   :  0.050 0.210 0.169 0.336 0.235 
381 UA00021989    (0)   :  0.113 0.297 0.051 0.256 0.283 
382 UA00048968    (0)   :  0.121 0.327 0.068 0.195 0.288 
383 UA00013174    (0)   :  0.129 0.325 0.092 0.167 0.288 
384 UA00033992    (0)   :  0.070 0.255 0.317 0.129 0.230 
385 UA00015801    (0)   :  0.039 0.380 0.036 0.206 0.339 
386 UA00063303    (0)   :  0.103 0.138 0.401 0.211 0.148 
387 UA00050206    (0)   :  0.061 0.156 0.039 0.551 0.193 
388 UA00014458    (0)   :  0.129 0.226 0.160 0.259 0.227 
389 UA00007204    (0)   :  0.062 0.186 0.127 0.420 0.205 
390 UA00063212    (0)   :  0.204 0.127 0.267 0.253 0.149 
391 UA00013340    (0)   :  0.073 0.229 0.214 0.234 0.251 
392 UA00062743    (0)   :  0.211 0.329 0.057 0.120 0.284 
393 UA00063189    (0)   :  0.571 0.122 0.101 0.090 0.116 
394 UA00035432    (0)   :  0.063 0.230 0.066 0.391 0.250 
395 UA00007958    (0)   :  0.073 0.335 0.066 0.230 0.296 
396 UA00013634    (0)   :  0.117 0.376 0.054 0.140 0.313 
397 UA00048175    (0)   :  0.073 0.415 0.031 0.151 0.330 
398 UA00003202    (0)   :  0.089 0.271 0.084 0.289 0.267 
399 UA00035090    (0)   :  0.174 0.209 0.099 0.286 0.233 
400 UA00064679    (0)   :  0.441 0.174 0.098 0.125 0.162 
401 UA00039518    (0)   :  0.074 0.322 0.081 0.236 0.287 
402 UA00058268    (0)   :  0.111 0.274 0.101 0.226 0.288 
403 UA00049456    (0)   :  0.096 0.161 0.336 0.228 0.179 
404 UA00049550    (0)   :  0.186 0.183 0.061 0.360 0.210 
405 UA00048342    (0)   :  0.105 0.179 0.277 0.232 0.207 
406 UA00063493    (0)   :  0.064 0.278 0.055 0.308 0.295 
407 UA00058261    (0)   :  0.243 0.301 0.061 0.136 0.259 
408 UA00014663    (0)   :  0.141 0.287 0.106 0.167 0.299 
409 UA00048817    (0)   :  0.118 0.236 0.291 0.126 0.229 
410 UA00049381    (0)   :  0.136 0.364 0.056 0.152 0.291 
411 UA00035901    (0)   :  0.375 0.173 0.113 0.150 0.188 
412 UA00013301    (0)   :  0.148 0.144 0.098 0.434 0.176 
413 UA00047926    (0)   :  0.175 0.293 0.137 0.133 0.262 
414 UA00007272    (0)   :  0.316 0.243 0.106 0.108 0.227 
415 UA00016041    (0)   :  0.082 0.197 0.161 0.335 0.225 
416 UA00013502    (0)   :  0.135 0.284 0.047 0.265 0.268 
417 UA00002390    (0)   :  0.098 0.253 0.240 0.159 0.249 
418 UA00034907    (0)   :  0.165 0.242 0.077 0.256 0.259 
419 UA00048821    (0)   :  0.208 0.192 0.255 0.151 0.194 
420 UA00002136    (0)   :  0.129 0.159 0.260 0.267 0.186 
421 UA00011790    (0)   :  0.143 0.328 0.100 0.151 0.279 
422 UA00021586    (0)   :  0.139 0.192 0.301 0.174 0.195 
423 UA00033270    (0)   :  0.156 0.250 0.103 0.242 0.249 
424 UA00048073    (0)   :  0.108 0.235 0.107 0.304 0.246 
425 UA00048856    (0)   :  0.234 0.233 0.091 0.212 0.230 
426 UA00049713    (0)   :  0.117 0.320 0.092 0.172 0.299 
427 UA00046885    (0)   :  0.089 0.253 0.100 0.297 0.260 
428 UA00034893    (0)   :  0.067 0.283 0.079 0.283 0.287 
429 UA00048011    (0)   :  0.170 0.291 0.044 0.220 0.274 
430 UA00015786    (0)   :  0.306 0.197 0.151 0.153 0.193 
431 UA00013162    (0)   :  0.200 0.320 0.098 0.105 0.277 
432 UA00049512    (0)   :  0.148 0.198 0.135 0.303 0.216 
433 UA00004046    (0)   :  0.099 0.398 0.048 0.147 0.308 
434 UA00048881    (0)   :  0.318 0.153 0.234 0.133 0.162 
435 UA00046610    (0)   :  0.209 0.224 0.227 0.134 0.206 
436 UA00033282    (0)   :  0.179 0.220 0.150 0.219 0.232 
437 UA00047561    (0)   :  0.098 0.356 0.073 0.151 0.323 
438 UA00013777    (0)   :  0.311 0.261 0.064 0.132 0.231 
439 UA00062849    (0)   :  0.081 0.174 0.081 0.460 0.203 
440 UA00049786    (0)   :  0.141 0.379 0.043 0.135 0.302 
441 UA00033246    (0)   :  0.041 0.152 0.058 0.565 0.184 
442 UA00045302    (0)   :  0.079 0.267 0.141 0.211 0.302 
443 UA00048637    (0)   :  0.131 0.358 0.061 0.151 0.299 
444 UA00049832    (0)   :  0.068 0.162 0.292 0.299 0.178 
445 UA00022023    (0)   :  0.108 0.261 0.242 0.140 0.248 
446 UA00050192    (0)   :  0.090 0.209 0.357 0.130 0.213 
447 UA00050413    (0)   :  0.130 0.259 0.099 0.257 0.255 
448 UA00013445    (0)   :  0.068 0.368 0.050 0.196 0.319 
449 UA00035496    (0)   :  0.343 0.180 0.098 0.182 0.197 
450 UA00003333    (0)   :  0.380 0.165 0.180 0.115 0.161 
451 UA00064008    (0)   :  0.402 0.202 0.065 0.134 0.197 
452 UA00003427    (0)   :  0.157 0.193 0.296 0.158 0.196 
453 UA00028092    (0)   :  0.216 0.147 0.328 0.157 0.152 
454    pc003    (0)   :  0.632 0.078 0.141 0.070 0.079 
455 UA00034440    (0)   :  0.137 0.189 0.069 0.396 0.209 
456 UA00026062    (0)   :  0.087 0.388 0.096 0.123 0.306 
457 UA00014347    (0)   :  0.207 0.197 0.166 0.218 0.212 
458 UA00021516    (0)   :  0.081 0.357 0.069 0.173 0.320 
459 UA00049347    (0)   :  0.449 0.179 0.074 0.122 0.176 
460 UA00063436    (0)   :  0.452 0.119 0.086 0.217 0.126 
461 UA00047790    (0)   :  0.124 0.341 0.084 0.145 0.306 
462 UA00045714    (0)   :  0.369 0.171 0.167 0.123 0.170 
463 UA00038979    (0)   :  0.093 0.151 0.216 0.364 0.175 
464 UA00016123    (0)   :  0.236 0.252 0.144 0.132 0.237 
465 UA00034765    (0)   :  0.742 0.080 0.043 0.056 0.080 
466 UA00063815    (0)   :  0.540 0.083 0.184 0.100 0.092 
467 UA00034795    (0)   :  0.116 0.181 0.088 0.409 0.206 
468 UA00004000    (0)   :  0.669 0.089 0.074 0.080 0.088 
469 UA00049367    (0)   :  0.186 0.195 0.056 0.351 0.212 
470 UA00034457    (0)   :  0.076 0.319 0.108 0.197 0.299 
471 UA00050015    (0)   :  0.141 0.187 0.161 0.306 0.205 
472 UA00021373    (0)   :  0.136 0.276 0.108 0.214 0.267 
473 UA00050232    (0)   :  0.599 0.084 0.154 0.077 0.086 
474 UA00038724    (0)   :  0.082 0.207 0.245 0.247 0.219 
475 UA00007824    (0)   :  0.169 0.277 0.190 0.121 0.243 
476 UA00048754    (0)   :  0.291 0.281 0.049 0.118 0.262 
477 UA00014271    (0)   :  0.107 0.262 0.149 0.233 0.249 
478 UA00013756    (0)   :  0.244 0.135 0.197 0.270 0.153 
479 UA00014385    (0)   :  0.388 0.162 0.194 0.103 0.153 
480 UA00049609    (0)   :  0.097 0.202 0.083 0.400 0.218 
481 UA00003748    (0)   :  0.478 0.190 0.063 0.096 0.173 
482 UA00063952    (0)   :  0.423 0.196 0.053 0.140 0.188 
483 UA00058348    (0)   :  0.575 0.120 0.048 0.136 0.120 
484 UA00014922    (0)   :  0.685 0.078 0.081 0.076 0.080 
485 UA00003820    (0)   :  0.240 0.310 0.049 0.129 0.272 
486 UA00013693    (0)   :  0.273 0.217 0.154 0.146 0.210 
487 UA00047713    (0)   :  0.677 0.104 0.050 0.066 0.102 
488 UA00034891    (0)   :  0.450 0.141 0.118 0.146 0.147 
489 UA00049223    (0)   :  0.414 0.172 0.078 0.164 0.172 
490 UA00064399    (0)   :  0.526 0.062 0.312 0.039 0.062 
491 UA00013336    (0)   :  0.677 0.066 0.125 0.065 0.067 
492 UA00035291    (0)   :  0.677 0.081 0.113 0.048 0.081 
493 UA00003945    (0)   :  0.618 0.103 0.095 0.083 0.101 
494 UA00014518    (0)   :  0.554 0.142 0.085 0.085 0.133 
495 UA00013583    (0)   :  0.229 0.091 0.487 0.099 0.095 
496 UA00011510    (0)   :  0.509 0.132 0.123 0.105 0.131 
497 UA00046860    (0)   :  0.386 0.198 0.111 0.118 0.188 
498 UA00048853    (0)   :  0.409 0.136 0.218 0.101 0.137 
499 UA00012151    (0)   :  0.713 0.084 0.068 0.053 0.081 
500 UA00063930    (0)   :  0.170 0.100 0.442 0.174 0.113 
501 UA00013453    (0)   :  0.332 0.172 0.181 0.147 0.168 
502 UA00039299    (0)   :  0.745 0.061 0.077 0.056 0.062 
503 UA00014280    (0)   :  0.804 0.051 0.038 0.054 0.053 
504 UA00014200    (0)   :  0.614 0.132 0.061 0.070 0.123 
505 UA00040612    (0)   :  0.664 0.065 0.156 0.050 0.065 
506 UA00062679    (0)   :  0.708 0.063 0.108 0.058 0.064 
507 UA00034481    (0)   :  0.682 0.088 0.062 0.077 0.091 
508 UA00011880    (0)   :  0.119 0.115 0.365 0.267 0.133 
509 UA00013421    (0)   :  0.630 0.061 0.208 0.042 0.060 
510 UA00048051    (0)   :  0.802 0.048 0.060 0.042 0.049 
511 UA00063370    (0)   :  0.683 0.051 0.168 0.046 0.052 
512 UA00014716    (0)   :  0.702 0.060 0.114 0.060 0.064 
513 UA00033426    (0)   :  0.461 0.141 0.190 0.073 0.135 
514 UA00015190    (0)   :  0.527 0.066 0.287 0.052 0.068 
515 UA00013730    (0)   :  0.079 0.264 0.139 0.255 0.262 
516 UA00047644    (4)   :  0.474 0.116 0.218 0.080 0.113 
517 UA00031933    (9)   :  0.173 0.302 0.088 0.160 0.277 
518 UA00031541    (9)   :  0.429 0.142 0.156 0.133 0.141 
519   PCO-60    (4)   :  0.235 0.223 0.083 0.218 0.241 
520 UA00030495    (4)   :  0.209 0.202 0.190 0.192 0.206 
521 UA00031133    (4)   :  0.048 0.141 0.078 0.555 0.177 
522 UA00032049    (4)   :  0.137 0.164 0.398 0.130 0.171 
523 UA00030599    (4)   :  0.106 0.129 0.159 0.446 0.159 
524 UA00030250    (4)   :  0.079 0.363 0.064 0.170 0.324 
525 UA00049385    (4)   :  0.143 0.151 0.207 0.323 0.175 
526 UA00031816    (4)   :  0.057 0.140 0.077 0.553 0.173 
527 UA00030275    (4)   :  0.153 0.260 0.184 0.155 0.248 
528 UA00041861    (4)   :  0.169 0.266 0.144 0.165 0.256 
529 UA00041433    (4)   :  0.078 0.309 0.054 0.245 0.314 
530  PCO-114    (4)   :  0.203 0.323 0.062 0.136 0.275 
531 UA00031529    (4)   :  0.138 0.253 0.083 0.274 0.252 
532 UA00039719    (4)   :  0.162 0.264 0.068 0.239 0.267 
533  PCO-442    (4)   :  0.066 0.388 0.049 0.171 0.326 
534   PCO-58    (0)   :  0.137 0.355 0.096 0.118 0.293 
535 UA00048673    (4)   :  0.223 0.217 0.105 0.220 0.234 
536   PCO-63    (4)   :  0.115 0.253 0.054 0.314 0.265 


Estimated Allele Frequencies in each cluster
First column gives estimated ancestral frequencies


Locus 1 : PP01 
2 alleles
0.0% missing data
   1   (0.594) 0.338 0.616 0.859 0.544 0.604 
   2   (0.406) 0.662 0.384 0.141 0.456 0.396 

Locus 2 : PP02 
2 alleles
0.0% missing data
   1   (0.904) 0.965 0.912 0.989 0.886 0.907 
   2   (0.096) 0.035 0.088 0.011 0.114 0.093 

Locus 3 : PP03 
2 alleles
18.3% missing data
   1   (0.791) 0.969 0.812 0.917 0.702 0.793 
   2   (0.209) 0.031 0.188 0.083 0.298 0.207 

Locus 4 : PP04 
2 alleles
0.4% missing data
   1   (0.721) 0.958 0.729 0.649 0.514 0.706 
   2   (0.279) 0.042 0.271 0.351 0.486 0.294 

Locus 5 : PP06 
2 alleles
0.0% missing data
   1   (0.623) 0.611 0.614 0.658 0.744 0.631 
   2   (0.377) 0.389 0.386 0.342 0.256 0.369 

Locus 6 : PP07 
2 alleles
0.0% missing data
   1   (0.693) 0.945 0.682 0.864 0.583 0.682 
   2   (0.307) 0.055 0.318 0.136 0.417 0.318 

Locus 7 : PP09 
2 alleles
0.0% missing data
   1   (0.466) 0.067 0.424 0.629 0.691 0.471 
   2   (0.534) 0.933 0.576 0.371 0.309 0.529 

Locus 8 : PP10 
2 alleles
0.0% missing data
   1   (0.184) 0.378 0.126 0.411 0.070 0.135 
   2   (0.816) 0.622 0.874 0.589 0.930 0.865 

Locus 9 : PP11 
2 alleles
0.0% missing data
   1   (0.678) 0.819 0.627 0.797 0.795 0.651 
   2   (0.322) 0.181 0.373 0.203 0.205 0.349 

Locus 10 : PP12 
2 alleles
0.2% missing data
   1   (0.419) 0.126 0.442 0.286 0.492 0.446 
   2   (0.581) 0.874 0.558 0.714 0.508 0.554 

Locus 11 : PP13 
2 alleles
0.0% missing data
   1   (0.176) 0.130 0.149 0.487 0.075 0.148 
   2   (0.824) 0.870 0.851 0.513 0.925 0.852 

Locus 12 : PP14 
2 alleles
0.2% missing data
   1   (0.861) 0.913 0.843 0.962 0.919 0.850 
   2   (0.139) 0.087 0.157 0.038 0.081 0.150 

Locus 13 : PP15 
2 alleles
0.0% missing data
   1   (0.895) 0.938 0.941 0.411 0.922 0.930 
   2   (0.105) 0.062 0.059 0.589 0.078 0.070 

Locus 14 : PP16 
2 alleles
0.0% missing data
   1   (0.498) 0.401 0.504 0.433 0.669 0.532 
   2   (0.502) 0.599 0.496 0.567 0.331 0.468 

Locus 15 : PP17 
2 alleles
0.2% missing data
   1   (0.651) 0.508 0.664 0.834 0.599 0.654 
   2   (0.349) 0.492 0.336 0.166 0.401 0.346 

Locus 16 : PP18 
2 alleles
0.7% missing data
   1   (0.747) 0.919 0.717 0.891 0.776 0.731 
   2   (0.253) 0.081 0.283 0.109 0.224 0.269 

Locus 17 : PP20 
2 alleles
0.0% missing data
   1   (0.628) 0.504 0.661 0.654 0.624 0.651 
   2   (0.372) 0.496 0.339 0.346 0.376 0.349 

Locus 18 : PP21 
2 alleles
14.9% missing data
   1   (0.857) 0.987 0.852 0.969 0.795 0.850 
   2   (0.143) 0.013 0.148 0.031 0.205 0.150 

Locus 19 : PP22 
2 alleles
1.3% missing data
   1   (0.461) 0.150 0.574 0.071 0.282 0.521 
   2   (0.539) 0.850 0.426 0.929 0.718 0.479 

Locus 20 : PP23 
2 alleles
0.7% missing data
   1   (0.637) 0.794 0.613 0.739 0.645 0.621 
   2   (0.363) 0.206 0.387 0.261 0.355 0.379 

Locus 21 : PP24 
2 alleles
0.2% missing data
   1   (0.795) 0.587 0.853 0.862 0.856 0.838 
   2   (0.205) 0.413 0.147 0.138 0.144 0.162 

Locus 22 : PP25 
2 alleles
0.6% missing data
   1   (0.362) 0.466 0.297 0.698 0.363 0.318 
   2   (0.638) 0.534 0.703 0.302 0.637 0.682 

Values of parameters used in structure:
DATAFILE=Puma_SNP_genotypes_cut_AZ_final_HWEonly.str,	OUTFILE=outputfile_K5_2,	NUMINDS=536,	NUMLOCI=22,	MISSING=-9,	LABEL=1,	POPDATA=0,	POPFLAG=0,	PHENOTYPE=0,	EXTRACOLS=0,	MAXPOPS=5,	BURNIN=100000,	NUMREPS=500000,	USEPOPINFO=0,	INFERALPHA=1,	INFERLAMBDA=0,	POPSPECIFICLAMBDA=0,	POPALPHAS=0,	COMPUTEPROB=1,	NOADMIX=0,	ADMBURNIN=2500,	UPDATEFREQ=200,	PRINTLIKES=0,	INTERMEDSAVE=0,	PRINTKLD=0,	PRINTNET=0,	PRINTLAMBDA=0,	ANCESTDIST=0,	NUMBOXES=1000,	ANCESTPINT=0.90000,	GENSBACK=2,	MIGRPRIOR=0.05000,	PRINTQHAT=0,	PRINTQSUM=0,	ALPHA=1.0000,	FREQSCORR=1,	FPRIORMEAN=0.0100,	FPRIORSD=0.0500,	ONEFST=0,	LAMBDA=1.0000,	UNIFPRIORALPHA=1,	ALPHAMAX=10.0000,	ALPHAPRIORA=1.0000,	ALPHAPRIORB=2.0000,	ALPHAPROPSD=0.0250,	STARTATPOPINFO=0,	RANDOMIZE=1,	LINKAGE=0,	METROFREQ=20,	REPORTHITRATE=0,	MARKOVPHASE=0,	PHASED=0,	PLOIDY=2,	PHASEINFO=0	LOCPRIOR=0, 	LOCPRIORINIT=1.000000, 	LOCDATA=0, 	LOCISPOP=0, 	LOCPRIORSTEP=0.100000, 	MAXLOCPRIOR=20.000000, 	SEED=1716618308,	
[STRAT parameters]:    NUMSIMSTATS=1000,	PHENOTYPECOL=-9,	POOLFREQ=10,	LOCUSxONLY=0,	EMERROR=0.00100,	MISSINGPHENO=-9,	